0 0 0
0 0 0
0 0 0
44.011 27.868 18.618
78.607 52.253 20.073
245 243 229.98
9.6592 15.51 24.386
17.2 28.635 40.692
0 0 0
116.74 124.55 112.08
102.67 123.6 100.28
115.82 137.04 113.73
114.62 134.48 111.34
16.211 20.521 10.912
53.47 68.194 40.991
86.578 101.33 75.66
78.942 83.015 61.04
15.305 14.44 16.975
33.821 39.228 39.898
41.718 47.307 48.623
30.102 39.061 38.538
29.485 34.647 38.41
45.161 32.224 17.171
50.008 36.248 18.721
46.783 32.662 15.842
20.789 15.4 12.139
13.754 21.986 25.558
14.026 23.17 26.637
14.829 20.182 23.308
11.411 12.685 13.925
12.829 14.419 15.7
14.783 21.62 23.749
14.815 19.615 21.081
14.217 18.197 19.626
15.239 19.843 21.184
12.19 13.451 14.727
13.398 16.579 17.632
33.355 24.533 18.049
33.739 24.755 18.2
22.41 12.574 12.473
69.778 63.723 51.298
36.82 27.564 25.766
152.8 156.95 150.71
37.356 26.114 17.115
31.636 22.759 14.741
21.722 17.289 13.244
18.6 21.819 23.268
18.109 20.808 22.226
9.0209 17.877 22.126
18.501 13.558 14.174
36.028 25.864 17.71
35.895 25.858 17.554
38.47 28.358 19.037
74.679 74.133 64.903
92.315 94.51 81.594
95.142 107.77 83.358
84.248 97.333 66.35
92.459 107.13 69.238
94.687 110.37 70.463
82.137 76.333 57.546
93.228 103.71 83.523
93.227 104.17 83.623
75.746 83.815 66.264
94.707 104.57 85.9
56.862 55.883 46.246
71.686 72.843 60.688
52.938 39.013 26.656
44.779 31.983 22.017
42.406 31.001 22.491
17.467 19.49 19.022
19.946 22.484 22.146
11.326 12.013 13.066
47.396 50.967 52.571
29.172 28.942 27.533
13.852 14.923 15.894
66.338 73.027 73.621
17.649 14.993 13.099
10.477 11.212 12.037
68.664 74.566 74.641
46.445 36.811 25.246
46.248 36.883 25.258
11.58 13.797 12.69
21.445 21.274 21
25.009 23.578 22.198
25.204 23.517 22.174
27.741 26.073 24.78
29.773 28.204 26.494
29.588 28.199 26.42
29.83 28.164 26.249
14.74 15.547 17.027
22.611 19.985 20.214
32.379 31.258 30.883
28.841 27.607 27.595
24.236 21.846 22.446
27.382 25.409 25.193
19.838 17.526 18.632
26.225 23.932 24.27
21.975 20.212 21.034
38.489 35.605 36.19
38.456 35.467 35.896
90.055 81.248 72.297
31.891 30.66 29.313
33.157 29.097 26.481
38.362 36.235 33.181
28.49 21.753 20.431
35.779 29.737 27.072
30.198 26.494 25.127
35.791 30.053 27.209
75.99 75.234 69.708
75.695 75.067 69.761
79.528 74.221 67.549
83.636 79.8 74.321
75.6 74.832 69.217
74.348 72.847 67.003
75.154 72.88 67.532
75.122 72.738 67.518
74.713 72.345 66.833
67.024 64.185 57.117
71.599 66.887 59.942
25.032 21.888 19.758
20.857 17.44 16.974
25.836 23.538 21.786
25.885 36.311 33.94
20.904 23.985 22.956
17.991 21.496 21.65
22.817 31.065 30.983
19.202 20.698 20.764
14.325 15.534 16.544
15.182 16.286 17.017
17.056 10.344 10.142
86.189 114.74 114.72
19.181 14.463 12.868
32.851 29.166 24.883
31.643 27.72 23.748
32.506 27.835 22.795
16.373 12.182 9.607
31.104 25.291 19.931
44.627 36.268 28.067
44.691 36.521 28.07
45.743 36.962 28.023
46.728 38.136 28.949
45.664 37.705 28.707
56.297 50.538 35.559
9.7313 13.923 18.788
14.83 16.318 18.665
21.424 20.882 20.064
40.812 32.616 25.179
25.682 32.256 31.914
25.554 28.949 28.537
28.755 31.651 32.263
156.23 163.59 151.65
99.064 100.14 89.102
113.62 141.54 132.86
80.805 82.515 72.684
77.255 80.413 72.266
75.106 80.895 72.654
60.143 65.737 60.008
75.013 76.549 68.241
32.429 39.846 37.321
42.713 41.362 38.208
67.443 62.264 51.883
49.414 42.135 34.666
92.038 86.672 74.625
83.158 79.119 67.449
75.758 70.668 61.491
75.557 71.847 62.889
61.223 55.525 48.322
126.94 128.28 108.56
99.593 102.65 86.004
71.824 67.686 57.952
61.555 64.969 60.725
74.226 75.032 71.243
72.754 73.044 63.63
65.434 65.558 60.963
84.233 85.202 79.154
82.951 91.747 88.722
80.803 80.92 70.902
55.894 53.383 47.93
65.928 59.311 55.244
70.559 62.361 55.556
89.056 81.508 71.581
45.988 44.109 38.239
69.791 63.879 57.956
74.858 68.74 62.235
74.481 68.701 62.556
97.605 91.026 83.147
104.42 98.247 90.379
130.64 125.2 115.32
62.037 56.206 51.208
61.416 55.185 49.991
65.309 58.873 53.264
67.059 60.669 55.9
85.895 80.235 72.334
83.039 76.845 69.387
90.913 81.983 71.584
73.998 67.067 58.811
61.358 52.561 41.219
80.491 67.414 49.013
72.529 61.516 48.749
69.024 58.765 46.45
70.128 63.036 50.03
104.06 73.81 37.916
100.62 92.962 76.516
111.53 103.47 84.803
102.54 93.284 75.944
104.58 102.52 84.315
102.77 100.12 82.273
73.402 76.304 44.463
103.93 95.027 67.776
91.09 82.563 66.28
153.26 156.14 133.73
91.881 91.579 64.237
91.318 95.397 75.295
110.68 97.437 78.307
89.674 91.1 62.208
96.354 89.784 74.948
67.421 67.472 45.25
79.934 73.46 52.395
88.333 81.232 62.568
87.694 67.863 50.653
86.953 85.183 58.777
95.881 95.352 72.074
97.288 97.747 71.82
93.243 94.054 70.885
94.608 95.606 72.168
94.293 95.079 71.45
93.51 94.525 70.81
93.361 94.055 71.22
77.601 76.445 58.042
88.257 93.556 61.905
99.165 103.11 74.538
94.597 104.18 69.298
86.589 87.206 60.089
85.677 85.696 60.842
85.677 85.783 66.647
73.766 80.941 70.268
76.327 80.574 72.6
74.651 77.713 68.301
73.73 77.002 67.38
67.566 74.229 57.96
70.794 74.13 58.921
66.029 71.64 66.767
59.133 66.333 65.485
57.037 62.877 60.148
54.612 61.26 62.925
64.828 74.101 72.097
38.722 42.74 45.023
54.273 57.831 58.986
58.935 74.739 75.404
31.6 32.923 35.204
56.642 63.486 58.795
55.092 63.049 58.358
55.736 64.643 60.736
63.114 65.743 63.187
82.564 83.394 60.29
85.539 83.077 65.828
91.867 86.401 74.103
96.286 95.952 71.411
119.67 106.13 82.899
108.19 87.604 67.287
107.18 97.026 75.647
106.31 89.935 63.879
112.31 105.7 83.835
103.94 98.802 82.059
117.48 111.04 89.143
61.189 62.74 47.877
90.797 93.322 68.369
83.463 86.677 62.692
28.169 22.963 22.676
28.306 23.279 22.777
28.755 23.719 23.296
28.423 23.414 22.933
31.905 29.372 26.51
32.43 30.004 26.936
48.244 54.597 49.879
38.174 45.855 32.809
89.512 84.612 64.742
92.531 87.748 65.869
91.265 89.578 65.87
92.582 94.786 71.089
101.56 104.81 71.488
101.55 106.44 69.452
97.018 102.09 66.804
99.836 104.39 69.664
90.816 95.737 65.045
82.405 85.686 55.106
65.242 67.557 46.812
87.582 94.535 61.889
87.138 94.062 61.393
98.8 90.152 70.755
98.787 90.195 70.505
99.136 98.851 69.893
70.131 68.055 51.761
91.992 96.151 67.316
90.88 98.97 72.909
96.348 100.42 73.083
89.061 98.12 68.919
113.52 124.36 87.477
88.017 94.213 66.359
81.657 74.942 59.758
64.579 63.572 43.341
64.529 63.646 43.297
64.468 63.427 43.12
64.637 63.585 43.474
64.843 63.684 43.445
64.535 63.443 43.438
65.06 64.01 43.648
65.244 63.972 43.733
65.297 64.256 43.751
73.656 68.039 47.395
80.928 80.971 51.725
81.688 82.149 51.873
81.517 82.012 51.372
73.648 65.757 50.614
77.415 71.417 51.874
53.681 45.537 31.587
40.914 36.032 21.652
39.527 34.468 21.83
44.942 31.199 17.036
45.147 31.389 17.323
48.224 33.122 19.799
50.657 35.321 20.346
54.197 37.522 21.673
56.843 39.429 22.215
44.545 32.162 21.772
52.846 36.465 20.617
43.871 28.08 17.745
46.198 32.59 21.123
46.266 32.663 20.9
47.792 33.493 20.22
150.66 152.92 127.1
132.35 129.24 115.24
98.231 93.238 82.455
95.861 86.439 74.984
98.915 88.638 70.832
101.92 92.936 75.255
101.29 91.263 77.021
129.59 147.96 139.06
118.04 116.1 96.714
131.11 143.36 130.18
34.037 33.016 30.8
52.236 51.264 46.262
52.341 47.693 40.165
44.063 39.217 32.283
101.24 94.986 83.17
107.01 100.45 89.093
104.75 98.354 86.919
102.94 96.26 85.119
89.099 84.413 73.34
80.705 78.984 71.399
28.45 23.334 16.945
122.45 119.29 104.73
132.92 134.56 118.2
105.27 100.95 84.112
114.06 99.545 81.125
86.726 79.077 53.64
77.185 72.674 47.571
76.404 71.902 47.367
97.356 102.29 70.5
105.74 108.77 95.76
17.685 30.558 36.795
17.376 29.439 35.653
15.786 13.35 15.56
42.955 29.967 17.151
48.956 33.075 18.167
53.284 38.685 22.27
45.474 33.128 19.391
48.513 33.718 17.689
78.952 58.06 30.307
47.247 32.838 17.407
67.797 48.299 22.172
76.777 55.136 25.736
64.862 47.238 22.225
65.226 47.796 25.958
71.317 63.732 53.888
119.45 122.48 107.4
99.821 101.62 90.288
120.37 122.2 104.41
123.82 125.11 107.38
79.087 70.372 61.791
112.15 113.51 93.208
67.38 64.311 56.043
67.225 63.076 56.347
115.79 117.28 97.925
73 71.612 45.477
71.295 68.815 46.929
88.061 84.903 59.026
91.144 90.544 61.943
90.153 90.502 61.271
92.937 82.627 58.254
96.357 94.898 67.745
78.02 69.284 53.409
77.827 67.509 51.629
82.139 73.366 55.064
67.012 57.432 44.503
84.568 76.295 61.392
62.117 55.321 48.028
61.559 52.943 44.948
86.527 80.924 64.586
69.096 42.015 15.175
84.143 51.389 19.175
133.54 151.97 141.58
86.431 89.599 76.858
56.266 60.33 40.023
116.98 117.21 92.615
117.32 120.83 107.12
101.98 111.83 91.92
107.09 101.06 84.924
89.863 98.648 78.717
84.538 88.464 76.966
105.05 98.067 87.307
98.691 91.772 82.325
96.808 90.358 81.346
99.137 95.544 79.296
92.588 95.284 78.889
93.709 96.706 81.108
94.796 97.189 81.321
102.47 105.54 81.997
106.79 104.16 86.997
85.839 83.97 66.665
94.104 86.533 72.646
99.586 93.074 82.746
110.12 112.2 105.62
102.55 104.24 87.868
74.017 77.586 65.651
96.254 93.417 80.831
97.888 97.009 84.256
101.66 107.91 89.389
82.472 91.235 71.795
72.121 70.229 64.615
99.05 89.958 74.131
85.724 88.958 81.357
94.329 87.308 73.832
107.15 97.82 82.142
99.936 102.7 93.075
111.2 106.51 93.179
101.89 95.762 84.46
97.971 94.632 80.624
107.21 102.27 88.476
99.9 98.166 84.406
9.4415 14.271 19.128
16.056 14.148 16.953
20.183 15.891 15.467
18.435 14.102 13.91
18.367 16.029 17.338
18.125 14.865 16.73
22.312 19.321 20.182
21.631 18.875 20.112
20.21 17.604 18.914
21.031 18.418 19.737
20.263 18.08 20.074
20.499 18.284 20.242
22.975 21.724 22.659
20.566 18.868 21.098
19.934 18.796 21.17
15.451 12.866 14.314
58.077 47.137 35.244
49.888 39.501 29.864
90.431 97.532 63.944
48.511 47.239 32.638
45.448 37.478 28.456
52.835 43.175 25.615
52.339 38.289 23.131
55.102 38.547 23.826
67.034 49.068 28.351
67.019 48.623 28.081
67.428 48.719 28.243
69.318 52.589 32.78
81.839 60.859 33.385
81.673 60.607 32.982
81.087 59.887 32.292
57.207 41.086 24.658
39.508 28.454 18.896
87.259 66.396 38.476
14.557 36.145 44.037
27.24 35.698 37.235
16.756 16.062 17.106
16.606 15.966 16.873
17.055 16.664 17.531
16.975 16.488 17.472
17.058 16.476 17.445
17.054 16.501 17.535
14.598 11.915 13.776
14.134 11.732 13.976
16.676 14.127 17.212
20.245 17.978 17.634
14.758 11.979 13.379
17.707 17.191 19.702
18.173 21.924 23.437
20.619 28.923 30.666
111.45 96.107 75.553
95.061 81.699 63.734
138.87 157.85 143.5
121.81 116.21 95.764
120.36 114.96 93.941
99.69 106.68 74.225
76.711 78.432 50.644
83.54 85.529 68.864
84.613 86.583 67.568
83.827 85.511 76.482
97.247 86.37 72.93
29.249 33.588 18.775
81.914 91.546 62.36
52.182 59.216 62.382
22.015 16.277 12.654
17.346 29.249 30.382
71.363 71.809 60.364
75.65 76.974 64.126
98.929 97.85 79.843
95.116 95.093 84.671
94.569 94.838 84.407
101.43 101.32 79.799
15.323 10.345 9.6005
23.836 15.082 12.023
32.654 22.189 17.23
32.998 21.93 14.896
32.339 21.46 13.717
44.484 31.38 19.06
47.781 34.321 18.469
53.391 46.972 33.584
78.329 70.068 48.959
77.322 68.109 46.757
129.75 145.31 127.41
138.97 149.93 130.55
94.493 99.683 76.929
109.56 105.92 91.222
121.54 117.53 97.407
130.23 129.46 107.04
130.62 129.18 108.76
131.64 130.45 109.31
145.15 144.95 125.37
113.34 113.11 95.413
106.32 106.79 84.937
93.251 89.794 83.036
129.01 133.72 120.31
111.72 124.01 115.44
68.313 60.183 50.282
47.624 42.401 40.111
64.416 53.638 40.901
70.397 60.11 47.538
38.887 27.359 16.572
37.774 25.987 16.057
36.526 25.207 15.871
34.998 23.982 15.572
33.285 22.997 15.114
32.549 22.237 14.759
33.045 22.689 14.692
33.888 23.597 15.209
24.938 18.39 13.732
27.968 20.505 14.119
34.632 24.073 15.151
12.555 15.882 19.027
13.238 16.248 19.612
26.728 20.288 13.593
37.631 27.042 15.175
38.571 27.582 15.201
34.718 26.23 15.236
38.284 29.541 16.008
38.519 32.177 19.068
41.044 33.954 19.092
44.656 35.211 20.136
34.692 27.523 18.272
36.35 29.241 18.848
36.19 25.656 12.969
22.52 16.083 11.804
15.461 14.589 12.686
52.505 37.263 20.432
25.812 21.912 16.43
27.336 20.982 15.548
26.167 22.945 18.039
21.918 19.155 12.373
24.124 20.7 12.061
19.488 17.46 11.625
19.084 17.066 11.712
22.087 18.925 12.084
23.26 19.956 12.169
23.305 19.929 12.082
24.872 20.931 12.446
23.97 20.253 12.378
25.224 21.1 12.419
24.813 20.823 12.089
23.167 19.755 12.111
23.623 20.116 12.07
23.847 20.35 12.354
22.494 20.008 12.975
4.7209 8.8363 9.9659
4.9629 9.3161 10.4
13.706 10.949 10.022
41.059 33.306 22.99
9.4719 7.7871 7.174
1.4274 1.2121 1.122
1.1307 1.1696 1.103
106.37 123.03 106.78
113.48 122.87 106.54
118.12 129.2 111.86
109.66 124.22 108.22
115.03 125.8 109.49
104.65 99.384 85.002
67.944 77.58 58.953
84.395 93.58 78.289
76.934 87.59 72.4
63.909 62.425 58.061
64.282 63.603 59.206
62.809 61.588 56.987
50.219 62.574 49.85
59.936 60.855 52.99
71.712 60.869 53.899
74.499 64.746 56.725
74.119 66.355 57.833
68.533 60.093 52.46
66.19 58.314 50.852
66.291 59.346 51.299
64.714 56.112 49.39
41.077 35.358 37.806
115.7 119.4 86.629
86.824 90.272 68.284
119.5 131.3 98.413
117.39 128.85 96.452
122.48 129.71 111.74
100.16 99.392 81.422
110.32 111.14 99.441
118.18 126.79 110.73
98.639 103.37 88.352
106.78 107.7 90.811
89.792 85.754 73.915
119.54 122.42 107.61
85.842 82.356 69.199
81.626 83.039 76.375
91.146 91.496 79.237
111.02 112.44 101.32
156.41 154.63 143.99
145.62 143.6 132.42
147.18 145.22 133.74
98.983 96.216 82.199
127.75 126.49 98.467
90.31 85.766 71.373
90.378 94.037 67.316
98.78 101.56 70.895
104.83 106.74 75.483
110.89 111.61 79.404
102.72 103.78 73.578
102.05 102.21 73.794
99.173 99.515 70.03
59.786 58.364 47.703
79.177 76.014 65.491
103.26 95.165 78.709
85.451 79.026 66.407
101.38 95.924 80.07
103.76 97.696 83.962
103.59 98.586 85.378
94.749 92.202 81.962
76.529 71.414 62.654
111.17 104.05 87.636
127.31 117.99 95.843
48.986 44.24 34.916
85.686 75.535 62.932
80.361 75.488 63.114
83.158 77.913 65.102
99.657 92.074 74.662
104 96.315 78.827
112.43 104.13 83.862
97.096 94.192 76.868
103.29 97.738 78.391
104.9 97.746 79.278
66.069 58.439 46.438
69.44 61.218 49.475
71.022 57.906 45.367
87.935 85.481 71.029
96.047 88.856 71.435
72.066 63.778 50.569
68.499 58.673 47.052
66.981 63.424 51.034
78.487 77.437 62.808
108.44 104.95 84.188
102.17 92.401 74.858
104.01 97.902 81.536
84.842 83.521 67.112
102.2 97.67 81.751
99.255 95.983 80.409
72.665 67.602 60.777
97.481 89.872 79.34
103.18 93.362 74.175
48.113 40.545 35.751
64.084 55.524 47.181
59.278 50.138 42.065
44.837 36.804 30.433
33.346 26.469 22.294
75.316 69.081 45.452
94.717 83.608 61.775
97.728 83.406 63.787
99.767 88.283 70.026
103.89 92.436 73.349
91.111 92.1 66.251
181.59 186.22 173.55
107.4 104.88 87.911
101.02 93.697 75.995
97.365 92.76 80.847
99.52 97.303 82.169
95.847 91.084 78.961
80.5 74.506 61.526
93.239 91.31 69.943
92.086 87.752 70.925
87.24 83.058 67.063
81.476 82.128 68.074
84.961 80.577 67.145
86.715 87.481 73.803
85.349 86.039 72.093
75.714 76.214 62.834
83.225 78.235 63.358
85.035 80.402 65.156
84.894 85.169 71.157
85.046 78.46 64.66
89.583 87.529 76.159
89.165 87.651 66.442
83.753 86.178 66.176
96.584 99.162 84.103
68.473 69.346 65.584
75.732 86.961 79.813
76.155 86.825 79.069
74.717 84.676 76.972
77.316 87.477 79.761
73.349 85.847 79.239
73.195 85.244 78.8
74.478 86.99 80.298
72.657 85.142 78.524
101.68 104.82 80.376
94.382 97.315 75.45
94.605 97.236 76.176
108.41 107.32 86.399
111.27 105.48 83.366
114.61 109.2 85.779
119.22 128.09 109.01
84.586 94.009 69.071
128.33 137.61 118.04
128.9 139.42 119.59
122.77 132.37 113.7
119.28 125.58 108.76
131.18 149.27 121
158.51 161.4 142.82
128.92 128.27 115.97
137.13 134.46 120.12
93.087 90.52 71.333
76.905 75.583 60.802
89.162 88.617 73.356
64.12 63.748 55.089
75.334 75.34 62.046
86.996 84.393 64.5
101.99 105.5 83.38
53.939 49.373 42.527
53.695 48.011 41.326
68.603 64.934 52.814
83.467 69.022 56.873
62.046 57.275 46.445
85.025 79.538 64.176
86.482 81.354 66.572
85.943 80.905 66.154
85.64 80.661 65.965
86.28 74.796 63.825
51.738 40.234 32.991
63.371 52.858 46.612
70.292 64.128 53.633
80.273 67.964 59.856
83.688 77.418 71.003
83.246 80.662 69.481
81.729 78.459 67.917
40.634 37.003 33.932
71.678 66.061 57.177
71.91 66.627 57.076
1.6162 1.6348 1.541
3.0486 3.0792 2.9294
2.6542 2.6518 2.6249
1.0435 1.0563 0.99559
2.9664 3.0005 2.8295
1.243 1.2586 1.1871
0.59241 0.59882 0.56771
1.0221 1.035 0.97429
0.46151 0.46596 0.44409
0.68312 0.69111 0.65392
0.51323 0.51854 0.49379
0.33287 0.33586 0.32131
0.33929 0.34282 0.32409
0.3484 0.35193 0.33531
1.3734 1.3878 1.3177
0 0 0
1.896 1.9077 1.843
6.0235 6.0793 5.7816
8.5896 8.6674 8.2582
6.8266 6.887 6.5629
4.7288 4.7723 4.5426
3.1734 3.2015 3.0514
2.5234 2.5468 2.4224
7.3894 7.4589 7.0954
0.60162 0.60643 0.58251
6.9576 7.0179 6.6815
8.7469 8.8242 8.4094
9.5331 9.6104 9.1862
9.5737 9.6617 9.2011
7.7651 7.8358 7.4584
8.2988 8.3635 8.0033
8.8022 8.8856 8.4473
9.2458 9.3305 8.8801
9.1149 9.1934 8.7724
10.422 10.515 10.014
9.3145 9.3954 8.9633
6.1467 6.1998 5.908
1.8153 2.2388 2.343
4.9128 4.9272 4.5936
0 0 0
