0 0 0
0 0 0
0 0 0
24.971 22.326 28.152
1.2559 1.2947 1.3322
14.538 23.319 24.266
40.836 51.944 50.128
28.951 34.461 29.541
52.177 57.466 50.591
65.827 80.116 77.779
36.439 41.767 34.969
60.083 65.221 54.053
128.75 127.07 123.25
128.41 126.8 122.4
122.54 120.16 114.4
145.07 144.62 142.55
128.6 125.53 116.17
102.93 103.72 104.84
113.32 111.33 102.84
152.48 152.08 152.23
163.86 168.1 170.56
121.54 124.87 121.47
146.09 139.43 136.31
78.657 98.215 110.96
127.77 131.97 122.73
174.36 167.43 159.8
108.88 98.996 89.07
133.94 141.82 132.12
128.75 135.07 116.31
135.23 141.44 137.54
144.97 151.1 145.42
115.41 111.99 113.12
133.74 138.19 132.57
132.97 137.32 130.85
214.2 210.14 193.62
69.331 64.979 56.524
176.03 174.19 171.65
58.438 47.992 43.043
82.078 82.342 78.209
71.911 73.122 69.818
91.051 96.79 92.28
47.068 44.37 38.937
3.6435 3.8545 3.6961
11.758 14.364 15.286
11.499 14.656 16.161
6.0766 6.7004 6.6676
10.946 11.242 10.589
10.043 11.421 11.08
11.346 11.874 11.235
5.6519 5.8796 5.6474
7.6702 8.295 8.1795
3.4018 4.3171 5.7846
4.1954 5.0382 4.9818
7.8577 11.014 11.011
4.1718 5.8441 5.7332
7.0276 9.9249 9.3554
17.636 20.593 19.398
19.402 31.29 29.916
12.277 18.894 19.998
6.141 6.8837 6.6466
5.9883 6.5897 6.4516
5.7447 9.547 9.7264
6.8666 10.243 10.268
1.7712 2.3807 2.4946
2.9475 3.2551 3.2544
10.255 12.249 12.155
12.4 13.85 13.619
11.962 13.375 13.128
11.78 13.24 12.998
2.9402 3.4252 3.4496
4.8383 6.4507 6.0545
12.989 14.828 14.322
3.9049 4.8109 4.8155
17.17 20.451 20.647
9.2587 10.524 10.33
2.3316 2.3133 2.3305
7.2337 10.295 11.585
3.9022 4.9034 4.8126
6.5888 6.9428 6.635
18.093 23.312 23.65
6.791 14.985 16.331
17.953 34.95 38.009
10.411 11.634 11.963
15.308 18.55 18.578
23.735 28.144 27.703
17.95 19.875 20.171
21.962 23.52 22.795
19.902 21.525 20.209
19.161 20.319 19.243
18.276 22.685 22.718
20.706 24.312 23.479
12.772 12.457 11.269
41.246 43.149 43.477
18.892 23.222 23.25
9.1176 11.381 11.113
13.948 20.718 21.864
7.9789 10.993 10.746
8.1868 11.263 10.997
10.763 14.541 15.136
10.627 15.537 15.46
10.894 15.054 15.464
8.9395 13.808 13.713
9.7146 12.357 12.03
8.5971 13.298 14.258
9.2028 13.374 12.811
15.439 25.768 27.749
6.136 8.8955 8.8061
7.1415 10.971 10.558
5.6622 9.597 7.6372
11.571 18.186 14.579
14.353 22.923 17.764
9.3074 12.659 12.586
13.075 15.303 14.632
18.524 23.892 23.25
22.36 30.857 30.532
14.37 21.409 20.642
8.7903 10.232 10.021
19.297 24.964 23.379
9.754 10.551 9.4871
5.5644 6.4919 5.9824
9.186 10.589 9.6825
12.181 21.379 21.942
2.5172 2.9673 3.0202
4.325 6.8735 5.6731
8.3894 12.411 10.765
6.8752 9.1683 7.2587
12.885 19.152 15.861
9.9521 13.397 10.602
13.451 24.445 20.007
11.784 14.298 10.924
21.126 28.389 19.905
13.786 23.004 20.549
21.664 37.44 34.576
16.234 24.93 23.423
28.439 36.886 34.968
12.535 21.019 20.045
11.759 19.889 18.884
18.267 22.346 20.281
11.147 19.985 18.745
12.822 21.258 20.259
9.8588 19.171 16.783
31.636 40.371 38.15
14.215 21.423 20.413
10.646 14.404 13.873
15.087 20.236 20.422
11.308 14.908 14.955
23.795 36.334 35.638
7.7837 11.192 9.5527
28 37.719 34.116
36.299 59.982 53.176
1.0001 1.0001 1.0001
11.739 14.753 13.08
32.872 44.013 40.141
1 1 1
12.368 19.053 17.428
20.131 26.447 23.662
22.805 33.084 32.313
13.337 20.142 16.889
22.657 33.538 33.34
21.143 24.692 20.967
26.587 31.636 27.194
24.39 29.023 25.658
20.928 25.236 21.637
14.192 17.754 16.289
10.971 13.217 11.727
13.467 16.511 15.022
14.698 17.735 16.425
25.644 29.535 28.324
15.938 18.52 16.94
29.323 32.598 31.268
30.635 38.013 37.06
12.833 11.215 9.9727
15.576 14.683 13.894
20.116 17.087 13.896
15.357 14.365 13.968
20.067 17.278 15.475
12.462 12.723 11.74
11.479 10.67 10.033
11.144 11.333 10.437
18.338 17.221 16.232
24.524 23.319 20.799
28.521 25.193 21.544
35.754 31.464 27.861
31.125 26.155 22.428
15.913 13.973 11.669
11.679 11.484 11.797
5.3336 5.3367 5.1933
6.7424 7.5657 7.9615
10.032 10.951 10.85
12.597 15.52 15.538
12.813 15.839 15.915
1.0058 1.0058 1.0058
13.948 18.888 19.373
11.579 16.279 16.704
5.0078 5.4813 5.0775
28.145 37.349 37.123
23.889 32.34 31.554
12.801 18.268 16.792
26.021 30.689 28.735
15.966 25.051 22.473
21.292 29.806 25.14
8.87 18.71 19.53
12.187 20.68 17.317
10.987 23.322 22.417
18.137 27.745 26.108
17.978 24.248 22.133
15.119 29.985 28.617
31.746 33.82 27.666
32.297 34.187 28.32
30.063 33.998 29.081
17.977 26.364 21.598
20.558 26.535 23.131
7.9622 14.383 13.067
17.426 27.603 24.15
22.252 33.821 28.83
8.2374 15.11 13.974
20.771 28.327 23.405
14.802 24.718 22.093
21.437 31.693 30.298
17.556 25.077 21.625
18.322 24.355 20.948
16.594 24.347 20.951
17.582 33.832 30.349
10.243 22.133 21.037
17.722 23.207 20.648
28.7 37.612 31.453
26.708 36.824 32.883
22.484 29.863 25.521
18.719 31.124 27.938
27.426 35.103 30.306
29.596 41.121 36.241
14.227 20.426 17.682
21.283 36.803 32.471
13.437 24.607 22.035
27.879 37.894 35.654
17.702 23.721 20.505
21.036 28.357 27.277
33.748 39.382 37.232
13.788 20.172 19.444
20.412 24.036 22.57
20.295 27.075 25.741
17.273 23.475 22.667
1.2412 1.2367 1.2449
19.245 27.665 26.048
17.832 25.669 23.807
13.844 17.81 16.926
18.32 25.345 23.884
15.698 24.251 23.798
24.691 27.266 25.557
13.231 24.408 24.734
5.8349 6.6705 6.2525
10.405 35.136 36.747
10.961 16.466 15.113
28.413 45.37 45.256
4.075 4.2995 4.2082
5.592 7.2838 7.0362
1.9995 2.6735 2.566
6.8751 13.237 12.412
3.9341 5.6656 5.3862
4.9638 8.5437 8.2928
9.312 22.226 22.581
6.4305 9.6612 8.7155
19.289 38.002 37.122
7.0514 10.607 9.1722
11.424 16.857 12.27
8.4517 11.479 10.644
11.733 19.612 17.772
8.1673 9.021 7.5872
19.273 22.563 20.799
18.699 26.909 21.866
14.949 26.45 22.858
16.494 25.225 22.822
18.971 22.481 20.09
11.21 20.373 18.483
14.567 24.634 22.87
17.604 25.121 20.761
12.708 18.993 16.082
26.376 36.356 28.295
20.115 30.484 24.079
36.155 39.884 35.299
13.638 24.202 22.401
12.717 19.805 18.444
15.334 27.061 24.923
10.177 13.591 12.551
15.742 20.472 18.83
20.279 21.909 19.479
16.838 22.238 20.723
11.706 16.842 15.159
15.116 16.414 14.627
37.252 38.293 35.728
29.117 36.003 34.793
22.368 27.514 23.404
24.123 25.664 22.003
18.204 23.723 20.517
21.105 23.054 21.546
18.845 20.086 17.818
12.402 20.983 17.349
16.956 25.39 22.427
8.1585 13.09 11.738
20.811 24.102 20.74
24.125 29.164 25.629
24.1 29.155 25.633
23.424 27.545 24.771
20.739 25.199 23.22
10.295 20.926 20.723
22.435 25.742 23.764
32.955 30.947 27.798
4.1741 8.3693 11.369
56.125 58.889 45.264
7.298 12.857 11.975
10.638 17.902 16.595
10.478 22.336 21.531
16.235 22.208 20.469
7.9656 15.459 14.036
18.82 19.28 17.034
20.652 22.842 18.698
28.187 32.092 30.983
36.101 35.573 28.141
8.7042 18.621 18.524
16.228 20.711 18.815
34.984 34.908 27.609
25.084 28.252 25.61
1 1 1
8.9676 18.01 16.496
15.512 25.57 23.35
14.011 23.749 22.067
14.238 23.73 22.305
11.782 21.761 20.736
18.464 31.413 28.891
21.253 24.197 22.304
16.979 24.119 24.687
12.283 19.783 18.793
20.623 26.958 26.583
19.296 28.543 28.454
15.92 23.697 19.906
15.518 22.253 20.631
27.395 35.768 30.328
9.7675 17.85 15.991
17.803 24.554 20.22
16.172 21.62 20.093
37.265 46.06 39.133
36.505 44.93 38.075
18.4 24.823 20.83
24.766 38.598 36.534
14.777 20.838 18.384
8.8636 17.436 17.404
10.663 19.101 19.081
16.06 20.507 19.657
4.9914 8.0371 8.4358
20.846 30.284 29.32
6.4614 10.121 10.562
15.107 20.979 20.081
4.6245 6.2217 5.9992
13.872 15.96 16.272
13.005 22.477 24.959
24.322 33.109 32.489
10.647 15.297 14.9
6.7672 8.7813 8.7126
7.0193 8.8127 8.5607
23.047 28.265 28.095
38.964 53.026 49.948
20.215 27.345 23.105
21.734 34.34 31.488
7.722 9.0433 7.8686
32.829 38.771 36.837
32.81 36.002 32.786
36.728 46.058 44.378
30.35 40.463 39.172
16.89 27.006 24.707
36.067 45.318 41.225
16.507 24.762 21.008
37.776 45.651 43.651
21.139 26.596 25.989
26.336 30.216 28.566
22.929 32.812 32.358
51.464 50.429 49.952
8.6124 16.048 15.172
14.085 18.916 17.833
12.933 23.764 21.771
18.661 23.417 21.137
21.415 25.692 22.895
14.479 21.31 19.763
11.319 13.985 13.942
14.433 18.801 17.709
8.0026 16.466 14.449
17.974 22.395 21.069
8.3257 12.12 10.857
9.5023 16.214 16.622
3.735 3.5829 3.5387
10.217 12.509 12.545
13.318 18.954 16.982
13.289 19.247 16.734
12.027 19.317 17
11.841 18.298 16.498
12.875 16.949 15.538
24.703 27.19 26.282
15.497 30.74 30.745
10.915 12.234 12.147
7.1102 24.029 29.324
5.843 21.416 26.058
11.923 13.521 13.505
20.548 25.606 21.361
12.878 14.884 14.746
16.443 20.445 20.085
15.717 22.298 20.72
11.433 13.211 12.84
19.074 26.316 25.246
32.076 40.894 35.388
16.717 24.393 23.869
31.557 32.749 28.475
9.1762 10.461 10.466
11.171 17.999 17.244
21.502 26.186 23.258
18.692 23.922 21.622
9.9345 22.922 23.549
30.642 36.398 34.793
17.402 23.645 24.235
11.893 15.707 16.057
9.3332 15.916 15.778
6.9914 10.266 10.448
7.0266 10.949 11.15
4.2206 8.7288 9.219
11.342 15.185 14.647
13.466 15.166 14.519
8.0114 9.8681 9.637
18.018 22.958 22.194
9.6053 16.434 16.228
21.75 22.037 19.932
11.341 16.474 16.068
14.033 17.126 16.428
19.965 34.873 28.19
27.575 39.817 30.972
35.001 35.162 31.608
6.8594 16.234 18.377
7.2598 16.73 19.257
6.7335 16.464 18.925
8.6321 17.699 16.2
8.4579 16.882 18.557
8.3285 16.406 17.914
18.84 24.613 24.152
13.191 15.904 16.065
10.765 17.5 17.08
8.7713 18.212 16.008
19.54 22.473 23.391
24.093 33.621 35.444
25.684 32.104 32.778
24.815 28.994 29.618
27.236 34.54 35.481
24.108 28.516 27.011
14.477 17.601 17.341
1.3144 1.3091 1.3131
13.519 20.147 19.589
9.992 21.228 20.608
9.865 13.217 13.033
9.0061 21.385 19.625
16.328 35.467 33.638
16.481 33.282 31.066
14.3 33.912 32.764
10.567 13.795 13.641
20.568 29.52 28.103
13.782 24.777 24.029
6.4054 13.564 14.065
7.1593 17.805 17.246
6.7519 18.779 17.488
21.74 25.757 23.466
10.017 14.916 13.247
10.097 15.563 13.754
23.669 28.282 25.364
17.932 23.748 21.099
11.62 17.629 15.498
12.568 17.494 15.476
1 1 1
3.9621 4.6762 4.2842
13.037 18.305 15.287
6.1671 10.58 9.0661
18.776 22.837 18.433
32.497 36.253 33.456
9.4675 11.697 10.702
34.953 38.701 37.061
54.336 59.433 58.136
42.631 46.023 41.232
33.362 40.327 40.272
27.249 32.193 31.623
40.226 52.25 50.769
29.116 43.582 43.623
63.681 63.026 55.664
32.279 42.731 42.751
37.894 41.116 38.826
17.754 28.713 29.527
33.351 39.048 37.298
46.214 54.076 51.896
37.676 43.798 40.515
63.095 68.688 65.226
105.21 111.37 111.08
25.566 32.298 32.254
36.708 42.471 43.136
32.177 35.168 38.575
38.855 41.769 39.261
43.473 53.097 53.178
38.259 42.341 42.946
23.314 31.206 31.556
21.457 23.822 23.033
21.283 24.46 23.904
25.155 31.506 29.037
19.203 21.243 20.288
35.07 42.68 45.376
50.85 53.491 53.006
52.234 53.777 51.937
26.449 28.524 29.236
51.606 52.9 53.279
44.424 40.849 39.095
39.267 38.281 37.891
44.042 45.911 45.286
106.62 115.44 115.11
25.898 31.286 31.639
26.574 32.198 32.408
45.906 59.985 58.961
51.769 64.19 66.803
42.23 48.889 48.847
59.872 71.79 76.039
30.325 41.376 41.072
24.191 31.625 29.059
24.138 29.954 28.324
26.28 43.526 45.474
35.863 47.877 49.458
34.14 44.944 47.457
25.928 37.679 37.84
28.936 40.348 42.566
29.58 38.695 39.654
33.419 50.209 58.126
15.638 24.961 28.24
1.3404 1.3334 1.3403
16.161 24.639 25.549
13.864 21.36 18.531
21.647 23.97 22.486
26.069 29.427 26.274
61.055 67.937 60.498
88.362 100.09 89.526
91.154 103.68 92.896
49.153 57.325 51.437
29.865 31.785 27.917
75.874 84.556 77.973
0.49072 0.49037 0.49248
2.1159 2.1159 2.1159
7.7691 7.7686 7.7724
6.4539 6.4537 6.4616
6.3452 6.3449 6.3511
6.3558 6.3555 6.3606
4.6774 4.6772 4.6795
6.9589 6.9587 6.9615
6.158 6.158 6.1603
5.9619 5.9617 5.9664
4.8478 4.8476 4.8512
5.2627 5.2516 5.3163
4.7513 4.751 4.756
