0 0 0
0 0 0
0 0 0
0 0 0
106.31 95.796 104.28
24.669 22.498 29.82
44.442 52.69 66.312
0 0 0
2.8618 0.040762 0.41084
46.499 42.71 39.049
28.237 22.427 22.304
76.356 70.64 71.446
68 62.59 57.604
54.762 53.685 48.334
34.605 33.676 30.816
76.955 74.139 67.838
65.062 62.663 62.219
1.3864 1.3864 1.3864
45.808 41.78 38.241
46.763 43.607 40.32
48.934 44.427 40.473
41.143 36.149 29.879
46.7 42.445 35.671
63.952 55.659 47.775
51.865 44.564 37.168
64.067 53.64 44.954
69.395 61.745 50.66
54.796 49.26 42.612
129.66 129.11 107.83
91.627 91.034 74.573
68.608 62.167 48.624
83.628 83.134 60.471
92.241 91.026 68.7
61.385 62.291 40.505
63.187 60.383 45.146
96.768 98.26 70.397
104.63 103.77 72.749
118.85 111.11 90.224
70.677 63.662 55.698
43.586 44.128 43.781
48.178 42.377 40.082
47.922 44.957 43.508
34.091 29.929 26.768
39.078 34.179 29.301
42.187 38.963 35.752
37.417 32.212 27.596
34.884 30.159 25.416
39.148 33.959 29.259
40.899 36.451 31.749
45.502 41.823 35.824
46.97 42.953 36.704
47.03 43.253 37.014
30.012 25.305 20.832
67.575 62.215 51.379
67.578 66.104 56.527
63.106 63.728 54.754
50.082 48.21 34.935
60.151 56.76 41.845
57.116 55.971 45.826
61.712 61.474 51.009
61.053 61.008 50.7
57.102 52.417 40.253
57.5 52.935 40.639
48.595 44.962 33.114
63.098 59.714 44.884
64.424 60.249 48.556
62.789 63.85 54.185
52.848 52.309 43.616
53.382 53.988 46.165
48.868 40.086 33.866
50.169 49.89 42.175
64.869 65.38 55.871
49.167 47.648 39.896
49.067 47.683 40.282
55.284 53.441 48.621
11.243 12.194 11.734
13.801 14.271 13.033
16.211 16.95 15.168
14.376 15.519 13.851
14.718 16.887 16.117
13.463 16.634 16.253
12.383 13.967 14.412
11.59 13.535 13.939
17.528 19.357 20.419
23.527 21.738 20.257
18.231 19.631 20.385
18.121 19.216 18.974
32.991 31.963 28.897
9.8782 10.542 11.088
15.599 16.272 16.996
13.389 16.717 22.055
12.075 14.552 18.828
19.832 25.31 32.926
16.352 15.206 14.84
26.72 22.754 19.503
26.627 23.72 21.449
28.922 25.032 23.089
24.2 21.478 20.46
14.036 16.336 21.771
14.507 16.061 16.442
17.37 20 21.557
17.221 19.162 19.391
14.763 19.116 22.542
24.297 27.685 30.767
12.524 15.232 17.79
15.446 17.293 20.149
20.556 24.213 26.745
22.005 26.017 27.412
9.4861 12.554 13.633
20.66 23.218 25.459
20.237 25.432 30.841
33.136 34.329 31.356
31.883 37.078 37.661
26.335 33.221 38.888
26.156 27.828 30.25
45.935 46.085 46.017
142.59 142.64 142.62
144.68 144.74 144.73
80.874 76.005 79.699
50.861 47.973 44.065
35.966 37.34 36.025
42.726 43.027 40.851
41.348 42.744 41.015
39.303 35.83 36.318
37.504 40.029 44.48
66.684 69.968 68.017
58.908 61.512 64.41
40.677 47.579 48.644
44.596 46.59 46.652
38.492 41.553 43.068
47.004 50.922 56.966
54.139 59.049 69.39
55.769 56.989 58.421
63.372 62.402 63.076
77.015 80.058 81.254
72.83 76.579 77.515
70.383 73.741 73.17
65.978 69.183 72.176
19.26 22.497 21.213
13.082 17.999 21.453
15.73 18.999 18.041
15.422 18.529 17.64
15.602 18.792 17.647
21.103 23.021 19.343
16.894 19.629 18.253
18.273 16.428 16.923
26.971 22.437 20.611
22.039 19.894 18.331
44.094 37.355 33.258
30.111 23.803 21.101
23.664 27.27 31.301
9.6447 9.235 8.9194
20.998 25.948 29.443
20.91 25.973 29.133
42.887 43.011 38.733
69.039 65.582 58.903
68.549 65.06 58.031
63.851 60.522 56.582
60.672 61.084 59.459
63.253 58.005 50.822
65.979 67.312 66.266
60.347 64.033 65.031
82.881 83.583 75.547
86.258 85.766 79.896
82.544 82.436 76.077
99.392 90.883 80.991
90.236 84.632 77.429
103.97 97.464 88.079
86.055 79.979 74.415
72.253 67.683 58.979
64.768 61.487 53.403
72.411 72.822 71.273
71.409 72.035 70.375
110.74 113.19 102.36
120.78 123.85 114.1
56.343 52.396 48.529
26.439 22.405 18.437
41.544 37.22 33.933
62.03 53.289 50.396
48.741 43.019 41.263
48.721 43.083 41.348
62.957 53.805 49.7
51.374 44.971 40.095
65.337 56.765 54.459
12.706 13.469 13.728
71.183 65.696 54.83
49.218 51.161 50.31
71.877 67.793 58.289
28.652 24.311 20.763
77.531 62.663 50.494
96.312 85.393 80.145
69.052 57.343 47.903
64.671 46.394 31.611
57.658 54.878 49.533
67.453 53.373 42.523
67.233 53.619 41.425
83.65 69.914 58.241
71.759 58.601 47.699
85.815 83.013 78.26
64.986 65.9 58.177
83.055 72.377 61.261
51.953 44.32 40.289
87.081 49.094 33.333
50.958 49.861 44.777
53.571 51.604 47.476
59.053 60.33 54.575
80.416 81.55 79.376
77.639 70.443 59.286
89.595 92.692 88.924
77.936 80.01 74.633
117.39 114.55 104.62
71.574 68.917 59.681
72.888 68.037 60.272
79.187 76.207 72.793
90.713 88.796 81.09
71.081 69.734 61.049
97.27 98.105 106.72
63.157 53.802 45.647
33.504 24.68 22.322
61.164 52.406 48.08
50.997 41.857 39.105
56.17 47.648 47.906
68.264 60.916 60.938
43.038 39.497 38.184
50.832 44.398 45.55
64.98 60.082 59.792
69.807 61.124 47.47
54.435 47.55 37.318
41.591 36.183 28.667
57.281 48.529 36.486
37.455 32.438 24.149
106.2 98.893 87.539
114.33 108.77 100.19
120.28 109.18 96.673
106.7 99.272 86.815
102.45 97.297 88.328
113.84 105.48 97.316
128.33 117.94 105.62
102.72 94.524 92.62
109.92 96.957 95.641
85.55 73.652 70.885
101.17 90.06 83.071
93.781 86.281 83.196
74.275 65.359 59.77
71.449 61.546 55.566
77.063 66.215 59.441
68.625 58.455 53.581
54.112 43.005 40.323
80.29 70.92 63.848
90.63 78.237 69.91
26.748 18.89 17.805
60.864 53.919 52.1
34.883 35.487 37.38
31.317 30.54 28.114
34.667 33.712 31.262
40.053 38.867 35.24
59.646 57.324 53.826
33.326 30.9 26.817
39.757 31.859 21.405
95.098 84.429 60.17
92.317 79.444 54.711
91.396 78.715 54.119
55.237 47.127 31.642
52.392 43.735 28.237
57.962 54.471 46.019
75.236 69.831 62.848
67.776 70.892 63.444
41.483 44.028 35.315
52.235 54.003 45.379
56.128 52.038 41.933
60.311 56.028 48.43
69.461 64.884 54.545
53.499 44.743 28.963
83.713 73.273 53.374
107.89 97.639 73.451
64.445 58.211 40.145
31.665 33.044 24.57
45.372 45.544 31.238
26.038 21.47 13.784
52.277 49.737 41.232
33.369 31.892 26.36
32.35 27.087 23.684
42.607 38.806 31.647
21.608 24.599 21.912
20.443 23.885 19.881
36.047 34.554 28.581
47.454 44.02 35.139
30.617 30.282 24.566
26.846 25.15 20.352
32.488 29.105 22.224
22.746 21.316 15.525
32.064 28.402 21.59
35.078 30.74 26.332
35.715 31.133 26.202
35.713 31.435 26.472
78.171 74.939 70.571
22.146 20.468 19.446
23.848 21.718 20.575
39.282 31.961 20.408
44.552 42.046 35.125
10.093 10.278 10.799
52.601 47.686 42.235
50.028 45.767 41.564
33.877 32.361 29.078
44.635 40.487 35.607
13.307 15.243 15.32
24.535 23.323 20.082
23.006 21.241 16.422
38.838 35.778 30.076
29.546 34.619 30.353
38.969 35.823 30.344
40.438 31.742 23.555
86.21 66.21 51.212
94.999 75.263 57.306
68.121 50.758 37.508
109.25 88.856 67.963
81.257 62.557 44.79
87.756 87.211 75.44
107.3 102.89 90.109
89.235 83.505 69.374
89.084 83.824 69.565
128.88 125.41 112.25
74.366 67.749 59.184
70.321 64.779 54.207
45.595 33.672 20.629
37.459 25.767 19.673
44.743 35.336 30.12
45.064 35.263 30.632
18.916 16.022 12.885
36.745 28.526 19.786
35.142 26.777 22.189
14.752 15.313 13.619
17.199 17.348 16.963
18.422 17.59 16.575
19.931 21.122 22.417
17.954 19.245 19.142
18.523 19.612 18.577
18.916 19.298 17.643
18.909 17.832 14.59
15.642 15.216 12.759
22.598 23.499 19.374
33.892 29.754 24.647
32.542 33.499 32.085
7.2461 9.5344 10.643
37.942 30.838 23.111
19.41 13.558 9.1746
36.176 28.305 20.684
24.708 20.618 15.501
42.672 34.232 25.485
19.138 14.13 10.126
10.436 12.79 13.794
10.877 10.023 8.7894
17.536 18.442 17.66
8.8355 9.8627 11.193
25.798 36.418 45.193
9.5309 10.929 12.178
8.4182 9.6536 10.844
54.899 50.109 36.571
25.745 22.209 17.995
103.58 104.69 102.19
62.257 58.321 52.843
119.61 118.49 116.03
21.673 23.947 20.644
21.352 23.743 20.348
40.418 40.822 36.239
45.04 46.864 40.996
46.451 41.476 34.193
38.615 31.904 24.017
28.692 29.012 23.073
46.956 47.833 42.195
49.013 49.402 43.948
22.51 25.433 23.323
28.601 30.013 26.256
28.941 30.043 25.059
34.304 39.143 36.093
42.394 37.111 27.071
41.47 37.793 27.843
31.219 31.293 25.221
29.662 34.679 30.336
40.75 49.419 47.208
68.462 66.324 61.853
57.245 50.838 45.433
61.907 57.949 52.368
61.975 57.796 52.265
50.349 46.279 40.295
2.7536 0.81031 1.7074
58.424 56.743 53.506
50.025 46.728 39.688
39.79 35.031 29.619
49.08 42.061 36.208
55.155 48.889 40.597
57.161 50.196 43.396
53.607 47.998 43.502
48.545 43.617 39.388
56.678 52.716 47.845
55.288 50.488 45.986
50.352 45.433 40.376
64.745 58.624 49.819
40.196 31.561 27.547
40.384 33.502 30.464
31.001 23.302 21.414
87.886 89.405 82.185
46.845 47.458 44.456
66.182 70.729 61.401
47.833 45.314 36.714
25.439 22.004 14.495
27.64 27.432 21.384
60.54 59.724 52.005
25.335 24.834 19.512
36.031 35.18 30.753
26.436 24.667 20.451
25.589 22.764 19.309
27.391 25.534 21.747
39.876 42.893 37.886
60.391 61.479 54.692
48.009 47.231 41.452
20.007 19.842 16.544
39.203 40.232 33.983
67.174 68.764 63.841
61.613 61.382 52.251
49.113 48.101 44.812
28.185 24.874 18.501
47.678 47.056 44.981
21.921 17.775 13.12
52.08 52.873 46.448
15.381 14.906 12.053
17.418 16.296 13.297
21.982 21.848 19.58
27.61 26.726 22.571
30.735 27.923 24.284
19.415 18.692 18.161
9.865 9.2749 8.0565
17.885 15.761 11.265
24.813 24.14 19.857
22.426 20.378 17.903
23.911 21.707 18.902
43.293 41.285 35.74
19.969 18.661 13.9
31.707 31.481 26.994
37.114 37.166 30.975
18.625 16.462 13.31
43.319 41.87 35.858
16.335 23.463 23.017
12.782 16.044 13.898
8.5411 14.179 17.845
9.018 11.577 12.267
9.3038 14.25 17.786
33.279 27.48 24.395
34.337 30.016 26.141
25.425 23.412 20.007
29.626 26.153 23.512
27.703 22.259 19.026
14.082 12.558 14.477
9.3726 12.763 11.4
12.789 14.371 15.577
10.504 10.622 10.997
8.9162 8.905 12.733
20.645 17.283 15.255
10.18 12.958 16.166
23.619 24.488 22.103
18.191 24.505 20.658
25.468 24.34 23.122
25.851 28.291 27.133
0 0 0
48.223 64.748 59.656
78.075 97.723 93.54
26.65 25.443 20.399
40.73 36.424 28.26
29.435 27.481 23.635
34.217 31.811 27.259
54.681 74.262 67.088
35.947 57.449 51.495
62.065 56.924 56.545
56.128 56.37 55.127
74.891 72.299 73.565
50.943 47.43 38.989
51.002 48.461 41.467
50.424 48.551 41.798
51.995 49.867 42.628
24.62 23.494 16.726
43.713 37.633 29.895
41.358 34.499 26.999
39.864 32.834 25.672
21.075 21.547 15.525
35.933 28.906 22.689
47.834 41.697 32.577
61.475 59.766 56.569
52.411 80.332 83.552
54.813 61.941 59.084
58.844 59.645 58.802
50.54 57.722 54.444
78.88 77.443 76.361
67.786 63.597 57.217
41.237 36.744 26.747
41.704 36.269 26.489
22.787 23.933 20.768
38.236 36.426 24.553
36.931 32.148 21.824
32.57 30.282 22.81
24.764 21.693 15.352
41.9 37.938 29.138
59.155 50.505 41.511
38.96 32.575 26.172
42.613 34.933 29.175
46.934 39.901 31.962
34.642 30.615 23.439
36.441 32.69 27.648
18.778 15.835 11.329
49.067 46.588 38.949
19.784 17.489 16.297
45.746 43.777 37.565
14.052 16.491 18.692
22.859 22.545 20.351
39.921 33.26 25.084
33.692 31.51 27.284
42.182 33.814 26.037
51.767 48.458 38.918
46.332 41.704 34.08
42.104 35.172 29.016
51.977 47.985 41.557
44.619 38.696 31.41
45.54 41.194 34.123
31.228 30.834 29.438
49.685 41.202 35.13
26.831 23.505 24.22
17.949 23.776 28.071
46.187 39.995 33.406
23.523 20.432 17.857
52.391 47.318 38.207
13.698 12.575 11.174
66.373 55.912 58.537
18.103 22.674 24.065
30.382 30.758 37.962
13.731 14.165 12.004
17.252 17.656 17.81
25.564 26.761 28.249
25.762 25.381 23.489
26.194 24.696 22.66
19.228 19.342 19.908
17.791 18.472 20.115
35.77 40.986 46.794
26.528 31.841 35.886
26.919 31.735 36.155
28.18 29.828 31.297
17.218 22.261 24.609
30.356 34.476 39.48
19.545 23.917 26.767
23.412 27.262 30.027
17.588 19.316 20.174
14.442 17.981 19.593
23.396 26.395 28.792
20.08 23.811 26.849
21.633 25.107 26.878
12.104 15.3 13.244
0 0 0
138.33 131.56 121.4
88.902 89.66 81.765
54.954 47.868 38.68
67.259 56.505 44.224
82.06 63.137 52.786
49.012 39.906 33.294
113.5 108.61 94.941
220.03 228.74 235.14
131.72 131.81 140.59
117.52 114.31 115.04
60.973 57.416 52.378
0 0 0
2.1577 0.034094 0.29936
40.386 40.404 41.407
32.08 28.953 25.046
36.036 32.907 28.475
0.94169 0.011542 0.1178
1.7721 0.020294 0.22239
0 0 0
0.71082 0.0080697 0.089391
0 0 0
0.72916 0.0074544 0.089117
1.2911 0.015126 0.15679
2.0361 0.020937 0.25152
1.7793 1.7793 1.7793
3.7464 3.7464 3.7464
8.2475 8.2475 8.2475
7.112 7.112 7.112
6.744 6.744 6.744
8.9228 8.9228 8.9228
7.2808 7.2808 7.2808
8.2052 8.2052 8.2052
8.2691 8.2691 8.2691
7.5035 7.5035 7.5035
7.5502 7.5502 7.5502
7.1115 7.1115 7.1115
2.0747 2.0747 2.0747
3.6328 3.6328 3.6328
7.1358 7.1376 7.1367
2.8201 2.4502 2.5006
128.06 113.31 129.08
