0 0 0
0 0 0
0 0 0
5.102 7.9927 27.029
8.0481 10.997 29.666
96.963 98.288 141.26
198.32 205.16 214.81
1.249 1.311 1.4052
3.7544 3.9099 4.191
34.49 44.298 59.184
38.307 47.969 63.685
27.45 23.667 29.396
24.201 29.744 38.226
28.697 33.807 44.901
26.267 31.149 37.813
25.544 32.068 39.234
24.509 24.578 28.033
27.752 29.697 33.862
23.195 25.038 27.745
26.865 35.376 43.517
25.249 27.441 31.927
23.246 25.628 29.259
27.495 32.142 34.673
26.042 31.239 35.079
35.536 47.427 60.754
28.388 36.964 47.265
25.434 28.87 38.346
17.384 22.083 27.884
17.147 19.454 24.621
28.028 32.509 39.091
13.572 18.596 23.235
13.88 20.082 23.195
13.651 23.356 25.106
16.331 21.275 24.009
13.81 18.048 20.522
11.762 13.488 15.747
14.553 17.339 23.167
13.163 14.617 16.469
9.9266 10.013 13.584
13.029 15.839 17.301
13.289 18.362 21.882
15.886 19.851 26.677
23.076 32.602 39.086
17.613 25.052 26.267
21.793 24.908 32.742
16.791 19.406 26.027
17.813 23.631 30.108
15.117 22.726 24.108
23.257 19.505 23.683
12.357 13.086 15.473
29.979 32.491 50.935
11.813 8.8053 12.675
26.124 31.945 35.78
28.312 31.729 46.273
0.092346 0.035415 0.034225
73.464 69.623 61.224
62.782 58.058 52.019
68.294 48.71 41.931
76.894 76.739 77.295
79.274 69.294 62.701
81.404 73.761 67.48
102.63 89.687 82.176
84.247 69.982 65.913
79.162 67.34 60.939
90.164 89.625 83.077
75.873 69.958 62.072
78.812 71.529 64.427
84.228 79.914 72.884
74.408 67.89 60.064
107.36 103.49 78.259
92.09 74.053 67.206
88.168 81.467 69.483
75.834 68.523 60.556
96.772 97.503 84.344
118.45 120.4 96.452
84.698 81.027 68.779
62.245 49.318 49.592
82.728 65.789 67.219
103.8 91.16 81.937
85.133 70.996 65.724
65.111 51.85 49.475
84.135 70.54 65.36
65.454 63.84 61.442
84.451 79.693 72.293
78.253 76.785 71.554
79.438 80.637 76.661
68.718 61.444 57.415
77.832 71.563 67.872
67.101 68.099 66.943
92.551 90.334 89.365
27.017 26.671 25.803
21.664 24.725 21.899
28.651 27.72 26.557
15.544 21.256 18.615
57.244 50.513 44.078
56.678 50.143 43.685
83.752 90.996 65.904
97.401 95.063 85.568
66.902 67.435 60.101
130.12 120.34 106.79
123.09 115.71 101.8
98.456 87.297 78.758
113.3 99.421 90.989
77.893 69.03 62.621
115.59 99.403 89.697
99.159 89.969 82.762
102.34 90.534 81.783
83.771 73.933 64.084
108.76 98.684 89.958
88.142 83.401 71.617
79.811 72.318 64.444
83.816 74.31 67.715
67.321 81.034 54.171
103.05 93.668 83.415
93.084 66.593 62.243
62.605 48.492 46.752
70.258 52.696 46.863
63.579 40.506 41.458
64.382 47.868 46.355
68.896 53.469 50.241
87.501 69.619 71.233
45.071 33.796 30.701
67.08 47.55 42.017
65.246 46.842 42.483
44.374 37.364 34.597
48.29 35.343 32.209
75.233 65.624 54.365
66.789 60.446 48.081
73.236 63.848 51.984
72.643 63.461 51.103
63.948 56.632 42.772
77.636 67.166 52.448
106.16 99.628 68.09
113.13 92.761 86.672
86.224 78.627 61.71
100.76 85.322 80.26
99.453 90.92 83.261
93.261 79.253 59.443
119.67 99.427 91.29
105.04 92.184 87.982
118.74 110.9 106.13
114.91 125.23 87.68
95.183 112.4 73.74
105.28 104.42 79.273
92.787 105.25 73.714
118.78 116.82 90.204
133.37 132.8 105.16
104.04 111.18 82.681
86.889 82.179 78.92
81.552 81.784 83.776
76.3 74.25 74.089
99.791 98.784 97.24
94.488 87.412 91.246
75.973 71.389 75.338
88.162 82.865 87.527
83.594 81.577 86.499
103.7 90.583 81.816
95.577 81.485 72.442
72.941 65.931 67.607
66.706 55.409 50.663
78.724 74.544 68.649
71.504 63.131 58.057
73.728 61.143 56.519
53.149 44.823 41.862
52.547 43.538 39.03
65.838 58.435 53.664
75.24 63.908 59.429
103.89 94.992 75.859
80.752 62.203 54.596
15.845 17.23 17.151
17.92 19.843 18.725
20.758 24.566 22.665
18.926 18.393 17.684
17.281 17.568 15.397
14.641 14.669 17.078
17.056 16.57 18.206
20.988 20.354 20.498
21.463 20.496 20.187
20.686 19.703 19.452
16.613 16.977 16.918
58.495 38.178 41.727
55.206 35.595 37.897
95.952 87.734 90.366
96.511 77.026 74.41
88.583 92.763 72.864
87.54 75.324 70.509
100 106.71 86.913
123.28 119.87 111.72
95.262 101.96 82.211
75.935 73.987 76.503
51.079 53.22 59.741
51.563 51.355 50.361
99.449 112.03 89.309
95.66 98.74 85.409
55.783 50.425 51.344
70.699 69.725 72.955
70.651 68.497 72.8
78.105 49.994 44.404
60.328 62.289 50.613
130.62 128.11 115.99
95.533 94.034 58.068
81.999 70.988 50.03
109.29 95.577 76.087
57.793 41.206 35.893
74.391 67.066 69.9
62.646 63.697 68.14
43.157 36.696 30.481
47.064 39.49 32.558
81.536 66.079 78.383
83.03 74.689 78.902
60.646 59.93 67.897
86.366 84.214 84.456
84.773 79.974 80.195
86.965 76.351 72.324
65.324 61.107 57.053
60.438 58.247 56.506
67.655 61.402 58.114
80.741 82.105 84.171
80.361 81.076 82.725
81.662 82.55 84.362
80.966 82.186 83.375
82.634 83.955 86.392
57.215 52.041 69.466
48.275 44.511 64.713
27.077 23.61 25.099
44.616 37.586 46.353
28.566 22.203 23.086
49.225 42.683 49.21
56.214 48.666 69.76
57.123 47.679 57.252
53.472 44.603 53.065
51.993 41.068 49.02
32.365 22.817 24.228
50.421 40.2 47.014
68.927 54.68 60.684
33.044 28.779 32.252
43.779 38.581 46.868
47.898 43.671 53.989
64.055 46.053 63.737
51.725 43.203 57.808
58.705 36.963 45.695
31.805 22.686 28.916
42.141 31.632 56.13
40.964 28.709 39.684
52.512 42.761 62.278
44.854 30.394 40.175
38.434 32.517 42.817
77.615 48.986 80.355
68.686 42.178 66.765
32.527 24.428 31.996
42.373 38.826 54.62
49.554 35.244 43.824
26.516 17.043 26.243
48.161 34.497 46.749
51.489 32.121 45
54.683 56.567 68.505
48.475 41.775 53.988
40.916 37.07 47.285
41.305 34.992 37.316
33.829 8.1362 11.472
61.826 46.214 46.773
53.487 42.835 41.99
54.28 46.75 50.44
59.444 49.812 46.305
61.431 70.416 94.104
70.208 65.886 68.276
67.645 62.079 65.73
63.34 59.639 62.853
71.633 65.536 67.005
82.066 78.851 80.636
75.018 67.98 69.418
83.538 78.358 80.454
67.396 64.02 66.002
70.62 67.323 67.699
84.78 76.231 69.429
62.388 55.162 50.089
71.81 66.191 57.577
78.323 74.53 68.175
95.435 94.394 79.24
92.104 96.557 77.057
92.206 97.972 78.536
86.968 94.717 79.544
103.82 111.58 77.903
115.5 118.84 89.25
114.73 118.49 87.969
99.924 102.49 82.385
101.55 111 84.463
39.818 40.241 39.252
45.09 48.83 46.797
52.141 54.554 57.317
39.132 42.373 42.882
40.83 43.477 44.986
38.044 41.405 43.482
75.328 75.175 68.584
49.866 52.107 51.399
70.354 70.521 61.978
69.268 67.879 60.711
69.859 69.986 61.716
74.442 78.852 69.003
73.983 76.316 81.438
78.253 73.412 70.186
74.087 58.194 53.876
112.83 107.92 119.66
82.556 79.788 82.472
103.91 94.675 113.65
86.926 81.85 97.639
85.992 90.177 81.924
91.619 89.582 97.419
80.097 78.868 81.348
87.786 84.224 89.576
81.581 73.238 76.958
83.495 80.235 87.28
97.504 99.588 105.04
83.518 75.346 77.611
89.032 81.665 91.094
88.042 84.265 89.017
97.217 89.354 94.179
78.583 74.374 75.774
83.647 75.771 79.615
89.396 82.199 84.982
109.38 98.324 96.23
107.65 95.472 93.238
78.52 74.144 64.091
76.488 75.941 69.244
72.185 67.071 56.97
70.48 63.24 55.576
74.848 67.948 58.918
72.451 66.016 56.881
46.51 40.151 40.604
63.459 50.967 43.722
64.711 51.932 45.219
67.454 50.028 44.255
62.05 49.525 43.644
66.629 48.991 42.882
70.726 61.146 64.928
57.814 61.013 81.533
48.928 51.342 69.398
56.711 49.539 53.215
37.455 34.321 36.368
63.59 61.222 62.516
67.26 65.478 65.522
71.071 67.673 67.866
48.932 44.819 49.182
29.943 27.235 27.614
44.729 38.194 40.459
41.702 34.93 37.557
31.941 26.043 30.668
39.423 33.198 41.033
38.181 30.492 43.491
3.6642 4.8539 3.1608
34.98 24.192 23.026
29.024 27.896 29.591
24.81 23.358 23.447
27.456 27.754 35.547
20.591 20.957 29.593
30.969 27.928 27.958
31.23 29.008 30.597
34.427 30.442 30.257
26.114 24.335 27.653
35.965 33.53 38.45
39.255 36.995 43.887
41.519 32.375 36.945
40.907 31.049 34.529
38.59 29.969 34.235
14.25 13.242 16.656
23.615 20.601 25.284
34.161 29.256 35.169
33.459 29.24 35.318
24.105 20.896 23.33
24.44 20.904 26.173
24.29 20.788 25.812
30.485 29.304 37.363
32.284 25.104 30.481
31.913 24.382 28.462
32.255 23.795 28.234
33.459 24.875 30.207
32.229 23.394 28.164
20.707 17.939 23.091
84.516 81.07 76.259
69.946 64.364 63.296
60.163 53.572 52.415
92.568 80.384 78.058
39.53 40.789 34.28
38.027 38.418 32.023
45.563 45.167 39.137
44.594 44.512 38.466
36.968 35.247 34.464
14.514 17.313 13.779
45.47 45.701 39.934
25.257 16.306 16.346
22.461 21.822 21.677
39.67 35.961 29.344
31.481 31.193 27.853
27.53 26.848 21.572
20.186 23.492 20.185
20.783 23.998 20.137
25.044 25.488 24.182
23.91 27.024 23.587
23.605 26.555 23.809
25.056 28.69 28.811
24.304 27.796 25.592
29.189 29.312 31.827
25.846 25.739 26.115
27.632 26.511 24.293
23.63 24.672 21.814
20.626 21.548 21.042
10.465 12.645 11.481
100.46 101.26 88.002
92.797 97.95 82.969
77.544 74.627 74.488
74.081 75.191 80.48
81.07 82.219 87.871
101.89 105.54 91.623
108.42 112.39 99.187
75.443 81.72 83.528
86.751 84.254 86.927
91.81 98.736 102.98
92.319 87.302 88.164
88.146 90.153 95.944
48.266 43.37 45.156
47.927 37.574 39.27
38.867 36.344 36.826
32.635 32.789 32.023
30.536 26.619 24.704
27.313 23.777 21.809
32.188 33.434 32.915
32.297 33.456 32.909
28.427 24.831 22.714
30.722 30.914 30.822
27.315 29.638 31.866
28.129 23.101 23.059
12.609 19.88 30.671
10.809 20.374 33.006
18.88 19.895 23.551
13.013 17.943 15.89
28.111 27.967 29.807
29.167 28.987 32.732
23.142 24.011 25.003
21.373 21.869 22.65
31.872 25.651 27.902
11.505 16.585 18.1
34.085 31.784 27.993
22.864 24.386 27.584
8.5633 12.379 20.646
21.788 22.391 27.698
10.604 10.292 11.125
19.436 19.711 21.715
16.278 19.98 22.715
25.886 25.903 30.327
47.965 43.588 41.221
66.197 57.856 55.085
66.527 57.618 54.858
66.25 57.482 53.54
55.901 48.242 54.423
51.533 45.725 53.06
45.142 42.002 50.07
81.404 79.442 69.077
107.87 111.04 89.411
87.929 89.455 71.762
91.515 98.938 75.925
80.362 93.788 65.95
73.682 89.683 60.3
69.576 70.189 54.036
95.459 105.21 74.817
72.569 72.1 51.539
66.797 61.918 44.803
78.321 66.401 54.502
70.017 60.746 47.291
60.678 59.818 49.755
55.675 43.599 37.727
59.601 48.753 49.048
69.569 57.691 52.152
59.835 58.621 66.006
70.196 79.553 93.54
64.389 67.034 82.598
57.569 67.107 74.626
99.055 93.485 92.227
83.697 83.641 93.294
103.01 89.684 81.492
104.63 91.142 82.714
97.852 93.045 85.658
56.845 56.959 47.541
92.634 85.837 91.628
91.619 90.214 95.95
124.3 123.99 126.03
64.214 60.002 64.024
53.074 53.215 56.135
64.487 59.377 64.714
0 0 0
83.892 67.494 62.154
88.939 66.362 58.032
94.91 88.894 86.473
89.269 90.92 86.065
75.195 74.927 77.544
97.597 94.019 92.318
101.7 98.212 91.872
91.537 88.123 81.938
89.774 86.379 81.299
104.82 95.717 95.252
95.396 84.96 83.487
93.702 83.89 82.839
87.994 84.314 77.937
103.65 94.143 92.758
88.582 84.546 78.674
101.36 92.12 91.386
88.85 85.34 80.164
92.597 88.5 81.917
102.5 92.171 79.496
78.107 72.277 55.434
87.299 78.973 66.87
90.597 85.71 75.984
84.104 79.426 70.767
107.43 107.44 82.151
91.501 82.46 91.413
90.423 80.466 91.143
88.456 72.97 72.576
72.679 62.991 63.242
86.332 72.366 80.714
81.125 71.7 75.022
86.408 72.339 81.445
77.176 67.027 69.775
73.3 59.956 62.896
82.123 66.376 75.708
54.545 44.444 46.13
80.776 71.051 82.442
81.625 72.122 82.95
82.421 71.983 83.544
81.511 71.366 83.295
80.389 69.897 81.375
74.283 63.003 68.08
71.396 59.857 66.189
79.379 68.066 72.484
114.39 109.43 94.862
104.81 99.911 88.557
108.94 99.009 86.646
39.838 38.448 32.273
45.544 43.336 44.328
82.631 69.335 57.296
47.236 47.918 50.487
70.715 62.287 64.332
40.807 44.047 42.173
59.751 56.988 67.459
33.847 35.657 35.634
33.351 35.224 34.572
43.379 44.151 44.986
12.329 28.774 36.717
62.843 59.018 68.423
48.42 47.7 54.123
39.375 44.283 48.318
38.238 42.558 47.612
6.9412 7.436 9.2123
66.355 62.133 71.741
63.872 59.013 68.119
25.324 22.78 27.652
42.917 38.588 45.686
34.534 32.957 36.201
48.914 44.645 54.071
54.439 48.68 56.898
90.458 85.485 65.534
89.829 85.99 91.557
90.661 79.518 80.734
91.999 75.103 78.057
99.997 86.328 91.41
84.319 80.263 86.266
89.527 72.254 75.924
104.25 84.804 91.252
80.84 63.227 66.652
86.489 70.667 75.161
99.188 87.946 94.062
89.802 79.982 89.86
90.821 79.423 86.05
72.635 54.181 53.55
87.973 81.447 92.107
132.63 136.79 147.29
109.34 112.06 114.44
64.479 71.036 75.123
100.89 101.85 102.13
103.61 98.114 90.576
67.426 55.532 52.688
79.9 63.497 61.148
67.38 54.6 52.677
71.758 61.521 60.689
73.571 63.509 62.669
56.405 44.865 44.61
55.785 44.391 43.862
71.662 61.772 58.883
81.763 75.421 71.515
82.593 75.974 71.796
63.109 56.531 45.068
44.762 38.567 29.675
85.641 60.419 46.505
76.467 67.928 67.73
75.739 67.814 67.916
0 0 0
6.0074 5.3683 6.9364
3.2301 2.6862 4.2429
20.287 19.826 21.113
21.92 21.448 22.674
21.301 20.913 22.1
20.034 19.394 21.034
27.186 26.596 27.937
31.717 31.135 32.374
28.491 28.033 29.115
27.762 27.266 28.486
24.441 24.006 25.146
24.029 23.489 24.861
24.365 23.846 25.3
27.539 27.192 28.081
18.583 18.207 19.513
22.084 21.685 22.997
29.742 29.458 30.092
32.175 31.977 32.417
19.67 19.306 20.534
18.283 17.987 19.331
13.673 13.359 14.594
