0 0 0
0 0 0
0 0 0
3.731 5.0277 3.5087
0.20614 0.64067 0.76068
0.18035 0.71288 0.84929
0.13113 0.53842 0.64554
0.0003974 0.0003974 0.0003974
55.891 64.388 74.635
114.3 134.42 155.49
98.973 102.67 111.01
64.75 66.259 76.079
113.81 123.49 139.94
70.863 79.556 91.324
66.88 68.608 77.239
69.814 76.642 92.72
69.778 78.394 99.982
64.581 75.421 103.77
71.852 87.04 113.25
113.56 117.95 123.02
52.941 62.035 81.212
115.51 135.48 170.41
21.703 27.864 39.731
154.27 155.47 159.6
87.926 103.14 135.4
106.7 120.45 143.26
86.356 100.38 116.87
181.63 158.85 124.46
187.61 177.82 158.7
128.31 116.23 93.331
171.77 154.71 131.39
193.29 180.49 158.4
174.59 157.33 132.21
175.83 154.32 122.1
150.59 139.34 121.92
98.336 73.351 47.556
105.88 87.428 65.38
156.6 132.69 98.216
139.79 116.74 86.064
164.65 146.36 116.35
137.39 125.95 112.18
123.71 111.19 104.39
112.05 99.825 84.046
110.63 90.374 75.051
151.71 125.41 93.847
151.43 129.17 95.555
172.22 150.25 120.04
138.93 116.26 85.79
160.22 142.81 122.72
156.23 133.22 110.22
141.94 120.73 87.163
160.71 136.4 104.01
138.42 142.63 140.46
100.98 82.26 67.104
163.06 148.08 125.8
89.08 74.695 65.087
101.61 84.203 57.857
100.18 100.06 78.128
90.525 81.449 44.666
98.885 98.516 76.035
88.762 78.228 43.247
74.665 63.104 42.916
77.089 67.056 46.059
83.57 72.972 51.002
83.667 73.918 52.539
74.035 66.208 50.324
82.046 71.239 52.31
28.705 22.289 14.493
11.978 13.013 10.824
19.679 19.76 16.752
18.266 17.322 14.831
5.1542 5.8928 4.7083
5.5668 6.4844 5.4693
27.308 29.406 28.674
85.285 87.756 58.49
95.958 94.062 59.428
65.824 46.288 16.616
86.041 61.079 27.249
49.947 33.714 16.83
52.35 33.193 15.497
42.741 21.355 14.559
62.807 36.522 26.7
55.911 47.783 28.027
26.195 20.855 12.206
13.719 9.3417 6.6877
0.0022354 0.00079141 0
37.326 32.071 21.19
60.526 54.808 35.975
41.81 28.365 11.277
93.119 72.689 36.418
44.887 34.356 19.384
17.999 12.598 4.8603
16.739 12.39 5.2049
50.854 37.995 18.115
1.1057 1.3335 1.2412
7.4931 10.139 11.327
50.31 36.073 16.046
79.771 53.02 25.034
63.133 41.605 20.614
1.9799 2.6194 2.6844
6.0104 8.3995 10.428
10.346 13.564 16.65
3.9611 5.3581 5.814
6.6776 9.1043 10.391
28.83 41.476 48.667
0.18727 0.059679 0.081247
5.9746 8.3692 8.6622
15.259 18.138 20.175
3.5378 3.2354 3.2476
17.031 7.8798 1.8688
15.769 7.4426 2.2154
84.936 58.061 28.567
24.296 18.571 10.148
24.688 19.2 10.956
48.72 38.575 26.072
155.56 130.25 107
163.54 128.06 93.451
152.64 117.14 82.346
168.74 132.29 96.4
151.38 111.57 75.64
130.48 86.399 59.025
39.924 17.57 9.0707
46.904 34.771 24.524
74.575 60.71 44.18
63.143 44.115 29.257
96.574 82.263 64.031
74.366 56.991 39.373
76.59 63.41 48.722
76.717 59.528 41.213
63.239 48.901 32.564
115.09 100.94 82.378
74.059 51.105 37.089
88.397 66.062 50.576
72.774 50.647 34.959
75.413 53.075 37.448
72.655 49.757 34.484
72.752 51.634 37.165
84.844 61.699 45.519
82.078 60.671 45.953
71.473 47.651 32.189
72.049 49.929 34.362
55.357 33.671 16.879
140.66 121.23 97.881
25.501 18.214 9.6046
49.961 51.667 46.758
64.038 52.595 39.731
73.668 61.303 44.131
74.549 61.083 43.682
65.497 52.468 38.704
60.664 52.536 41.273
72.216 59.296 46.869
67.419 55.853 45.151
83.84 70.642 57.756
76.849 65.316 53.472
78.949 66.401 55.829
93.067 77.928 63.756
101.96 86.557 71.651
97.621 85.037 68.234
140.75 111.46 74.396
101.38 67.764 41.748
103.96 83.384 55.233
99.117 70.288 50.903
164.86 142.27 102.89
166.45 143.16 104.26
166.32 143.12 103.52
160.29 142.83 97.554
38.112 26.116 11.736
33.307 21.508 10.554
136.13 115.99 96.163
122.4 104.72 87.14
135.97 115.32 95.325
111.01 91.07 68.139
132.27 110.52 87.595
72.31 59.979 49.313
58.807 50.072 42.401
109.33 85.811 63.85
94.085 83.577 63.071
86.955 74.416 54.888
158.13 113 75.723
150.53 119.2 86.649
93.839 65.255 43.33
22.457 15.8 5.5879
114.75 97.978 71.167
82.801 66.897 53.652
68.322 52.525 39.809
180.1 167.13 148.72
69.647 63.607 59.405
119.5 101.36 86.821
89.969 77.146 68.053
150.35 136.78 119.36
52.053 38.605 27.942
119.48 108.55 94.06
137.7 123.16 106.27
129.38 117.64 103.13
77.509 66.07 55.875
70.779 60.63 52.081
79.024 71.655 65.174
105.48 94.419 76.08
155.39 118.84 80.496
141.87 101.71 59.565
129.05 93.701 57.255
114.94 96.916 79.201
142.48 119.44 92
111.27 120.19 123.71
107.77 119 126.62
90.289 100.55 101.13
64.426 84.161 104.29
79.336 82.811 96.311
177.13 184.39 183.24
76.025 67.615 71.555
194.32 223.18 222.68
131.75 170.48 233.7
87.355 90.254 123.27
65.493 48.743 48.576
109.55 108.53 134.22
100.13 97.252 124.76
114.44 98.695 117.25
100.36 124.32 205.55
74.364 73.909 98.617
94.781 87.909 115.03
56.503 60.909 54.068
163.22 176.27 158.22
18.406 16.015 14.175
38.079 35.234 32.625
90.496 93.135 86.379
116.23 121.13 112
45.732 53.317 45.455
60.551 49.652 29.77
64.724 49.771 25.798
81.678 63.161 36.293
73.642 67.606 45.667
77.2 67.109 42.643
77.815 72.658 49.081
48.406 54.025 36.175
46.068 52.885 35.625
56.265 62.135 43.468
28.666 36.365 25.278
28.991 38.788 30.19
22.474 18.041 6.5845
50.194 56.941 46.04
53.232 60.397 49.019
41.127 48.273 40.84
60.232 68.875 65.331
48.2 45.445 38.729
64.903 74.22 66.4
23.274 24.677 21.79
31.746 33.933 30.041
14.811 10.181 5.2477
17.256 13.304 6.4232
90.062 79.577 44.96
89.162 79.717 45.46
18.155 13.501 4.8489
131.25 83.301 54.926
112.51 77.027 53.562
129.29 91.919 64.196
176.27 149.26 114.59
163.56 143.4 124.45
74.908 55.203 26.191
30.997 41.482 34.608
80.213 91.173 60.763
57.283 105.52 76.77
40.755 77.919 42.659
73.627 72.503 49.764
14.26 21.058 17.768
44.083 49.028 43.664
36.91 37.278 32.443
60.446 54.232 46.679
41.576 37.845 19.526
71.645 61.585 31.724
117.02 96.903 74.061
70.747 46.175 22.55
79.41 50.017 27.169
51.939 40.77 25.206
59.183 29.632 12.939
74.697 47.113 21.807
53.923 34.519 17.156
76.026 68.537 38.146
27.043 44.335 48.886
6.1146 16.403 22.592
43.228 44.018 44.69
66.678 72.324 71.629
71.759 76.752 69.154
91.708 114.33 114.26
45.019 47.387 45.415
66.8 70.813 64.227
43.3 48.63 46.543
105.17 109.99 96.742
128.43 124 145.1
122.93 138.21 130.12
14.73 13.418 9.2042
102.96 103.01 89.19
114.64 123.08 98.337
76.641 77.966 69.25
70.544 84.739 64.996
40.295 57.958 46.582
65.282 62.191 48.773
98.653 109.89 90.026
96.377 86.003 68.439
91.751 94.377 80.767
81.716 81.032 75.163
102.87 127.21 117.58
69.933 44.542 41.557
52.189 32.479 31.079
95.175 90.412 93.824
133.96 124.58 141.72
119.82 118.35 124.78
102.62 94.105 95.463
47.675 48.581 36.17
86.878 84.042 69.283
54.847 53.023 38.564
71.607 65.85 50.636
40.478 36.646 22.98
110.68 105.1 79.488
41.525 33.958 19.492
67.354 66.076 48.313
63.307 59.048 39.675
111.67 112.43 98.831
136.62 115.37 91.979
85.785 100.56 82.256
82.051 68.621 57.588
71.569 60.895 45.031
108.95 95.934 84.038
88.349 90.169 71.064
103.36 98.827 82.776
85.012 86.289 79.424
46.259 44.836 30.54
129.44 126.81 124.44
100.14 96.621 100.08
46.612 49.567 39.002
51.222 53.701 41.787
44.785 45.401 36.216
59.641 56.855 44.355
108.69 115.57 92.928
31.224 33.702 21.478
29.748 31.311 20.881
15.423 18.646 12.237
20.546 19.443 11.089
18.921 15.177 11.088
9.8909 26.802 6.2841
4.685 3.9938 3.7292
10.555 11.157 6.5572
25.242 32.737 25.612
19.096 24.032 23.478
36.222 40.23 33.853
36.087 35.582 27.417
33.429 41.576 34.984
23.21 40.261 48.819
8.6893 16.772 21.828
14.951 27.838 37.975
2.888 6.069 6.5174
2.1882 11.205 8.7022
128.23 131.97 121.87
114.63 116.39 92.242
57.23 61.589 48.75
106.23 118.61 92.406
42.398 35.537 27.5
49.263 42.404 36.175
94.696 105.67 109.91
78.448 79.78 82.311
89.625 84.932 96.346
49.503 45.864 47.701
36.1 39.743 38.01
91.229 74.378 77.278
86 86.628 91.893
93.78 100.54 101.38
116.93 117.49 131.94
82.321 74.073 78.497
66.663 68.613 75.484
74.915 61.369 62.201
91.751 79.626 80.348
103.83 99.243 90.771
140.9 132.71 130.72
89.662 80.428 78.128
97.125 87.542 85.208
124.32 120.25 119.84
89.234 78.997 77.912
58.143 53.066 54.759
75.669 75.965 78.966
117.87 98.696 81.447
104.28 91.344 77.658
104.47 96.46 103.07
96.275 100.15 47.926
132.73 129.24 74.012
89.577 85.341 49.991
143.57 142.99 81.088
28.328 32.206 15.154
23.883 27.882 12.211
121.24 111.56 87.587
118.2 121.47 104.09
58.615 47.337 23.306
49.265 67.932 43.368
96.398 134.35 106.04
64.509 95.766 70.452
60.646 78.172 61.428
77.624 97.698 74.855
33.369 50.934 38.572
78.782 109.74 75.666
67.009 113.66 92.127
60.628 83.241 56.972
67.667 83.681 58.716
15.709 28.326 18.685
16.302 19.609 18.631
13.516 16.269 13.404
89.912 130.02 135.04
7.0308 7.1346 5.2467
19.971 20.646 21.199
4.1479 4.0036 2.9823
23.872 23.167 9.4617
27.557 18.767 5.4534
13.637 12.889 6.9721
4.7638 3.1086 1.3698
16.942 11.352 2.8435
22.812 18.629 6.4529
11.93 5.5598 0.57549
15.831 11.648 1.7796
9.9528 7.8789 4.3057
19.147 17.459 8.4036
14.037 12.475 10.732
22.674 19.732 10.884
24.153 18.754 10.301
60.561 45.897 26.896
74.865 63.99 45.216
41.311 32.211 13.998
53.741 44.14 25.425
42.685 32.976 18.302
48.448 42.652 24.483
26.22 20.76 11.847
88.357 54.163 26.762
41.589 27.791 16.091
62.474 38.087 22.027
35.697 23.188 13.189
30.907 15.909 7.6651
18.431 10.732 5.2124
33.848 36.308 23.077
23.748 40.139 23.049
46.688 67.846 81.419
7.2721 27.892 36.555
38.733 38.675 31.283
186.05 180.07 156
24.905 18.545 16.637
15.035 14.465 13.217
19.656 13.822 12.591
18.808 20.581 21.331
25.686 24.519 23.797
23.104 41.406 39.264
104.72 79.679 62.246
40.042 41.518 26.544
31.275 30.578 18.948
34.577 35.941 20.647
119.43 86.387 59.093
39.166 26.815 17.551
28.127 24.66 14.441
28.237 69.748 82.708
11.36 12.736 7.0444
64.543 72.009 82.39
34.932 42.457 32.633
60.505 37.783 27.36
26.785 25.626 17.305
15.605 19.864 12.668
10.981 13.721 7.3972
51.547 44.501 31.235
40.143 25.425 19.179
36.342 32.299 29.619
38.887 52.105 60.352
32.903 45.209 44.433
42.91 37.835 32.931
75.518 71.134 68.17
43.575 67.364 69.649
45.769 45.592 47.551
63.19 53.984 51.791
13.074 16.105 12.929
0.77531 2.0745 1.967
32.864 47.321 52.412
0.11789 0.47526 0.63391
0.80525 2.1804 2.1678
0.90276 1.4351 1.809
0.40948 0.56817 0.85384
53.218 57.977 56.178
4.0496 7.6155 5.4465
6.9357 9.3872 10.465
11.664 12.027 11.364
24.161 24.135 24.266
43.296 35.131 35.566
8.9939 9.6217 10.488
12.287 14.176 13.83
14.322 14.592 13.657
3.688 4.467 4.905
5.2487 5.646 5.4866
6.9667 7.709 7.8681
10.521 11.397 10.552
12.538 13.897 13.365
22.265 25.48 26.853
11.967 13.955 14.612
1.1733 0.073807 0.11959
16.414 19.347 21.791
8.9942 12.099 13.626
0.71003 0.88292 1.1079
36.578 46.789 50.141
11.034 13.404 12.476
53.35 59.478 61.384
8.7981 10.041 10.817
61.875 70.833 74.616
71.737 80.19 81.072
9.6712 11.709 11.863
22.863 24.611 24.237
12.645 18.393 21.363
13.656 21.088 25.947
8.9701 12.074 14.867
10.949 15.238 18.392
10.538 15.988 23.306
144.63 166.98 180.02
127.49 131.71 131.02
6.6719 10.239 13.341
7.9894 13.258 16.249
15.751 21.967 24.115
12.516 18.337 21.72
12.231 17.508 23.136
15.72 24.108 30.331
6.7645 9.2026 10.261
8.1864 10.62 12.221
9.2651 11.178 12.401
6.733 7.8214 8.9823
16.314 20.025 23.09
13.57 17.331 22.947
8.1582 12.625 16.42
6.673 8.8149 9.5609
16.296 20.08 23.19
26.261 29.165 31.715
9.5287 13.176 17.401
6.7592 10.623 14.092
64.524 72.534 91.088
68.189 73.551 87.998
92.871 103.69 116.63
35.583 42.847 50.451
13.356 15.337 15.709
45.351 42.388 42.836
98.492 100.03 102.07
63.536 56.164 54.572
40.651 37.995 39.765
20.452 19.751 20.319
26.447 26.276 26.765
33.45 31.726 32.26
49.846 47.772 47.062
62.61 59.736 66.832
64.146 62.183 65.271
40.41 37.779 44.483
82.149 83.748 91.727
30.924 30.693 33.036
37.716 36.785 37.794
42.646 41.57 43.082
46.616 46.206 48.765
38.901 38.748 38.511
90.036 91.893 90.575
84.755 90.487 80.822
124.82 130.94 123
115.15 117.09 110.07
94.886 102.21 93.713
75.565 82.752 74.078
87.403 98.467 96.337
118.69 123.4 119.77
97.476 106.76 102.67
98.496 109.86 104.85
71.111 83.33 102.26
20.893 21.158 21.537
17.318 15.534 13.367
36.109 33.307 37.013
16.812 19.958 19.977
6.54 7.9944 8.236
12.362 11.853 12.132
10.512 12.228 13.082
23.283 35.615 45.273
57.162 73.827 66.426
5.9253 6.5104 6.016
84.109 112.43 121.34
31.362 50.953 57.564
78.214 103.07 108.21
70.383 95.424 104.85
119.14 137.27 142.37
58.719 68.264 77.889
36.312 44.328 62.106
39.82 47.604 52.101
38.476 39.376 38.795
14.757 12.301 5.8227
8.8774 7.4409 2.627
61.563 65.378 67.937
22.367 22.458 20.628
19.184 19.24 17.515
43.578 36.537 36.018
36.358 36.779 40.423
18.493 19.255 20.518
19.897 21.68 23.576
34.12 40.555 48.527
33.852 41.783 50.477
35.022 42.32 51.691
35.412 31.813 27.789
33.962 37.192 43.12
5.7356 10.349 15.454
41.158 45.864 50.394
11.666 19.012 21.547
20.629 25.345 27.545
11.346 18.681 19.383
21.874 26.066 29.442
20.795 22.056 25.238
39.367 47.085 47.302
33.736 40.251 48.709
37.474 41.568 51.649
32.856 38.501 42.551
1.578 4.2668 6.9088
26.111 31.39 35.58
25.587 27.038 31.281
32.231 39.815 47.226
24.805 31.685 41.215
39.726 46.196 53.396
26.835 32.331 39.655
33.394 36.089 44.265
31.892 35.36 40.594
71.537 82.789 103.34
33.648 39.512 52.498
35.51 43.534 55.957
43.646 48.69 54.203
50.509 59.519 75.613
69.53 85.445 101.81
59.948 77.708 81.251
70.312 86.625 87.643
65.757 84.289 87.201
70.582 91.734 96.675
60.566 83.146 87.228
115.53 147.28 119.98
3.8709 4.9978 5.1953
33.185 47.523 36.024
70.38 78.272 79.979
76.941 80.195 76.875
85.137 97.728 92.413
100.41 117.9 112.24
38.399 44.938 37.823
79.153 87.155 79.887
81.091 93.744 88.177
91.464 103.02 99.789
74.58 84.609 80.287
98.074 111.93 110.94
89.257 99.736 98.349
88.251 94.091 107.64
82.435 88.555 101.4
84.401 97.052 91.151
99.468 114.44 109.46
72.324 81.251 74.529
64.405 63.588 48.373
69.9 71.055 57.718
57.055 65.214 57.908
29.041 28.846 21.069
56.269 52.329 45.987
56.534 52.484 46.44
61.664 55.903 48.114
55.8 48.936 43.361
17.2 13.506 10.437
27.808 21.58 16.608
24.796 18.642 13.652
79.59 105.46 71.717
63.971 92.388 59.629
84.364 97.031 109.72
11.376 11.023 11.838
35.048 30.874 36.282
42.767 43.375 56.168
53.361 57.018 82.184
44.837 49.987 67.501
37.11 38.057 44.508
82.339 91.66 104.33
91.255 94.805 106.87
61.147 62.048 69.773
100.65 116.33 134.26
85.084 90.405 108.01
132.87 143.17 157.8
71.147 87.937 108.84
118.19 137.58 154.23
52.715 56.448 69.163
119.26 120.64 127.75
46.312 44.138 56.01
86.157 92.339 112.58
75.953 92.094 119.03
202.23 212.72 233.71
90.98 105.69 137.99
48.1 52.336 70.408
58.916 64.43 88.012
72.759 83.256 111.82
55.298 57.372 67.44
86.369 99.313 123.78
67.967 73.486 89.712
35.448 33.477 39.926
58.821 62.72 83.307
64.948 78.346 111.21
77.779 89.117 115.22
85.301 84.285 109.62
64.117 71.108 87.895
139.58 155.28 184.39
125.22 138.7 175.46
59.411 65.873 87.273
65.019 69.122 86.351
40.788 46.674 56.984
68.64 79.951 105.88
61.8 70.853 99.919
0.017775 0.016989 0.016944
51.038 54.867 71.62
50.394 57.79 63.234
128.1 135.68 133.86
45.778 50.529 51.596
109.97 115.29 114.39
45.25 47.331 63.835
0.049386 0.049386 0.049386
63.556 76.053 100.4
76.807 86.989 118.3
70.715 75.329 95.584
71.525 80.458 101.43
56.104 64.486 75.364
78.204 90.584 117.18
71.274 79.856 102.63
76.236 93.386 130.18
88.207 97.114 123.18
155.59 171.29 191.17
77.775 85.172 99.301
73.981 87.63 117.14
37.766 44.13 53.382
84.877 91.648 101.61
19.245 21.858 30.763
24.154 27.851 33.238
47.04 55.685 68.739
66.959 73.339 85.624
64.892 70.92 83.489
63.424 72.739 81.516
52.342 61.402 76.678
38.957 46.196 59.343
30.187 32.84 45.254
43.066 53.045 74.065
40.292 51.41 72.482
69.019 79.428 105.7
46.387 56.041 59.943
51.756 66.398 77.753
44.697 58.359 57.229
118.38 126.81 141.75
109.25 113.23 143.34
97.207 112.54 131.7
95.838 105.76 124.71
43.559 54.449 81.884
76.361 85.725 115.32
93.507 104.7 136.83
94.225 106.16 137.7
95.429 107.57 139.94
95.618 107.87 140.02
0 0 0
0.57345 3.941 4.6173
0.53542 2.9677 3.4904
0.96774 6.6653 7.9169
0.41902 3.1133 3.7277
0.45735 3.3336 4.0201
0.47754 4.7656 5.6913
12.638 12.639 12.649
12.609 12.609 12.609
11.507 11.507 11.507
11.513 11.513 11.513
2.3419 2.3419 2.3419
11.17 11.17 11.17
10.67 10.67 10.67
10.252 10.252 10.252
18.001 18.001 18.001
15.014 15.014 15.014
14.602 14.602 14.602
13.019 13.018 13.02
13.287 13.287 13.287
10.721 10.72 10.723
15.162 15.161 15.161
13.503 13.503 13.503
13.181 13.181 13.181
18.079 18.078 18.08
16.532 16.532 16.532
18.103 18.103 18.104
13.702 13.699 13.705
17.951 17.949 17.951
19.732 19.727 19.736
12.597 12.597 12.597
5.3462 5.3613 4.7179
3.7736 4.0552 4.4897
