0 0 0
0 0 0
0 0 0
3.5643 3.3551 3.0387
8.5832 9.7434 11.131
10.252 9.7299 9.1332
0 0 0.00073529
3.7019 2.8213 1.1335
5.0274 4.0347 1.114
0 0 0.00073529
5.0567 3.9445 0.84862
0 0 0
4.5439 4.2753 4.0477
0 0 0
1.4171 1.3531 1.2994
0 0 0
88.319 76.881 53.771
108.27 101.53 86.882
112.31 106.45 86.736
129.85 130.2 118.92
102.72 99.195 84.528
148.28 143.56 105.12
116.39 114.43 80.757
122.58 128.84 118.74
137.87 138.91 119.94
76.23 71.147 53.809
88.529 82.945 49.837
113.05 107.31 68.661
122.8 118.05 80.166
125.43 119.16 80.513
50.399 40.944 32.239
38.278 31.795 23.139
30.843 24.64 18.518
33.311 27.428 22.89
45.033 39.264 29.95
30.734 25.129 20.566
31.425 27.341 24.112
37.827 29.146 22.75
43.696 41.01 34.477
41.361 38.944 32.88
42.674 39.182 31.833
39.19 35.807 28.205
53.378 49.631 41.436
54.072 50.29 41.58
51.707 47.126 40.76
54.93 51.453 39.323
28.931 24.927 21.432
40.018 36.203 30.895
42.817 36.097 30.192
42.375 36.062 30.978
42.203 37.026 32.825
37.393 31.918 28.604
37.539 31.359 26.941
45.948 38.905 33.004
38.804 38.184 35.038
40.306 39.693 36.51
44.753 43.432 39.294
42.771 41.307 37.722
46.049 38.874 34.728
44.144 37.189 33.241
42.726 35.731 31.818
45.462 37.948 35.047
42.425 36.98 33.96
45.922 38.339 35.291
46.23 37.972 34.994
47.039 38.219 34.454
42.856 35.051 30.855
47.453 34.795 28.81
54.317 36.627 29.014
32.765 27.177 24.757
51.268 44.495 39.859
51.122 44.413 39.66
48.694 40.496 35.665
25.838 22.789 22.35
35.221 32.338 30.236
43.951 39.396 35.296
53.367 46.308 38.272
19.41 17.427 16.422
17.222 13.453 11.756
17.906 14.083 12.192
33.03 29.746 26.928
34.771 30.524 27.442
34.685 30.596 27.22
44.286 38.477 32.875
60.143 54.531 46.077
61.976 57.034 47.355
62.928 57.932 48.198
60.211 54.638 44.797
17.503 13.488 11.766
61.026 55.189 44.767
60.592 55.579 45.472
60.973 55.995 45.799
60.857 55.661 45.311
54.026 46.797 38.713
53.948 47.964 39.54
41.905 35.519 28.869
41.342 35.125 28.335
60.593 55.524 45.246
62.98 57.047 45.728
63.68 58.795 47.438
40.248 34.957 29.378
39.496 34.192 28.667
39.268 33.82 28.254
40.367 34.77 29.449
39.791 34.255 28.866
48.02 47.453 42.643
47.51 47.169 42.785
47.674 49.818 46.374
45.919 44.637 40.342
24.238 21.025 18.567
22.884 19.56 17.489
26.779 19.772 16.707
24.455 20.115 17.968
28.921 20.336 17.032
29.797 20.216 16.876
32.187 21.998 17.551
41.704 36.547 31.344
44.187 39.626 34.028
44.34 39.773 34.311
46.763 43.108 39.032
42.221 35.846 29.935
56.495 53.619 45.633
39.569 33.489 28.247
72.492 68.611 64.616
48.216 54.897 47.319
49.902 44.531 34.107
37.114 36.392 29.973
68.714 67.946 56.283
108.82 107.3 69.477
96.081 99.942 42.3
108.56 107.98 68.459
4.342 4.1234 3.9409
74.196 81.396 69.929
70.152 69.677 58.139
45.526 43.172 36.944
59.013 52.23 40.386
47.336 45.205 38.633
70.992 66.57 53.922
41.311 42.99 36.428
54.176 44.806 33.618
93.615 83.793 66.308
63.755 55.303 47.587
74.895 65.843 56.132
87.067 79.412 65.568
81.431 72.179 58.454
53.583 50.622 43.265
64.738 60.335 50.744
86.254 72.785 59.718
71.028 56.56 39.063
66.692 51.488 34.195
65.257 50.805 34.969
47.395 38.124 25.144
34.928 26.702 17.952
66.504 53.057 34.95
64.333 51.924 34.475
56.889 46.681 32.692
59.061 47.893 32.483
68.653 44.827 28.248
68.778 44.217 27.356
44.104 37.755 31.1
56.85 43.511 29.407
27.462 33.622 32.903
50.039 54.193 45.553
39.648 43.626 37.148
19.594 20.82 17.361
46.338 52.78 45.412
44.599 53.665 44.49
45.248 58.415 50.363
41.499 45.791 40.819
45.272 58.318 51.455
27.593 33.958 32.651
27.383 33.626 31.914
39.177 46.822 40.296
101.65 88.502 73.08
48.369 44.57 34.192
46.408 46.812 38.329
48.73 41.823 32.196
19.703 16.947 15.175
46.434 35.317 28.517
45.915 37.591 28.974
37.662 31.222 25.556
34.638 28.39 23.385
34.802 28.343 23.584
35.242 27.854 21.718
21.818 16.766 13.342
36.251 42.947 39.783
37.996 46.489 40.978
40.726 48.952 42.407
32.934 34.178 31.321
32.034 33.785 30.907
33.888 40.13 39.322
33.992 40.117 38.674
32.137 33.099 30.75
32.646 33.694 31.748
29.952 35.907 35.146
27.851 34.625 31.375
30.956 33.855 31.335
34.053 43.568 37.001
34.852 44.68 38.373
37.109 46.863 39.89
32.77 37.822 35.765
35.531 44.458 38.246
43.73 49.673 45.054
20.475 21.365 17.787
18.744 19.302 16.062
15.801 15.316 13.306
42.15 55.76 47.675
17.839 19.986 17.3
44.241 45.568 40.669
54.093 60.026 53.449
50.389 54.413 48.101
51.032 57.926 51.755
35.819 46.465 39.331
46.254 50.391 44.544
34.616 42.108 34.624
42.438 52.307 44.869
33.783 36.797 32.853
28.238 30.081 23.239
51.606 40.028 27.514
38.137 46.766 38.063
38.827 47.523 39.109
54.593 42.392 26.813
54.694 42.488 26.823
31.806 37.105 32.819
32.47 36.238 32.767
33.231 37.247 33.756
36.227 42.741 36.502
38.258 45.352 38.043
40.781 35.674 28.864
66.084 78.958 69.498
63.898 80.316 71.597
1.8024 1.6903 1.6039
18.227 17.546 14.735
61.331 59.778 48.491
54.675 46.211 34.035
68.486 58.381 46.71
72.417 59.937 44.883
50.107 45.123 36.844
30.932 25.151 18.35
27.849 22.424 16.825
80.166 67.575 51.541
84.87 72.837 57.925
29.292 23.662 17.25
67.141 63.959 50.484
67.947 65.868 53.316
47.372 35.447 23.177
40.4 30.997 20.906
46.366 35.307 23.889
26.635 18.588 14.066
46.887 34.376 25.02
27.039 19.342 14.143
25.996 18.284 13.407
27.089 20.345 13.94
21.785 19.094 13.174
56.086 48.999 41.698
53.257 43.993 36.519
71.167 65.571 59.031
72.113 67.073 60.142
73.199 67.638 60.601
69.853 60.861 45.954
70.82 61.882 47.043
69.815 65.174 57.105
66.889 61.351 52.925
58.494 45.239 32.123
48.843 38.938 26.148
60.342 52.817 39.281
68.272 63.714 47.163
62.312 48.835 30.346
59.091 37.734 22.666
65.834 51.61 30.68
61.699 47.619 27.867
66.376 66.168 44.875
49.115 41.567 31.909
52.671 44.383 33.071
62.556 55.259 39.621
64.957 48.565 33.482
61.937 45.566 31.258
52.458 42.557 31.528
50.955 40.979 31.663
52.417 43.512 32.513
49.455 41.076 32.128
60.551 43.78 29.444
81.411 63.26 41.434
78.361 73.15 63.362
88.746 84.269 74.602
81.953 78.307 71.597
91.061 83.408 74.209
87.076 80.382 70.431
91.158 83.782 72.88
88.163 81.393 70.986
81.478 72.78 64.976
58.226 54.166 51.467
55.154 50.727 48.713
67.265 65.196 61.41
80.904 63.408 51.517
97.58 78.06 57.832
93.775 75.007 61.216
50.861 41.191 34.033
48.628 32.891 25.171
34.818 24.237 21.029
49.378 34.684 26.853
35.261 23.223 19.474
55.411 43.462 33.952
29.362 21.516 17.587
45.037 34.193 28.023
48.242 38.262 29.968
42.016 29.731 24.016
40.283 35.783 32.156
42.362 28.291 22.33
41.882 31.898 25.607
49.644 40.869 33.39
41.367 27.757 20.952
44.319 34.878 28.029
48.427 37.449 30.127
54.346 41.408 33.701
53.652 41.485 32.201
46.79 35.467 28.355
56.743 43.09 33.777
54.752 43.073 34.572
49.766 38.055 31.305
67.633 53.068 43.806
67.079 52.885 43.871
56.501 43.234 34.811
46.189 33.622 27.617
50.274 36.654 28.613
52.755 37.381 28.607
47.618 41.694 34.763
73.914 56.837 40.775
39.137 29.66 25.356
46.163 38.137 32.205
35.234 26.557 21.402
35.928 26.639 23.399
43.196 31.527 25.565
38.269 26.743 22.074
49.5 34.691 27.353
56.88 39.178 30.66
51.371 34.188 26.828
46.63 34.326 28.91
57.244 40.843 30.159
47.249 33.369 26.627
52.884 37.47 28.123
56.566 39.322 28.737
50.645 39.548 32.14
57.258 40.552 29.726
54.931 37.924 27.785
57.044 38.361 29.812
53.4 39.278 32.705
53.113 36.021 26.206
131.21 111.3 97.067
52.288 38.11 30.785
54.391 37.13 26.929
53.706 37.863 29.531
52.928 37.474 29.994
42.011 26.855 19.421
63.405 45.349 34.94
38.839 23.977 19.41
40.161 25.515 18.309
56.03 38.766 28.371
52.177 36.729 27.711
60.085 43.934 35.166
54.814 37.634 26.126
51.897 35.127 24.812
53.128 36.671 27.1
65.555 47.822 39.139
51.714 35.007 27.306
50.088 33.903 27.701
48.642 31.847 25.325
55.641 38.442 29.522
54.608 43.523 37.499
80.282 59.715 48.829
89.514 61.09 48.85
72.929 44.778 33.559
64.245 44.031 34.225
80.535 50.786 35.284
43.497 27.461 23.227
68.871 54.053 41.109
40.232 27.84 21.986
41.881 28.34 22.155
84.067 52.236 38.279
50.338 47.579 47.592
27.442 22.027 18.876
38.821 25.899 21.216
44.103 25.353 19.934
75.105 62.86 51.869
56.136 49.65 46.255
66.498 40.124 28.531
62.716 48.627 41.61
64.416 51.914 44.148
22.426 16.394 14.458
29.061 23.731 20.644
44.541 28.807 22.274
38.282 31.405 27.647
44.877 29.164 22.578
44.73 29.028 22.324
34.257 28.754 24.234
38.491 30.227 23.298
33.221 25.925 20.662
46.288 20.621 16.501
52.549 18.822 15.16
39.378 18.305 17.01
51.794 18.391 16.639
38.188 26.656 23.069
38.037 27.051 23.273
35.687 27.244 22.651
24.799 16.885 15.502
36.978 28.187 24.318
49.139 30.78 24.108
44.075 37.593 30.595
42.815 33.29 27.374
42.819 33.158 27.381
42.394 32.481 26.728
39.036 25.399 21.102
43.826 38.493 34.013
67.353 61.656 48.417
45.564 25.387 21.936
72.756 65.884 50.794
46.697 25.143 21.24
46.389 25.448 21.986
46.517 24.63 21.45
24.577 21.579 17.338
22.157 17.604 13.604
26.126 20.891 16.054
26.815 19.691 13.341
22.984 20.399 16.11
23.591 18.245 12.178
21.04 15.892 9.951
28.617 20.375 14.221
17.298 14.095 10.319
30.516 21.964 15.49
25.362 19.776 13.089
21.921 18.259 16.373
21.201 17.826 16.099
23.43 19.53 17.638
29.96 22.881 17.199
38.758 31.574 25.368
33.541 26.177 20.291
29.467 21.979 16.651
43.943 30.375 23.607
50.672 34.095 26.355
70.056 44.713 34.608
62.593 43.243 34.549
64.053 43.248 34.143
35.845 25.408 20.028
32.124 23.793 20.231
31.234 20.559 18.579
34.198 25.498 20.199
33.123 23.277 20.389
40.475 31.237 26.136
42.886 31.809 25.607
47.598 34.582 28.959
33.698 24.484 22.016
32.467 23.922 21.182
31.506 22.417 18.839
38.95 27.832 21.362
37.608 26.926 22.669
49.562 36.941 32.199
33.544 24.704 20.038
41.397 32.634 28.508
48.834 34.671 28.343
62.097 48.133 39.604
39.715 27.943 20.558
42.857 30.922 25.875
40.773 28.782 24.634
40.256 28.759 24.447
30.093 22.192 20.019
34.459 26.58 19.673
31.26 22.922 19.44
37.758 28.181 24.201
35.407 26.64 24.32
34.596 26.867 23.051
28.107 21.726 18.172
36.141 25.421 20.51
40.544 28.743 23.394
31.848 23.147 18.351
44.627 33.465 25.972
46.483 35.867 29.231
42.744 32.259 26.462
41.116 31.032 25.421
46.15 31.388 22.552
35.252 28.1 23.517
36.573 31.156 26.241
23.158 19.686 18.662
27.04 23.185 20.795
29.746 23.286 18.443
25.794 20.852 17.492
23.433 17.667 16.101
41.796 32.094 25.042
40.944 31.563 26.201
43.006 31.961 25.428
42.593 31.805 26.529
25.423 19.443 16.919
48.036 35.997 28.012
47.261 35.341 28.698
45.426 33.382 26.527
29.172 23.728 19.735
33.641 24.697 21.753
36.233 26.775 21.725
46.552 34.762 28.902
34.756 25.743 21.699
42.921 29.003 22.387
35.563 25.177 20.616
38.21 27.632 23.377
34.137 25.601 21.36
42.783 33.307 26.014
48.255 37.481 31.02
38.671 30.371 24.744
36.825 25.528 20.92
37.59 25.4 18.704
45.459 33.065 27.309
46.658 34.199 27.971
38.225 26.821 21.319
39.3 28.718 24.371
45.188 26.137 19.26
35.812 25.191 19.25
37.014 28.426 23.39
38.004 27.903 22.824
48.763 35.878 26.811
32.629 24.975 19.907
29.256 21.108 17.476
33.656 24.389 18.259
43.312 31.833 25.105
45.485 32.981 25.321
39.304 29.972 24.915
40.78 29.948 24.816
41.242 30.39 24.601
46.077 33.334 26.87
34.077 23.841 18.828
32.166 24.171 19.382
30.791 23.34 19.543
45.397 34.154 28.553
45.022 33.98 28.115
33.945 25.177 20.659
40.564 30.825 24.909
41.966 27.552 21.17
51.705 32.003 23.296
37.239 26.191 19.666
35.332 24.271 19.117
29.947 22.986 19.137
38.841 29.1 23.324
50.116 34.885 26.28
39.006 28.748 23.825
44.004 31.692 25.678
38.585 26.455 21.41
48.303 36.947 31.333
47.18 36.105 31.563
43.432 33.936 27.594
42.535 32.197 27.566
47.134 36.367 29.394
35.012 25.018 19.969
24.541 18.814 14.11
39.376 30.54 24.472
42.061 27.114 20.387
44.483 28.623 22.071
29.519 22.464 18.96
24.897 20.062 16.709
27.721 21.959 18.464
26.466 21.034 17.636
28.781 21.97 18.008
25.623 19.116 15.738
28.088 23.42 20.376
40.929 33.6 29.537
52.053 41.532 38.199
64.5 49.785 40.789
47.568 37.592 32.262
37.259 30.092 24.868
44.679 35.575 30.002
36.709 29.205 24.091
45.072 37.205 31.388
37.645 29.922 25.041
39.714 32.254 25.884
42.544 34.939 28.379
45.23 37.13 29.519
43.853 35.665 28.595
43.497 35.158 28.067
44.079 35.63 28.358
43.949 35.308 27.957
44.199 35.836 29.008
44.56 36.071 29.305
10.021 10.109 11.265
11.282 12.037 12.435
50.104 37.419 28.241
24.25 17.915 16.799
55.474 42.538 32.175
61.171 46.417 34.231
33.44 29.686 22.624
61.274 36.021 30.043
66.096 47.324 40.904
44.476 36.901 33.82
40.863 31.657 29.824
44.059 37.177 32.165
40.239 30.287 28.628
45.443 30.726 25.763
45.475 31.225 26.023
45.571 31.08 25.741
56.447 37.796 28.993
54.24 38.417 32.638
41.569 31.387 28.974
50.565 34.777 27.844
37.384 33.891 32.717
53.925 45.171 37.23
53.094 43.732 35.944
37.221 32.454 28.444
49.6 35.074 28.037
43.903 33.137 29.45
47.4 37.875 32.784
49.232 39.46 34.278
49.323 39.463 34.724
53.926 42.669 36.956
51.086 37.012 31.796
52.051 35.215 30.191
42.701 20.587 14.511
40.632 18.814 14.15
39.845 19.589 14.117
40.022 19.865 14.37
55.021 44.191 37.999
56.297 44.921 38.606
51.691 38.144 33.27
50.193 43.657 38.699
47.688 35.595 29.548
58.012 41.859 32.159
43.121 33.775 29.492
48.543 35.539 31.804
49.119 32.067 25.178
45.051 37.503 33.776
44.926 38.923 35.202
83.286 67.94 58.486
16.954 13.638 13.038
18.14 15.492 13.564
29.904 26.878 23.215
31.973 28.65 24.875
66.232 63.684 51.802
32.279 28.858 25.087
26.259 24.498 21.884
25.343 22.713 20.879
25.141 22.8 20.785
38.188 31.36 25.644
24.129 20.091 17.547
4.4915 4.2656 4.094
31.76 18.852 14.069
41.085 24.437 18.786
39.454 21.304 14.864
48.908 28.609 22.655
63.312 40.694 31.916
53.509 34.427 30.353
60.402 34.639 27.855
49.995 26.946 22.967
48.858 27.045 20.568
38.827 32.522 28.009
25.182 18.68 14.028
26.286 21.404 18.946
51.355 33.713 25.682
20.03 13.281 10.994
81.377 71.917 61.631
35.598 25.828 21.223
19.719 13.313 11.154
67.109 47.494 38.428
68.085 43.243 33.113
43.21 20.372 10.506
38.04 24.322 13.337
48.769 33.276 26.209
88.199 43.456 28.661
56.476 37.784 28.942
57.732 40.552 30.35
100.75 43.311 36.561
48.499 24.318 18.975
52.785 29.479 23.466
53.499 32.683 25.359
63.244 26.55 21.109
71.647 27.087 21.88
49.646 28.955 24.486
39.438 28.761 24.675
72.832 52.151 43.576
70.219 51.175 40.195
63.297 48.47 41.938
45.53 29.527 25.421
66.675 47.693 40.086
41.128 29.775 25.135
78.693 53.345 40.24
73.538 49.136 37.494
67.46 44.877 34.978
73.652 49.632 37.41
84.557 57.097 43.168
80.904 57.211 45.486
50.985 31.75 25.915
72.72 49.358 39.911
52.548 35.391 26.371
72.406 48.276 38.833
72.727 49.169 39.521
71.447 47.024 37.937
72.542 47.872 37.957
70.82 46.759 37.117
75.363 55.707 45.317
71.66 49.25 40.144
38.189 27.953 23.693
62.541 42.022 33.081
38.41 21.905 20.73
53.84 26.086 23.076
41.185 28.723 24.923
42.904 28.901 24.116
37.879 23.545 19.53
33.198 22.247 18.494
41.523 24.865 21.24
28.329 20.135 17.682
28.598 17.215 15.727
34.625 19.294 16.686
27.924 16.728 14.003
37.067 20.689 18.366
19.352 11.905 9.7234
39.449 25.444 19.394
73.041 50.241 40.912
72.746 47.832 38.649
74.852 48.092 40.603
27.727 19.409 16.148
36.835 26.65 19.426
32.226 22.556 17.657
30.034 19.727 15.756
35.02 23.537 18.028
31.088 21.093 17.504
77.237 38.715 22.217
36.747 25.027 20.193
49.873 42.686 38.99
52.147 31.353 22.507
37.152 29.825 26.628
30.426 20.116 16.513
37.524 18.495 15.149
34.63 23.674 17.846
33.67 23.111 18.852
43.873 31.971 23.867
49.21 31.054 19.841
49.052 31.04 19.446
28.68 22.005 15.006
28.827 22.758 16.907
37.891 35.439 30.918
33.668 24.341 20.362
49.102 29.376 25.446
27.308 18.729 14.205
27.198 25.164 21.639
52.765 48.761 42.956
30.994 29.902 26.186
55.192 50.952 43.119
12.668 15.774 15.675
13.127 11.664 9.9522
6.7578 6.5699 5.8293
25.962 21.604 17.643
14.541 11.825 10.427
16.467 12.983 11.921
26.889 20.739 17.44
42.208 32.658 24.696
43.841 36.976 31.784
43.437 32.58 25.486
41.092 30.681 24.992
41.688 30.882 24.727
40.536 30.102 24.163
41.943 31.817 24.565
43.077 32.301 25.035
44.072 36.608 31.584
45.205 34.595 26.981
43.071 32.918 25.671
41.239 32.001 25.424
42.923 35.84 30.932
41.358 31.32 24.099
40.791 30.917 23.627
41.407 31.25 23.89
37.938 30.188 23.649
42.993 36.291 31.468
38.183 30.152 24.063
39.994 31.36 24.865
39.942 30.816 24.278
40.291 31.403 24.897
42.195 31.235 23.974
41.337 30.596 23.227
38.818 30.864 25.595
41.822 31.821 25.247
41.79 31.886 25.437
46.218 37.285 30.45
41.107 30.939 25.254
46.439 36.679 29.064
44.909 35.632 27.909
44.601 34.266 26.842
42.491 32.655 25.578
40.653 31.951 25.262
44.933 37.841 31.953
43.242 36.492 30.509
41.134 32.133 24.068
42.877 33.512 25.145
45.872 37.449 31.693
25.057 22.684 21.017
20.059 20.378 20.853
35.484 39.501 41.095
43.96 30.107 24.393
85.152 41.859 29.606
39.865 30.546 23.334
28.595 19.031 17.616
25.905 16.584 15.694
19.609 15.052 16.177
56.259 27.558 23.249
35.402 25.206 22.33
33.006 24.049 21.676
34.993 20.143 18.12
28.348 20.615 18.884
34.057 25.51 20.39
19.026 12.62 10.735
29.177 18.617 16.454
36.327 23.326 18.254
23.754 19.95 16.016
25.784 20.294 17.917
33.867 37.894 39.206
48.591 38.045 31.852
36.054 28.161 23.655
46.629 38.712 32.83
24.982 17.104 14.654
29.487 17.607 14.093
55.143 45.651 39.103
38.676 29.936 24.415
51.783 39.1 30.966
59.962 46.222 38.112
59.774 46.846 37.884
66.927 51.854 43.225
52.064 40.578 34.317
55.258 42.687 35.444
18.464 18.301 19.103
19.589 23.495 26.868
33.595 21.154 16.455
54.356 42.711 35.53
52 57.471 61.721
18.83 14.62 13.573
27.728 26.896 28.825
35.066 24.343 22.885
71.351 58.487 48.542
48.657 31.418 23.199
48.441 31.554 22.894
40.36 25.905 19.888
58.543 39.533 33.084
48 31.238 23.74
49.231 32.704 25.267
55.771 41.568 34.64
46.267 30.868 23.203
41.822 25.7 22.778
46.377 31.172 26.139
44.068 28.915 23.418
50.833 34.747 26.701
43.689 27.601 20.504
25.937 14.779 12.167
25.696 14.767 11.452
10.974 8.9021 7.9522
44.683 30.545 23.436
34.524 20.399 16.729
37.53 23.231 20.004
31.636 18.356 15.668
39.323 29.567 27.449
44.127 35.465 31.261
45.365 36.828 32.327
40.624 23.609 19.23
41.332 24.867 20.843
67.209 52.947 41.986
56.232 42.197 37.694
62.114 43.893 32.952
40.062 30.588 26.605
18.468 13.857 13.497
24.519 16.172 14.365
22.176 13.905 15.009
28.172 24.218 24.197
27.101 18.092 17.488
26.45 13.907 13.804
29.196 30.541 32.768
21.09 21.173 19.675
83.96 59.232 43.41
64.677 28.164 17.398
40.171 15.858 9.5187
88.702 47.442 28.829
133.51 63.48 34.913
154.02 94.025 50.865
133.34 65.541 28.403
44.289 17.33 9.9492
86.398 47.721 26.109
69.603 63.467 57.596
46.465 18.373 8.1079
62.431 36.848 22.717
39.991 41.026 38.509
39.765 40.837 38.414
22.811 24.655 25.148
19.568 19.929 21.109
40.327 39.961 36.611
46.209 47.348 46.761
43.533 44.396 43.58
43.807 45.425 44.875
44.996 46.049 45.834
41.77 42.349 42.474
45.219 48.752 49.351
44.834 47.867 48.81
44.814 47.932 48.626
47.044 50.294 50.383
44.755 48.044 48.872
32.593 37.063 38.346
46.265 49.759 51.08
42.665 42.304 44.478
41.476 43.544 46.511
76.702 80.539 78.779
63.299 64.898 65.224
67.317 74.972 76.177
4.4351 3.5433 1.08
5.7265 4.5802 1.3638
15.59 12.531 3.5209
0 0 0
8.3327 6.4977 3.5378
6.2297 4.9049 2.5291
9.3934 7.2724 3.5973
8.9633 6.9339 3.7382
5.5575 3.9134 1.8504
10.159 7.9434 3.9897
0.32093 0.24411 0.14719
11.011 8.621 4.5841
13.032 10.052 5.289
13.607 10.545 5.4417
13.013 10.102 5.3616
9.2564 6.885 3.974
8.2104 6.1623 3.4036
9.2909 7.3326 3.1227
11.54 8.4244 4.2923
5.2507 4.1315 1.7907
22.475 36.779 107.12
