0 0 0
0 0 0
0 0 0
57.694 37.943 35.358
90.37 62.09 31.636
228.36 226.31 227.31
2.1846 0.20106 3.1692
85.416 64.518 63.25
99.607 69.36 63.163
97.178 70.603 54.252
89.185 75.147 62.362
132.63 125.97 121.82
102.57 87.41 76.095
113.08 97.638 84.278
74.664 44.582 42.738
153.12 141.17 125.38
153.29 140.91 125.14
0.035813 0.0358 0.035794
14.461 22.885 33.983
8.285 27.195 44.513
44.496 47.651 52.492
36.007 41.053 47.036
22.144 27.47 35.224
13.514 10.227 14.745
30.552 30.509 38.428
9.8326 7.9446 10.705
9.9008 7.7581 10.373
100.8 82.673 85.26
17.504 18.797 25.963
24.85 17.049 17.309
29.729 23.725 26.09
23.946 15.754 15.747
20.872 14.034 13.975
40.883 35.631 39.872
26.974 18.135 17.647
22.652 21.283 27.334
37.356 28.333 33.217
6.9123 18.835 30.438
6.9786 5.7455 12.723
15.427 10.855 12.552
15.975 11.205 12.288
18.471 12.51 13.123
15.107 9.8218 11.335
20.745 13.307 15.464
12.761 18.826 30.54
6.1749 13.858 21.44
19.826 14.207 14.95
37.115 38.455 43.32
88.67 74.872 66.436
64.667 57.608 49.547
78.996 67.474 53.637
88.149 81.493 70.756
77.204 71.171 62.219
87.17 72.495 61.549
77.594 65.718 52.464
112.79 105.54 94.654
104.35 96.03 85.394
55.158 59.398 55.634
49.801 56.99 54.681
59.593 68.727 67.134
58.809 74.263 72.555
48.243 53.298 50.915
53.249 61.225 60.904
36.997 42.591 43.798
60.401 74.922 74.874
36.546 54.068 61.992
48.146 52.917 53.071
50.895 58.8 56.962
56.979 74.827 73.874
125 118.36 98.133
132.91 126.87 103.65
95.641 81.015 59.72
93.401 78.779 57.722
90.081 72.395 51.94
129.98 116.33 90.68
91.546 73.679 52.779
92.17 74.444 53.645
137.89 130.28 106.67
91.909 73.975 52.916
20.153 16.189 17.856
45.538 32.436 26.432
25.662 19.966 20.197
34.261 25.197 24.479
14.873 12.823 19.14
16.331 12.985 19.264
16.159 14.547 19.926
134.69 119.79 97.786
104.02 83.836 63.981
122.83 106.7 86.97
126.62 113.82 91.747
98.943 80.467 64.638
87.73 69.773 52.618
114.66 95.34 71.127
111.55 84.851 67.044
118.65 105.25 87.987
92.388 82.791 71.561
79.996 72.666 66.225
84.289 68.072 55.737
77.065 53.631 40.79
51.784 45.713 41.641
101.83 96.418 83.221
125.94 121.58 106.12
126.18 121.77 106.21
179.14 182.22 167.33
132.49 123.2 111.31
172.29 177.26 162.4
157.54 154.53 137.82
77.363 73.209 66.196
95.1 92.8 82.339
94.809 92.641 82.088
146.2 141.81 126.2
149.32 155.72 145.05
68.427 51.134 39.873
66.042 48.325 40.122
78.732 67.019 55.452
86.621 67.413 49.902
97.641 81.61 68.192
160.49 154.25 134.72
41.109 41.649 37.615
73.082 66.427 56.713
72.132 65.887 57.502
93.234 86.471 76.158
33.539 23.232 19.451
82.925 73.218 64.138
88.532 77.83 69.994
95.402 83.708 73.093
95.119 83.064 73.383
122.74 108.26 96.339
78.205 70.178 55.659
108.42 94.954 76.374
90.889 77.254 61.598
92.869 82.625 68.173
47.135 35.838 29.884
96.486 84.226 72.96
116.87 98.735 80.394
73.739 60.435 50.328
119.3 99.331 79.42
113.52 95.582 77.303
128.08 109.02 90.894
123.82 107.13 89.846
123.83 107.4 89.99
123.91 105.07 85.606
116.76 95.634 75.141
118.6 97.823 77.288
135.29 119.62 100.27
93.749 66.958 48.794
46.691 38.454 34.063
34.099 24.813 24.918
76.493 52.528 41.997
55.745 46.471 41.17
68.49 54.233 43.648
65.383 58.704 50.319
95.862 82.933 70.053
38.948 55.484 53.334
78.784 67.623 56.952
110.17 97.242 83.27
19.449 12.344 13.22
23.337 12.903 16.762
34.165 19.332 19.575
19.414 11.319 12.271
35.513 21.267 21.396
28.679 15.872 16.183
39.603 22.941 18.435
51.348 30.287 21.034
31.941 15.17 12.919
30.207 14.634 14.57
24.516 14.461 15.03
25.329 15.156 15.573
20.018 11.126 16.247
19.708 9.3535 14.386
24.993 10.453 13.081
73.054 56.942 48.509
28.45 22.158 22.425
25.425 19.003 19.372
53.531 44.272 38.316
47.799 37.522 32.63
69.331 53.328 40.93
34.589 25.646 24.112
56.207 43.928 37.532
60.692 53.484 49.115
30.731 22.449 20.425
92.017 83.929 72.11
94.195 84.297 72.323
129.52 117.3 98.814
106.3 96.851 82.272
113.17 100.76 85.313
55.181 53.626 51.897
36.749 24.94 22.834
24.234 17.794 16.249
52.361 36.245 29.83
49.868 34.367 28.804
26.055 17.718 15.774
67.945 48.667 39.072
27.45 17.057 15.59
23.624 15.65 18.098
29.011 18.625 16.785
27.701 19.129 18.46
29.425 20.034 18.873
20.438 12.593 13.417
30.458 20.306 19.525
158.12 159.66 146.9
73.203 63.373 56.645
84.277 78.3 67.637
69.547 59.236 53.921
73.149 63.49 56.809
114.54 95.346 68.736
69.265 54.026 39.074
85.648 75.545 65.415
145.17 138.18 124.05
76.357 64.767 48.672
84.035 69.121 54.766
106.95 99.489 88.823
55.82 44.966 33.039
63.786 49.964 37.652
60.901 49.029 35.419
79.665 64.713 50.86
44.742 32.56 21.747
45.415 33.369 24.299
43.058 32.213 25.265
43.149 31.485 23.535
36.964 28.187 23.257
109.98 98.917 84.957
82.967 79.014 62.3
58.479 56.187 46.162
57.742 51.156 40.463
148.42 144.96 121.75
70.464 65.834 53.845
91.575 83.451 68.542
126.39 117.22 99.562
74.53 66.137 52.304
94.597 84.527 74.119
75.388 65.398 57.116
70.167 65.305 53.377
85.927 81.647 66.385
85.819 76.813 60.678
85.82 82.528 66.859
74.546 67.454 54.785
87.975 84.971 68.896
81.734 75.226 62.573
84.57 78.974 66.811
82.677 77.077 61.51
84.204 78.237 62.471
79.964 76.908 65.455
207.91 211.84 192.84
80.275 74.751 59.225
83.106 76.904 62.723
89.828 74.242 60.758
60.013 48.804 40.27
49.082 42.991 38.547
63.302 51.083 41.617
91.722 89.434 75.448
51.666 51.116 47.486
95.414 86.271 74.637
75.822 73.767 45.502
71.412 76.896 67.036
72.305 74.428 63.713
51.969 56.057 48.142
55.116 60.133 54.394
18.874 13.033 15.971
21.055 13.065 15.684
28.554 20.163 21.713
25.679 17.703 18.961
22.175 15.355 17.703
26.598 15.407 18.868
26.206 15.33 17.798
28.425 17.924 19.461
29.365 18.312 19.02
31.036 18.168 20.18
23.703 12.267 13.439
26.155 28.259 35.226
11.03 8.4769 13.54
26.615 27.601 32.869
29.719 31.664 36.908
16.517 14.013 17.805
25.521 22.19 24.948
30.846 35.082 39.531
21.908 25.425 33.933
25.418 27.464 33.909
34.011 38.537 43.838
39.528 43.157 47.932
15.779 14.612 20.352
29.764 32.389 36.678
26.778 30.106 35.426
57.534 55.227 51.787
22.109 19.916 25.733
94.342 92.956 85.924
50.968 49.752 51.556
20.318 18.939 21.65
33.029 26.076 24.804
39.277 40.019 41.283
21.544 15.92 20.806
41.823 47.845 51.55
28.394 20.011 18.226
81.909 84.619 83.74
65.609 71.56 73.604
53.183 58.714 63.028
67.518 60.09 52.447
65.699 55.968 51.407
67.26 58.172 53.142
58.46 52.804 50.169
43.851 36.566 35.238
54.899 48.378 42.291
58.915 54.07 50.878
35.033 27.881 26.593
38.911 31.338 29.2
34.187 27.89 27.362
29.368 19.429 20.231
50.693 41.685 38.437
19.261 14.44 17.416
25.155 21.374 23.47
45.664 24.386 16.843
22.648 16.555 17.192
54.676 118.13 100.82
33.859 24.497 20.943
12.786 8.2428 11.322
27.175 13.574 11.257
27.153 14.705 13.224
18.128 10.438 11.15
31.209 16.711 13.042
27.333 13.828 11.565
43.029 25.987 20.398
18.961 9.181 9.9699
46.895 26.038 17.536
38.608 20.488 14.515
23.407 13.128 12.096
25.478 14.593 13.201
34.827 18.687 14.576
13.57 11.884 10.453
57.182 32.518 18.196
46.464 50.685 46.811
19.173 13.991 19.196
28.785 21.515 23.593
16.343 17.277 22.406
36.834 19.748 19.074
57.062 52.847 51.787
59.313 64.661 73.258
107.64 92.643 90.39
25.571 29.339 34.991
30.751 26.518 26.652
37.047 39.867 49.76
31.619 32.818 40.93
25.447 20.029 18.284
18.3 16.108 17.76
27.004 27.46 30.345
23.399 20.822 23.448
15.46 11.178 11.936
14.924 10.58 11.782
35.111 28.932 26.734
31.628 25.399 24.221
29.419 24.429 23.473
20.629 14.471 13.504
36.56 29.351 26.388
21.437 14.917 14.301
26.773 17.038 16.816
144.72 135.73 122.12
72.693 72.715 74.3
84.642 79.33 74.89
85.727 81.334 77.292
17.928 13.596 16.125
20.601 21.853 30.322
27.509 24.975 27.731
66.101 84.245 92.95
122.09 115.72 105.3
97.22 91.382 83.022
50.139 58.095 63.652
81.074 79.7 77.701
153.01 138.65 125.42
49.048 33.338 25.213
63.251 47.55 39.457
89.153 70.489 60.488
60.585 48.459 44.327
89.558 77.806 72.541
153.69 160.01 157.62
71.269 58.381 56.737
55.673 41.744 37.559
97.361 91.367 86.413
62.806 46.757 41.456
57.612 33.146 24.504
87.361 85.895 85.758
114.85 116.85 117.68
153.83 144.51 136.95
76.88 78.235 80.753
181.87 179.78 170.79
95.832 85.04 77.71
155.41 149.59 143.84
145.3 142.84 138.6
161.08 153.71 149.6
155.15 148.34 145.34
164.88 150.31 140.58
42.278 34.149 36.609
25.567 19.496 25.843
32.704 27.117 33.449
28.079 21.857 25.538
23.628 14.383 16.712
142.93 161.44 157.14
28.692 20.389 21.82
88.564 82.629 78.057
69.152 62.86 56.743
69.102 70.083 75.136
59.912 48.576 47.334
57.788 51.507 50.87
178.35 170.45 155.14
112.06 102.52 93.824
77.528 71.809 69.804
83.87 80.455 78.211
63.882 57.88 57.294
113.87 103.81 98.088
74.928 68.036 65.695
76.391 68.845 66.943
75.144 69.795 67.528
89.486 69.646 60.853
106.09 81.764 63.766
129.92 112.89 100.26
129.32 106.82 85.861
167.41 146.5 125.02
113.51 88.483 69.499
107.91 89.122 73.582
113.8 93.942 77.75
114.91 97.752 81.667
71.897 64.407 59.612
76.641 64.061 57.807
82.413 60.997 47.177
100.02 78.443 62.589
88.742 69.452 53.169
59.499 41.725 36.869
160.79 140.49 119.22
54.786 46.199 46.923
107.55 88.135 73.776
60.641 57.152 54.926
112.54 87.753 70.505
65.016 62.95 58.813
61.786 60.917 57.735
95.625 78.175 62.517
68.189 68.928 62.144
72.433 59.98 52.499
60.034 46.131 44.533
111.34 102.88 88.401
83.876 63.828 50.988
134.16 119.47 103.15
77.006 65.648 52.898
39.719 30.404 32.883
39.356 31.915 31.399
46.288 33.07 31.312
42.891 28.022 25.872
38.714 28.93 31.188
48.666 33.457 29.048
36.42 31.101 33.821
24.738 15.634 17.45
23.722 19.993 25.42
78.02 60.575 50.056
92.071 72.357 56.859
55.643 40.017 34.221
41.125 30.896 31.627
37.236 22.185 19.894
51.412 36.509 31.227
51.297 36.627 31.115
44.935 28.176 22.403
44.744 28.304 22.494
42.925 25.069 20.012
31.893 14.936 14.402
47.817 29.259 24.001
22.104 12.963 16.663
39.801 26.431 11.134
39.286 37.236 39.243
85.453 71.088 66.665
45.042 34.162 31.998
50.661 28.16 8.3198
16.927 12.895 15.154
46.605 32.788 25.904
59.275 39.248 30.559
46.078 28.072 24.935
45.151 27.694 25.07
53.467 35.051 28.553
46.932 30.285 25.192
63.743 46.457 32.676
57.126 41.308 36.379
72.916 52.978 44.171
61.408 48.591 36.838
106.27 80.709 64.711
63.944 48.872 39.574
59.323 43.782 31.263
56.437 42.757 36.793
99.111 76.755 62.467
79.46 59.707 42.519
87.142 67.502 54.749
86.337 62.641 48.152
51.131 49.548 37.46
100.55 83.694 60.479
98.552 81.059 59.047
60.049 60.576 46.328
56.612 60.195 46.312
122.77 92.786 62.818
101.46 75.858 53.949
116.06 91.243 67.05
108.52 83.916 60.507
85.725 61.276 41.972
107.46 79.638 59.289
119.64 93.525 71.46
114.36 88.16 68.013
103.61 77.626 56.583
57.25 40.016 34.462
69.094 48.153 37.183
127.88 105.25 83.264
32.504 24.414 24.932
67.139 54.527 48.785
66.672 49.557 37.265
39.719 35.602 36.225
29.471 22.017 23.139
28.841 21.399 23.056
73.743 74.736 70.593
100.14 100.63 98.749
143.78 130.43 115.94
93.148 81.919 76.009
114.83 109.83 105.65
103.93 100.47 96.895
28.146 21.482 24.793
63.648 38.845 25.325
32.474 25.192 27.271
17.082 22.625 34.356
110.49 82.941 60.22
100.15 67.613 46.723
135.03 100.85 74.92
109.52 82.028 62.139
129.22 100.52 74.44
131.29 102.84 76.169
153.3 116.68 84.575
134.7 103.17 75.197
148.99 111.92 82.45
123.51 93.895 68.793
147.54 109.29 78.964
45.436 26.374 17.1
46.421 26.165 15.115
108.57 77.355 57.632
106.99 74.95 57.319
37.393 23.546 18.47
86.417 60.05 45.599
99.985 72.57 55.06
107.25 81.977 65.109
146.04 115.11 84.013
161.6 140.73 116.54
115.89 90.92 66.526
130.28 110.76 91.556
129.22 104.31 75.241
101.4 73.877 44.625
84.052 62.535 50.309
122.37 83.85 58.512
123.66 93.498 73.387
146.72 112.11 83.435
130.26 98.484 76.662
171.96 139.98 112.91
165.23 127 91.82
171.16 151.76 124.04
103.23 66.717 31.213
82.317 53.54 29.132
63.71 34.838 19.765
72.829 50.717 33.58
101.21 74.578 52.232
128.17 91.262 69.565
130.62 104.75 79.755
166.34 147.41 122.25
123.8 91.451 67.011
38.595 33.255 37.001
112.25 80.077 54.976
110.28 75.402 51.506
21.454 12.879 13.063
104.37 75.106 52.147
131.84 97.713 69.24
135.78 102.12 73.138
132.82 99.021 70.301
134.45 100.7 71.704
119.05 81.456 54.173
157.15 134.93 116.32
130.95 99.674 75.555
139.67 103.87 76.754
129.88 89.91 63.232
120.69 85.493 59.88
124.78 87.308 59.738
21.978 13.162 13.28
127.16 105.34 85.055
119.24 85.62 59.558
172.4 141.69 110.54
126.48 85.556 54.82
22.688 14.262 14.27
138.32 102.37 73.901
125.55 88.636 61.826
125.24 82.04 55.514
133.89 101.65 74.506
99.539 68.599 45.94
116.44 84.618 60.639
134.11 101.78 76.204
22.322 13.471 13.704
137.12 92.963 60.061
30.498 18.425 15.549
136.52 100.84 72.599
29.184 17.659 15.318
115.63 79.572 55.202
121.25 92.466 68.335
120.16 84.406 53.003
118.12 84.317 55.089
111.61 68.007 37.86
121.65 77.274 43.183
99.214 59.816 31.099
140.75 105.93 67.533
128.7 93.751 59.112
114.35 78.867 46.374
132.77 89.448 50.072
90.845 58.847 35.734
95.861 64.237 40.878
98.382 69.412 40.665
70.711 42.657 15.341
101.52 72.914 42.759
126.94 97.32 66.661
49.854 34.592 19.763
93.051 75.41 55.222
100.22 83.267 63.707
131.53 110.88 82.414
126.76 111.67 83.786
0.46653 0.45392 0.46235
1.2986 1.26 1.2843
0.83177 0.80612 0.81819
0.18527 0.18031 0.18319
0.18045 0.1765 0.17937
0.48087 0.46907 0.4775
0.4117 0.40195 0.40671
0.61514 0.59785 0.61029
4.4553 4.3701 4.4112
4.5973 4.5744 4.5838
4.0972 4.0729 4.0854
5.5588 5.5241 5.5376
6.0603 6.011 6.0356
6.2696 6.2333 6.2549
4.7012 4.6597 4.6772
6.2328 6.1867 6.2133
6.8275 6.7717 6.7993
6.4051 6.3399 6.3712
11.352 11.187 11.305
7.8779 7.7972 7.8349
10.23 10.096 10.17
9.2427 9.166 9.206
8.7977 8.6984 8.7387
6.5708 5.867 5.9959
8.2665 7.9102 8.0111
4.5639 4.481 4.5326
12.31 16.209 17.176
19.042 19.234 19.069
20.189 21.076 21.653
41.885 44.099 44.648
68.765 73.221 71.231
