0 0 0
0 0 0
0 0 0
4.0456 6.507 9.4123
182.64 204.62 189.88
9.6029 7.6828 10.786
0.8375 0.88301 0.80453
0.39404 0.40113 0.38015
16.075 26.489 19.486
7.3956 15.685 12.016
7.7781 16.652 13.639
19.221 21.475 17.404
21.936 39.375 36.547
8.2565 19.975 17.144
7.9369 14.976 13.506
18.811 32.384 24.231
15.064 29.332 40.299
42.172 61.422 70.844
48.938 70.091 84.383
44.586 62.966 75.08
33.614 22.81 15.294
55.977 77.282 74.723
46.471 71.68 70.114
49.822 76.6 74.633
55.045 83.518 81.309
54.321 82.934 82.246
27.657 37.607 39.085
21.291 36.105 42.209
42.384 75.503 87.023
11.317 21.965 24.618
28.393 49.78 56.974
15.5 25.98 30.176
14.85 24.805 28.228
20.998 39.419 45.284
14.783 28.603 34.355
22.168 42.784 49.043
8.5585 13.749 17.632
24.252 42.264 51.458
36.961 59.528 67.762
42.144 37.479 21.259
64.529 55.225 30.953
71.838 65.128 41.772
43.819 40.054 24.814
57.802 51.84 31.193
60.204 53.691 32.281
67.452 60.947 37.669
68.441 61.096 37.57
67.702 60.562 37.277
36.775 34.23 20.998
62.006 54.935 33.247
58.163 51.914 31.356
29.951 28.099 17.288
33.898 30.02 19.07
86.808 78.883 52.324
37.334 34.153 21.259
41.817 35.039 20.546
3.0023 3.0023 3.0023
77.721 113.04 122.36
67.35 103.24 114.18
50.761 90.491 101.85
37.697 69.699 78.249
26.261 34.359 32.567
29.15 53.625 60.628
30.417 55.499 62.522
41.694 59.125 63.185
35.767 53.685 58.411
69.097 92.608 91.003
43.99 73.391 76.113
39.425 68.111 73.833
30.133 56.845 61.668
45.642 73.423 77.445
46.191 75.751 77.908
41.865 64.442 63.908
49.534 82.231 84.745
31.684 47.045 53.995
31.113 46.26 53.023
37.849 57.168 61.111
59.016 48.164 25.402
105.29 91.136 55.725
126.49 110.62 65.594
67.548 65.454 40.845
147.32 131.69 78.264
111.73 98.617 57.677
80.748 60.968 28.557
65.964 57.357 36.212
58.761 50.896 31.965
66.054 55.359 36.304
35.9 32.572 19.443
33.02 32.619 18.319
38.796 35.81 21.43
24.378 24.295 13.05
39.552 33.661 20.976
30.077 26.338 15.784
19.855 18.407 10.992
47.899 38.605 19.322
45.697 39.913 24.344
9.8127 9.2369 6.8849
43.519 41.551 24.386
41.086 53.806 54.858
23.697 38.199 40.922
45.891 31.675 19.408
65.383 91.941 96.387
14.899 35.799 46.05
26.759 66.818 77.07
18.017 42.288 50.313
41.427 77.15 89.993
23.347 37.681 43.956
42.481 60.268 66.026
22.815 59.893 70.358
15.447 36.537 43.401
9.5984 29.33 37.807
15.24 43.13 52.758
20 56.532 67.239
22.808 62.482 70.833
13.985 35.073 42.271
20.942 58.158 67.206
17.599 42.126 48.667
19.979 48.284 55.957
14.671 41.034 49.742
16.116 47.257 58.475
22.902 52.391 62.12
10.249 31.506 40.543
17.848 33.062 33.924
13.714 23.752 30.512
41.682 55.595 68.575
23.812 40.648 35.509
47.22 63.093 77.478
18.333 30.399 34.301
27.375 32.143 19.886
24.476 25.944 17.825
54.882 47.231 28.585
17.314 27.796 28.67
19.369 40.857 40.453
27.091 23.761 13.605
24.852 22.688 13.208
26.694 22.328 12.081
27.536 22.243 11.817
16.526 16.272 9.9128
33.294 26.437 16.348
32.343 25.082 15.252
27.916 22.337 13.244
33.897 29.228 18.301
34.428 31.71 19.057
21.665 19.773 11.676
30.844 26.016 15.809
38.473 30.053 18.462
33.284 30.672 17.862
23.5 58.209 48.195
16.842 48.84 36.651
12.776 30.765 24.607
25.574 23.182 13.869
23.101 21.839 12.753
41.208 35.468 20.275
12.757 30.859 29.2
37.582 31.341 18.355
38.758 32.539 19.16
27.542 23.87 13.038
29.415 25.522 14.058
30.693 25.859 14.315
40.902 33.008 18.599
51.801 37.382 20.142
24.738 51.684 47.39
42.245 38.106 22.16
21.71 36.023 34.601
49.411 41.153 23.35
19.473 32.702 31.305
33.22 25.994 14.755
51.436 42.782 24.55
52.009 45.303 25.695
26.563 20.464 11.574
19.216 43.022 41.936
17.769 40.516 38.036
24.011 22.342 14.34
11.562 13.067 10.773
18.746 26.977 19.97
22.382 22.452 14.852
33.126 38.473 32.171
28.058 27.601 17.575
17.954 18.623 12.114
13.055 21.976 21.284
14.631 23.102 22.623
17.527 26.865 25.847
15.951 20.572 19.319
19.95 28.828 27.124
13.025 20.271 18.936
17.015 26.531 24.587
18.065 22.828 19.871
17.9 26.716 25.038
20.204 30.118 28.356
21.642 29.823 27.238
19.325 26.398 24.725
21.621 29.411 26.958
13.987 21.027 21.762
11.839 15.561 16.54
13.391 17.628 17.179
12.709 13.278 11.941
36.209 17.691 21.466
9.3209 15.036 16.519
27.466 13.752 18.654
34.543 30.051 22.105
21.597 19.727 15.849
21.19 30.42 24.084
53.073 50.522 31.31
48.235 44.591 28.028
48.082 46.3 29.794
20.587 21.426 13.356
23.321 16.666 10.372
51.249 48.538 31.343
23.809 23.573 15.568
31.155 30.604 20.118
24.449 23.558 21.143
24.726 22.983 20.954
30.194 30.84 31.064
25.622 23.168 20.795
48.553 54.965 56.509
43.708 67.224 77.485
48.473 53.702 46.334
34.995 43.958 42.4
26.145 36.03 39.196
29.173 35.706 37.849
27.298 36.67 36.816
131.46 136.16 117.77
39.858 50.961 52.764
44.188 59.879 62.928
35.023 38.529 36.287
34.062 34.946 35.041
28.275 29.216 29.556
50.392 53.036 47.612
31.286 44.65 51.514
25.044 43.085 50.201
17.447 30.254 39.321
40.437 59.519 66.855
48.906 55.204 53.275
54.697 59.541 56.746
42.237 49.284 50.41
47.85 54.758 53.549
39.499 43.857 45.004
38.037 42.415 43.495
65.595 70.313 62.715
21.912 36.605 45.859
15.226 24.687 31.334
12.824 24.037 30.133
22.509 24.607 18.61
43.143 79.841 79.298
6.5099 10.313 11.458
49.111 77.582 76.206
21.373 27.605 6.6362
15.884 13.266 5.706
28.559 23.115 7.2163
52.666 19.578 11.99
48.816 27.936 7.7259
20.671 23.837 6.6282
26.732 24.86 6.3743
23.053 23.076 6.0531
27.989 36.32 8.6019
47.098 15.646 7.0535
27.693 34.16 8.4152
6.6923 11.468 8.6613
8.6795 18.126 17.834
25.543 34.359 8.4061
35.295 21.614 6.3918
20.231 21.296 5.8485
26.095 41.428 12.481
22.676 35.108 9.0767
24.107 34.12 11.048
20.909 43.214 11.546
58.948 19.344 12.629
33.314 49.334 15.06
18.813 109.43 153.89
12.764 27.851 23.089
47.144 65.824 47.91
34.486 49.484 33.927
19.623 26.468 24.255
41.042 32.015 45.488
14.339 26.021 28.853
7.5087 31.662 45.768
19.119 39.832 29.896
14.596 34.696 28.676
25.77 37.712 31.464
12.512 15.548 12.767
11.964 21.878 81.518
11.123 42.838 76.03
6.9535 34.561 66.056
9.0907 45.881 90.323
14.161 18.53 16.395
23.536 19.649 14.841
22.236 18.742 14.284
21.438 18.164 13.598
39.68 39.226 84.832
21.305 50.545 96.323
14.497 54.452 105.78
23.322 29.783 70.464
22.586 22.58 63.313
9.963 15.98 33.047
25.831 61.306 96.622
15.186 5.4995 9.776
8.8691 43.152 73.001
13.256 41.552 62.519
6.3088 6.6378 9.4311
29.244 20.463 14.257
12.668 34.488 55.654
8.0658 38.598 68.848
11.669 31.194 53.812
18.532 20.566 21.884
22.803 21.928 38.115
10.275 75.871 107.08
32.62 39.338 65.919
17.373 34.339 56.471
32.429 38.398 80.396
12.569 24.065 51.6
16.783 9.3679 54.802
39.589 53.732 70.708
14.173 35.191 61.846
15.728 8.0055 65.45
15.182 22.137 23.106
17.597 24.366 22.997
6.977 13.47 14.927
9.058 15.332 17.635
7.221 15.458 21.325
12.034 19.012 85.134
8.0148 34.344 91.248
9.958 9.4604 61.844
15.263 57.939 100.04
5.5503 6.6483 45.986
10.956 18.648 13.199
22.951 6.2484 40.326
51.426 26.798 73.514
50.952 7.4176 40.028
54.701 0.86186 26.758
38.552 28.605 67.452
61.133 66.124 121.13
11.237 12.344 8.9588
48.82 51.636 51.338
13.235 21.403 12.696
20.824 20.142 10.907
43.87 43.285 30.076
17.78 21.266 13.712
35.653 35.315 24.581
44.875 42.82 32.019
26.605 29.972 20.591
33.916 36.03 25.17
23.953 27.009 17.416
16.51 18.332 12.974
50.595 47.104 19.728
24.887 25.576 11.893
18.059 18.046 10.684
54.978 52.135 29.981
18.523 25.888 15.233
51.979 51.618 31.576
37.739 43.318 26.019
23.738 31.865 19.975
22.207 23.479 16.91
30.819 33.616 17.337
23.293 29.238 17.585
38.943 43.511 23.21
26.015 30.788 19.713
35.042 39.273 24.296
28.199 32.522 17.64
18.12 26.418 15.495
11.996 18.511 14.043
30.788 32.884 19.474
31.286 35.374 23.147
37.75 34.935 21.824
61.771 52.608 32.754
49.781 42.332 26.726
53.27 45.976 29.077
53.919 42.798 25.918
67.781 59.044 37.49
46.71 40.239 24.192
46.77 40.136 23.969
73.87 80.529 58.944
30.849 39.872 32.955
26.725 39.77 39.294
23.056 32.173 29.59
24.793 36.873 29.321
45.825 58.55 48.881
46.94 66.461 47.711
28.971 48.395 39.526
25.022 35.178 26.923
35.187 52.923 42.472
30.081 49.599 41.745
42.918 59.209 49.161
58.176 43.796 28.982
67.659 92.675 88.328
27.094 46.402 47.378
38.454 53.586 54.901
21.421 29.39 32.154
42.909 51.724 52.767
42.612 48.021 43.698
24.943 36.526 39.94
24.733 33.386 36.563
33.067 45.351 51.435
42.756 58.126 62.397
69.413 93.055 91.467
27.224 44.658 48.146
22.922 34.575 40.058
58.734 75.295 76.613
47.211 66.058 70.312
62.416 81.407 80.416
28.937 47.54 51.537
40.33 44.937 27.724
32.914 38.48 21.43
16.639 20.781 15.389
38.221 37.68 24.049
50.901 59.584 37.816
41.246 51.212 36.798
17.809 23.785 18.152
44.62 48.291 29.965
16.193 21.862 17.176
14.79 20.55 15.541
46.362 54.13 32.359
48.931 53.154 33.064
17.071 24.697 19.501
14.62 20.984 17.438
12.77 22.491 19.218
25.765 33.928 24.888
53.813 51.937 30.383
35.478 37.316 22.723
68.557 67.885 40.502
42.681 44.249 25.676
33.202 37.088 24.914
24.204 33.31 24.465
36.897 44.489 30.148
29.262 32.663 19.439
45.51 45.966 25.883
41.044 47.697 26.963
33.529 40.52 26.148
25.317 38.664 28.092
38.502 47.648 32.52
64.347 66.241 44.756
37.647 43.757 31.585
38.539 50.908 37.868
39.689 47.365 35.483
28.93 38.319 25.143
56.144 54.665 33.067
28.242 35.289 23.134
51.592 49.121 25.885
63.965 59.981 28.901
73.718 65.294 32.414
15.953 24.511 15.749
55.143 76.287 77.185
29.072 46.632 48.358
15.357 30.422 32.657
12.395 23.851 24.276
14.486 32.902 34.618
9.0582 17.511 18.903
25.748 39.221 40.959
40.497 54.289 55.701
38.183 58.034 59.55
51.055 70.087 69.366
35.854 49.379 52.427
54.376 76.636 76.302
49.387 71.355 72.416
32.051 52.783 52.287
62.904 65.329 60.429
38.26 52.055 45.327
14.082 21.66 22.598
47.378 68.976 70.853
70.012 55.809 51.484
46.775 54.423 51.838
37.904 47.689 48.604
19.446 33.459 39.035
36.704 55.574 59.024
27.637 37.102 37.741
35.617 56.032 59.294
26.432 40.824 43.752
21.016 33.569 36.571
34.205 38.367 38.749
32.45 36.056 35.776
76.823 80.343 67.162
36.13 55.806 60.767
23.516 37.457 42.159
33.959 52.284 57.5
53.437 77.339 86.412
63.533 87.149 94.57
18.123 34.544 43.784
68.09 92.524 99.442
70.387 97.525 105.57
16.911 20.358 9.4062
25.054 22.548 8.8186
21.124 23.541 14.21
21.386 24.507 15.282
37.1 39.87 24.201
64.661 58.523 31.602
17.535 21.704 16.574
78.453 71.78 48.778
57.028 54.482 35.127
29.588 29.889 18.693
32.545 33.685 22.398
26.577 28.357 19.08
41.963 38.644 25.972
39.043 41.718 24.786
19.128 22.045 13.606
31.672 30.741 18.551
26.506 24.601 15.019
36.08 36.637 24.059
33.963 33.453 20.942
31.899 33.474 20.69
21.546 23.374 18.746
39.921 33.434 19.176
15.856 17.029 9.3171
24.062 20.125 9.4692
26.659 25.162 17.83
31.058 28.107 18.498
29.057 29.38 19.809
30.703 24.794 14.71
51.067 39.101 21.973
37.845 30.309 14.597
47.292 36.421 20.419
25.678 25.49 15.775
52.686 50.741 33.052
50.987 49.686 32.287
12.057 19.065 14.597
12.714 17.279 17.276
13.672 19.912 14.144
10.818 15.398 15.428
11.866 19.538 18.116
13.824 41.712 37.167
9.0185 13.363 11.449
21.253 27.806 33.458
11.394 13.403 10.49
30.105 59.338 59.507
14.636 27.25 23.704
31.097 41.896 36.677
16.512 20.895 17.907
20.809 27.075 24.156
15.876 21.555 19.004
18.781 35.223 32.297
17.019 22.518 19.861
17.966 31.947 26.607
12.067 20.28 17.429
18.006 26.126 22.798
32.732 38.23 35.443
12.127 24.109 21.697
19.167 35.72 30.838
22.286 48.411 42.554
15.58 29.815 28.658
10.593 20.336 17.89
25.067 25.94 18.163
49.216 63.795 54.48
30.428 40.138 31.79
38.396 47.464 36.732
20.065 37.025 32.873
22.598 24.345 20.757
39.053 52.497 42.879
57.827 61.597 48.274
26.314 35.874 30.98
29.971 39.686 34.16
32.347 41.039 31.992
24.616 28.727 21.866
29.188 32.727 26.242
36.777 46.066 39.109
40.795 49.696 41.748
28.029 35.014 27.352
28.636 29.789 22.591
22.527 27.325 20.992
20.997 26.215 20.112
3.8449 4.7509 4.4116
8.6679 13.844 10.724
20.036 31.62 26.562
26.581 36.103 27.754
15.949 21.297 15.942
16.39 60.239 59.875
25.066 87.779 89.167
10.193 30.947 31.576
8.5381 22.762 25.537
17.568 46.14 49.635
23.781 67.163 65.764
9.8302 38.822 37.235
24.272 24.374 13.768
31.817 32.26 23.241
28.802 35.163 26.257
37.808 46.93 34.907
22.208 31.872 24.577
37.065 46.613 32.837
47.203 53.461 45.164
42.913 47.572 42.11
15.151 16.139 16.644
9.2084 11.653 19.057
9.3378 11.824 19.3
9.5084 11.482 18.564
9.76 12.329 18.376
0.83634 0.8872 0.80621
0.97406 1.0304 0.94303
0.58541 0.6189 0.56647
2.0596 2.1818 1.9911
9.5764 10.29 9.2305
10.732 11.527 10.347
13.917 14.97 13.419
11.951 12.651 11.565
9.1289 9.7384 8.8264
9.1212 9.6588 8.8111
11.053 11.806 10.674
11.199 11.945 10.826
11.248 12.095 10.843
8.962 9.6551 8.6462
7.9439 8.5411 7.6557
7.4206 8 7.1512
7.2153 7.7205 6.9655
9.2332 9.698 8.7884
10.453 11.174 10.096
9.0948 9.6947 8.782
11.663 12.413 11.262
11.349 12.21 10.931
8.9317 9.6353 8.6049
6.8259 7.6924 7.1682
7.4943 8.2933 7.7137
3.6367 3.8884 3.5098
4.5665 4.8514 4.4108
0.16438 0.17404 0.15958
