0.00044444 0.00044444 0.00044444
0.00044444 0.00044444 0.00044444
0.00044444 0.00044444 0.00044444
7.2874 4.9194 1.7236
45.493 58.147 31.64
31.669 37.433 39.602
75.597 66.299 48.996
113.96 128.41 118.56
108.14 94.885 73.68
84.576 63.751 38.651
116.67 85.448 52.941
104.55 80.57 44.256
56.24 41.676 21.498
58.306 39.989 21.649
79.57 59.717 32.665
42.059 32.864 21.613
48.225 34.648 19.783
70.176 54.247 35.088
90.437 96.229 90.559
62.678 40.966 22.229
37.914 29.287 22.231
53.222 38.323 25.332
65.096 43.528 24.992
66.349 43.95 22.837
60.561 42.199 23.977
54.762 38.643 22.24
64.806 43.904 23.453
93.323 82.451 71.171
117.34 127.23 129.4
104.98 122.36 130.16
79.108 63.83 48.039
80.58 64.971 47.584
72.393 56.583 42.086
70.85 57.646 44.52
82.555 68.123 51.248
129.56 130.23 116.27
120.24 101.4 79.669
81.931 70.781 60.541
98.483 76.711 52.446
93.406 77.897 55.096
102.38 81.064 57.738
93.801 74.988 49.283
96.136 76.778 53.02
108.43 85.833 62.216
89.631 71.028 53.825
128.28 115.14 94.322
120.14 99.618 75.84
100.22 99.007 90.116
118.48 98.129 75.872
81.922 67.385 47.71
109.02 97.828 81.423
85.568 66.498 53.779
142.04 126.35 106.67
65.815 61.078 52.845
55.314 50.603 40.987
57.571 45.417 29.763
63.847 49.724 31.187
34.682 40.271 32.671
55.822 49.838 35.483
58.497 53.163 38.782
51.272 44.737 31.237
75.618 64.869 48.952
69.767 55.952 38.221
61.556 58.039 46.204
68.945 64.751 51.318
60.62 59.309 45.524
109.16 100.14 84.457
74.373 66.658 54.243
90.098 85.437 70.627
91.535 86.542 71.5
58.315 44.993 28.967
67.636 55.923 34.983
46.131 36.56 23.705
55.961 40.519 24.265
54.692 45.656 32.845
62.533 50.191 37.412
72.182 57.513 32.368
53.827 45.437 35.008
66.844 53.356 34.745
64.076 51.721 28.713
43.212 35.672 26.233
84.199 67.481 28.025
64.343 50.02 28.647
48.317 36.757 24.433
45.459 36.59 16.034
44.93 35.067 14.416
39.812 35.313 21.12
64.472 49.492 17.572
65.3 56.185 36.272
44.968 35.754 20.974
37.192 53.046 88.706
29.581 46.165 83.751
82.578 63.271 25.754
34.241 46.76 48.821
43.943 35.35 15.712
20.537 25.889 48.013
120.43 120.22 98.634
52.237 55.73 52.323
39.462 41.392 38.682
35.205 38.543 35.842
48.222 54.991 51.202
50.473 55.278 52.192
44.595 47.148 42.935
43.942 46.599 42.56
42.736 46.247 42.391
43.691 46.718 43.379
108.66 105.71 93.21
70.665 72.57 65.717
56.12 56.378 48.622
86.07 84.854 74.103
116.09 112.71 100.3
114.19 101.1 84.087
46.272 41.087 33.935
52.322 45.874 38.021
39.859 34.246 27.938
57.327 47.212 37.961
92.173 84.542 72.789
45.579 37.845 30.747
40.36 34.507 28.673
43.679 36.705 30.033
53.75 43.659 33.717
50.374 45.16 39.613
38.536 32.205 25.225
48.164 41.979 33.299
54.456 44.416 36.384
74.867 67.575 56.141
94.195 89.081 75.128
77.248 65.946 52.308
57.438 48.095 37.847
72.754 51.089 39.806
95.584 80.454 60.639
76.004 66.18 51.129
55.292 50.964 41.913
53.439 49.935 41.636
127.68 119.27 100.82
70.56 52.944 37.453
92.195 85.828 72.29
59.03 47.045 37.327
111.76 104.46 89.135
42.002 31.379 20.985
53.702 37.986 25.499
107.97 99.96 83.13
67.287 63.067 54.806
97.068 83.194 74.537
64.09 75.779 79.424
79.915 75.809 62.008
56.665 52.747 40.14
5.5391 8.1605 9.1592
99.824 67.805 46.303
66.248 66.912 55.337
69.586 65.89 52.858
81.192 85.4 74.738
103.9 95.03 75.398
87.215 83.403 70.186
37.221 35.016 30.104
83.044 53.779 25.413
39.209 33.143 24.973
52.945 38.846 22.264
49.464 35.854 19.85
40.991 34.767 26.27
38.276 32.678 23.707
38.951 33.263 24.014
61.861 48.326 35.69
63.282 48.902 35.513
61.573 47.476 34.559
45.55 37.598 30.701
60.128 38.132 23.982
29.955 22.664 17.249
31.64 24.855 17.512
22.119 18.246 14.484
22.039 18.367 14.938
26.466 21.263 16.5
36.812 29.033 19.517
71.856 60.514 40.918
47.161 58.98 64.952
54.184 42.258 28.662
60.209 54.699 45.513
69.786 55.095 41.688
61.121 50.015 40.455
86.444 72.269 61.73
65.434 57.356 46.469
65.751 64.092 52.738
70.645 68.026 56.885
62.744 55.842 46.746
58.965 52.57 45.945
48.275 47.345 41.429
76.839 66.519 54.137
63.695 64.047 56.717
61.316 58.355 46.614
75.75 67.095 52.475
77.46 68.685 56.983
68.705 60.257 49.644
71.492 62.801 51.645
59.192 53.818 45.296
56.401 53.248 43.75
63.021 56.709 50.086
24.678 17.603 11.811
25.881 18.036 11.642
23.098 17.13 11.794
23.26 16.832 11.221
24.121 17.751 11.961
29.895 23.05 15.698
20.481 19.758 17.355
30.136 39.682 35.115
32.438 40.407 33.209
22.385 28.731 26.062
26.817 32.06 28.882
86.57 83.853 70.03
76.037 67.415 53.615
14.384 91.135 87.073
12.759 63.852 71.312
44.638 97.052 92.917
18.48 65.333 68.283
63.341 117.05 107.9
44.639 89.503 80.897
43.904 100.16 92.862
21.953 83.57 83.253
48.636 49.412 41.444
57.374 57.683 47.988
80.677 68.671 54.147
55.759 55.706 44.276
55.825 52.597 42.677
97.283 79.595 60.751
108.14 95.133 79.445
108.71 89.056 65.919
66.822 49.538 37.293
91.312 80.047 67.463
61.899 50.716 36.874
118.27 104.51 81.292
51.704 39.444 31.053
53.445 37.242 30.009
54.144 37.511 28.415
89.293 67.129 47.38
57.901 46.594 32.171
107.54 95.899 75.996
134.37 116.14 96.236
117.02 106.54 75.967
98.006 86.506 66.844
94.379 82.922 63.823
108.37 104.2 84.254
97.318 90.385 68.026
68.005 60.213 44.906
76.509 62.693 46.202
141.17 135.96 101.08
137.09 134.24 92.246
139.15 135.04 93.324
68.49 73.927 66.503
79.156 87.598 79.439
64.584 65.501 53.828
29.06 41.023 39.083
48.396 52.64 43.942
63.76 65.775 53.481
89.408 87.93 72.044
117.89 119.27 49.56
95.908 77.172 58.205
11.906 16.198 16.21
12.407 17.435 17.359
27.242 35.365 39.82
56.014 43.555 31.874
60.946 44.837 31.433
63.666 50.54 39.058
69.081 52.798 40.339
64.748 52.44 39.479
51.669 43.894 34.756
61.43 44.625 30.861
80.988 60.02 40.309
63.979 50.521 35.99
93.04 61.526 24.147
65.518 44.815 27.081
118.29 111.44 97.683
93.971 99.235 86.806
94.74 79.125 64.434
92.202 79.858 63.49
112.93 94.664 75.39
99.89 91.534 73.233
94.147 79.573 64.234
91.294 77.741 62.691
85.811 73.218 59.907
79.267 68.332 56.307
79.596 69.952 58.164
44.232 38.832 55.569
49.281 31.075 59.645
40.851 27.167 34.351
85.153 71.857 59.881
95.267 79.766 67.198
131.23 123.99 104.96
112.66 99.949 83.398
160.43 173.04 150.68
52.534 50.089 43.159
56.957 54.863 47.747
52.812 51.743 44.74
139.26 160.31 145.88
66.548 64.139 55.557
30.875 30.157 27.37
89.427 84.225 75.823
81.039 116.56 105.41
160.96 164.39 145.12
72.231 162.27 162.53
112.12 153.8 136.6
136.17 179.9 169.86
12.134 12.128 12.032
34.861 30.149 25.772
96.308 98.342 91.053
51.246 37.698 24.53
75.882 84.723 76.931
86.014 104.83 97.002
113.77 130.91 123.96
166.79 173.2 161.51
85.982 90.972 84.898
84.256 92.931 75.652
77.518 83.457 78.116
103.51 99.438 89.227
104.06 102.03 89.955
86.239 73.871 57.124
31.996 43.787 49.018
133.27 143.46 136.39
107.84 113.76 51.257
110.03 117.92 41.977
105.01 101.06 71.414
88.142 83.665 59.651
77.741 75.439 58.931
50.551 49.793 44.759
100.34 114.24 61.516
14.695 17.506 16.758
92.189 57.886 24.409
67.08 63.109 53.236
68.039 69.466 58.381
87.231 65.952 42.605
69.193 56.375 40.603
85.415 62.198 41.738
82.61 59.768 35.527
57.366 38.355 24.933
76.986 58.056 42.032
62.319 43.036 31.169
62.896 43.447 31.293
49.671 46.581 40.246
45.669 43.262 35.528
50.458 46.114 38.256
47.875 42.794 32.78
66.31 48.375 33.112
64.188 46.523 33.067
67.122 48.325 33.492
64.388 44.99 29.924
56.512 52.565 43.226
53.823 43.498 33.569
65.391 50.654 28.344
110.39 92.948 68.483
78.645 72.448 57.563
56.967 51.449 35.21
53.276 36.695 21.562
43.747 45.143 39.391
45.102 43.619 41.041
120.12 112.94 97.475
81.624 69.392 53.709
61.849 64.172 58.913
77.226 73.018 61.835
66.291 61.485 52.931
76.171 73.302 61.368
72.179 45.603 25.346
69.366 42.042 23.166
66.882 46.505 39.349
55.442 28.211 15.224
54.854 34.607 25.511
66.475 42.472 15.103
55.603 35.706 25.432
45.331 34.199 26.647
32.576 23.786 16.446
22.334 19.258 15.244
28.064 22.358 16.836
33.27 27.942 21.488
45.745 36.278 28.252
20.165 18.325 14.461
31.004 27.832 20.727
20.122 18.377 15.139
43.391 36.272 30.422
94.601 92.612 84.579
24.408 22.367 17.998
27.362 24.513 18.661
41.557 35.087 28.803
61.464 47.584 36.698
44.962 39.733 32.135
20.56 19.001 14.391
72.236 38.945 21.721
81.207 42.941 24.285
61.106 37.031 21.275
84.583 48.588 24.929
81.087 47.649 24.175
67.292 39.097 22.993
85.509 55.874 32.852
44.019 21.958 40.457
65.245 37.485 25.21
58.951 28.766 22.597
65.087 43.139 50.877
109.85 100.01 81.865
125.89 113.81 94.87
61.953 55.773 41.072
66.719 57.061 41.461
50.868 41.51 26.918
65.657 56.175 40.15
60.606 45.613 28.374
65.035 52.11 31.353
138.43 107.74 53.102
70.28 55.649 27.827
108.43 103.16 82.707
76.288 69.134 53.542
58.561 45.168 23.683
59.047 45.504 24.49
74.611 59.864 31.226
100.8 82.789 54.517
68.985 54.788 32.495
100.82 73.224 36.079
85.82 70.316 34.374
52.885 31.602 18.06
47.901 40.559 30.506
58.025 46.076 28.364
59.3 52.277 37.453
56.99 44.997 35.068
63.035 53.56 34.973
55.833 43.286 31.957
48.006 40.701 29.137
35.824 28.914 21.729
93.856 89.937 72.796
57.523 58.195 50.435
95.731 97.512 53.596
69.868 48.936 32.041
75.902 60.76 46.313
74.926 54.283 37.076
73.127 56.169 44.059
74.595 52.356 35.647
68.476 52.683 35.375
64.5 48.708 34.764
73.311 57.728 42.437
68.269 51.063 35.487
76.936 60.255 45.145
82.167 60.328 43.863
71.517 50.877 30.933
75.895 53.901 34.952
97.665 90.61 79.313
58.26 37.345 21.146
76.128 51.684 34.897
22.109 21.413 19.564
101.55 95.305 79.586
93.691 87.541 70.736
58.405 47.185 33.251
63.72 50.453 33.979
71.503 67.131 58.262
71.675 69.855 61.732
96.502 104.75 84.321
58.547 62.32 55.455
110.91 106.67 89.637
107.87 104.83 91.288
94.739 76.159 50.471
84.533 66.312 41.892
63.91 51.745 36.456
72.042 59.462 41.228
72.921 60.623 43.294
70.857 58.659 41.675
90.684 80.505 61.849
93.899 85.309 75.843
128.3 122.13 112.63
69.123 63.289 58.738
95.339 75.377 57.584
97.55 85.193 46.941
82.07 64.959 43.642
77.116 59.272 39.097
78.441 66.07 47.499
84.756 71.602 52.134
108.69 100.6 78.435
52.395 45.375 42.404
94.465 75.345 56.265
94.56 78.2 60.802
77.92 67.189 51.26
44.778 36.808 35.004
109.13 105.46 84.354
80.125 64.64 45.905
96.594 89.867 74.309
82.281 72.123 55.403
98.28 73.178 49.03
108.75 74.683 35.373
66.648 57.542 43.281
71.8 60.447 46.71
131.54 124.29 93.381
55.512 55.221 46.953
88.075 78.269 57.787
124.87 105.5 78.705
110.64 92.398 66.212
77.645 66.144 48.656
88.129 74.136 51.986
147.7 135.89 112.8
98.619 88.958 64.931
52.968 45.276 32.551
79.832 67.241 47.839
105.26 88.376 63.9
131.72 105.5 71.475
97.702 73.391 40.292
87.935 67.379 41.386
111.41 87.473 63.594
108.13 92.036 71.818
92.551 71.972 50.634
88.487 78.488 61.507
107.64 100.31 83.895
69.511 60.636 46.023
121.48 109.38 82.131
82.71 65.73 49.311
79.407 74.916 53.591
110.22 100.6 80.929
68.465 51.249 44.979
99.307 88.689 76.87
64.92 42.29 26.294
77.26 65.813 54.359
44.428 31.678 17.4
71.292 54.884 39.808
76.421 57.231 31.952
71.806 51.705 29.298
58.42 41.031 23.221
74.804 54.054 26.594
38.757 36.5 28.547
45.477 33.307 17.552
28.594 22.907 15.682
29.336 23.349 15.895
30.654 23.766 16.514
36.608 27.067 15.121
50.919 36.79 19.122
56.336 40.631 23.236
35.691 27.403 17.355
65.155 48.974 27.16
45.739 31.46 16.524
47.269 32.07 16.128
65.292 48.743 27.669
53.265 37.342 21.378
101.22 78.473 55.994
106.06 83.115 60.167
110.82 86.349 62.614
50.404 40.373 26.76
53.024 39.456 19.52
53.598 41.723 25.727
54.847 40.706 23.79
49.221 37.55 22.3
58.09 39.315 25.561
49.023 36.628 20.126
58.562 44.428 27.241
60.448 43.644 25.974
48.522 35.914 20.284
59.55 50.877 34.612
37.925 30.801 21.997
15.342 13.203 11.624
53.425 43.882 37.094
65.744 50.808 42.385
74.407 58.378 49.486
13.428 18.989 19.769
60.29 43.683 29.256
69.706 51.495 33.659
67.639 49.668 28.212
80.274 61.616 40.872
150.69 166.06 161.87
143.94 159.04 152.53
60.038 50.755 41.721
79.855 63.965 54.606
66.637 47.382 29.03
76.517 59.126 38.788
54.759 49.891 44.367
154.38 163.62 153.47
150.38 163.55 154.2
129.8 137.96 130.17
152.4 159.6 148.46
138.3 143.02 132.51
165.02 181.35 174.74
67.838 52.049 40.674
65.598 52.315 42.063
59.354 33.825 26.826
65.46 46.658 33.222
64.406 42.786 25.181
118.61 113.96 73.461
129.62 120.62 87.996
63.079 47.097 29.667
85.021 67.299 41.91
69.49 48.483 34.318
70.897 49.56 30.122
56.374 57.036 54.866
133.88 151.25 144.56
116.14 127.83 116.8
95.237 98.936 77.514
75.288 56.02 35.513
157.3 163.61 154.36
154.46 159.67 149.47
27.691 89.494 47.228
28.754 34.276 33.167
78.594 75.148 61.916
100.71 96.833 80.373
90.491 87.153 73.379
56.837 55.287 47.467
56.825 52.333 41.109
91.485 86.725 70.976
85.792 81.627 64.005
40.839 41.339 37.89
57.565 48.624 34.217
54.349 52.814 42.756
43.488 36.863 22.337
47.352 36.786 27.402
116.53 130.74 116.5
32.141 29.582 16.204
60.18 30.74 12.678
57.069 53.046 31.443
72.45 48.638 32.851
38.069 24.534 35.26
24.573 31.342 33.273
66.163 45.971 30.408
24.597 24.335 17.795
85.475 57.702 35.07
90.732 68.639 41.965
61.557 41.319 26.767
52.406 46.27 41.394
46.459 29.186 39.093
64.333 55.668 47.418
81.535 85.422 78.993
6.0805 65.195 99.638
103.36 81.528 39.6
71.34 57.189 37.567
125.81 138.67 132.05
52.734 45.883 39.462
39.719 35.198 33.154
83.033 71.768 62.149
86.503 66.095 44.008
54.863 53.05 48.517
149.92 149.15 131.6
77.373 73.319 59.058
37.327 23.935 26.99
84.103 81.979 70.774
72.245 67.196 58.347
63.02 61.982 50.931
55.096 43.411 30.135
49.623 40.505 31.399
56.939 39.02 25.989
47.425 35.627 25.456
64.24 41.794 27.087
55.364 32.777 21.934
49.38 42.541 31.29
76.615 72.637 62.258
78.438 56.615 24.494
25.145 16.857 32.778
87.65 84.095 71.656
56.138 51.452 44.187
93.895 92.394 86.343
66.751 61.278 51.526
59.262 50.488 45.44
40.76 22.05 51.895
73.004 66.649 59.022
54.443 52.217 43.732
58.616 52.462 44.757
92.729 96.263 85.849
57.33 58.902 53.287
77.31 81.807 72.447
57.557 56.259 47.949
52.676 30.989 22.794
65.094 58.672 53.436
64.793 42.767 36.592
71.441 68.449 60.148
44.745 42.365 39.636
105 76.91 49.653
60.042 49.761 39.552
77.016 48.526 37.718
108.97 57.448 65.413
56.439 57.464 56.229
56.569 53.714 48.354
60.711 53.16 46.705
77.607 75.431 61.958
86.293 79.53 64.757
119.4 98.557 84.944
81.037 72.21 53.751
79.596 57.931 35.392
73.125 58.332 43.379
82.759 77.392 65.393
94.202 91.341 71.907
106.11 100.22 80.617
76.235 80.603 78.086
146.88 112.68 71.061
80.593 59.537 30.924
89.713 70.51 58.831
67.388 49.084 22.773
108.82 82.404 60.701
74.005 61.682 44.777
49.065 39.386 27.818
58.623 60.464 67.472
67.482 61.838 64.535
33.351 35.053 30.808
61.671 76.739 85.234
74.589 73.72 75.406
53.291 81.692 86.189
85.503 66.339 39.007
104.35 99.528 82.458
69.704 71.385 70.347
75.346 78.429 77.79
105.79 118.99 110.22
59.814 43.355 44.226
75.087 67.809 67.822
59.062 51.553 48.624
43.208 36.569 25.886
57.993 46.839 37.407
10.662 45.446 65.139
67.998 48.99 25.106
65.183 59.923 49.35
36.807 46.691 72.15
45.378 30.852 23.261
65.343 28.639 18.108
175.69 181.23 171.24
77.885 64.256 52.11
68.506 51.902 31.369
73.632 53.727 35.414
65.412 43.875 34.217
66.371 21.425 15.763
80.631 33.995 27.069
64.723 49.875 41.491
65.051 46.545 25.662
64.917 59.406 51.143
53.716 37.886 21.678
34.046 30.838 24.211
59.997 45.889 35.294
95.714 64.537 31.282
7.8402 10.02 7.5646
20.2 23.087 23.627
63.04 63.062 65.004
66.277 65.675 64.057
61.914 62.051 59.408
64.749 53.918 38.983
62.201 56.932 46.211
62.844 56.09 43.943
118 108.74 90.494
62.998 58.142 44.805
60.627 51.475 39.603
75.365 67.936 55.008
48.244 39.586 29.928
108.42 101.63 83.928
0.80702 0.69823 0.49785
0.13952 0.13453 0.13186
0.83506 0.70497 0.43384
0.59869 0.49246 0.30481
1.1808 1.0015 0.60933
8.5136 7.0572 4.4721
14.293 11.786 7.5592
20.017 17.024 10.615
24.638 20.022 12.946
15.471 12.896 8.3932
14.564 11.917 7.886
14.492 12.07 7.7922
18.296 15.215 9.6793
16.613 13.875 8.9074
14.105 11.8 7.5683
15.051 12.569 8.0221
14.805 12.613 7.9783
13.489 11.374 7.2094
15.132 12.573 8.2913
17.986 14.98 9.6979
14.427 12.018 7.8908
14.589 12.134 7.8876
14.609 12.134 7.9489
13.599 11.356 7.4025
14.659 12.215 7.9541
12.934 10.819 7.0117
15.817 13.251 8.5346
22.174 18.52 11.76
22.897 18.883 12.173
17.7 14.489 9.4684
19.134 15.706 10.235
17.326 14.293 9.387
16.343 13.448 8.7253
14.214 11.675 7.6828
17.487 14.425 9.4101
18.683 15.765 10.022
19.247 16.224 10.496
19.103 16.138 10.57
20.726 17.278 11.349
13.348 11.054 6.9709
0.0091111 0.0091111 0.015194
