0 0 0
0 0 0
0 0 0
9.5116 5.59 3.3902
21.229 29.689 58.061
18.767 29.442 55.045
0 0 0.00041667
97.943 68.922 59.444
73.928 49.566 57.63
22.706 17.053 13.273
4.5192 4.5192 4.5192
0 0 0
18.974 32.727 41.966
17.998 29.015 33.83
21.478 37.552 46.564
20.869 37.169 45.303
7.3942 9.8955 10.864
7.8981 10.376 11.072
8.8937 11.988 12.754
8.5535 11.395 12.156
8.1871 10.79 11.481
8.8591 11.785 12.313
8.9563 11.98 12.574
8.0522 10.55 11.216
8.4276 11.21 11.806
8.3647 11.264 12.11
8.768 11.336 11.233
9.145 11.776 11.698
9.3417 11.994 11.898
10.737 13.767 15.138
8.3063 11.47 12.604
12.162 18.534 21.495
13.753 19.758 22.708
8.3816 11.452 12.635
7.6189 12.225 14.22
7.4355 12.74 14.655
12.011 15.369 16.477
8.5141 11.146 11.611
20.905 39.811 47.741
28.79 51.319 60.751
2.6478 2.6478 2.6478
1.5792 1.6356 1.6105
5.8145 5.9899 5.7375
8.4773 8.0357 7.0114
7.4115 6.7632 6.4369
8.0955 6.6732 6.0232
9.6978 7.5305 6.0754
21.162 17.204 15.486
18.354 15.304 13.556
14.927 12.561 10.422
13.858 11.554 9.6526
13.574 12.108 11.124
13.968 12.781 11.817
14.291 11.848 9.3923
13.049 10.968 8.9387
13.206 11.01 9.0535
13.748 11.58 9.0655
15.221 13.305 11.731
20.075 16.882 13.527
13.418 11.655 10.474
13.133 12.082 10.852
22.56 17.627 11.381
19.686 15.338 10.551
20.203 15.733 11.47
19.408 15.056 9.149
7.1203 7.1431 7.0191
23.606 24.221 20.952
12.89 10.608 7.365
36.83 28.864 15.703
13.432 12.35 9.4843
17.557 15.216 10.104
20.977 18.375 11.704
11.541 9.9446 6.5295
10.229 11.152 10.288
56.051 40.394 34.421
50.473 45.277 38.779
51.799 46.878 40.12
65.82 61.443 52.813
65.906 61.336 52.73
48.75 43.516 37.012
127.15 122.92 103.18
16.959 16.776 15.647
32.661 33.791 30.835
61.483 61.952 54.061
38.218 37.768 33.175
21.118 20.493 18.288
18.254 19.78 20.147
35.997 34.711 31.3
33.656 32.662 29.262
31.874 30.674 27.587
35.381 34.67 30.962
31.885 29.681 26.035
28.084 26.193 23.316
22.637 21.831 18.989
14.714 13.521 12.396
19.915 17.333 15.537
15.657 13.715 12.152
20.841 18.527 17.749
12.701 10.706 9.5938
22.066 19.47 18.524
21.47 18.778 17.541
21.006 18.103 17.09
22.264 19.35 18.062
21.33 18.493 17.167
22.994 20.668 19.492
22.551 20.226 19.145
29.445 26.745 24.692
37.234 34.205 29.602
38.782 37.099 31.839
18.54 15.328 14.674
11.78 9.8804 9.2369
22.47 19.475 17.507
18.406 16.344 16.166
19.305 17.848 15.351
31.902 28.679 26.219
28.159 27.347 23.574
31.168 30.203 28.238
47.393 44.49 38.607
25.82 23.516 20.691
39.574 37.199 35.69
44.175 41.371 36.443
36.826 32.995 23.956
29.745 26.22 20.249
34.485 32.365 27.595
18.324 16.453 13.651
55.983 53.791 46.915
31.73 27.195 23.842
45.805 42.382 37.575
18.359 15.38 12.516
34.538 30.347 25.471
34.699 30.701 25.661
42.86 39.288 31.601
46.759 42.288 37.489
46.253 42.689 37.071
30.819 26.853 22.199
42.571 37.932 32.946
31.127 24.605 19.271
43.297 40.037 33.895
42.976 39.723 33.177
42.965 38.585 32.743
21.133 17.726 12.645
19.347 15.883 11.186
27.881 23.546 16.395
30.271 28.006 24.277
36.144 34.529 29.26
35.17 33.778 28.765
38.536 38.15 33.349
19.5 19.464 18.521
38.951 38.123 33.899
40.575 39.933 35.557
21.684 19.961 17.734
27.923 26.534 23.618
18.762 18.282 16.709
21.605 20.926 19.194
38.695 38.747 34.14
39.966 39.027 34.189
49.494 48.251 41.599
44.642 43.964 38.48
43.898 43.369 38.246
44.843 44.47 39.045
45.007 44.534 39.007
39.269 38.457 33.741
25.919 25.17 21.27
25.609 24.897 20.86
27.196 26.213 22.015
31.873 30.599 25.433
37.893 35.968 29.803
41.66 39.59 32.646
44.547 42.175 34.754
46.606 44.365 36.352
48.213 46.135 37.306
45.37 43.353 35.501
42.473 40.391 33.446
45.025 43.441 35.908
37.235 36.546 32.271
36.293 35.747 31.486
37.437 36.928 32.41
41.278 40.174 35.181
39.283 38.391 33.664
24.78 23.051 21.203
20.255 17.956 16.519
18.599 16.737 15.555
22.725 21.159 18.341
33.634 31.421 26.965
23.466 21.941 19.298
23.965 22.416 19.561
26.165 24.372 21.17
19.897 17.662 15.603
12.919 10.903 9.2754
23.859 22.462 19.636
37.855 38.152 35.068
37.497 37.594 34.696
35.205 35.594 33.295
24.867 23.301 19.842
35.549 34.82 31.031
31.732 30.581 28.234
49.131 45.406 31.396
53.671 50.796 39.038
46.621 42.093 28.365
36.74 31.082 22.275
45.631 39.994 28.101
32.662 27.812 18.427
25.141 22.359 17.105
34.66 29.92 22.898
33.661 28.309 21.328
64.149 60.655 48.445
51.255 47.273 36.248
63.654 55.3 34.705
63.633 54.788 33.828
29.47 30.813 30.522
33.793 35.465 33.27
29.052 31.451 28.615
34.871 36.452 33.468
43.699 45.29 41.311
50.918 47.517 39.93
51.439 47.853 40.111
33.935 26.403 20.178
26.938 24.721 20.728
37.423 34.189 28.465
59.545 54.567 44.701
52.003 45.041 33.533
21.34 18.092 15.341
20.194 17.737 14.624
14.071 11.675 10.075
69.572 66.004 57.776
31.684 27.703 24.457
50.369 45.703 38.746
67.155 63.065 55.291
34.58 31.537 25.942
28.996 24.888 21.107
28.98 24.081 19.894
52.495 47.08 39.87
71.77 67.737 58.545
31.878 26.855 20.826
42.984 38.902 34.673
52.211 47.213 41.723
36.58 33.154 30.844
60.329 54.252 47.266
47.509 42.854 37.134
37.334 37.664 32.727
29.553 30.799 27.827
29.898 30.961 27.027
35.783 31.475 25.537
35.144 34.682 30.412
40.503 39.806 34.696
39.754 39.686 34.321
28.499 29.813 25.37
20.242 18.525 14.543
15.381 14.265 12.023
15.122 14.027 11.881
15.082 14.028 11.857
15.421 14.398 12.117
14.705 13.771 11.529
19.176 18.525 15.002
23.709 21.582 17.348
19.138 17.592 14.152
23.335 21.887 18.334
9.4267 8.334 6.5986
9.2477 8.1323 6.5115
9.3293 8.1501 6.5282
20.266 17.869 14.207
10.358 10.95 9.293
9.0634 8.7791 7.3368
60.088 59.66 57.121
59.398 59.074 49.185
63.54 63.136 52.355
41.519 32.446 20.833
46.78 41.327 33.836
45.06 64.957 55.426
27.251 39.977 35.302
30.627 41.695 36.241
10.781 10.878 10.589
25.617 27.208 29.26
29.218 31.366 33.283
9.2106 9.8388 9.501
20.704 21.861 21.681
26.593 28.822 28.113
31.262 33.321 32.101
71.883 75.682 63.671
72.893 76.498 64.564
38.355 37.379 28.188
75.175 80.21 70.779
62.115 69.206 56.255
61.12 65.843 53.503
73.363 79.741 62.27
38.263 42.575 37.535
35.953 47.073 47.563
39.691 39.475 32.227
15.361 15.869 13.811
16.339 15.763 12.929
18.545 17.85 14.314
13.355 13.387 11.475
14.393 13.846 11.6
21.104 22.06 19.315
12.036 11.737 10.555
11.672 11.348 10.167
9.1733 8.8069 7.84
47.352 62.542 58.378
56.469 55.133 48.412
20.234 16.168 12.471
24.557 20.5 15.931
61.774 56.014 45.811
23.824 20.25 15.826
80.486 77.382 62.854
19.17 15.113 10.651
21.91 18.21 13.075
25.109 21.382 16.554
19.628 15.866 12.402
30.138 25.456 18.812
49.182 42.799 30.176
49.038 46.983 42.845
48.893 47.638 43.191
58.267 56.233 50.942
58.824 56.372 51.173
58.646 56.208 51.116
34.954 33.413 29.978
34.339 32.804 29.34
21.803 20.155 18.577
55.897 55.508 49.539
46.749 45.402 40.354
27.093 24.597 21.724
39.706 34.256 25.504
33.03 28.174 20.558
45.932 41.051 29.945
36.01 30.428 23.021
33.845 28.542 21.301
32.442 26.027 19.226
31.789 25.92 18.526
36.867 31.919 23.51
33.442 27.366 19.814
39.037 33.811 24.368
33.696 28.558 21.034
20.085 16.989 12.762
24.004 19.707 15.317
27.549 21.942 15.254
38.88 34.218 23.772
11.468 10.449 8.1385
11.588 10.629 8.7608
11.598 10.6 8.1468
13.721 12.35 9.717
14.467 13.145 10.298
8.7129 8.1155 6.6983
11.352 10.667 9.0351
13.538 12.392 9.8553
16.752 15.462 12.331
14.077 12.775 10.468
16.098 14.756 12.5
10.756 9.461 7.7766
11.007 9.6883 7.9703
11.312 9.9458 8.1625
7.3047 6.7573 5.9397
7.1952 6.4924 5.6141
7.4116 6.5823 5.5803
13.943 12.284 9.9033
13.713 12.234 9.8733
14.317 12.908 10.431
27.934 24.863 20.649
22.822 19.729 16.803
27.522 25.812 22.821
21.07 17.882 15.18
14.409 13.132 11.067
25.916 22.91 19.099
19.965 17.19 12.394
16.665 13.532 9.3801
21.678 18.556 12.839
14.071 11.22 7.7922
18.504 15.245 10.745
22.645 18.212 12.447
15.669 12.747 8.7677
15.376 12.407 8.6493
15.171 12.117 8.3714
15.516 12.408 8.5187
18.338 15.457 10.771
19.331 16.359 11.455
20.97 17.56 12.393
18.521 14.779 10.18
17.535 13.76 9.5426
16.601 12.579 8.6747
23.183 18.773 12.812
13.791 11.243 6.6509
29.567 24.876 17.577
11.196 8.3933 5.6754
17.038 13.702 9.1332
15.643 11.986 8.3331
33.716 30.55 25.96
34.834 32.45 28.182
34.681 32.598 28.462
30.646 28.817 25.497
26.889 24.309 21.226
26.034 22.643 20.149
39.47 35.202 29.947
33.209 28.502 23.044
39.334 34.828 28.942
29.688 24.34 20.162
32.829 27.353 22.961
45.766 43.114 35.895
63.309 56.904 47.666
64.248 57.494 48.47
36.839 30.813 24.744
40.565 34.155 29.264
87.787 88.732 80.568
50.663 49.53 44.003
70.403 74.258 53.081
75.274 82.453 60.664
118.58 124.86 103.6
36.085 35.03 33.439
21.025 20.849 21.094
21.038 21.378 21.09
19.817 18.177 15.098
16.03 13.699 10.357
35.769 34.915 33.048
32.153 32.351 31.143
25.852 27.724 27.846
41.631 40.862 38.635
54.729 53.442 45.633
21.183 18.893 14.566
43.785 42.171 33.605
31.919 28.081 21.583
37.104 35.636 28.687
27.598 25.11 19.705
35.323 32.859 25.866
54.838 53.037 43.67
129.55 120.63 86.754
38.293 33.983 24.607
19.957 16.28 10.847
12.447 9.7465 7.2132
12.68 9.9407 7.212
24.134 19.138 13.15
21.564 17.689 12.37
11.77 9.5829 7.3782
14.4 11.347 8.4229
17.656 14.894 11.821
21.567 18.055 13.294
17.296 14.235 9.8032
20.687 20.644 18.306
10.025 9.7238 8.7933
10.717 10.406 9.4313
12.638 12.501 11.894
13.076 12.742 11.931
13.75 13.255 12.174
7.366 6.764 6.3456
13.834 12.7 11.595
11.673 10.519 10.155
10.69 10.472 9.8498
11.327 11.083 10.359
11.837 11.444 10.553
12.014 11.637 10.749
17.482 14.696 12.114
10.688 8.5024 6.3817
26.329 23.078 18.027
26.616 22.366 16.804
9.1826 7.324 5.7228
7.8003 6.1728 4.8527
9.2723 7.4625 5.8214
12.771 9.7314 6.7015
25.195 21.057 16.057
27.53 22.58 16.729
27.359 22.434 16.448
25.345 21.3 16.775
19.775 15.345 10.768
23.705 19.867 15.217
24.458 20.432 15.632
22.191 18.534 13.876
19.152 15.084 10.859
19.051 14.734 10.412
22.44 18.224 14.354
23.163 17.773 12.461
24.168 18.579 13.032
24.932 19.283 13.471
24.021 18.655 13.304
19.777 15.195 10.678
22.254 18.587 15.23
19.787 15.214 10.748
31.764 25.266 18.795
31.319 24.759 18.062
32.24 25.486 18.66
31.635 24.935 18.161
45.168 40.362 33.364
39.251 33.62 24.924
67.41 60.102 47.644
56.487 49.692 38.739
30.753 25.762 18.827
39.305 34.146 27.446
66.767 60.616 50.389
78.069 74.691 61.464
65.561 59.139 48.216
52.726 48.288 38.844
25.168 21.737 17.036
36.127 29.681 23.54
46.823 41.84 32.91
30.696 26.509 20.947
57.499 51.31 40.909
25.28 21.28 16.777
44.198 40.611 32.407
63.153 58.598 47.043
40.652 36.831 29.667
64.731 61.014 49.869
48.345 43.038 34.007
47.074 40.539 31.077
45.473 40.095 31.288
51.596 44.418 33.258
22.5 18.573 14.337
45.887 43.201 36.255
50.943 44.899 31.817
69.125 64.89 52.142
60.309 57.746 47.71
51.725 48.943 42.123
46.667 42.859 37.166
44.84 40.742 35.013
46.218 42.28 36.432
62.402 53.422 42.176
78.953 77.93 68.889
26.58 25.599 24.256
58.523 60.501 55.401
53.729 57.163 53.163
94.206 97.711 87.647
57.615 59.14 54.997
65.756 65.938 62.223
60.234 59.689 55.776
79.394 73.451 63.381
61.216 56.392 46.474
57.694 56.576 51.767
70.882 67.794 61.382
45.708 43.271 39.272
79.243 79.482 70.171
85.802 81.038 71.759
57.857 54.873 49.097
28.248 25.568 23.796
42.422 38.437 38.239
35.164 31.821 29.817
34.145 29.678 26.459
48.895 49.011 45.549
48.63 48.776 44.849
42.162 40.313 37.796
9.6255 7.8056 6.3331
29.802 24.913 18.646
31.829 26.655 19.465
26.052 21.371 15.602
20.827 17.223 13.739
12.124 9.3381 7.9742
22.903 18.726 14.092
19.029 15.721 12.368
21.38 17.783 13.966
25.038 21.635 17.278
21.898 17.82 13.643
23.717 19.964 15.29
11.603 9.4543 8.3856
11.137 9.0536 8.1062
11.548 9.3275 8.2893
38.035 30.403 21.022
12.238 9.965 8.2322
13.256 10.825 8.866
10.546 8.5701 6.9932
19.463 15.696 11.742
19.952 15.407 10.763
21.993 17.167 11.438
21.164 16.869 12.191
19.817 15.843 11.255
13.465 9.2215 6.6124
22.4 16.395 11.205
22.652 16.973 11.522
11.8 12.134 10.883
12.078 12.359 11.14
18.604 18.685 16.048
18.789 18.81 16.108
18.673 18.749 15.946
10.281 9.9578 8.2672
6.5953 6.2279 5.4351
5.914 6.386 6.1105
5.6092 6.0706 5.9398
13.926 14.084 12.514
10.321 9.8831 9.1458
10.354 10 9.227
5.646 6.532 6.3928
10.071 9.9908 8.5456
10.175 10.066 8.6146
11.91 12.447 11.113
20.862 17.812 13.28
6.6517 5.1991 3.6935
13.524 11.141 8.4207
8.4211 6.775 4.642
8.3913 6.7189 5.0368
10.536 8.3978 6.413
13.018 10.944 8.1989
13.937 11.542 8.368
9.5 7.215 5.0937
15.198 12.397 8.8493
14.862 12.462 9.3452
10.06 8.0358 5.5679
11.796 9.8522 6.335
14.751 12.61 7.8433
11.868 9.8148 6.1104
12.255 9.8629 5.6059
9.3056 7.8044 4.8449
9.8296 8.1355 4.8753
8.9699 7.59 5.3958
9.417 7.4832 5.1781
11.643 9.817 6.5718
11.751 9.9058 6.7015
10.614 8.2188 5.6668
11.577 9.7777 6.5013
15.076 12.511 9.799
13.129 10.069 6.9262
59.432 54.507 40.951
45.921 40.444 29.058
30.106 25.659 17.932
19.875 17.087 9.9667
19.927 17.386 10.302
20.824 18.213 10.732
20.674 18.018 10.612
28.601 23.934 16.593
45.628 40.392 29.375
45.329 40.134 29.242
44.896 39.794 28.994
47.626 43.718 32.275
24.791 23.331 19.133
50.587 46.587 34.44
51.042 46.805 34.398
41.487 36.879 26.002
4.6968 4.6356 4.5949
6.4552 6.3664 6.1714
6.5161 6.2801 5.9343
9.3134 11.718 13.801
9.2305 11.726 13.718
8.7336 9.9204 11.307
5.8736 5.7937 5.5963
18.717 19.893 18.968
18.416 18.532 17.143
19.157 19.087 17.43
19.952 19.933 18.087
19.25 18.019 15.781
19.272 17.72 15.368
26.128 25.138 21.649
14.667 13.796 12.225
18.313 17.021 14.989
19.069 18.053 15.969
18.565 17.632 15.148
13.68 12.803 11.168
13.675 12.655 10.82
11.026 10.04 8.8948
15.67 15.562 14.754
12.269 11.502 11.198
12.321 11.438 10.688
38.173 33.34 27.705
67.428 61.716 51.572
69.853 65.109 54.988
61.812 58.035 49.54
36 28.767 20.126
20.86 16.271 11.169
42.307 36.067 27.461
25.712 20.401 14.342
34.422 28.303 22.902
28.139 23.908 19.233
32.956 27.627 22.048
54.272 47.915 40.176
69.61 62.051 52.289
53.632 48.239 39.97
57.32 52.074 43.098
61.408 58.777 51.309
51.456 46.082 38.046
44.679 41.388 34.599
33.35 27.738 21.683
24.565 22.752 19.907
25.74 20.346 16.003
37.279 31.046 24.896
31.436 27.571 23.132
23.097 19.391 16.817
20.832 16.625 13.447
16.772 14.13 11.714
54.515 49.793 39.859
89.545 112.81 116.15
81.974 83.146 71.72
16.941 14.908 10.58
59.156 53.783 43.35
37.309 33.397 26.164
35.549 31.618 25.701
40.044 35.832 28.08
31.002 27.077 21.777
25.075 22.244 18.418
50.181 45.547 37.156
40.615 37.512 29.087
56.746 54.517 46.939
69.261 65.143 54.941
61.411 55.837 45.333
35.25 27.962 21.323
25.35 20.38 16.143
42.649 35.403 28.273
36.067 27.318 20.758
35.384 26.789 20.204
34.343 28.107 21.562
37.481 31.563 25.859
52.693 45.001 36.653
69.875 63.873 54.583
66.614 58.06 47.203
52.161 44.871 35.818
54.005 49.16 41.718
46.598 40.419 32.414
49.432 43.413 36.29
42.214 38.906 33.475
64.071 64.491 56.576
38.561 41.736 38.97
23.996 22.797 19.964
33.785 26.48 18.829
21.911 17.697 13.568
18.597 14.427 11.563
18.338 14.277 11.212
25.71 22.115 19.163
89.054 79.579 60.666
40.111 31.493 23.449
52.403 45.366 37.149
25.594 20.657 15.16
30.911 24.808 17.685
36.486 30.309 22.305
34.868 27.325 17.647
46.626 41.883 32.718
27.159 26.929 23.195
44.161 36.952 25.339
41.213 37.702 31.379
33.081 27.611 22.199
46.877 44.056 35.19
35.357 31.368 23.966
44.711 37.874 28.048
38.021 30.924 21.949
38.076 30.625 21.265
31.895 26.69 19.216
28.389 22.84 14.11
37.819 29.992 20.885
39.577 30.883 19.428
48.013 44.477 36.441
47.559 43.952 36.173
41.508 39.363 32.791
71.494 67.046 57.009
34.362 30.633 23.38
34.132 27.49 19.768
67.943 62.388 51.172
30.057 23.051 16.776
45.255 39.459 30.775
35.188 30.696 23.124
24.927 21.343 15.496
23.676 20.033 15.063
20.083 27.056 37.159
21.25 31.738 38.138
5.827 7.2896 8.4256
18.453 14.548 10.967
17.039 13.556 10.329
29.475 20.939 12.73
30.406 21.156 11.981
42.646 32.917 19.521
40.671 31.095 18.699
41.528 31.796 18.901
44.746 34.626 20.739
48.069 37.663 23.359
50.277 39.772 25.058
41.932 33.096 21.96
33.703 34.095 28.226
26.698 23.939 18.661
53.199 50.601 37.761
38.453 34.832 24.664
38.69 34.982 24.587
41.608 37.913 26.933
39.285 35.22 23.149
29.523 27.314 20.498
37.548 34.578 25.022
29.091 25.615 18.741
39.965 35.076 25.943
44.105 39.506 30.275
48.004 44.757 34.2
46.068 41.248 30.974
34.29 29.604 20.007
36.317 31.504 21.155
40.363 35.205 22.898
47.183 42.578 31.982
47.072 42.5 31.9
19.562 17.419 13.42
17.339 15.207 11.725
23.39 21.706 17.007
32.72 30.8 23.624
36.655 32.958 24.885
37.003 34.324 26.7
25.385 15.095 6.992
52.5 75.059 81.988
45.76 60.249 63.573
24.698 34.483 37.444
55.19 77.521 85.789
26.576 46.035 55.861
18.817 26.083 33.424
15.286 29.811 39.064
30.578 46.305 56.859
48.049 50.875 48.117
49.508 52.171 49.476
46.254 49.724 47.075
34.322 34.927 34.22
52.42 59.569 57.692
47.857 54.681 53.406
46.963 53.358 52.079
30.797 32.287 32.085
31.314 32.902 32.817
34.64 37.045 38.347
58.512 66.547 64.114
45.996 47.76 46.035
73.844 79.401 75.793
72.94 78.695 74.301
34.333 34.799 33.248
64.66 67.745 64.617
103.77 115.17 107.19
25.418 25.321 23.724
49.687 55.028 53.478
61.239 67.651 64.064
50.201 44.721 30.104
49.107 43.635 32.278
50.372 48.626 36.831
75.563 74.048 58.738
68.425 64.163 49.148
47.368 44.802 33.72
54.713 48.979 37.245
50.891 46.606 37.588
59.28 57.487 41.553
17.626 19.669 20.004
14.415 13.804 12.843
21.188 21.976 21.725
18.767 20.153 19.402
20.428 19.982 19.022
14.329 12.896 10.88
16.436 15.101 13.484
20.142 13.401 6.3339
16.337 13.912 10.535
13.182 10.775 7.5872
11.216 9.8423 7.312
13.309 13.559 9.8319
16.507 13.394 9.3169
19.815 15.818 9.7971
39.772 32.786 20.198
25.291 17.152 8.6548
20.43 12.337 6.0788
6.9456 5.4164 4.2562
29.332 27.441 18.529
18.01 18.317 11.909
14.708 13.771 9.0475
16.113 15.106 9.8257
16.011 14.985 9.7647
102.04 88.543 52.447
94.642 78.558 41.227
45.117 36.743 30.872
44.22 35.989 29.921
44.91 36.565 30.509
44.139 35.806 30.025
61.703 52.937 44.407
62.536 53.029 44.461
45.293 36.907 30.848
46.352 37.787 31.593
2.2733 2.0609 1.6648
1.4236 1.4236 1.4236
5.2002 5.2002 5.2002
2.7676 2.7676 2.7676
1.7506 1.7506 1.7506
1.3394 1.3394 1.3394
0 0 0
1.4036 1.4036 1.4036
1.1002 1.1002 1.1002
0.0068665 0.0068665 0.0068665
1.9735 1.9735 1.9735
2.1454 2.1454 2.1454
1.2956 1.2956 1.2956
1.5521 1.5521 1.5521
7.7396 7.7396 7.7396
9.1182 9.1182 9.1182
10.104 10.104 10.104
8.2811 8.2811 8.2811
9.7233 9.7233 9.7233
7.4142 7.4142 7.4142
6.3168 6.3168 6.3168
10.386 10.386 10.386
4.9667 4.9667 4.9667
5.3492 5.3492 5.3492
2.3446 2.3446 2.3446
7.8233 7.8233 7.8233
7.0959 7.0959 7.0959
8.4557 8.4557 8.4557
7.9874 7.9874 7.9874
8.1891 8.1891 8.1891
7.8055 7.8055 7.8055
6.9144 6.9144 6.9144
7.0508 7.0508 7.0508
8.0275 8.0275 8.0275
8.3581 8.3581 8.3581
8.5016 8.5016 8.5016
11.107 11.107 11.107
12.368 12.368 12.368
8.6494 8.6494 8.6494
8.7532 8.7532 8.7532
6.5521 6.5521 6.5521
9.4555 9.4555 9.4555
10.607 10.607 10.607
11.275 11.275 11.275
17.509 17.509 17.509
13.379 13.379 13.379
6.5818 6.5818 6.5818
8.0765 8.0765 8.0765
10.561 10.561 10.561
0.80493 0.80493 0.80493
9.2088 6.8278 6.9546
7.8125e-06 7.8125e-06 7.8125e-06
72.487 48.382 56.568
