0 0 0
0 0 0
0 0 0
17.803 66.865 87.376
22.918 72.059 86.61
0.000125 0.000125 0
23.246 16.399 16.981
31.495 31.676 32.739
8.776 7.9742 8.0418
24.555 23.953 24.605
2.4513 2.5783 2.3726
0.83793 0.87253 0.80993
16.11 16.991 12.141
15.486 14.143 10.844
6.6175 6.3244 5.908
12.725 10.528 8.9407
10.229 9.4307 8.1211
112.32 108.07 95.999
119.58 115.89 103.31
98.257 101.41 82.316
130.37 137.29 121.21
124.97 132.22 113.66
47.94 40.819 22.832
47.28 39.615 25.504
50.796 44.046 28.905
48.088 42.224 33.2
45.03 34.725 20.983
79.318 80.926 64.131
50.172 39.337 24.071
115.86 113.94 85.985
115.93 113.71 86.038
50.36 40.139 24.48
67.203 77.569 61.143
85.415 86.963 70.58
74.142 77.303 64.282
94.664 98.879 79.254
78.788 75.676 63.702
56.575 54.051 35.258
83.147 95.052 69.923
75.925 85.669 62.872
59.898 60.77 42.846
71.088 71.713 52.386
68.637 67.389 47.161
66.222 66.207 45.886
70.113 60.938 44.629
84.711 74.967 51.357
69.199 60.713 45.969
81.817 72.678 51.964
40.083 30.767 18.505
49.928 46.097 33.819
43.968 40.584 31.259
60.396 57.226 43.638
36.598 29.622 20.614
39.443 31.784 22.062
74.838 61.966 43.458
40.817 32.236 22.172
45.228 33.867 22.261
45.114 35.065 24.707
45.126 34.168 23.876
43.352 35.861 26.158
48.577 34.745 19.191
44.75 31.082 17.372
34.463 22.836 12.301
39.107 28.001 18.102
48.991 38.969 25.403
38.259 24.919 13.383
55.674 35.55 17.382
72.675 58.001 33.007
40.268 30.659 17.674
48.312 37.515 25.68
43.861 35.913 23.419
9.9065 10.073 8.7999
22.571 23.814 21.216
16.142 17.889 15.963
15.809 15.499 13.466
14.139 15.858 14.818
45.597 42.331 30.018
10.385 10.343 7.9372
12.328 14.584 11.874
15.492 18.471 18.801
11.926 12.708 13.314
13.163 17.499 16.604
14.285 16.658 15.067
54.243 44.943 23.744
56.417 44.097 22.314
65.481 53.24 27.23
60.704 48.325 21.937
16.894 20.038 19.827
17.406 18.721 16.671
24.078 29.15 26.475
31.354 33.323 29.521
93.393 88.28 63.563
57.746 48.927 35.904
38.85 31.562 22.681
88.939 75.849 50.386
58.134 50.866 35.181
46.79 39.288 27.838
52.418 46.093 32.117
43.924 38.9 26.991
44.898 39.89 27.912
54.158 57.403 47.036
49.684 50.84 40.662
55.646 57.776 44.719
49.75 50.437 36.091
53.208 55.686 44.868
57.911 55.958 49.11
47.128 42.729 33.66
40.683 43.571 35.472
58.87 63.035 50.62
44.866 45.556 36.195
50.76 56.371 44.174
52.186 56.253 43.818
53.948 55.971 44.862
47.952 47.937 36.684
50.327 50.03 38.228
58.409 62.023 47.73
54.729 53.191 42.79
55.335 55.277 42.678
65.092 66.429 53.139
76.781 76.577 61.02
41.242 38.436 27.319
64.902 52.044 34.617
41.685 38.374 26.27
55.63 47.589 36.775
69.189 68.689 50.183
51.887 47.106 31.686
57.877 56.154 42.15
55.226 52.951 35.032
36.542 41.208 22.543
66.958 67.133 53.547
27.858 29.977 17.371
55.258 43.486 26.175
54.441 41.028 25.343
56.78 43.033 26.773
54.504 41.205 23.741
56.895 44.381 27.64
51.218 37.119 20.628
84.308 78.647 52.169
83.433 83.997 62.074
29.4 26.495 25.456
55.176 47.858 39.197
63.336 56.933 44.838
36.845 35.927 29.368
35.381 32.734 25.308
45.377 43.225 30.212
43.395 40.258 25.267
70.838 71.456 53.495
100.12 100.8 71.337
64.93 61.125 44.425
90.641 88.382 65.486
66.205 62.2 44.986
43.052 38.001 28.96
63.567 64.765 53.264
78.634 78.149 63.228
77.446 75.84 62.197
92.123 92.26 75.509
54.171 55.135 43.719
79.29 78.873 63.977
55.648 53.585 43.884
59.008 74.893 73.867
73.143 70.37 58.424
67.428 68.071 62.721
66.43 66.552 58.359
57.695 54.789 44.595
76.48 116.86 122.69
75.5 117.34 123.57
78.253 119.68 124.82
63.478 98.185 101.3
39.281 32.515 24.408
55.139 49.738 43.755
58.733 56.327 48.74
71.853 71.406 59.974
52.923 33.176 25.552
59.777 39.284 30.437
70.247 70.567 61.703
53.946 53.978 44.566
48.925 47.494 39.873
53.149 53.075 43.467
60.078 59.806 54.857
71.516 118.08 122.86
82.039 79.934 66.964
72.334 113.58 123.03
65.925 101.1 110.05
68.447 63.855 61.022
60.15 56.259 47.917
54.072 72.004 74.585
72.061 109.69 118.33
48.54 47.078 37.762
78.99 80.616 72.978
57.869 53.883 41.309
58.357 54.775 41.783
57.127 49.339 39.306
58.522 51.412 41.221
63.28 59.025 48.033
64.128 60.836 50.808
62.447 53.294 41.965
65.775 57.799 45.667
81.441 79.473 65.974
80.144 77.437 64.629
76.399 73.886 61.585
64.115 55.501 45.04
70.899 69.937 57.108
79.36 78.207 64.146
72.999 71.89 58.73
68.066 66.436 54.769
73.417 72.335 59.068
75.863 73.643 61.136
27.114 23.573 16.909
84.089 83.249 69.72
30.095 26.061 18.67
81.19 82.28 68.446
82.474 83.414 69.328
66.059 62.499 50.253
56.096 47.9 38.31
55.264 49.871 42.356
67.312 63.436 51.541
56.776 50.629 42.928
80.947 109.93 110.39
76.37 69.566 57.756
78.948 74.198 63.71
66.857 61.51 52.587
73.044 68.867 56.758
34.43 25.547 13.553
65.113 50.768 30.633
45.024 31.949 20.558
43.005 35.568 17.795
24.148 20.565 10.264
43.258 33.415 20.611
45.702 33.575 18.204
59.44 40.78 27.351
61.326 44.517 28.034
63.705 39.197 23.147
30.358 26.286 15.223
29.6 26.864 17.812
35.351 25.731 17.085
50.761 41.003 20.522
45.343 35.771 19.909
44.535 35.065 19.878
52.136 45.847 29.245
82.308 74.156 55.565
71.505 63.771 48.513
45.983 37.91 28.135
45.388 33.727 27.601
80.901 86.859 75.294
65.207 58.145 44.805
59.801 42.842 27.178
72.677 79.021 57.366
79.504 67.82 46.401
51.705 46.2 28.597
52.025 49.536 35.325
54.133 50.663 36.152
48.489 41.43 26.386
84.805 73.459 51.174
23.757 17.432 10.867
64.647 64.996 45.997
100.02 105.01 74.948
57.345 45.749 25.423
52.569 39.541 23.497
51.877 39.186 23.286
23.532 29.752 30.995
44.112 36.286 23.409
47.237 37.634 21.713
51.149 36.953 23.558
70.738 58.541 35.383
73.036 63.799 41.413
60.299 45.231 25.935
82.578 62.347 38.471
83.556 74.776 49.335
71.213 67.695 46.016
55.143 48.066 33.424
58.321 53.35 44.715
58.827 60.03 47.783
62.639 61.389 48.59
94.69 82.254 57.462
76.361 79.279 69.903
60.909 57.403 44.776
70.561 73.429 65.623
73.519 75.824 67.495
54.574 52.839 43.748
54.192 48.993 39.847
23.848 39.571 44.065
28.055 23.394 13.618
33.692 24.489 13.293
19.13 19.017 16.834
20.461 20.115 17.077
52.848 46.038 39.205
49.159 42.866 35.931
49.636 41.409 33.814
98.6 96.87 77.257
41.144 38.96 32.619
32.683 28.39 21.274
43.038 37.282 27.665
45.722 40.846 31.514
36.821 34.285 27.329
72.468 62.103 50.443
75.228 69.592 56.891
68.292 61.513 47.526
65.698 58.614 45.126
77.404 70.412 56.112
68.451 57.537 44.325
27.79 20.809 14.247
28.227 20.587 13.738
20.668 14.507 10.467
22.69 16.076 11.007
21.575 17.857 14.707
21.216 17.942 14.698
21.256 17.969 14.639
15.719 16.451 13.136
12.45 11.361 9.7181
24.109 17.883 13.213
20.325 18.321 13.799
45.563 35.878 26.77
35.238 26.31 17.546
18.266 16.642 13.891
78.724 70.744 58.38
55.448 38.717 27.038
48.769 44.01 34.763
73.062 69.163 56.294
72.228 72.859 65.964
61.011 44.236 37.384
45.524 39.583 31.654
41.597 34.323 27.814
77.349 70.671 57.033
65.374 57.375 47.218
12.94 11.389 9.2951
41.489 36.541 24.293
43.85 34.69 22.569
32.248 29.467 20.269
8.1381 9.8194 7.1802
20.732 14.275 11.713
21.644 14.97 12.275
26.147 19.337 14.872
65.201 47.71 30.491
77.414 72.091 53.642
56.803 48.181 30.958
60.024 51.697 37.606
52.565 40.708 23.123
47.8 37.698 22.696
47.942 37.449 22.591
45.543 38.768 22.407
64.111 53.801 31.262
44.491 35.095 20.759
46.829 36.998 22.116
57.807 43.682 26.08
65.492 52.777 32.466
50.79 39.677 21.239
8.8752 9.2034 6.13
55.005 46.385 23.161
52.603 43.505 21.655
92.265 86.615 57.216
65.117 55.775 32.405
76.389 66.789 37.493
64.76 58.099 31.857
51.364 46.087 24.501
55.509 43.748 26.096
63.062 54.678 36.439
45.099 35.194 18.786
60.968 50.864 29.572
59.03 49.932 27.458
49.98 41.267 23.692
48.277 39.256 24.73
28.847 23.152 14.049
47.804 37.369 21.164
51.578 44.541 29.395
40.161 32.393 18.116
42.493 31.479 14.177
31.736 24.175 13.756
36.331 28.046 14.606
26.966 22.203 12.288
25.647 19.434 10.636
22.627 18.49 10.515
43.288 38.081 24.136
46.153 36.102 20.383
45.024 37.196 22.593
27.747 19.798 8.963
45.745 37.14 20.513
44.944 38.336 21.364
35.73 28.567 16.608
51.317 45.066 25.796
56.83 44.828 26.96
43.48 38.447 21.206
34.96 31.27 20.507
45.544 45.832 29.313
39.554 36.238 23.546
43.606 39.725 26.138
32.997 29.576 21.065
56.828 53.915 43.167
58.858 55.948 44.827
43.783 33.8 18.906
95.89 87.728 62.836
44.472 34.449 19.134
45.12 34.644 19.363
45.424 35.011 19.288
79.383 79.861 69.592
69.029 62.808 52.787
33.621 28.599 18.937
205.74 222.55 195.77
62.808 52.018 35.049
33.572 29.622 20.173
32.839 28.299 18.114
44.792 36.89 25.279
43.015 34.744 23.294
37.738 29.805 19.678
48.429 39.447 26.355
32.054 21.386 13.297
40.022 29.068 19.532
40.462 29.709 18.853
39.328 28.646 17.741
41.211 28.814 18.023
39.985 29.198 16.91
45.318 32.876 18.148
25.117 19.891 12.645
89.404 84.361 66.247
75.368 64.433 47.498
66.314 47.413 31.177
59.572 56.653 43.406
56.319 53.269 37.858
88.146 84.74 66.183
96.482 95.221 75.269
34.414 29.818 21.527
35.585 29.724 21.556
17.711 15.209 11.154
28.41 22.953 14.382
49.233 47.338 35.082
30.964 26.598 18.76
30.231 24.23 14.454
50.052 46.944 36.777
19.712 17.132 11.651
43.741 38.483 24.691
45.313 40.109 26.698
65.546 53.399 35.65
58.017 44.059 27.223
41.784 29.241 16.142
54.848 41.214 25.007
41.447 39.149 22.717
130.01 137.38 94.08
41.78 31.588 22.76
67.019 60.107 44.188
65.278 58.433 43.898
65.506 57.243 38.034
36.589 26.481 18.569
48.225 36.569 20.549
49.592 40.171 25.237
41.929 35.147 21.56
65.696 66.472 56.368
45.13 36.914 27.594
49.153 61.129 61.82
68.853 62.855 52.841
57.058 51.982 42.582
31.184 20.478 12.364
49.647 40.668 26.781
10.455 9.3483 5.939
20.473 24.719 21.557
50.583 78.868 76.259
19.789 33.215 30.42
20.292 34.487 32.634
34.244 56.946 58.534
35.723 58.628 60.496
23.537 39.309 39.883
13.93 16.078 12.649
8.5623 8.2159 4.8773
17.752 28.778 26.392
30.138 39.043 37.799
14.773 19.175 18.189
12.64 18.461 17.025
10.71 18.006 20.13
13.067 17.98 18.123
14.311 20.932 20.477
43.804 78.574 79.006
27.168 49.134 49.793
15.777 21.594 18.529
16.618 22.483 19.139
18.147 26.166 26.403
17.434 34.676 38.143
17.875 29.464 29.506
24.301 47.263 47.12
14.776 19.856 20.848
24.398 39.818 40.319
12.654 12.496 10.229
11.493 16.047 9.4487
10.845 11.224 9.1531
11.783 12.209 10.115
11.855 12.728 10.47
11.377 10.933 9.3355
33.438 32.732 22.758
23.903 20.303 15.395
29.272 28.899 21.14
23.253 22.121 17.111
29.387 25.549 18.095
24.224 21.693 15.219
26.687 24.857 18.582
12.877 14.719 10.477
11.899 12.17 8.3905
14.022 14.532 9.178
17.118 21.002 16.633
12.537 14.212 10.837
6.9037 7.9485 6.4208
38.229 37.767 30.052
9.9711 15.294 16.359
6.5981 8.2718 8.8716
8.7042 11.945 12.798
9.1763 9.3434 6.7478
9.7193 8.8456 7.8945
14.729 17.751 14.602
9.2651 10.299 7.9477
13.124 14.562 12.434
11.443 12.44 11.527
10.343 8.8663 8.5128
13.094 13.978 12.221
13.089 14.13 12.885
14.651 14.987 12.148
8.8929 9.2373 7.5912
11.717 11.731 9.1256
9.693 8.8916 6.846
10.335 10.287 8.7295
18.015 15.328 12.688
16.06 13.729 11.271
10.511 10.46 8.8827
10.313 9.7012 8.3309
11.659 10.683 9.2166
11.019 10.403 8.9743
12.234 10.991 9.3139
9.714 8.1732 6.4614
9.2341 8.7838 7.1435
16.71 16.481 13.217
9.9584 11.064 8.06
10.364 10.902 8.5197
12.42 13.821 10.426
8.6621 9.6888 7.9125
10.287 10.812 7.5217
11.171 12.045 8.1061
13.088 21.906 21.274
12.139 18.154 17.358
13.256 19.284 18.222
10.734 11.551 7.6873
13.012 13.438 10.916
10.333 10.498 10.477
8.6055 15.91 20.092
9.5404 17.813 21.764
13.379 12.915 10.242
20.327 19.878 14.363
15.511 15.75 12.796
17.062 15.618 12.924
20.46 18.664 15.415
16.494 14.331 11.663
15.276 12.988 10.802
15.394 13.806 10.942
9.8481 10.047 8.1389
10.965 11.192 9.1306
13.245 13.791 10.378
13.645 14.2 10.533
14.491 16.444 10.714
11.153 13.917 8.8039
12.955 12.802 8.1807
13.754 11.495 9.2166
12.45 11.596 8.7965
19.604 40.427 40.039
22.772 24.114 17.555
18.995 18.646 13.671
17.519 17.262 12.732
13.77 12.641 8.6426
16.373 13.719 10.109
14.598 13.37 10.488
14.826 14.226 9.7774
12.88 12.051 9.1396
11.629 10.609 8.0133
9.0895 8.078 5.7538
10.221 10.681 7.8235
12.047 12.65 9.2116
86.174 86.935 75.711
54.547 39.449 21.94
54.566 39.374 21.958
55.611 44.495 25.882
43.953 44.834 38.403
56.264 42.921 24.762
70.743 54.633 37.508
49.624 42.354 33.786
84.162 108.79 108.82
67.347 53.781 42.364
58.343 45.29 40.219
47.482 27.852 30.398
42.682 23.688 25.743
35.729 13.585 18.553
73.998 61.819 58.759
70.129 52.416 48.402
18.266 17.21 15.215
19.804 15.756 13.809
11.275 10.751 8.9563
23.068 25.865 34.868
15.223 14.217 11.101
13.917 20.471 30.542
16.98 18.107 13.578
21.28 24.667 26.398
13.25 15.728 14.114
31.006 33.631 34.328
14.095 29.038 49.492
0 0 0
1.9396 2.0349 1.8761
2.4385 2.5761 2.3593
1.6672 1.7511 1.6126
1.1999 1.2609 1.1615
1.0858 1.1409 1.0483
1.1675 1.2298 1.1291
1.583 1.667 1.5323
0.45553 0.47661 0.44379
4.364 4.6094 4.238
7.095 7.407 6.914
5.8108 6.0759 5.6659
7.8944 8.2649 7.6944
6.6813 7.0307 6.5
6.7121 7.0434 6.5355
7.4538 7.7709 7.2789
5.9942 6.2625 5.8312
6.3811 6.6661 6.2074
6.6678 7.0278 6.4797
6.6172 6.8899 6.4545
6.1665 6.4875 6.0113
5.8918 6.1413 5.7426
8.1504 8.5796 7.9225
6.8936 7.1972 6.726
9.3292 9.8281 9.0762
7.9562 8.3653 7.7246
6.3153 6.5999 6.159
6.4381 6.7343 6.2728
10.148 10.586 9.8386
15.617 16.346 15.122
0.847 0.88674 0.82097
