0 0 0
0 0 0
0 0 0
21.77 37.514 48.948
19.853 36.724 46.767
79.726 58.532 12.12
41.18 49.565 50.635
1.5662 4.1426 5.3544
12.218 30.129 33.404
6.4878 12.36 13.559
12.913 14.349 15.795
13.408 16.383 16.89
12.294 23.163 25.292
14.315 20.863 22.803
11.752 27.037 25.871
18.484 4.6354 4.0696
33.293 16.938 6.3908
9.8335 14.413 14.777
7.7119 12.023 12.64
14.587 7.7829 8.4289
26.472 14.768 16.097
22.441 18.651 20.895
26.544 42.039 46.554
32.964 49.531 56.539
15.256 23.446 27.694
8.0394 11.922 14.546
14.412 21.427 25.705
11.095 14.626 16.708
11.023 13.789 15.929
12.732 18.445 22.017
11.54 18.197 21.773
12.751 16.529 18.882
18.674 25.71 28.425
13.55 17.767 20.265
11.569 15.715 17.655
12.024 9.788 8.6463
13.287 11.016 9.7343
13.51 11.171 9.8755
13.999 11.393 10.858
55.326 35.09 22.05
51.314 31.962 19.399
100.82 67.566 36.965
28.839 15.435 11.453
41.017 21.35 13.038
62.362 38.915 18.308
17.171 14.336 13.133
9.9484 8.1925 7.778
14.301 11.374 10.552
8.1613 5.9534 5.3504
17.465 14.46 12.724
10.372 8.1048 7.8083
7.3117 5.4469 5.5392
7.5193 7.974 8.3487
16.228 21.086 20.693
8.1846 16.314 19.698
12.105 21.749 25.064
11.238 20.765 22.602
14.92 15.959 16.947
14.598 16.294 18.339
15.483 16.029 17.326
25.779 32.736 35.113
14.978 15.571 16.587
28.583 34.891 37.759
32.029 47.259 51.488
18.744 20.786 20.638
24.08 35.579 39.826
18.514 19.963 18.735
13.263 13.264 12.523
15.619 16.679 15.442
20.839 31.819 36.032
17.995 19.904 19.704
17.519 17.918 17.559
36.286 50.333 55.181
11.915 12.62 13.458
15.182 19.725 19.491
18.711 20.386 20.862
10.01 11.958 10.692
7.1414 7.5052 8.2414
8.0312 8.5012 9.2498
12.465 13.739 14.873
13.913 15.281 16.67
65.616 47.588 32.253
37.905 28.954 18.809
58.428 37.854 26.167
13.639 15.038 15.761
40.412 26.135 13.74
26.324 16.076 5.7059
54.177 28.959 10.755
42.776 19.855 9.0952
70.645 39.276 17.042
62.321 33.133 8.7488
31.964 11.972 4.4122
56.507 24.94 5.3673
23.08 18.329 16.095
23.989 19.311 16.993
24.54 19.742 17.501
15.209 14.444 14.026
15.762 15.047 14.988
14.264 13.777 13.705
13.239 13.863 13.16
18.403 18.866 19.5
16.951 21.949 23.298
16.898 23.565 24.386
28.086 31.353 27.357
29.916 34.833 31.233
42.812 47.464 42.586
49.268 55.046 51.011
11.31 9.8668 8.5998
24.335 26.031 24.12
20.482 20.99 19.274
28.893 27.868 26.21
40.989 41.659 39.177
27.193 28.66 25.874
42.208 50.27 50.816
49.412 57.567 57.309
59.609 64.739 59.741
93.485 104.98 98.743
73.357 82.018 78.251
41.928 43.879 38.867
51.411 57.299 52.46
48.221 53.141 48.854
44.545 48.516 44.353
43.879 47.85 43.377
33.027 36.805 33.937
27.852 29.259 25.451
36.892 39.362 38.236
29.656 30.892 27.83
28.922 29.85 26.884
38.122 40.042 38.609
27.579 29.253 25.645
28.046 35.766 33.444
13.571 17.169 15.071
37.394 43.912 42.774
38.95 52.136 55.357
24.932 31.725 31.231
27.861 31.463 30.165
28.269 31.584 30.515
42.153 56.442 61.988
42.135 55.231 56.348
28.429 35.815 36.747
27.765 31.175 29.582
31.167 40.546 41.686
43.267 54.885 60.583
47.427 58.053 63.545
17.116 16.47 15.258
15.929 12.536 12.94
20.306 22.484 22.641
20.727 22.894 22.98
39.843 51.86 57.552
14.17 14.372 14.8
41.797 51.688 55.16
39.185 46.76 48.072
21.707 27.317 28.076
27.172 33.616 34.465
19.621 24.133 24.717
25.068 30.612 31.444
21.124 27.568 26.748
29.283 36.301 37.333
20.795 26.446 27.897
26.035 32.44 33.911
26.166 19.089 16.575
21.8 16.446 14.535
22.47 17.146 15.078
14.402 10.07 9.4207
14.362 8.8844 7.6258
20.61 16.082 14.889
18.769 12.541 10.897
26.152 24.697 24.186
25.552 22.119 20.217
30.558 28.171 26.917
19.733 25.208 25.952
12.643 12.624 12.259
34.104 42.917 43.857
15.38 19.591 21.01
13.563 14.511 16.537
18.785 21.654 23.229
29.86 36.267 35.979
37.827 52.287 54.832
17.673 21.264 21.041
53.668 72.3 75.67
36.887 49.306 52.317
40.095 54.905 58.975
41.346 58.664 63.016
24.329 29.443 30.063
24.184 29.687 31.502
19.403 28.056 28.919
26.368 38.905 42.513
33.259 43.799 46.779
27.64 35.877 38.383
20.491 25.895 26.236
34.842 42.539 42.76
27.922 34.923 36.162
29.101 39.744 44.223
28.234 34.612 35.588
36.775 44.772 46.181
37.861 46.357 48.68
35.133 45.718 49.956
34.769 44.59 47.042
33.224 43.413 47.701
28.562 37.026 39.599
40.129 49.332 49.986
31.337 38.954 42.139
27.893 33.076 38.171
31.105 35.965 40.081
27.673 35.288 40.109
33.39 46.4 52.018
26.609 35.073 38.42
47.208 63.067 68.488
38.056 53.076 60.154
42.369 58.623 65.383
26.241 33.458 37.098
21.339 25.094 27.52
25.663 31.337 33.78
28.996 38.365 41.066
83.261 99.231 102.13
29.354 37.805 41.51
35.213 44.951 48.273
43.094 55.747 59.247
38.813 45.774 49.111
40.096 47.544 50.245
42.004 53.361 58.526
33.785 45.275 50.642
43.122 51.95 55.915
43.148 52.163 55.59
35.88 47.284 51.038
39.35 48.02 49.895
49.858 60.199 65.275
34.478 43.439 48.472
25.579 34.446 37.559
24.8 32.417 34.689
32.976 41.215 45.539
39.164 48.594 52.97
38.395 53.258 61.563
31.572 41.541 44.548
21.812 32.337 36.697
20.512 28.288 29.966
28.913 35.743 37.384
27.015 33.759 35.696
26.614 33.394 35.477
23.799 32.357 34.727
52.047 60.84 61.447
24.925 23.275 23.607
47.16 54.618 54.694
48.705 58.126 58.803
54.231 72.277 77.429
34.673 49.4 53.412
16.543 13.875 14.252
17.929 19.906 19.8
55.267 59.09 57.426
29.487 31.937 30.117
18.095 21.235 21.252
21.867 25.762 25.11
28.067 32.706 32.54
20.586 25.118 25.224
26.168 30.896 29.167
42.72 47.718 49.116
21.219 25.844 25.876
33.694 37.929 37.027
23.126 25.704 25.726
68.86 78.054 75.711
23.994 26.412 26.13
68.111 77.392 74.989
18.427 24.963 24.89
10.781 10.738 9.1492
53.077 62.427 60.62
56.718 66.224 63.013
55.899 66.189 64.237
55.811 64.578 61.479
55.813 63.429 60.26
33.849 39.051 38.684
39.722 45.514 43.367
44.686 58.048 60.98
26.292 32.255 32.283
29.69 38.933 40.287
23.245 28.821 28.781
27.183 31.508 30.163
20.195 22.389 22.01
44.008 54.807 53.817
44.909 52.301 49.798
25.85 32.915 33.309
24.826 33.255 32.613
32.35 40.561 40.001
38.314 46.991 46.832
50.543 58.237 58.386
74.975 89.186 90.449
18.882 24.807 26.347
21.345 26.723 28.001
33.778 41.163 41.237
17.571 20.218 18.475
41.393 49.616 48.043
43.093 50.636 49.658
12.925 15.129 11.825
47.384 57.482 55.995
43.592 56.514 58.578
36.01 41.721 40.443
13.812 16.253 16.288
28.587 34.25 33.843
9.2497 11.77 11.382
22.211 29.1 29.31
19.85 24.782 25
36.38 45.687 46.344
21.407 27.597 27.992
27.091 38.759 41.924
21.518 28.725 30.652
26.122 34.009 35.534
12.255 13.813 14.421
19.819 25.075 23.038
19.384 23.91 24.682
28.033 33.972 34.506
28.704 39.659 41.727
57.874 71.228 73.48
18.54 19.819 19.639
14.812 14.888 14.189
13.011 12.838 12.349
36.469 46.66 49.479
20.19 29.163 32.427
34.074 43.903 46.143
21.534 29.924 32.02
20.703 28.625 31.648
17.944 23.454 25.367
20.708 27.603 29.778
19.583 26.97 29.93
23.036 29.24 31.372
21.101 27.836 29.924
25.412 32.323 34.729
21.617 26.898 28.626
66.127 84.527 84.499
47.259 60.255 60.762
23.61 36.568 36.617
12.009 18.904 20.95
18.621 26.893 27.256
11.099 16.204 18.185
18.053 26.452 28.983
21.178 26.251 25.898
20.939 27.679 27
22.661 29.457 31.898
25.49 33.167 35.434
26.982 34.721 35.273
15.332 21.905 22.611
19.529 25.56 26.225
22.324 26.466 27.986
17.131 24.899 26.279
24.535 37.102 40.237
29.948 41.424 44.748
11.267 17.567 20.65
20.611 30.964 33.017
22.405 34.022 36.43
37.371 48.588 49.486
43.914 54.706 54.784
43.69 55.351 55.703
53.084 73.352 76.205
42.606 60.16 62.324
52.848 72.598 75.431
11.767 18.328 19.717
29.174 45.427 46.925
42.514 59.972 60.963
51.905 70.168 71.346
49.836 68.338 70.118
39.29 56.607 59.525
49.98 62.104 61.522
42.631 53.846 53.143
69.171 85.857 85.135
63.298 81.715 81.757
26.406 36.038 35.854
37.013 54.226 57.483
25.993 36.717 38.118
36.268 52.968 56.322
24.96 38.03 39.716
29.052 47.599 51.017
37.307 51.571 54.057
45.809 62.521 63.754
30.31 39.535 41.091
49.219 65.523 68.532
26.366 38.809 40.98
57.837 74.955 79.761
24.989 36.191 37.215
29.855 38.061 39.486
24.829 37.317 40.455
25.791 39.678 43.364
18.292 25.006 27.543
34.994 48.1 51.481
15.921 20.923 21.64
16.015 25.024 26.273
52.319 73.156 79.267
26.67 36.238 38.309
24.237 32.918 35.897
18.455 26.783 28.392
12.21 16.862 17.769
17.529 26.287 28.498
18.415 31.637 37.041
14.485 24.528 28.059
14.5 25.846 30.032
10.958 11.648 13.228
15.88 20.203 20.802
25.403 35.15 36.716
14.946 11.424 10.54
11.166 8.3279 8.4891
47.055 59.656 62.273
38.635 50.424 54.193
32.001 39.947 42.414
39.642 52.897 56.413
45.025 56.807 60.91
40 51.845 55.136
50.087 65.197 68.721
41.502 50.935 53.601
43.149 53.534 55.111
60.386 78.098 81.843
36.918 48.94 55.001
30.508 35.569 38.021
20.93 24.176 25.57
28.659 36.056 40.091
21.586 22.913 23.435
23.056 26.087 27.965
15.718 16.58 17.652
18.738 21.899 23.569
25.879 31.599 35.159
16.938 18.766 19.889
26.253 32.116 34.915
27.981 32.815 34.268
25.537 29.896 32.824
37.498 47.844 52.733
34.901 40.376 43.552
35.097 42.893 46.644
35.802 43.832 45.819
35.508 41.975 44.11
18.26 19.064 20.216
42.288 53.602 59.449
34.905 40.031 42.352
20.199 22.386 24.917
16.254 13.07 11.373
27.387 24.466 19.688
24.681 21.331 17.098
24.541 19.71 15.898
25.06 20.195 15.913
25.727 20.042 18.291
29.345 22.57 19.806
34.993 30.521 25.712
36.853 33.047 25.875
18.489 13.456 10.356
27.117 21.567 15.625
11.267 8.5628 6.4849
17.492 14.557 13.291
13.046 10.035 7.6307
13.191 9.8743 8.013
18.864 16.849 14.151
11.139 12.103 11.4
15.256 14.388 12.922
19.689 19.241 17.906
9.7884 9.0733 8.5181
17.034 13.196 9.4415
16.327 21.377 21.994
10.901 11.954 11.163
18.647 21.8 21.67
18.753 21.259 21.498
18.074 22.692 23.402
14.513 18.575 19.293
7.5583 6.5548 5.7814
2.8895 1.4789 1.5045
3.6021 3.2584 2.9261
13.86 14.748 13.409
13.417 13.611 12.744
6.7127 5.1826 4.3722
21.772 22.745 22.233
15.426 22.758 23.304
27.819 30.172 30.336
25.615 30.369 30.608
5.2923 4.9007 3.9403
5.0689 4.2475 3.7746
5.7149 4.4351 3.8761
12.439 13.552 13.68
7.4732 6.5072 4.8564
22.174 24.191 25.259
24.125 23.835 22.45
15.909 23.14 25.363
13.349 14.53 14.059
14.001 12.298 10.198
15.138 15.515 16.144
13.306 19.66 21.109
10.1 9.0784 7.0533
17.693 13.473 10.368
11.148 7.4497 6.3714
10.842 7.5231 6.8761
6.6538 5.0257 3.8573
22.719 16.716 12.907
12.26 9.4894 6.7194
14.032 10.391 8.6943
18.998 14.317 12.276
15.42 11.024 8.8492
19.028 14.123 11.102
13.895 11.308 9.7024
28.104 21.522 17.291
22.751 17.09 14.026
24.797 21.491 19.675
15.387 11.475 8.6391
78.116 82.059 75.699
75.815 82.309 81.587
85.884 95.1 97.737
81.416 88.728 88.718
75.66 80.739 81.368
79.338 85.3 86.77
112.74 118.37 115.54
103.58 112.48 114.33
120.46 115.69 111.68
110.39 101.55 90.874
79.311 54.309 37.126
115.67 103.8 97.824
90.118 103.87 106.79
102.04 106.75 105.84
70.567 50.881 21.254
41.603 25.225 11.008
46.686 28.775 11.875
92 54.897 36.099
66.092 40.637 24.776
46.62 47.061 42.651
13.894 18.482 19.281
14.786 19.72 20.883
15.123 20.032 21.133
16.879 23.047 25.336
21.663 26.792 28.934
21.672 26.861 28.823
17.149 20.516 20.99
34.889 43.15 43.025
14.398 20.105 20.347
18.805 25.115 25.564
17.527 22.458 24.003
58.558 69.044 68.645
16.86 20.589 19.661
28.338 40.52 43.15
9.719 12.361 13.335
23.356 31.909 35.584
19.29 28.903 30.617
26.103 40.017 42.725
27.136 33.866 34.786
10.258 7.3112 5.968
17.621 13.425 8.5109
19.904 15.871 10.801
31.819 26.143 17.468
20.315 14.102 8.232
19.167 14.646 9.91
18.563 14.277 9.3909
25.838 19.744 14.205
20.176 15.494 10.378
20.325 15.492 10.229
24.158 17.812 12.541
20.274 15.507 10.368
25.058 18.67 13.251
16.276 12.326 8.2325
22.193 16.6 10.534
30.333 23.879 15.459
37.921 29.442 18.39
35.607 28.767 19.189
33.834 26.394 16.658
41.203 33.527 22.472
33.283 25.326 15.405
22.449 16.085 9.826
22.118 15.883 9.8752
26.218 19.081 11.405
24.846 17.671 10.776
26.23 19.009 11.289
25.31 18.259 10.688
26.256 19.015 11.202
22.668 17.355 10.403
4.5134 3.7233 3.6467
3.1788 4.1937 4.374
10.153 6.3779 4.0102
21.677 14.608 9.3751
11.027 6.3937 3.984
13.255 8.6684 5.2325
15.409 10.971 7.7097
10.337 6.8834 4.2503
14.567 13.145 13.419
3.7337 1.7584 1.8928
22.61 18.99 16.796
23.876 18.338 14.115
14.419 10.443 8.4121
14.832 10.283 7.7557
24.599 18.562 13.554
32.622 25.586 20.333
26.537 21.694 18.687
9.4405 7.0106 6.0664
17.108 11.852 8.541
28.165 20.514 13.488
25.39 16.531 11.227
16.518 9.7634 5.9439
31.504 24.418 19.265
26.997 18.423 11.899
28.542 18.391 12.325
32.583 25.076 20.081
19.654 12.346 8.2313
23.466 18.673 15.102
6.4152 3.6892 3.2202
8.8048 6.1439 3.1426
16.216 10.312 5.853
12.425 8.2899 5.0699
10.229 7.3717 3.8154
16.398 9.3894 4.3216
19.126 13.734 8.2624
14.331 17.158 17.504
22.118 15.616 11.861
21.55 14.222 11.053
7.494 5.0171 4.7288
11.99 14.125 16.7
10.464 11.809 13.283
8.174 10.627 10.986
12.806 9.5747 8.4978
14.417 11.023 9.8661
21.701 18.069 15.223
20.971 17.23 14.354
6.3143 4.0522 4.286
16.818 16.44 14.966
12.466 9.6347 9.2708
13.831 10.769 10.015
10.798 7.1583 6.7061
16.016 13.016 10.069
13.171 12.813 11.688
14.847 12.549 10.899
5.3705 2.9031 3.1603
8.6785 8.3053 8.7937
20.672 21.501 20.965
14.775 12.083 10.547
15.919 12.38 10.648
16.43 12.662 10.084
16.378 13.076 10.778
19.006 19.363 19.255
23.253 26.44 27.899
41.788 39.749 33.256
35.313 42.64 45.442
30.435 33.147 32.779
24.164 25.962 25.712
41.897 41.061 37.296
43.734 39.848 35.555
24.215 26.555 28.325
21.548 17.887 15.217
15.127 13.536 12.232
15.387 13.377 13.101
10.527 7.0985 6.8332
13.547 12.751 13.166
13.647 10.869 10.091
16.792 15.018 16.498
19.124 12.951 10.805
18.688 12.475 8.1082
14.124 9.15 5.9928
13.571 8.7302 6.1278
5.5679 3.5665 2.7277
47.533 38.027 26.659
18.137 11.609 9.9031
15.414 8.7934 8.0051
8.3664 5.093 3.5124
27.892 20.307 17.187
41.081 28.816 23.537
23.807 15.525 11.696
12.936 8.9259 6.9478
8.5772 5.4208 4.7308
31.209 18.833 14.861
23.527 16.813 14.718
25.214 17.017 12.908
22.35 16.146 13.646
17.126 12.42 10.806
106.78 93.039 79.496
34.608 19.326 13.435
35.339 27.029 18.821
13.516 8.8331 6.2097
20.397 14.288 10.696
21.426 16.501 11.378
13.628 8.964 6.0827
13.498 9.9429 7.6909
13.395 10.323 6.5503
19.23 13.367 9.5488
8.2764 5.7214 4.1099
28.36 16.927 12.104
33.964 20.921 15.714
17.91 14.099 12.935
0 0 6.1922e-05
0.36861 0.36171 0.35757
3.5232 3.4266 3.3705
7.0748 6.8609 6.767
4.428 4.2996 4.2155
3.3002 3.2122 3.1506
7.8788 7.6304 7.5306
7.3482 7.1465 6.9892
6.898 6.7213 6.5774
7.8961 7.682 7.5246
7.4086 7.2044 7.0693
7.9756 7.7422 7.6311
6.9566 6.7297 6.6244
7.707 7.494 7.3176
7.6307 7.4238 7.2707
6.4839 6.2805 6.1898
8.3246 8.0653 7.9326
6.9239 6.7323 6.5874
7.3988 7.1927 7.0615
6.6097 6.4176 6.3214
6.9456 6.7277 6.6164
5.9287 5.7714 5.6079
3.6748 3.5678 3.4728
10.311 10.06 9.8466
10.339 10.067 9.8806
9.1068 8.8138 8.6903
10.258 10.011 9.7906
6.1654 6.0012 5.9007
0 0 0
