0 0.20733 0
0 0.20733 0
0 0.20733 0
21.927 7.8119 37.034
3.1207 9.3803 4.6347
0.94755 4.5479 5.6084
2.917 3.0427 3.2939
33.044 26.527 6.6275
36.887 30.339 7.5894
32.928 27.037 7.2474
31.359 25.57 6.8335
42.539 34.394 8.5939
15.423 12.193 4.8157
8.4998 6.6603 4.742
3.7727 4.4271 4.806
13.495 14.867 14.838
42.173 44.337 45.866
92.261 99.037 107.99
106.74 125.9 148.76
70.236 87.071 107.7
107.42 120.14 136.71
136.71 152.59 170.73
112.83 122.1 141.18
93.965 101.14 117.45
100.18 109.65 127.25
102.26 111.73 130.49
136.39 144.95 163.38
125.88 139.07 161.3
74.914 81.187 101.96
48.953 55.074 72.996
37.972 40.884 49.57
75.508 77.688 91.139
82.628 82.004 91.098
34.372 34.641 38.493
38.222 35.163 35.648
46.69 44.892 47.126
42.976 39.8 40.811
52.25 48.604 53.01
21.532 19.697 22.267
56.174 60.778 64.423
45.415 46.533 53.041
34.81 35.211 39.38
26.249 27.741 33.213
24.076 28.032 34.33
13.328 15.195 18.656
49.744 53.982 63.574
45.347 44.074 46.008
54.237 54.954 56.416
43.517 43.834 46.285
62.134 64.865 72.536
44.756 47.237 52.676
56.32 58.61 66.553
42.5 45.022 53.512
100.11 115.45 144.23
50.135 56.017 73.191
70.76 79.15 96.943
73.002 82.68 99.469
63.578 75.441 95.587
65.815 80.037 99.677
62.712 74.34 93.119
66.029 77.942 100.88
64.897 70.884 89.274
111.65 130.72 166.32
114.04 139.34 170.56
86.354 98.271 129.38
35.86 37.765 43.893
29.18 29.46 33.289
33.53 36.898 42.958
49.755 55.154 66.302
81.953 97.146 119.75
81.876 97.643 120.75
63.381 74.038 86.607
81.204 96.86 116.47
40.821 41.539 44.302
48.231 50.078 51.183
52.131 53.739 57.334
37.807 41.053 45.281
51.545 53.646 55.007
45.028 48.206 53.116
34.738 36.739 43.513
75.264 95.221 132.34
78.847 87.537 117.23
76.517 83.533 106.51
71.365 79.688 102.03
82.388 93.168 119.93
45.971 52.143 64.776
78.098 92.249 115.26
82.397 95.322 122.26
65.033 76.402 97.433
59.857 67.831 85.503
67.455 77.148 98.426
79.294 89.916 111.18
88.839 102.43 133.68
117.39 133.92 177.16
98.436 110.9 131.52
86.647 95.329 107.72
83.404 92.993 109.14
73.579 79.057 83.695
81.23 84.503 90.147
66.8 73.901 77.987
70.591 75.385 86.181
43.96 45.431 50.98
54.895 57.122 65.991
113.49 111.18 112.55
59.659 58.576 58.586
96.624 91.782 86.532
92.083 88.71 84.946
94.556 90.44 86.009
96.242 91.803 93.021
113.15 105.74 101
106.64 98.8 91.873
107.54 96.007 88.833
52.165 49.767 49.055
61.716 60.008 61.75
62.995 57.108 47.197
44.76 38.4 34.323
141.71 141.32 153.4
143.96 146.55 153.7
174.84 158.4 161.44
34.026 33.322 32.117
35.667 36.06 33.835
58.681 67.718 80.655
28.868 32.359 32.735
16.947 21.338 25.924
37.714 40.706 44.459
60.088 57.486 57.665
45.303 42.237 41.515
36.405 37.194 38.349
31.278 31.362 32.484
28.572 28.546 28.084
57.728 57.193 60.448
41.47 44.867 54.225
84.77 84.217 91.348
89.147 90.77 99.566
40.259 40.951 44.117
34.149 35.807 39.049
31.502 28.549 30.165
22.765 19.434 22.268
20.334 20.876 22.804
33.079 25.857 27.715
46.82 49.427 52.666
34.939 35.655 39.2
35.748 37.847 41.555
33.937 36.114 40.902
22.042 23.839 27.66
21.408 23.915 27.261
57.596 50.436 52.78
89.04 68.829 65.284
74.333 66.979 70.214
150.79 163.38 184.55
103.09 120.2 140.5
129.91 137.88 158
45.127 48.167 54.213
29.454 26.354 24.63
81.566 82.926 81.598
62.303 66.236 81.043
65.759 61.443 70.998
75.397 76.322 81.483
112.19 117.52 131.68
33.636 35.174 40.542
48.885 48.23 56.358
76.124 81.886 91.769
69.935 73.642 85.907
91.307 103.16 123.31
111.56 119 146.32
84.503 91.337 105.79
134.13 147.51 169.37
61.874 64.766 75.435
55.842 59.859 72.886
129.98 135.97 153.72
129.28 137.65 153.94
59.105 48.75 41.706
80.8 82.742 95.344
85.283 84.383 88.166
103.92 116.57 132.94
151.2 156.59 172.15
74.893 75.849 82.691
145.51 158.85 192.08
99.429 96.707 104.39
51.162 51.068 50.451
74.986 81.111 93.84
73.557 71.082 68.66
98.642 107.97 128.36
111.97 118.41 143.74
103.43 111.59 127.05
79.719 82.628 89.067
87.846 93.082 101.69
99.786 106.6 122.17
58.535 59.832 62.793
118.88 124.05 139.97
109.78 110.81 129.56
42.921 43.433 47.279
43.407 39.349 34.016
40.691 37.156 35.579
47.936 43.549 42.163
82.595 83.793 91.069
103.89 107.71 122.8
147.52 168.38 193.44
116.64 108.59 120.79
132.58 142.82 147.72
149.84 155.11 178.94
85.085 90.44 98.808
148.74 156.89 176.83
43.391 40.822 44.531
54.628 53.409 57.226
45.712 51.455 60.306
48.147 51.066 61.349
56.75 58.764 69.219
51.947 51.335 51.027
27.369 27.489 32.907
49.556 51.516 59.83
61.832 60.348 66.477
48.975 41.424 40.329
42.691 39.473 39.292
50.861 43.967 42.962
33.968 30.779 30.409
30.947 33.889 42.961
139.61 153.13 172.36
143.16 160.06 182.75
113.61 120.22 130.6
31.073 33.144 41.189
41.271 36.132 38.67
45.191 38.463 42.115
16.835 19.567 20.042
36.602 32.208 32.154
60.525 49.949 36.398
51.089 55.718 63.447
4.4149 7.4271 8.1714
39.441 37.032 36.081
47.038 43.819 42.231
22.388 19.789 18.12
22.993 23.08 25.2
38.687 44.165 48.589
23.34 22.336 21.884
23.693 21.335 22.895
42.168 38.27 33.916
14.314 14.913 15.111
17.947 17.734 18.849
20.153 18.479 18.066
38.2 34.521 31.723
38 33.257 30.097
48.354 41.826 34.87
73.038 70.38 63.728
48.455 43.398 32.611
36.131 33.158 27.775
17.809 21.387 26.394
32.284 30.506 30.698
37.786 32.635 34.386
95.93 102.45 99.71
42.872 34.714 33.573
76.955 85.037 93.812
23.41 29.296 32.964
41.41 48.42 55.022
38.821 43.722 49.845
47.213 52.538 60.048
48.033 52.845 57.729
37.738 38.997 45.62
53.653 63.835 72.632
43.121 45.312 49.247
67.834 75.008 89.341
37.889 43.693 53.852
46.925 56.614 68.261
47.481 52.416 61.177
23.894 27.889 30.73
22.57 24.487 26.422
18.309 16.579 15.742
20.104 18.825 19.56
24.623 24.832 28.137
36.294 39.782 43.079
26.657 31.644 34.853
82.983 84.705 87.734
83.042 84.347 85.169
22.329 25.113 26.971
21.504 18.132 15.426
24.105 19.293 14.146
21.17 16.088 12.078
26.045 20.107 17.844
22.684 19.508 15.39
35.616 24.946 21.881
22.936 29.849 37.488
15.504 16.167 16.666
19.173 20.085 20.964
37.39 37.317 40.925
43.616 49.186 58.558
34.592 34.62 37.429
35.826 34.287 36.852
32.292 35.207 44.403
29.707 30.727 34.34
28.217 30.251 34.918
40.805 48.04 57.733
38.099 44.327 49.363
31.674 24.729 15.312
27.711 26.93 25.317
36.338 37.677 42.082
46.499 46.966 51.728
40.781 38.512 37.619
28.189 22.761 17.673
25.731 20.034 10.554
40.734 39.165 39.386
31.977 27.373 25.636
31.184 27.954 20.857
29.636 30.539 29.989
27.221 27.126 24.115
35.224 31.966 27.208
17.039 16.952 15.223
29.751 30.695 28.703
30.782 30.333 27.596
28.845 28.35 26.582
30.23 26.901 23.711
31.23 29.172 26.341
25.46 23.211 20.277
25.29 23.359 21.333
24.358 21.755 19.63
27.489 24.338 22.346
25.856 22.1 18.794
24.069 23.525 21.203
37.398 37.986 38.564
40.961 41.859 43.474
20.831 19.814 19.683
6.67 6.5587 6.0928
19.544 20.442 20.912
20.341 20.445 22.878
22.374 27.467 32.292
23.062 29.721 33.826
17.909 19.045 21.459
21.477 26.644 32.607
26.446 31.769 35.685
45.932 34.069 21.854
38.939 28.427 17.946
58.375 42.626 28.828
45.468 32.178 19.121
38.772 26.894 15.974
51.172 38.155 23.227
40.073 28.836 17.791
36.342 26.616 13.334
45.21 31.833 20.999
32.434 25.096 14.092
44.413 31.846 15.747
50.653 35.793 22.025
42.252 28.257 15.651
52.616 38.463 25.067
50.354 36.178 21.037
43.033 29.785 16.61
47.199 33.45 20.339
35.532 24.679 14.349
57.061 39.016 22.224
23.708 20.946 17.996
20.956 19.314 17.591
20.299 19.933 18.393
37.993 35.815 29.432
43.181 35.467 29.387
47.245 40.436 31.037
28.418 31.338 34.715
32.14 35.794 39.713
34.628 38.907 43.232
35.26 36.01 37.019
43.628 48.696 53.866
20.983 21.812 17.431
22.899 23.204 22.65
26.781 26.877 29.485
29.598 34.138 35.854
41.079 41.006 38.316
30.222 25.509 21.556
53.983 47.005 45.737
64.993 64.275 64.086
29.842 30.435 28.021
27.891 33.136 36.948
32.524 33.697 35.843
15.703 17.884 19.312
23.733 25.787 29.348
45.168 42.49 45.588
42.745 40.129 37.56
42.354 39.652 36.909
43.694 41.461 37.187
45.067 45.394 43.538
35.85 34.963 31.606
34.28 33.778 29.347
38.57 35.386 28.392
37.077 34.269 26.867
27.981 28.051 22.605
27.105 27.594 22.268
27.873 26.659 24.415
14.412 14.474 14.311
9.6336 10.168 6.7437
12.47 13.313 11.082
20.766 23.089 25.67
22.026 22.062 20.929
19.764 21.557 24.434
21.928 23.056 28.862
34.21 33.509 40.81
19 22.711 31.088
18.662 18.065 13.566
29.036 27.562 29.309
42.104 36.918 33.308
33.83 30.924 26.713
31.199 30.384 33.442
47.023 47.134 48.465
53.005 52.581 54.249
41.178 42.652 41.508
11.583 13.231 13.097
28.78 27.475 24.993
27.654 22.358 19.641
42.079 36.185 29.761
41.236 33.67 24.754
42.854 36.771 27.739
27.275 30.342 30.085
23.325 26.296 24.532
39.643 39.479 39.397
23.877 23.68 21.4
42.954 44.091 47.462
35.595 37.96 42.842
56.469 59.983 63.536
49.377 50.32 51.106
42.519 42.754 42.702
43.698 43.814 41.026
40.949 44.99 50.621
41.19 38.539 33.666
36.506 35.059 28.627
59.821 57.707 56.02
46.415 42.614 39.204
48.499 44.125 37.99
42.304 38.786 33.719
50.481 42.219 33.62
55.081 48.078 42.18
35.626 32.044 27.106
37.585 32.424 26.017
51.147 46.084 37.118
38.047 33.506 24.517
53.946 46.779 40.979
32.84 31.236 24.816
62.353 60.22 55.238
55.848 59.574 66.836
38.626 37.957 32.207
45.018 43.268 42.443
57.679 56.349 50.924
57.121 55.847 54.955
57.184 58.349 61.965
52.917 52.025 51.775
16.242 17.179 14.664
38.945 38.186 37.101
27.712 33.28 37.151
17.248 16.639 14.031
41.948 43.721 47.437
26.437 25.882 26.674
26.293 26.437 27.633
31.77 31.152 32.593
27.167 29.34 31.115
21.867 23.038 21.517
22.36 18.633 15.008
32.463 29.567 23.061
36.99 32.705 26.682
41.772 37.298 31.33
41.49 37.961 38.042
44.735 42.051 42.598
39.503 34.935 28.105
20.994 21.838 18.081
33.215 30.866 26.572
10.164 11.267 12.023
9.4112 12.512 14.123
43.067 47.095 50.454
44.504 46.11 49.062
47.659 44.528 36.351
48.905 41.675 36.148
50.128 48.014 40.686
47.112 45.674 37.697
42.346 41.484 38.26
54.079 57.524 58.685
50.391 55.801 57.985
50.627 49.456 41.962
35.909 35.637 31.378
71.272 56.012 44.382
55.432 48.523 35.043
129.54 83.984 62.65
53.177 43.349 33.914
88.764 62.107 37.745
68.505 39.001 17.464
20.305 21.429 20.763
27.998 29.019 26.858
34.448 32.451 28.88
38.023 37.1 32.835
49.934 48.223 44.823
61.856 53.339 45.829
58.798 53.598 46.999
69.103 65.657 60.554
50.088 45.785 36.844
74.648 59.571 46.689
57.052 47.004 32.578
85.12 71.776 55.974
77.948 59.478 55.064
43.2 42.794 44.232
53.414 51.878 51.255
90.699 73.192 65.244
101.91 85.845 78.848
27.413 33.434 49.66
68.839 67.382 67.282
18.57 22.182 25.09
21.207 23.794 26.973
17.752 20.203 22.691
31.825 31.302 32.981
31.674 34.524 34.563
24.878 27.938 31.538
15.426 17.066 18.908
25.328 24.799 25.953
33.048 34.496 34.972
27.046 28.407 25.94
23.702 22.556 20.5
32.679 34.077 34.73
35.522 35.087 40.346
27.457 31.498 34.005
3.8048 4.3876 4.9986
9.3448 9.9501 12.05
17.563 17.415 18.691
110.56 109.11 119.83
124.07 120.56 119.71
127.95 122.34 123.42
108.22 102.52 104.77
28.591 26.683 28.623
47.83 34.4 35.995
47.198 41.328 54.618
121.68 111.56 111.58
127.41 115.2 111.16
133.29 123.93 125.75
123.23 108.92 109.15
114.03 100.52 96.177
112.58 107.72 104.87
62.071 52.893 49.889
98.708 94.491 92.82
103.74 100.76 101.24
107.62 106.58 104.98
126.12 115.43 115.94
128.13 116.27 107.85
4.2842 4.5363 7.7654
7.3426 7.9223 10.556
38.596 33.223 28.802
37.465 32.194 29.731
45.624 37.947 33.653
44.286 35.537 30.753
46.33 36.586 31.079
37.765 30.308 24.519
34.853 28.137 22.431
25.788 25.508 24.452
73.971 67.874 72.248
59.951 50.745 48.428
43.844 36.15 33.533
42.998 32.344 32.054
36.606 25.679 25.03
58.681 56.482 55.836
41.289 36.29 29.995
50.054 44.671 36.175
37.93 34.588 31.967
52.439 48.64 51.466
21.809 21.346 23.19
23.307 22.182 23.293
29.497 27.862 27.252
48.023 41.94 41.974
40.519 35.328 34.689
31.837 29.355 29.818
29.34 28.833 29.77
34.758 29.709 28.437
13.559 10.614 9.4511
44.238 33.524 36.84
47.576 26.785 23.978
42.497 25.701 25.167
98.358 107.6 119
112.94 123.16 135.12
36.328 41.281 67.283
49.478 31.974 36.049
33.255 24.364 36.342
55.421 34.091 36.831
31.253 33.34 95.74
28.933 30.752 59.232
25.402 20.812 28.18
43.737 29.74 41.493
58.756 36.991 40.637
67.81 34.491 20.911
24.52 36.785 93.812
137.26 99.141 125.56
46.675 34.078 48.084
35.511 35.912 62.963
55.446 27.871 21.551
66.82 40.024 44.962
20.819 16.158 23.866
28.138 16.164 15.363
39.87 26.248 28.863
27.583 35.638 78.589
19.105 19.93 35.462
38.534 52.655 100.5
40.574 39.704 66.195
81.22 85.144 98.177
71.008 75.85 85.495
72.76 77.627 86.693
91.261 91.652 98.067
101.58 103.36 104.48
124.16 118.52 119.79
119.54 121.95 130.83
146.37 141.54 154.5
74.635 71.748 72.884
89.775 89.419 94.976
80.143 84.861 90.009
7.6911 7.5803 10.806
16.604 19.317 35.543
33.372 33.847 46.752
54.511 44.032 61.868
40.019 46.421 91.7
35.73 41.867 67.955
47.006 47.979 64.545
45.263 50.923 77.051
66.382 66.63 79.164
90.978 90.796 104.32
115.44 117.01 126.99
64.074 55.362 54.73
89.175 81.153 83.071
65.247 59.718 61.002
80.125 67.78 67.873
84.736 52.781 48.947
99.378 97.459 101.66
96.308 96.331 105.47
83.76 82.38 87.493
60.926 48.287 47.63
49.502 44.629 40.858
53.62 65.176 95.983
43.865 59.167 106.21
57.129 43.556 59.178
74.613 37.539 35.155
53.283 39.471 42.799
61.569 35.296 28.884
56.916 54.384 78.266
41.877 36.656 39.453
34.279 26.78 27.939
4.5067 5.6561 3.8975
69.949 69.568 71.335
19.96 22.69 20.461
28.387 27.811 26.098
27.854 28.834 33.377
59.588 59.73 71.436
41.647 42.726 52.84
32.281 32.515 38.838
27.083 25.503 25.962
33.693 37.994 39.142
80.056 77.036 80.309
68.172 58.074 50.704
90.628 85.202 85.137
105.41 104.06 111.81
56.339 53.577 52.551
93.773 93.835 98.726
134.04 134.26 144.87
171.71 153.17 144.52
76.187 74.762 83.884
72.037 74.732 82.151
78.999 83.344 90.214
43.064 40.822 37.281
69.938 68.479 69.903
43.715 48.048 59.567
26.165 30.544 40.409
24.444 23.258 24.251
49.747 43.518 54.217
26.871 29.742 40.742
40.681 34.316 42.987
44.334 45.051 66.995
33.322 33.613 42.561
22.212 24.416 29.701
28.729 32.47 39.326
26.73 29.013 33.057
27.861 29.344 34.088
35.657 37.33 43.257
40.288 40.916 46.765
42.697 42.752 49.047
45.624 45.168 52.087
37.477 38.733 47.179
31.31 33.398 44.012
22.662 26.634 30.828
33.23 36.372 43.296
43.443 45.159 50.457
27.024 23.252 18.638
34.906 30.432 28.158
27.285 28.506 29.748
44.433 34.619 30.609
37.752 26.965 9.4662
39.602 34.576 24.812
43.519 35.321 32.978
40.234 33.344 31.511
48.118 43.367 42.79
87.186 87.414 87.692
48.061 45.181 42.407
47.521 45.029 41.273
47.232 44.21 42.638
44.031 32.421 13.367
35.975 31.659 26.643
41.121 35.327 30.09
29.434 25.765 22.271
49.652 44.578 42.143
33.02 23.155 17.436
9.0258 9.7541 9.9537
20.514 20.01 19.722
18.236 19.065 17.801
43.999 38.569 38.81
37.205 39.742 49.803
17.884 17.446 21.296
50.98 47.482 42.904
55.161 49.271 42.645
52.359 44.815 46.253
29.786 31.395 33.245
31.353 33.116 34.393
38.692 32.839 29.918
27.123 26.095 27.319
21.349 23.166 27.042
36.512 36.618 39.242
36.574 35.796 41.188
39.588 37.776 38.984
26.518 27.278 24.878
11.028 12.697 15.96
38.524 37.112 43.163
17.861 20.159 20.937
22.17 24.151 25.328
36.18 37.56 36.198
46.799 41.27 40.171
45.593 40.329 38.232
47.316 40.639 38.708
76.693 72.192 75.953
113.41 109.67 113.18
90.19 90.344 95.253
44.282 40.439 35.338
80.105 76.602 75.45
57.615 55.478 54.755
33.018 33.46 36.8
34.203 34.302 37.302
7.6198 14.101 19.058
5.7393 8.4805 10.928
6.4509 11.163 14.345
7.0477 12.254 16.725
4.1184 5.5138 5.4929
3.7105 4.2963 3.5261
5.1026 7.868 9.153
10.933 23.18 31.855
14.97 34.558 48.263
9.1923 19.533 26.541
14.561 33.149 46.619
13.866 32.235 45.555
14.203 32.799 46.741
15.755 38.053 54.578
14.175 32.757 46.655
13.6 30.423 43.076
14.93 35.042 49.945
15.229 35.613 50.793
15.237 36.578 52.069
14.271 34.511 49.019
13.25 30.685 44.415
14.793 34.507 49.217
14.708 34.31 49.828
7.8747 16.765 23.527
6.0056 10.543 13.96
6.3903 12.839 17.261
