0 0 0
0 0 0
0 0 0
37.81 31.352 31.553
36.165 34.807 34.013
0.090806 0.08801 0.091488
172.27 179.48 176.87
95.161 118.38 125.26
50.89 66.104 72.85
24.842 24.466 36.28
21.569 40.216 46.673
26.738 34.04 37.84
28.571 26.491 31.614
49.883 32.283 27.342
69.274 59.498 58.643
66.859 56.986 56.056
49.928 34.68 34.952
49.677 31.512 26.238
91.022 83.89 66.928
22.165 17.962 11.75
55.176 45.715 37.81
80.779 76.877 72.529
59.052 42.192 31.424
74.933 58.933 45.644
68.539 56.2 45.625
64.17 52.201 44.019
74.821 59.642 47.511
53.511 39.358 31.941
77.023 70.539 61.4
61.863 51.789 43.405
71.206 57.735 45.583
77.218 59.198 46.812
83.893 67.813 56.509
72.969 63.178 54.458
63.679 50.613 43.599
61.951 66.637 69.521
40.926 40.235 43.78
51.668 53.207 58.392
51.517 39.327 31.624
66.581 50.842 40.952
24.172 18.039 16.337
83.607 65.158 49.727
43.063 34.322 29.103
87.329 70.428 60.354
82.361 68.205 54.357
72.702 64.063 56.035
90.992 82.276 70.14
68.881 58.671 50.056
80.927 70.579 56.742
58.019 48.508 39.975
61.874 48.049 38.338
92.32 83.221 73.942
65.966 57.365 49.719
15.789 35.445 51.011
44.458 72.868 93.637
50.903 73.938 85.73
100.99 133.92 146.08
83.715 118.94 131.06
13.836 32.284 41.308
39.181 84.193 106.68
9.8563 24.89 24.287
29.148 51.194 66.146
17.666 30.842 41.868
33.626 52.149 60.224
86.452 72.068 52.695
84.41 68.295 45.739
73.44 60.13 49.409
72.862 60.339 44.306
68.614 54.025 42.399
79.283 63.693 52.289
52.519 40.429 23.416
67.477 50.979 35.226
80.884 60.405 42.718
57.546 42.838 29.854
46.257 30.943 18.017
76.143 54.871 36.9
16.921 58.473 81.945
71.801 66.719 58.236
56.478 38.635 22.209
52.562 36.955 21.762
57.546 42.892 26.196
58.017 40.067 25.224
39.713 21.867 9.0723
49.663 34.709 18.55
81.359 65.729 53.043
52.662 38.977 21.192
48.912 102.37 113.02
55.932 81.273 90.524
25.386 43.58 56.231
17.059 31.067 54.429
23.711 55.051 68.589
34.376 70.854 84.867
28.555 54.408 69.765
21.769 47.822 65.32
39.626 58.096 67.608
19.545 48.54 64.585
23.982 45.276 69.481
58.976 92.396 108.72
20.377 44.579 51.724
25.28 40.525 49.288
45.829 28.298 16.977
60.502 43.673 29.639
52.124 42.289 33.315
58.838 41.355 29.756
53.213 42.31 32.415
43.531 26.364 14.822
58.528 40.834 27.55
57.94 40.713 27.747
9.832 11.948 20.082
5.4302 13.493 38.27
46.16 43.668 40.417
43.137 32.092 24.39
30.392 21.952 14.749
51.816 40.163 29.396
63.075 46.8 32.82
49.892 33.112 20.433
100.19 80.055 55.283
4.799 37.06 54.378
72.48 51.64 27.294
68.309 47.583 24.003
56.967 40.319 20.193
67.992 46.93 22.795
51.769 72.979 78.165
51.465 45.318 45.017
60.885 39.928 20.347
46.239 28.113 17.165
41.29 24.188 14.543
43.993 26.133 15.601
52.031 35.508 23.482
81.841 73.782 57.675
35.4 25.745 21.197
47.991 30.078 21.841
46.13 29.415 20.708
45.903 28.657 22.591
46.131 27.171 14.295
32.085 16.018 12.22
33.656 24.426 20.909
32.4 23.349 20.112
34.017 24.46 20.13
25.564 19.652 17.447
53.73 32.607 14.536
61.413 42.238 23.758
59.547 50.288 37.607
42.96 26.772 13.433
46.437 25.589 9.86
31.985 16.483 7.1773
34.526 18.111 8.4436
77.246 53.666 28.586
63.24 49.676 36.466
51.969 41.854 34.174
6.0004 5.3958 5.6671
11.137 10.214 9.7957
9.3816 9.6594 18.623
8.8702 8.571 12.348
6.8735 9.8563 21.28
8.9304 21.56 40.959
3.7598 7.2167 21.431
23.639 24.446 36.374
16.01 10.591 15.437
9.9824 15.488 24.025
14.92 14.558 19.211
23.366 13.592 8.8958
72.244 59.301 54.679
30.666 28.67 32.216
35.526 33.721 38.837
31.782 30.17 32.021
39.114 33.573 30.661
60.061 52.774 72.651
34.834 24.168 23.505
52.32 46.195 48.568
41.489 34.311 34.537
41.497 36.645 46.649
13.23 19.719 29.189
27.618 30.948 43.64
106.51 104.07 93.71
46.202 56.98 54.877
50.476 46.137 37.819
24.122 47.924 56.149
18.732 29.513 38.049
35.853 58.67 64.335
33.703 36.031 38.106
35.27 55.933 61.192
47.716 43.069 37.148
18.656 27.569 36.59
25.058 52.503 60.717
25.493 33.693 40.689
35.786 63.458 69.689
30.489 51.166 55.3
42.906 43.568 45.531
36.133 34.198 32.195
65.606 53.424 38.954
103.04 87.256 65.026
41.933 47.723 50.777
48.783 52.769 55.674
33.006 26.312 25.175
35.318 29.177 29.048
24.392 13.189 9.9535
29.69 17.701 11.254
50.912 33.227 23.362
24.098 14.92 7.458
48.882 35.25 18.206
53.971 37.418 17.63
59.589 41.909 20.27
60.277 42.033 20.877
27.477 35.534 32.658
73.134 111.46 123.17
32.283 64.147 82.297
35.845 61.654 81.21
43.717 78.805 94.688
24.255 42.401 51.328
44.451 67.893 82.079
47.54 74.655 84.601
42.579 65.456 79.973
35.88 56.246 75.641
51.539 63.594 76.568
21.955 40.318 59.404
69.545 71.268 68.952
54.999 59.174 59.123
54.049 55.616 56.027
41.617 38.575 36.387
44.211 44.45 47.388
50.907 51.994 52.688
57.2 63.645 63.953
44.284 45.45 47.728
54.479 59.511 58.506
41.089 36.608 34.337
28.543 27.642 34.782
66.818 57.871 52.847
4.7109 25.925 41.434
53.036 44.609 35.683
52.642 44.329 35.418
37.171 34.549 40.158
53.303 44.943 35.954
52.437 44.251 35.301
46.567 51.843 57.963
38.771 35.963 41.05
48.24 50.536 53.909
23.884 20.813 29.211
73.023 74.284 73.105
79.16 65.949 54.412
42.361 48.029 54.558
50.191 53.621 55.316
74.066 76.02 71.208
35.588 30.089 23.554
64.623 66.391 60.695
55.008 54.585 54.02
50.957 51.92 52.808
53.466 53.804 56.636
44.152 45.686 50.978
48.825 51.365 56.517
61.896 61.921 60.196
46.079 37.949 30.225
45.894 37.927 30.051
53.699 53.089 52.856
51.861 53.474 54.336
43.654 48.627 54.867
81.654 82.825 79.556
50.909 50.555 50.758
50.127 49.662 49.761
46.233 44.087 45.16
77.467 73.161 69.15
47.878 42.468 40.173
53.779 54.699 54.145
42.876 41.372 40.961
79.475 85.396 85.688
78.86 83.591 85.045
79.814 84.725 85.18
51.169 52.41 51.572
50.296 51.891 51.148
58.364 62.881 66.247
61.734 56.973 52.728
70.323 57.233 41.266
86.048 70.505 52.54
94.688 75.32 40.579
101.83 79.408 42.481
91.337 81.267 67.065
108.01 84.799 59.891
94.68 82.083 68.025
140.82 110.97 63.466
109.83 119.9 103.72
41.674 23.006 10.611
72.923 89.974 86.216
87.111 63.079 39.049
87.107 65.567 45.921
102.37 73.96 40.718
65.816 56.012 54.926
48.306 30.681 26.467
74.38 48.937 30.832
2.2211 5.5991 27.431
97.591 127.9 129.24
9.3813 26.162 42.157
0.96038 4.3932 27.556
82.253 45.172 10.545
46.514 25.007 15.608
42.211 30.779 26.927
24.906 10.702 6.1459
45.214 21.36 8.7668
92.605 55.202 17.138
78.179 47.898 13.912
84.626 54.261 24.372
76.139 46.798 23.19
71.981 44.833 23.45
71.937 43.774 21.352
37.96 22.864 14.703
51.983 30.818 15.437
55.139 30.952 14.145
21.801 8.0165 2.3142
44.387 22.197 8.8531
54.874 28.99 10.29
36.393 18.862 9.7436
119.97 84.053 45.137
44.806 22.46 10.162
60.906 34.124 13.999
28.221 14.815 9.0856
42.418 24.877 15.166
76.701 44.482 17.308
21 10.988 5.7674
35.8 18.071 12.085
4.9981 1.97 1.3563
9.2839 44.155 60.053
14.396 57.457 70.263
118.67 111.01 102.39
131.49 120.32 108.74
137.06 129.14 119.13
121.58 113.04 103.81
64.698 46.865 31.449
56.068 35.164 22.257
63.774 35.411 21.793
85.504 63.863 49.717
102.93 83.904 66.504
71.805 42.344 18.483
86.528 57.329 36.929
93.696 78.876 64.401
53.02 30.142 23.826
95.303 68.056 32.89
62.841 39.249 16.023
108.69 75.663 46.357
79.509 52.476 23.32
50.607 30.082 11.815
68.78 44.25 27.685
67.797 43.683 31.109
105.87 78.188 52.452
76.054 56.951 41.137
73.112 50.282 29.669
36.509 71.721 87.576
69.298 89.425 86.764
73.489 72.235 64.842
62.828 43.154 17.078
63.304 34.551 23.79
64.885 44.281 29.454
50.301 28.752 17.314
79.929 55.44 28.496
48.966 27.752 18.402
97.546 70.17 39.997
103.6 20.99 18.94
49.549 26.935 16.973
58.751 24.776 15.195
62.114 35.212 21.75
51.099 24.847 14.294
34.834 23.14 18.801
34.792 23.127 18.773
44.298 27.66 19.76
63.696 13.532 11.164
51.738 29 13.159
42.525 23.678 11.625
74.735 43.388 24.971
91.729 78.264 67.642
99.169 88.361 77.419
40.067 25.99 20.458
73.504 40.258 27.51
60.318 37.612 22.705
86.464 66.087 42.961
116.48 83.563 36.177
113.7 88.951 50.847
85.123 66.55 48.182
59.85 41.239 26.729
68.92 61.634 65.252
53.104 42.375 29.247
37.661 34.169 29.677
35.949 25.334 20.525
57.239 45.684 35.099
56.729 44.705 31.436
36.063 37.371 41.011
56.012 43.423 28.683
42.131 43.14 44.221
43.499 41.901 39.383
68.253 49.449 30.654
63.168 50.38 32.573
37.561 29.537 27.109
39.508 29.516 25.027
55.8 42.917 28.384
71.535 52.656 27.017
40.654 29.526 25.208
52.553 41.992 26.579
37.937 34.111 31.574
5.8103 30.168 40.574
11.042 15.783 19.232
7.2045 11.345 15.368
7.3803 9.995 13.605
77.316 69.483 57.258
41.876 42.102 40.51
69.735 62.65 51.426
37.12 22.508 19.632
51.981 39.617 36.176
34.161 19.794 17.1
51.6 39.574 36.092
53.539 41.223 37.389
53.815 41.293 37.486
54.886 41.457 37.598
10.376 27.536 33.576
120.88 151.85 154.86
53.557 38.308 33.427
4.9638 4.4546 8.4174
6.7519 34.443 67.261
1.3347 2.4142 7.9811
2.5678 7.1954 17.06
1.9554 2.3536 6.2962
81.501 72.501 67.685
60.425 53.332 49.897
94.086 85.479 79.311
14.785 12.489 11.627
13.434 11.357 10.837
40.683 58.389 72.903
25.89 20.102 16.209
46.382 31.077 12.149
41.33 34.106 31.242
32.538 17.972 6.5652
62.775 54.202 49.536
29.413 17.219 6.6179
28.155 19.322 13.211
34.258 18.653 11.433
49.774 31.183 18.663
56.24 41.475 22.837
42.691 28.98 16.409
45.25 32.78 24.697
57.334 37.55 19.198
32.448 20.927 13.088
92.388 64.77 37.832
45.757 30.874 18.777
48.44 29.651 14.239
33.882 20.452 8.3032
44.132 29.484 15.26
28.666 22.474 29.457
26.936 20.302 27.337
15.695 16.786 24.131
30.334 18.635 13.433
36.218 21.818 12.968
33.338 19.729 10.869
31.839 18.674 10.391
1.9862 6.1784 5.8127
3.8172 16.222 30.057
29.543 23.055 15.112
35.667 17.555 5.3493
37.597 20.127 4.6341
36.738 23.748 12.881
27.376 14.053 7.007
26.652 13.304 5.9776
32.44 14.879 4.4821
29.98 17.613 10.654
45.853 26.136 14.295
67.857 42.029 26.258
73.944 48.359 29.337
64.237 39.937 25.605
79.709 48.876 28.494
61.618 37.442 22.854
60.911 33.79 15.892
81.18 69.04 62.91
3.7964 35.292 77.991
0.97693 6.5751 18.486
3.0856 30.967 50.903
1.6371 12.593 41.632
26.358 13.319 5.7968
31.743 19.997 17.219
172.44 166.7 168.13
24.774 18.991 13.814
48.763 32.047 26.215
90.166 65.902 70.225
109.34 91.06 89.336
94.279 77.321 70.509
93.503 75.618 68.655
87.084 69.366 62.765
89.757 71.675 64.124
114 103.45 93.7
70.685 50.069 41.648
112.47 100.93 90.719
117.73 104 91.139
63.893 49.134 44.404
17.702 18.768 20.087
145.66 189.73 184.4
60.161 43.359 39.918
67.252 56.839 56.067
60.301 43.646 40.499
60.471 43.805 40.724
62.604 47.675 43.386
42.426 25.188 21.58
61.504 48.889 45.309
65.154 54.202 54.62
63.825 52.554 53.103
40.64 23.77 20.479
79.199 94.452 89.441
86.703 96.552 88.97
103.94 102.15 90.709
64.529 75.496 62.756
55.995 58.492 43.325
96.984 99.108 82.401
118.38 129.45 111.12
64.728 67.615 48.348
117.74 121.22 99.625
75.664 79.46 52.515
110.3 122.2 103.41
105.26 107.18 87.918
93.196 90.331 71.18
114.21 113.65 94.519
117.76 117.55 99.967
122.66 124.76 100.2
122.59 122.94 97.736
58.424 61.282 41.294
123.4 128.58 104.7
72.858 73.03 51.443
125.43 131.82 107.09
74.111 78.821 50.945
70.898 73.376 48.591
125.71 127.75 102.89
106.33 121.99 99.69
107.89 123.33 101.23
89.374 94.201 76.589
90.336 94.815 76.701
91.987 95.614 76.627
51.098 35.942 35.158
50.485 35.461 34.568
58.896 43.376 40.049
49.769 32.372 29.015
35.915 25.286 22.464
12.925 9.981 9.7201
59.804 43.049 38.255
57.948 42.255 37.854
56.261 42.037 40.501
58.139 43.037 38.677
34.043 26.838 22.374
61.387 46.305 41.517
61.277 46 41.255
50.87 35.286 35.325
50.43 36.966 36.888
53.534 70.695 75.193
25.804 37.67 45.728
33.15 44.627 52.325
104.91 146.99 175.15
108.18 144.66 170.94
114.21 148.43 172.33
87.048 134.31 164.47
82.18 121.19 154.31
81.911 123 148.52
57.109 111.65 146.31
67.255 114.77 144.67
116.07 147.79 161.08
112.16 204.32 226.26
235.2 249.25 250.48
229.36 230.39 224.6
227.78 228.78 223.03
226.37 227.37 221.54
225.78 226.77 220.85
228.98 229.97 224.01
224.84 225.84 219.68
230.38 231.34 225.26
225.11 226.13 219.35
230.49 231.49 225.34
226.35 227.35 220.87
227.22 228.26 221.73
227.13 228.14 221.64
223.29 224.21 217.55
227.49 228.39 222.18
223.31 224.4 216.97
226.16 226.97 220.76
220.67 221.45 214.62
223.85 224.63 218.34
221.81 222.61 216.04
224.62 225.5 219.13
224.78 225.62 219.18
219.15 219.87 213.04
225.65 226.44 220.28
221.37 222.28 215.22
226.16 226.99 220.82
221.76 222.62 215.79
225.09 225.95 219.71
222.07 222.88 216.25
225.2 226.13 219.67
224.62 225.43 219.16
216.8 217.7 210.32
224.84 225.63 219.54
224.49 225.45 218.71
14.234 14.336 218.12
