0 0 0
0 0 0
0 0 0
100.21 91.923 81.985
85.967 60.094 75.355
0 0 8.3333e-05
0 0 0
5.2401 3.8924 4.5999
7.4751 10.884 12.51
7.9994 12.694 15.289
13.999 19.69 22.596
6.267 6.8394 8.6772
50.177 2.9658 2.8172
0 0 0
48.143 37.93 34.128
82.983 77.712 74.925
38.394 32.549 28.399
96.444 89.998 83.065
73.339 78.71 54.687
67.829 73.504 44.907
51.58 56.47 42.834
1.9141 0.92679 0.82733
38.487 36.086 31.153
66.903 60.46 46.248
94.868 90.291 76.003
79.646 79.184 72.728
73.887 72.996 69.947
26.804 27.984 28.313
30.505 32.165 32.172
89.723 90.807 88.65
87.663 88.277 86.224
25.491 26.386 27.941
79.732 89.914 59.342
64.346 70.992 37.261
66.431 71.64 45.748
59.063 63.623 48.469
63.984 63.933 48.769
75.394 75.411 54.074
46.654 51.852 40.99
82.36 83.497 69.981
60.104 61.832 34.411
76.81 80.436 57.911
72.704 75.709 62.88
80.707 83.744 57.586
69.239 70.587 53.852
80.451 74.451 55.831
75.196 75.84 44.973
30.74 31.244 27.112
28.144 27.886 21.4
57.684 59.939 45.229
60.432 68.822 54.472
54.705 57.834 39.03
48.575 53.463 31.626
61.635 67.177 39.862
54.254 57.846 38.565
58.109 66.317 45.073
32.943 37.066 31.157
71.767 79.936 73.637
54.871 66.845 53.095
44.759 54.458 40.729
38.296 47.214 35.937
43.226 53.553 42.167
32.58 38.423 34.446
51.707 61.146 51.235
56.245 61.937 53.347
50.408 59.739 49.326
60.892 50.013 39.866
23.506 15.608 10.785
24.172 17.248 11.794
40.199 26.295 13.007
38.862 27.029 15.824
32.44 22.598 13.285
21.497 14.158 10.371
22.031 17.44 10.207
23.311 15.403 9.7112
24.232 19.191 12.22
25.279 19.462 12.666
22.907 16.676 12.099
29.351 21.495 14.377
26.335 18.187 11.294
20.164 14.022 10.308
29.615 21.736 14.448
22.038 15.033 10.678
26.282 17.541 11.117
20.561 13.249 8.7133
22.375 15.955 11.386
10.811 6.8899 4.6677
29.874 19.698 12.125
16.018 10.911 8.503
35.892 23.078 15.35
31.392 18.302 11.965
30.797 18.597 13.211
25.335 15.928 10.458
25.659 15.213 8.0908
11.413 7.2255 8.1126
25.386 15.329 10.254
28.896 18.322 11.623
53.401 37.866 24.42
28.477 16.447 9.3831
21.752 12.505 9.9626
33.856 19.26 10.477
34.931 20.701 13.281
41.773 25.43 11.744
27.673 16.136 11.578
30.08 18.482 13.788
51.493 38.699 31.647
32.823 21.056 14.662
16.485 8.3162 5.9229
13.098 7.0736 5.992
38.139 54.304 75.135
128.82 148.4 168.17
24.537 26.735 24.576
42.595 46.557 18.059
54.134 60.435 43.797
67.643 71.958 52.724
45.684 47.028 37.819
38.087 40.259 31.195
65.392 67.733 47.751
51.905 58.765 51.272
61.769 71.152 54.593
68.99 72.178 49.484
69.574 73.007 50.182
65.684 67.883 52.486
70.016 71.796 53.592
68.14 70.143 48.211
38.511 46.492 38.909
45.844 80.887 62.748
40.981 53.169 45.604
24.247 33.063 27.464
22.246 22.016 20.089
42.379 46.057 40.039
64.959 75.671 65.103
29.279 34.608 33.913
46.212 53.577 46.518
39.878 46.43 41.434
43.701 51.433 38.008
35.123 37.783 27.656
65.495 69.177 60.473
54.122 51.22 45.178
68.204 68.231 53.124
78.664 80.166 71.145
69.889 74.986 55.932
52.357 54.816 51.245
64.767 66.882 42.55
51.876 51.84 47.338
64.436 67.338 63.298
56.517 61.074 57.172
49.766 50.894 46.547
56.761 59.961 56.867
70.058 76.042 72.675
37.382 47.779 39.95
34.229 40.691 38.798
37.716 42.845 37.467
43.691 47.288 39.263
38.109 37.009 33.133
108.94 110.85 100.89
61.926 63.01 55.341
76.157 77.647 69.098
65.62 65.13 59.898
32.391 33.528 27.535
38.49 40.955 31.857
39.69 46.42 28.982
36.298 38.471 35.959
41.692 42.02 37.638
39.952 42.35 37.966
31.889 34.149 31.674
31.604 39.891 30.392
16.649 11.009 7.8656
12.306 8.5904 6.4936
16.154 10.756 7.5678
15.945 11.083 7.9659
13.277 9.6793 7.476
61.907 75.14 94.021
13.557 149.82 178.04
16.86 160.15 184.55
28.166 63.594 92.393
14.876 18.668 20.178
15.752 18.952 20.394
45.936 62.633 41.111
60.707 75.283 58.079
66.201 76.496 58.475
65.236 74.119 56.831
52.729 69.009 49.481
82.852 91.383 67.738
50.756 67.612 48.083
52.8 66.06 56.079
45.453 60.468 50.41
36.801 48.817 40.184
25.991 43.348 37.863
19.408 27.742 26.954
19.893 26.67 23.533
15.795 19.513 18.292
62.684 68.27 65.127
52.616 55.686 43.356
46.386 45.22 39.558
52.987 54.707 48.639
43.443 43.675 36.757
24.924 26.678 24.686
39.113 36.865 33.952
12.791 13.731 14.728
12.358 17.097 16.073
27.431 32.292 29.789
19.835 23.501 22.262
25.756 31.827 27.709
27.139 33.607 31.689
23.268 26.087 23.991
34.872 39.725 36.645
36.393 39.77 36.794
30.808 30.581 27.749
11.973 12.146 11.105
30.599 31.405 26.458
29.496 29.587 27.224
43.266 46.412 42.727
21.943 21.635 19.438
52.02 52.322 46.166
18.497 21.105 19.196
17.501 20.822 19.902
7.9041 12.37 13.699
7.259 9.7616 12.163
4.8594 7.8936 10.655
4.6817 7.3462 9.8916
9.4008 12.738 15.125
3.7599 10.212 12.874
5.1534 7.6131 10.231
4.2954 5.1172 7.5045
4.3655 4.542 6.352
6.8659 10.512 13.287
8.4464 14.172 16.875
4.4458 4.6057 5.6555
14.435 24.259 29.306
10.299 23.254 27.489
6.4495 8.3757 11.536
7.3635 10.629 13.864
7.5476 12.268 15.965
3.6633 4.0244 5.7516
5.7316 8.6787 10.691
6.0923 10.393 12.698
4.9927 8.7705 11.477
7.2465 14.918 19.432
6.1402 12.037 16.7
8.2652 16.115 22.183
6.2251 12.105 15.546
17.105 29.134 32.239
5.7602 10.934 14.857
5.3839 6.7956 8.5327
10.323 20.428 27.762
6.6301 12.622 16.786
8.339 13.329 17.528
5.5358 6.901 9.821
1.7605 1.8781 1.6374
33.589 37.802 34.28
73.05 78.2 71.814
59.93 66.577 58.12
40.435 44.707 43.111
50.325 53.577 47.724
42.828 43.418 41.329
37.574 38.262 36.746
29.488 30.621 28.073
26.431 27.9 27.363
29.244 29.07 26.379
24.721 26.654 24.693
28.763 28.182 25.526
36.077 39.09 37.543
24.593 26.407 25.96
20.438 25.518 25.672
24.387 29.333 28.367
21.919 23.781 22.5
26.433 28.639 27.361
26.018 29.078 27.254
47.016 47.107 44.015
72.915 77.043 59.677
75.542 70.421 63.186
69.811 65.222 58.987
48.799 50.252 47.791
43.462 40.412 37.725
40.244 38.671 37.744
96.049 93.852 88.722
44.153 44.526 41.46
24.239 23.291 20.089
40.31 37.781 32.121
41.02 38.577 32.844
26.894 24.779 21.329
39.695 36.202 31.086
33.961 30.849 25.75
38.859 35.82 29.638
40.65 40.484 35.836
44.185 49.734 46.452
37.892 40.501 38.05
43.347 48.567 45.485
37.903 37.157 33.769
38.863 37.973 28.587
44.075 45.673 44.408
50.512 54.561 40.035
54.886 63.283 47.328
62.937 70.941 52.361
23.598 24.525 22.414
37.387 38.209 33.056
31.245 31.555 26.76
36.285 38.001 35.956
33.299 36.346 34.502
31.051 34.239 32.237
32.756 34.525 31.522
25.347 26.362 24.784
31.478 34.085 31.172
22.004 23.796 21.945
16.825 16.825 16.187
25.661 26.54 24.881
32.133 32.517 30.958
37.277 37.958 34.972
23.101 24.701 23.771
21.051 24.311 23.316
35.733 38.636 34.889
24.871 28.848 26.898
23.819 27.66 24.401
24.756 26.717 23.479
19.462 23.199 21.442
24.59 27.41 25.741
21.654 25.781 24.456
27.322 32.414 30.317
26.62 31.389 30.047
19.796 24.522 22.946
28.879 38.002 31.239
21.144 27.149 21.375
26.235 26.342 21.057
59.628 56.268 49.102
35.597 34.225 31.036
38.764 39.099 33.701
41.698 41.438 36.208
43.158 41.376 36.267
25.498 25.286 24.312
37.445 37.613 34.227
22.994 21.98 21.56
36.563 37.259 35.566
65.555 63.381 55.314
31.16 29.697 25.221
62.814 64.254 50.62
74.329 70.954 56.806
69.678 65.319 56.011
98.394 110.61 112.33
76.25 75.018 55.613
72.724 78.254 71.983
104.48 107.13 104.06
100.05 102.05 99.771
41.272 46.487 38.896
104.95 106.32 103.67
45.863 49.309 43.571
47.717 50.208 42.397
50.515 55.222 46.022
49.861 55.584 48.281
66.483 62.956 49.277
76.595 76.778 55.187
63.17 69.862 59.684
65.245 71.718 60.987
52.283 58.946 47.223
62.479 69.425 58.703
56.865 63.151 53.254
60.466 66.043 55.269
65.576 71.527 60.048
63.404 70.332 57.692
58.243 64.677 55.862
59.915 67.723 54.185
87.374 91.8 75.852
64.576 70.585 59.634
16.301 9.748 8.4876
19.569 13.926 10.858
21.355 14.067 11.213
16.529 13.17 11.343
17.685 14.553 12.761
30.423 16.173 11.465
23.034 15.765 12.5
14.621 9.7452 8.0664
28.639 20.22 14.787
21.819 14.513 11.888
10.985 10.982 11.894
13.57 11.614 12.832
23.814 21.492 21.228
14.973 11.731 9.2284
14.007 11.192 8.8844
3.7156 1.8632 4.758
8.4175 6.4117 7.5348
27.542 15.588 11.988
13.39 8.3278 8.6106
16.678 11.38 10.527
20.285 13.381 11.151
16.417 10.065 9.1961
21.011 12.278 9.2973
16.014 10.221 8.6037
12.037 9.8581 10.777
14.614 11.169 11.116
14.465 10.072 9.6659
8.6654 6.9353 7.6416
34.972 19.127 12.729
11.856 9.9907 10.115
23.315 15.441 13.796
33.503 39.936 39.328
24.051 26.82 29.128
30.038 38.926 24.159
25.723 29.67 30.683
26.506 34.754 33.586
25.802 30.215 28.655
49.939 54.359 51.998
48.411 55.597 53.05
35.438 37.438 38.428
60.778 65.166 61.677
40.586 44.759 43.624
46.766 46.609 45.551
38.057 39.482 38.699
35.225 37.103 37.258
34.222 35.597 35.029
47.808 46.179 44.339
36.172 41.086 42.368
32.832 33.987 33.952
32.764 34.452 33.441
22.459 25.088 25.421
21.809 23.782 23.622
25.492 28.272 28.092
23.503 26.887 25.601
14.26 15.86 16.567
24.133 26.282 24.058
28.197 31.039 30.227
34.393 37.01 34.742
32.768 36.055 33.251
11.838 12.083 13.103
30.074 30.54 29.526
29.685 29.922 28.928
18.363 18.789 18.394
19.475 20.941 20.329
54.337 57.019 53.556
35.158 36.454 34.811
34.914 38.474 37.889
29.525 31.414 31.485
85.769 88.001 79.721
42.659 46.221 43.664
77.302 82.668 73.566
65.683 72.977 67.433
20.079 22.268 20.572
101.57 112.62 108.3
45.602 47.576 42.204
46.339 48.282 41.975
57.193 55.309 47.977
52.558 51.708 42.854
12.086 11.505 11.734
17.714 17.31 17.009
12.556 12.818 13.666
17.704 15.794 16.231
12.641 12.866 13.713
17.792 16.293 16.917
13.519 12.552 12.381
15.752 15.101 14.558
8.9422 11.326 11.688
7.1527 13.921 16.739
5.3584 16.691 21.74
21.918 34.181 39.887
6.1211 15.081 18.986
21.519 33.126 37.936
6.42 14.752 19.305
6.5 14.323 18.272
3.1964 12.084 17.059
2.623 15.308 14.139
5.6384 7.7749 9.4534
4.1626 8.9283 10.268
3.83 11.764 14.228
8.3566 8.446 9.4962
8.8528 7.9067 8.8305
18.71 10.286 7.3528
17.57 9.0935 6.9282
12.173 10.413 10.982
6.8153 6.7088 7.4467
28.091 20.27 14.216
8.7645 11.188 11.126
8.0986 7.6713 7.0654
17.372 15.543 13.452
9.977 8.8792 8.9095
8.0791 9.9716 10.325
7.0255 8.0518 9.1043
6.235 7.4253 7.1655
4.6744 5.5059 5.2128
8.7993 11.84 14.053
10.362 20.007 23.19
8.1139 9.9041 12.619
9.9138 12.526 12.863
11.689 15.385 16.176
14.678 15.021 13.501
7.6749 9.4021 10.613
11.016 13.017 14.068
7.928 8.6037 10.266
13.925 9.9212 9.2753
23.33 14.278 6.798
9.9934 9.5696 7.1498
12.909 9.6787 8.3638
16.84 12.346 12.207
12.733 9.5207 8.7311
6.0514 3.9102 3.8198
27.693 46.582 44.535
24.591 40.34 51.376
25.307 40.65 56.094
16.506 59.712 85.261
66.593 88.251 112.51
29.259 27.632 26.644
23.573 25.341 27.41
24.079 24.821 25.871
26.362 25.995 25.815
33.122 30.992 28.059
32.922 30.855 28.04
32.429 30.555 27.811
30.894 29.379 27.032
40.885 37.331 34.422
40.182 37.95 35.179
38.877 35.852 32.876
70.142 72.003 71.518
33.603 30.836 28.072
28.774 27.892 27.163
30.451 29.03 27.864
75.371 78.014 76.702
76.892 80.122 78.695
73.91 76.795 75.286
35.908 34.016 30.474
63.794 71.868 66.641
63.022 71.797 67.175
87.46 102.58 101.88
54.644 60.606 49.798
28.066 29.561 28.856
36.424 39.264 37.83
46.098 50.213 42.499
32.366 41.334 41.409
54.01 58.409 45.906
30.964 31.175 29.624
55.489 62.999 50.526
55.823 58.183 52.266
61.34 66.058 48.468
41.003 41.418 38.971
44.631 45.457 39.331
25.283 26.169 25.238
38.773 40.647 34.219
29.798 30.821 30.239
44.037 45.957 37.337
68.53 75.463 59.55
43.491 45.249 35.32
34.32 35.693 35.716
40.614 42.49 34.652
55.519 59.821 55.026
22.425 25.75 25.336
57.074 62.671 60.089
44.906 48.845 47.934
22.93 24.099 24.145
32.548 33.891 33.68
35.476 38.461 37.01
36.546 40.863 40.089
20.842 25.292 25.691
16.898 21.448 23.155
14.768 16.282 17.405
29.988 36.194 36.659
18.508 22.757 24.227
11.599 14.369 16.66
24.759 30.021 32.681
22.924 26.534 28.368
6.7563 8.3554 10.113
22.049 25.421 27.138
24.773 10.594 14.153
31.463 38.235 37.948
25.596 30.18 29.619
18.222 21.233 22.537
15.801 18.882 18.873
19.182 10.935 14.908
21.697 27.717 28.374
0 0 0
14.088 17.492 21.299
21.371 27.888 32.283
12.365 22.014 24.774
14.035 30.354 32.096
36.383 55.09 58.199
17.316 30.538 34.081
13.491 30.871 35.029
11.375 29.936 34.701
16.663 35.221 38.218
21.074 28.388 26.237
12.149 30.305 35.473
8.0037 15.259 17.728
39.017 46.493 48.65
36.388 49.569 50.874
26.478 36.628 39.864
33.626 57.228 63.063
3.3265 4.4925 6.3765
10.644 34.567 49.344
30.433 37.161 42.427
23.425 29.352 32.415
20.02 22.907 25.665
21.293 26.129 29.729
21.022 18.286 16.331
22.665 22.82 26.211
29.975 35.262 43.789
25.698 39.135 43.672
20.325 26.04 30.093
29.387 33.781 35.295
30.288 37.617 42.562
20.375 29.039 33.977
35.829 45.654 50.288
24.892 36.092 43.321
9.8927 24.143 31.42
24.315 39.796 48.86
30.839 36.978 32.993
22.908 33.78 39.071
22.11 31.463 35.763
22.47 29.979 33.458
27.663 33.461 33.626
49.77 57.146 54.358
20.098 24.861 27.242
49.754 55.458 53.628
51.152 58.126 56.179
35.031 39.488 40.495
47.55 60.825 61.38
17.7 25.241 30.02
24.091 31.329 32.848
20.252 28.209 32.694
12.376 17.006 21.776
12.631 18.546 23.426
16.226 20.67 26.093
19.283 25.426 31.877
19.036 24.958 31.269
23.287 29.044 36.747
24.576 28.937 31.724
18.621 26.813 31.709
55.069 60.637 65.467
31.585 36.902 40.759
21.163 23.559 28.713
33.803 39.015 39.36
134.88 124.37 103.89
115.22 103.55 86.007
15.582 15.296 14.595
51.961 49.088 45.721
156.26 152.29 140.52
79.213 73.548 59.049
63.075 59.84 50.482
23.717 22.276 22.072
18.03 21.037 21.528
140.65 133.59 139.47
39.411 34.202 31.478
28.269 24.638 23.202
28.896 29.82 27.639
100.66 87.08 64.994
1.0035 0.0024993 0.0034668
2.7833 1.9258 2.1171
2.9309 2.0434 2.1916
1.2667 0.25809 0.30409
1.7667 0.79059 0.8879
1.8548 0.88675 1.0057
1.7145 0.75222 0.82222
1.5426 0.5631 0.63018
1.4635 0.48436 0.54015
1.4822 0.49617 0.55988
1.4109 0.43128 0.47392
1.1923 0.18545 0.21876
2.7922 1.8451 2.1161
1.9596 1.0123 1.1178
1.0127 0.0065046 0.012564
5.5341 4.8035 4.868
6.5119 5.9255 5.9388
2.391 1.4495 1.4751
1.4011 0.42103 0.42867
1.5499 0.57359 0.58685
3.7306 2.8952 2.928
5.9691 5.2363 5.3085
5.5001 4.8501 4.9276
7.6438 7.1081 7.213
5.9223 5.2164 5.3453
7.2944 6.6572 6.7594
7.7267 7.0631 7.1963
7.5927 6.9521 7.0549
7.5361 6.9705 7.092
7.1519 6.5216 6.6006
7.7345 7.1199 7.306
6.5697 5.9141 5.9874
6.3187 5.6261 5.7595
8.413 7.7885 7.9765
8.5386 8.0511 8.2222
7.3217 6.7433 6.8871
7.2612 6.6492 6.7326
6.008 5.3825 5.455
7.761 7.2225 7.2641
2.2326 1.3049 1.3286
7.1005 6.6578 6.59
6.5831 6.0268 6.0669
3.0156 2.1643 2.1985
6.0945 5.6473 5.4963
