0.43407 0.43407 0.43407
0.40765 0.40765 0.40765
0.3991 0.3991 0.3991
144.32 150.86 179.13
125.91 145.67 186.14
12.949 19.19 20.921
1.0032 1.0032 1.0032
23.944 13.206 6.8403
36.321 23.012 14.358
1.0437 1.0383 1.0406
16.074 10.515 6.9237
31.832 19.822 11.72
29.509 19.95 12.954
15.833 10.314 6.7064
20.087 13.398 8.509
17.574 10.275 6.964
40.528 24.059 12.01
49.49 33.318 15.708
37.588 32.619 27.092
38.004 35.317 31.007
42.628 38.455 34.555
48.371 44.464 41.661
70.875 72.349 70.366
46.228 45.842 40.349
44.352 45.164 39.615
23.964 16.883 14.454
20.984 14.072 10.873
29.805 22.557 19.764
31.753 25.11 22.468
26.499 26.291 26.582
44.482 45.74 50.661
25.325 24.884 23.4
9.7868 9.8804 9.4411
34.36 32.881 34.795
32.394 30.596 32.239
23.773 22.469 21.793
32.981 31.066 29.768
39.496 32.337 30.05
28.291 24.539 21.826
29.932 27.24 22.419
48.143 42.959 37.625
47.022 45.317 41.944
40.126 38.012 36.068
69.122 67.524 67.573
69.384 76.466 82.267
61.11 67.819 71.323
17.017 14.74 13.647
58.904 55.811 58.382
43.408 44.614 45.784
38.783 39.962 41.213
4.9458 6.2437 6.7402
3.9179 3.5502 3.1337
5.1231 3.0001 2.2971
3.466 2.3915 2.0785
15.576 6.9982 6.3726
10.652 6.6918 5.0761
7.5778 5.8828 4.6018
3.3554 2.4782 1.9209
11.661 8.1834 7.2907
13.161 9.2946 7.2668
28.447 19.399 14.557
16.748 9.7599 7.99
14.074 8.9431 7.2892
7.8747 5.1453 4.7795
15.78 12.412 9.4314
29.502 18.574 12.938
27.953 19.482 15.875
30.817 21.69 17.031
21.858 15.298 11.165
32.041 22.339 17.572
29.587 21.817 15.624
23.925 17.369 13.517
32.446 22.715 15.888
15.858 9.8053 7.8722
21.43 14.344 10.996
49.242 50.026 46.322
24.707 19.039 15.902
21.886 16.6 13.146
23.628 19.247 14.793
23.674 19.22 14.989
21.71 17.355 12.912
21.892 17.27 12.954
66.264 67.268 72.733
63.226 64.19 68.656
55.646 59.838 65.39
21.714 15.826 11.724
18.364 11.072 7.256
19.037 11.333 7.6793
23.662 15.767 11.262
19.776 12.719 9.2148
25.519 16.323 12.165
15.718 8.6372 7.1361
43.251 29.542 23.137
42.551 29.644 22.904
32.058 22.436 17.195
32.609 22.993 17.384
32.491 22.569 17.165
19.895 11.257 9.7499
21.28 12.594 10.415
20.54 12.548 10.396
43.603 30.645 23.399
37.823 25.202 19
21.579 13.037 10.511
21.496 12.783 10.403
30.784 22.02 16.614
21.668 13.531 11.283
14.712 7.98 6.4798
15.101 7.9643 6.7437
22.758 13.13 11.126
17.656 9.1865 7.4575
14.708 9.9238 8.3962
19.609 12.332 9.5037
22.155 15.066 12.054
44.276 39.814 34.461
11.893 7.2848 6.2295
24.287 12.727 9.918
37.333 25.632 18.225
37.614 25.357 19.006
38.42 26.263 19.526
37.417 25.799 18.774
12.875 7.8083 5.8938
11.299 7.4996 5.6253
23.77 14.89 10.72
54.098 49.431 31.135
13.396 5.0215 4.2772
35.371 15.444 13.421
58.034 61.632 57.922
29.014 21.443 20.458
30.608 22.956 22.005
29.594 22.462 20.723
48.765 46.092 44.858
28.353 22.534 21.141
12.552 10.328 8.8797
27.479 18.835 13.486
9.2395 8.8419 8.182
29.519 20.389 13.865
24.514 14.839 10.12
30.051 19.164 11.929
14.87 11.381 6.5933
22.829 14.277 9.3879
22.857 14.134 9.2375
24.108 18.618 13.695
21.512 15.402 11.348
21.35 16.632 10.088
27.576 18.675 15.604
49.231 40.322 36.199
25.499 13.521 11.723
28.831 18.44 15.804
25.524 12.935 11.832
29.311 15.251 9.5147
16.505 6.5419 5.7236
22.166 11.462 9.9676
23.445 11.96 10.35
22.211 12.68 9.7508
22.711 11.374 9.7192
20.82 9.8827 7.1878
14.203 9.9381 8.4138
15.261 11.842 10.201
14.057 11.007 9.4186
11.687 9.2412 8.0105
23.691 20.492 18.526
14.432 14.187 13.117
7.0718 5.5716 5.3391
15.511 16.094 15.261
6.3469 6.2209 5.1378
7.5698 7.2558 6.194
8.1881 7.9224 6.4899
26.707 23.618 20.826
22.445 20.803 19.35
16.064 14.15 11.993
20.218 18.404 12.226
18.556 14.063 11.276
15.852 11.71 9.6749
17.877 13.94 11.795
16.028 12.318 10.469
11.177 7.9258 6.599
18.502 13.29 8.365
61.324 75.069 81.052
22.003 16.961 13.944
16.832 15.672 14.487
11.143 7.4789 6.0699
54.08 50.4 46.935
52.608 48.469 45.637
26.168 21.01 18.544
25.063 20.098 17.496
48.879 45.706 41.485
25.903 20.611 17.374
27.682 21.793 18.975
28.001 22.223 19.033
25.953 20.834 17.737
30.465 23.712 19.702
34.376 30.492 26.856
34.895 31.099 27.346
32.831 28.558 25.068
23.204 17.506 14.838
32.928 28.123 25.233
43.938 45.985 41.278
15.893 13.89 13.143
18.655 14.355 12.735
15.075 14.37 13.229
20.426 16.251 14.533
24.711 19.211 14.696
28.577 20.913 15.518
28.215 20.248 15.211
17.726 14.137 12.023
13.574 9.907 8.0906
14.381 14.452 14.112
10.67 8.9831 7.5738
14.319 7.9969 7.4156
9.0616 6.2094 5.7275
46.609 48.182 47.276
60.031 66.377 63.598
55.178 59.706 57.808
59.929 59.79 56.872
56.683 57.459 55.209
45.177 44.553 40.001
32.723 30.356 25.998
22.472 17.289 15.692
6.4237 5.5639 5.0844
15.32 11.456 10.811
26.951 19.979 13.665
25.603 19.831 14.986
43.736 37.926 29.925
73.351 63.527 54.302
29.011 20.718 13.802
34.523 25.044 17.813
39.314 24.772 19.04
38.249 26.246 21.492
6.5565 5.5756 5.669
17.523 14.654 14.176
37.472 31.681 29.481
43.798 43.482 41.564
18.703 13.449 9.4383
18.241 20.624 16.631
37.788 33.463 30.527
21.27 15.624 13.384
40.784 38.279 26.377
21.81 14.976 9.6483
26.753 19.627 14.295
18.454 12.5 8.3094
18.917 10.167 6.9341
17.491 11.548 7.8035
17.903 9.924 5.9742
30.731 26.211 18.249
23.776 16.304 11.251
28.348 19.696 13.877
31.892 25.028 17.523
21.946 23.845 13.626
25.597 27.436 18.275
27.709 22.241 16.663
32.557 26.655 20.016
46.978 41.539 33.445
21.232 22.934 15.483
35.85 31.909 23.611
39.931 32.264 24.869
42.264 33.866 26.551
18.491 8.0759 6.9078
7.9568 6.6458 5.0254
8.0732 6.4467 4.591
14.041 9.6169 8.0155
14.585 9.6616 6.3056
14.719 9.76 6.322
14.755 9.8966 6.2265
13.944 9.7383 8.1288
14.336 9.2605 6.7926
17.632 14.095 11.044
17.258 14.046 10.984
13.043 8.4013 6.451
16.796 13.623 10.857
16.375 13.571 10.36
17.094 13.858 10.715
15.314 9.6986 7.2932
13.707 8.6358 6.595
9.5569 8.2268 6.424
5.2132 7.8504 8.4909
9.3442 6.4713 4.3627
21.925 16.872 13.595
24.735 18.437 15.275
22.941 17.652 14.578
17.279 13.177 10.89
50.612 43.747 33.469
26.958 22.075 15.573
19.198 14.454 10.59
13.31 8.8767 6.5095
7.1821 7.2336 6.2416
7.0326 7.1168 6.1954
8.4462 9.2604 8.9528
16.819 13.669 8.7473
26.646 18.097 11.657
4.7211 5.2967 4.8409
9.6823 6.1953 4.3068
10.795 7.5435 5.2903
18.096 14.983 10.084
16.431 15.865 16.006
27.881 29.503 30.473
13.901 15.468 14.562
17.35 19.064 19.896
30.308 21.553 14.758
24.982 17.224 11.891
21.613 15.77 12.017
26.456 18.877 14.233
29.31 24.87 17.745
9.3543 10.991 8.983
21.384 17.281 12.069
10.465 9.6287 8.7478
33.465 26.355 19.885
32.984 32.812 25.334
27.015 19.164 14.624
27.572 19.536 15.121
25.809 19.418 14.044
22.258 14.585 10.111
25.112 18.005 12.987
26.4 19.529 14.117
28.523 20.084 15.757
26.755 20.203 14.526
25.823 19.757 14.619
26.875 22.242 17.887
49 54.071 46.383
42.457 47.664 40.787
48.733 57.453 48.504
52.393 62.568 54.477
18.484 19.206 16.638
52.062 61.915 55.25
66.657 76.698 71.203
66.989 76.829 71.044
75.501 83.596 79.123
28.105 30.065 25.485
52.113 66.249 59.512
69.013 84.237 79.925
63.831 81.617 75.882
59.7 79.578 75.475
37.972 48.897 45.945
48.58 63.233 60.753
55.563 70.147 65.783
63.733 76.907 72.77
76.126 91.06 88.018
65.124 79.068 76.258
65.397 79.228 77.026
19.052 25.715 21.652
41.133 47.95 46.841
40.445 44.874 44.123
54.003 63.065 62.019
56.732 67.506 65.421
58.874 70.246 67.852
56.344 67.094 65.212
60.4 72.441 68.547
43.861 53.409 46.653
35.164 41.049 32.201
24.912 24.139 20.92
25.868 27.231 23.885
24.929 22.351 19.16
2.9846 1.9633 1.6786
13.429 11.199 8.5897
6.1672 6.1917 5.4919
11.071 10.151 8.2207
12.421 11.428 8.6221
15.374 14.555 11.288
13.235 11.56 9.2699
32.363 32.442 29.318
27.463 25.779 22.571
42.513 40.092 34.993
27.911 18.463 11.647
25.633 16.965 12.078
28.82 18.683 11.84
24.904 16.094 11.6
27.869 18.065 11.577
34.011 19.887 13.539
37.785 22.065 15.452
28.313 17.085 11.942
30.531 18.756 12.815
16.091 9.2841 5.8176
17.568 10.466 6.5468
15.823 10.03 6.7102
19.301 12.738 9.4111
20.262 13.775 9.7914
12.601 7.7164 5.4367
5.0912 4.6407 3.7038
7.2506 10.815 8.429
11.461 7.1821 4.5427
16.424 12.475 7.5058
48.606 56.023 52.886
34.93 27.508 17.458
35.637 28.17 17.47
34.954 27.468 17.372
32.188 25.362 16.194
28.763 21.62 14.236
31.838 23.558 15.262
26.437 22.427 20.387
20.03 15.766 10.224
9.2999 5.7626 3.9032
42.156 32.649 28.857
21.547 10.661 5.757
20.298 14.282 6.9895
35.767 25.823 22.094
41.468 34 27.616
41.17 34.9 27.604
24.66 15.525 8.4166
35.494 29.432 24.427
28.987 22.395 20.644
29.213 23.772 21.986
8.2353 3.7591 2.745
40.704 31.465 18.638
17.596 10.627 6.8278
26.821 20.979 13.976
15.49 8.7519 5.3846
19.256 12.882 9.3104
7.5745 6.7977 4.9928
14.616 12.127 9.0303
16.621 13.821 10.819
29.743 25.123 17.045
32.25 29.503 21.826
31.97 28.314 20.931
32.975 29.267 21.971
26.132 19.079 14.938
29.629 25.838 19.213
27.515 20.046 15.212
28.626 22.315 17.17
29.741 23.406 18.061
30.187 27.025 20.432
29.744 25.771 19.36
27.259 20.285 16.693
38.362 25.27 19.217
24.033 18.663 15.357
28.763 21.454 17.274
22.366 15.194 12.276
24.722 16.868 13.704
23.373 18.943 14.843
29.617 20.929 16.595
29.595 20.64 16.333
28.517 18.262 13.872
28.852 18.492 14.131
36.794 26.256 15.13
28.845 18.682 10.942
32.425 24.85 19.533
33.912 25.136 19.583
72.424 69.138 61.458
29.694 21.396 17.351
35.113 27.382 21.727
67.213 63.821 58.38
30.193 24.5 19.59
29.72 23.746 18.984
30.882 24.765 19.662
67.098 63.704 57.927
65.981 61.638 56.052
57.694 52.323 47.613
50.263 42.155 36.112
46.721 37.117 31.377
44.191 34.912 30.068
32.013 24.484 19.086
35.687 27.226 20.654
26.779 17.802 15.156
64.75 51.798 46.709
28.77 23.696 21.842
38.113 37.661 33.831
52.787 52.444 49.877
53.739 52.373 49.415
53.893 47.386 43.01
54.973 49.218 45.943
71.296 76.381 71.858
12.106 9.4858 7.8703
68.914 70.403 71.228
41.207 40.14 37.335
44.238 35.168 29.426
50.942 52.42 49.428
47.501 46.875 39.561
24.886 17.697 16.09
29.727 23.596 19.186
24.851 19.811 15.478
26.931 22.855 16.954
45.355 40.758 34.498
34.119 25.126 18.349
48.857 41.802 35.999
53.355 43.848 33.277
52.446 42.7 33.562
36.333 24.409 17.49
49.742 40.359 31.005
36.593 26.053 20.1
37.905 23.483 17.373
34.419 18.606 15.932
38.014 30.109 22.41
29.054 24.208 19.306
23.052 18.892 16.959
36.828 34.279 30.715
27.835 22.015 19.441
27.475 21.457 18.619
32.39 26.167 22.494
28.336 24.895 21.258
58.403 60.006 53.675
42.229 42.707 39.057
41.863 39.301 35.475
39.728 28.151 18.774
3.8773 1.9741 1.6788
9.7474 4.5892 3.7207
30.945 19.595 15.065
21.544 12.153 9.459
13.493 11.765 10.715
10.296 11.429 11.949
20.969 13.884 11.142
12.876 14.697 15.428
16.92 18.042 19.041
16.119 16.795 16.128
16.309 16.626 16.384
11.609 11.615 10.712
18.692 19.418 20.193
10.995 8.1387 7.4216
8.1816 7.945 7.6711
20.293 22.155 23.634
21.457 22.507 24.391
14.146 11.089 8.7889
15.23 11.169 9.4153
17.699 14.183 11.702
17.797 18.295 18.998
22.194 24.012 24.602
12.935 8.9738 7.6561
21.078 22.77 23.54
17.192 14.486 11.294
27.276 24.933 17.85
14.589 16.735 15.585
25.722 28.206 28.275
19.378 20.457 20.531
23.177 24.521 23.882
18.805 20.418 20.385
20.644 23.311 23.992
23.494 24.976 25.201
15.994 17.18 17.718
17.629 18.821 19.791
16.273 17.357 17.641
4.2964 4.3176 4.2792
9.7747 10.936 11.672
17.717 17.216 17.204
9.0727 8.7632 8.6815
10.472 9.8029 9.0405
5.6388 5.4403 5.2289
11.614 13.209 14.436
8.5458 7.8505 7.0191
19.19 15.447 11.292
9.1338 8.058 6.5186
8.2548 7.1677 5.7411
11.796 14.254 15.798
13.416 8.3271 5.2898
10.47 6.7097 4.4733
12.15 6.9502 4.4291
14.506 7.9272 5.2796
16.313 9.0395 5.9544
10.789 7.7233 6.3603
15.885 10.577 8.7572
7.6633 9.2486 9.8058
4.287 4.4152 3.688
3.2273 3.7043 2.1724
7.5374 8.1427 5.3739
5.2569 4.826 3.4596
5.2037 4.7744 3.5048
9.1058 4.9622 3.4652
21.468 17.488 11.694
18.995 13.123 8.2486
25.06 17.411 10.485
39.138 31.076 18.698
22.214 18.461 11.543
18.145 15.176 9.6014
18.656 15.733 8.8752
29.073 19.178 12.896
41.664 29.624 16.432
16.979 12.228 7.496
19.129 14 9.0078
21.562 13.648 8.8518
16.454 11.576 7.2363
17.05 12.066 7.562
16.638 11.495 7.3519
22.486 17.043 11.58
17.015 13.038 8.1351
12.189 8.0314 5.105
8.1456 7.1071 5.3962
24.386 24.27 21.197
24.589 24.538 21.472
24.24 24.446 21.341
24.659 24.949 21.539
24.691 25.234 21.737
24.708 24.797 21.862
25.106 25.295 22.13
25.42 26.084 22.654
25.829 26.035 22.784
25.763 25.872 22.542
25.884 25.814 22.644
27.284 27.362 23.409
6.7331 7.2392 5.5699
4.7215 4.3238 3.9699
16.764 14.831 11.767
5.1355 4.7914 4.2685
5.6041 5.672 5.1525
11.839 9.8242 8.0029
23.67 19.749 17.861
23.528 20.113 17.486
21.116 18.053 15.923
21.907 19.709 16.853
12.368 8.8459 8.3977
17.472 10.98 8.468
54.362 52.591 45.463
31.158 17.217 16.592
44.231 46.798 47.411
76.387 78.432 64.3
54.133 49.535 37.915
74.469 71.613 54.729
64.484 64.924 52.335
36.521 33.528 27.558
1.0036 1.0036 1.0038
11.851 11.851 11.851
18.182 18.182 18.182
12.816 12.816 12.816
14.068 14.068 14.068
13.392 13.392 13.392
11.88 11.88 11.88
12.728 12.728 12.728
13.342 13.342 13.342
12.631 12.631 12.631
10.527 10.527 10.527
11.285 11.285 11.285
12.092 12.092 12.092
9.3473 9.3473 9.3473
9.9833 9.9833 9.9833
11.168 11.168 11.168
11.176 11.176 11.176
11.898 11.898 11.898
11.827 11.827 11.827
11.27 11.27 11.27
7.8039 7.8039 7.8039
11.167 11.167 11.167
25.135 25.135 25.135
13.427 13.427 13.427
2.2265 2.2265 2.2265
