0 0 0
0 0 0
0 0 0
23.504 23.504 23.504
2.1022 6.2527 14.758
148.16 104.21 62.61
113.12 96.565 57.279
87.959 75.171 41.916
185.18 147.89 93.49
91.717 56.651 23.005
113.91 37.203 10.854
114.29 37.291 11.069
112.66 62.632 34.018
114.55 37.439 11.212
128.5 55.82 27.052
99.437 60.633 32.785
108.03 57.964 30.565
120.74 74.454 47.05
115.63 54.011 30.988
137.45 97.359 45.643
86.818 55.747 26.724
67.86 44.095 26.849
165.29 141.14 107.19
157.46 147.09 119.89
173.09 74.36 18.695
80.43 42.392 23.378
96.681 56.594 30.598
144.69 98.395 61.835
133.19 89.963 55.312
99.374 93.114 55.608
125.46 89.573 52.695
91.264 80.909 58.146
143.82 79.061 47.557
143.83 67.226 38.602
119.11 91.834 68.292
126.92 80.528 26.846
56.455 35.773 17.708
114.23 64.048 44.777
136.45 77.191 37.471
125.08 72.346 46.514
90.556 60.018 34.277
130.35 51.804 28.559
121.86 90.003 62.947
97.713 74.996 49.281
216.04 187.75 127.46
89.575 53.928 25.826
134.65 103.45 68.036
114.91 69.867 36.801
173.83 115.06 66.975
137.33 100.44 59.741
128.55 90.633 51.061
222.29 190.4 128.63
181.53 137.21 87.451
174.64 120.83 62.821
160.34 114.79 65.862
133.45 103.41 58.342
119.65 88.394 56.979
121.36 88.962 56.886
138.09 103.01 59.574
137.22 108.61 76.989
45.072 30.612 12.72
55.628 35.838 17.304
84.657 49.135 24.195
83.606 49.981 23.069
83.642 48.953 22.127
164.8 132.2 85.009
170.61 139.55 94.705
171.95 142.55 97.047
179.33 154.25 112.05
153.32 121.48 78.173
127.82 89.248 56.647
167.23 137.37 96.768
161.98 111.48 55.526
102.63 73.341 40.461
121.29 89.2 51.701
138.96 100.12 57.915
107.36 68.719 41.033
95.252 72.898 45.424
95.216 72.878 45.461
106.41 88.593 61.195
37.628 17.619 15.497
150.16 113.95 84.372
86.049 65.606 41.635
149.01 121.94 85.465
96.197 77.357 57.586
137.23 110.23 73.059
46.184 26.315 15.269
61.687 28.338 17.002
133.14 85.865 41.225
110.61 71.909 43.357
176.75 123.26 80.127
129.53 86.563 41.595
128.05 85.774 42.043
128.24 85.029 40.369
111.51 70.611 39.521
111.98 73.418 40.845
112.27 73.232 40.066
98.967 46.932 23.608
79.222 43.221 18.299
89.109 49.83 23.952
139.46 96.259 54.509
141.75 96.181 53.226
141.96 92.982 51.072
221.4 187.27 124.52
116.1 93.626 73.377
107.62 53.391 25.212
112.2 44.568 22.004
118.15 59.328 31.728
133.25 63.297 28.692
127.94 56.871 23.896
94.178 51.281 30.189
84.371 49.124 27.833
83.091 44.904 26.602
73.014 43.077 26.242
53.572 32.897 18.825
56.366 34.143 19.895
168.15 129.34 89.833
167.76 128.91 89.357
151.88 103.27 60.243
194.31 146.22 85.815
200.83 146.35 87.685
199.76 145.01 86.727
178.24 136.05 81.153
174.92 133.84 73.982
175.15 133.81 74.092
152.58 109.95 73.298
157.55 109.63 75.265
148.76 115.58 80.655
120.41 83.768 58.136
113.86 80.216 56.321
70.538 35.187 16.394
66.937 28.649 14.249
109.9 65.103 31.743
129.44 80.987 44.931
117.85 71.979 43.061
96.889 50.367 30.91
124.54 90.443 58.308
127.75 91.827 56.26
130.58 91.709 57.318
132.18 94.099 58.569
131.35 93.842 58.91
130.42 90.724 55.428
130.33 91.32 55.803
130.54 91.462 55.993
129.42 92.185 56.912
126.2 88.373 53.992
131.1 92.164 57.749
143.7 109.37 73.83
135.67 91.761 63.868
86.513 82.276 67.911
80.81 71.358 55.958
111.93 86.999 60.118
114.88 90.609 63.647
136.21 111.6 73.838
137.54 103.85 65.659
123.47 95 51.928
130.17 100.96 55.506
125.78 89.93 50.744
133.16 92.786 53.096
160.38 122.63 79.488
170.01 136.12 94.864
169.8 138.43 96.983
165.68 113.54 59.354
138.94 91.238 56.335
130.39 104.12 69.007
118.71 97.136 60.858
62.108 43.865 22.298
93.593 51.197 26.967
92.476 66.694 44.477
82.902 35.992 18.689
85.177 40.538 21.422
83.817 39.504 20.982
84.684 39.654 20.893
86.802 41.809 23.118
86.596 41.498 22.755
86.168 41.318 22.693
134.49 71.581 32.72
85.319 40.67 21.885
116.05 47.59 24.977
126.55 49.949 26.138
103.26 47.073 26.062
103.71 47.865 26.185
104.56 44.451 21.022
107.14 44.811 21.302
68.784 43.563 25.449
62.956 36.625 18.311
48.154 36.774 23.771
145.77 92.797 51.898
140.47 93.47 52.945
120.39 89.249 60.943
155.07 125.3 84.22
151.28 119.95 78.572
112.88 81.398 52.736
125.17 93.257 63.687
158.91 114.51 72.082
140.18 97.289 61.306
138.59 93.286 54.902
155.02 107.77 65.211
153.97 107.52 66.84
151.8 105.8 66.101
153.76 107.15 66.525
152.24 106.8 67.143
153.51 106.78 65.738
175.66 140.44 90.183
148.61 119.79 52.442
135.27 87.69 49.048
162.94 98.598 55.876
168.82 103.12 61.794
143.69 108.04 72.35
163.2 98.633 56.951
142.11 106.21 71.03
142.06 106.77 71.798
152.47 117.71 79.955
178.03 136.98 90.893
219.85 179.68 118.18
147.77 92.374 60.032
112.09 81.798 49.74
147.83 111.65 70.387
148.84 109.36 67.499
143.53 87.975 60.839
109.66 74.065 38.819
146.3 99.762 56.398
103.36 66.69 40.528
123.49 91.283 61.88
123.52 86.083 50.433
149.65 104.89 58.434
90.618 62.4 42.201
82.373 64.451 50.703
80.839 62.036 50.959
88.869 80.345 52.416
85.486 72.041 49.878
160.01 119.91 69.71
162.56 133.01 82.586
165.75 126.47 85.907
135.08 92.229 65.748
74.348 39.369 25.211
105.33 71.685 47.767
82.916 55.922 38.646
162.17 111.75 74.678
161.47 114.78 77.089
159.79 112.79 75.197
130.55 103.01 67.289
118.24 92.205 59.659
102.99 72.799 45.369
80.4 51.967 31.124
75.415 50.606 31.399
167.7 122.85 68.829
131.14 94.221 54.072
128.57 84.717 40.858
167.47 123.4 67.97
121.68 83.514 41.497
120.94 82.574 40.733
112.42 74.328 36.378
133.5 82.649 42.989
145 94.167 43.346
142.84 92.504 44.075
218.59 183.46 125.19
84.87 55.285 25.495
100.33 65.546 34.694
80.549 46.467 19.382
111.94 58.863 24.258
102.29 52.71 33.947
121.14 57.418 28.142
102.08 52.605 33.856
101.24 52.521 33.653
97.537 49.671 31.998
102.64 52.642 33.789
97.83 49.637 31.577
125.93 86.767 58.361
128.07 85.368 55.102
138.34 90.854 60.343
128.3 64.332 43.58
141.21 104.21 72.174
125.87 73.735 45.71
98.485 67.238 33.618
125.7 74.456 47.373
166.68 127.1 103.71
163.8 130.2 104.92
111.92 84.392 64.422
112.27 85.269 64.009
164.23 125.17 98.509
112.53 77.374 53.647
122.24 72.677 53.913
21.854 13.12 7.433
14.38 9.1315 7.9955
138.66 75.39 18.654
123.89 61.585 20.416
151.77 75.953 21.008
104.76 48.776 12.519
122.22 47.292 25.902
148.94 100.55 59.252
129.44 87.074 49.864
135.51 84.654 50.184
131.17 89.342 48.996
130.47 89.11 49.738
128.59 76.189 38.387
129.02 76.17 37.529
129.24 76.434 38.133
136.36 82.431 41.77
131.57 79.381 40.439
135.99 55.425 35.736
153.38 55.22 32.741
132.78 54.974 35.578
133.44 55.256 35.903
137.86 102.16 64.171
146.39 121.3 85.724
145.91 120.4 85.003
146.22 121.15 85.808
137.63 108.24 80.892
159.31 94.953 59.64
139.39 99.127 65.957
140.47 100.56 61.06
141.98 101.82 61.941
142.69 86.135 54.599
152.91 90.334 60.985
133.34 114.28 79.663
179.28 137.22 89.844
178.52 144.2 111.66
121 78.952 48.869
159.47 113.94 72.605
167.45 107.45 61.52
169.28 128.39 92.117
141.51 89.815 62.518
141.25 88.932 61.742
141.28 89.507 62.123
115.57 68.457 39.359
129.35 80.911 43.954
118.42 40.96 27.218
140.45 94.542 59.016
136.11 89.01 54.151
135.77 92.317 53.975
134.79 93.184 54.912
131.71 104.71 50.699
139.02 106.22 56.152
136.67 102.48 54.763
123.88 92.501 46.18
130.12 100.66 50.597
131.31 101.74 52.428
130.53 99.304 53.363
132.48 102.23 51.972
138.97 107.12 54.355
143.56 105.44 52.941
72.075 53.355 33.097
64.313 44.651 26.999
68.079 48.885 29.462
146.22 92.755 55.862
136.44 97.6 56.084
155.59 112.19 66.085
146.71 108.06 60.048
165.72 131.04 87.843
168.42 132.78 87.595
171.89 134.89 88.334
180.45 134.24 80.547
131.32 102.58 61.45
121.05 91.676 51.851
148.78 120.19 78.502
124.88 110.06 85.024
77.566 32.514 13.187
122.73 56.598 34.234
110.62 74.598 58.899
107.8 63.23 32.606
122.15 90.894 59.754
150.51 129.73 107.08
111.31 87.768 63.67
97.031 56.677 30.269
98.206 59.866 33.093
103.03 53.905 26.311
78.578 42.732 27.01
137.83 113.6 94.749
133.29 102.39 79.213
131.52 90.55 65.482
133.93 91.525 64.135
134.05 91.414 63.46
141.71 100.18 82.185
142.88 138.51 112.29
130.16 91.544 72.455
133.61 110.03 81.229
140.55 119.13 92.334
138.95 115.86 88.206
145.98 127.71 94.384
143.85 124.88 93.582
134.17 65.957 43.553
111.93 54.113 37.341
120.81 58.471 44.166
127.13 53.548 41.331
98.828 47.699 23.692
102.36 51.889 24.825
126.96 89.024 60.242
150.76 107.01 64.786
133.19 97.072 65.541
90.236 61.792 38.751
131.16 96.326 65.783
136.83 101.19 68.611
124.89 83.947 51.298
148.39 115.18 78.13
130.85 104.55 72.951
115.57 88.687 59.718
118.41 87.228 39.345
118.52 87.467 39.363
118.85 87.602 39.156
138.24 110.45 67.544
110.53 90.338 52.193
120.18 88.896 48.135
124.16 91.926 50.618
132.72 98.144 55.018
126.52 99.674 58.418
131.66 92.992 45.047
117.65 87.956 47.849
208.99 194.42 126.28
127.56 100.23 64.294
111.36 76.995 45.906
138.86 107.27 68.127
113.76 75.218 42.021
103.54 66.287 34.9
128.89 88.423 54.313
88.454 56.43 30.956
128 79.99 41.735
121.68 85.882 48.87
102.32 69.124 39.416
124.85 90.486 51.176
118.79 87.876 48.002
105.67 76.545 50.675
42.55 81.453 84.617
42.917 79.139 82.329
46.469 77.043 78.066
48.681 88.525 92.458
53.937 93.252 95.277
82.469 118.85 116.05
92.183 121.5 121.62
79.659 123.37 134.61
77.124 120.34 128.66
98.532 176.54 184.4
63.724 144.02 127.77
156.3 126.24 93.564
126.08 84.563 48.014
186.38 157.28 116.07
168.02 112.42 72.315
162.98 107.7 64.97
157.03 115.21 76.464
130.32 82.426 51.816
152.01 112.59 71.857
91.137 67.24 38.815
138.89 96.802 62.425
184.11 140 94.182
184.18 140.23 94.45
182.63 138.72 92.828
182.9 139.12 93.449
183.92 140.22 94.774
186.18 142.5 96.589
144.36 103.25 67.421
189.28 159.65 111.31
194.9 156.06 108.96
146.53 111.34 75.661
151.91 113.47 76.896
150.8 111.8 75.919
81.421 56.063 33.293
137.82 99.912 63.963
143.13 113.41 79.441
96.485 77.062 54.274
28.97 24.691 18.15
26.104 22.278 15.276
90.549 73.212 49.256
91.005 73.796 49.798
35.729 29.135 19.665
39.519 31.191 19.486
56.604 40.465 25.625
112.04 39.241 29.407
104.72 49.713 24.269
122.8 74.641 45.039
203.08 130.86 11.993
203.78 131.81 11.792
118.98 71.557 42.375
169.32 101.53 22.798
161.51 106.81 37.971
145.21 82.592 17.59
145.46 83.758 18.454
148.42 85.867 18.857
148.51 85.724 19.468
150.42 85.466 17.71
187.03 115.42 24.53
172.31 107.32 29.23
171.44 106.54 29.301
166.74 96.809 17.672
172.93 103.6 23.327
169.32 103.1 25.781
131.49 89.832 40.689
131.06 89.749 40.874
131.22 89.466 40.972
131.03 89.992 41.156
155.39 99.915 26.946
168.93 103.67 14.318
197.7 125.96 10.027
221.86 183.52 126.18
120.4 46.465 19.212
132.24 85.339 34.22
146.46 93.602 39.375
73.914 46.489 20.184
111.26 57.695 26.21
112.04 58.478 26.678
112.55 58.85 26.82
140.83 114.17 78.968
150.69 121.62 78.301
155.89 125.8 80.296
158.12 130.89 89.254
150.08 126.44 91.663
154.04 119.02 81.209
137.76 86.695 46.376
147.17 115.75 86.535
145.18 113.39 84.308
150 118.29 87.866
107.07 80.24 51.928
140.76 93.164 51.777
155.15 119.6 77.408
153.82 113.7 71.294
125.67 65.271 30.525
125.84 65.616 31.136
119.75 77.812 39.259
116.03 78.014 42.587
129.92 91.655 50.338
90.631 58.548 28.016
119.23 72.612 29.769
118.47 72.233 29.736
119.16 72.735 30.039
171.27 133.91 85.102
165.87 128.39 85.61
175.29 135.83 82.217
174.05 134.1 79.341
177.58 142.76 87.73
167.75 134.62 81.52
142.02 99.467 52.965
142.54 98.678 53.683
138.27 95.181 50.503
141.28 98.942 53.004
140.22 98.689 53.828
138.49 97.007 52.199
140.02 98.552 53.681
142.86 98.931 53.415
125.8 92.24 55.561
120.94 86.82 52.219
126.23 88.968 44.415
141.01 115.04 68.463
106.91 82.542 57.234
109.1 85.414 57.798
115.24 88.453 60.356
120.54 100.76 60.394
117.21 90.638 66.36
119.99 93.087 67.517
102.59 54.46 21.652
91.98 70.426 44.535
102.02 74.109 44.861
118.36 86.616 55.41
112.87 80.988 53.084
122.28 87.506 57.34
140.81 90.708 60.297
140.19 91.447 60.424
113.98 90.558 54.816
118.33 94.578 58.761
74.571 53.492 32.922
90.847 34.899 14.101
138.76 89.116 57.537
89.886 58.017 37.959
144.62 114.81 63.334
104.65 61.909 33.25
101.84 54.651 27.366
81.458 39.885 18.678
180.5 137.88 80.825
77.742 46.838 21.132
116.72 76.015 33.556
96.515 64.87 31.715
106.87 75.419 43.845
103.59 74.072 43.442
103.41 73.865 43.323
103.55 74.029 43.772
116.87 80.988 48.818
85.991 59.376 29.862
109.99 79.794 42.619
110.59 81.052 44.395
100.44 78.087 52.093
92.118 67.066 42.946
112.6 77.381 43.701
114.01 80.029 49.571
127.82 88.303 56.606
120.86 67.85 43.728
142.09 88.995 50.212
144.06 107.24 65.557
123.3 90.87 55.933
142.05 107.3 69.249
136.64 98.945 62.245
119.85 88.795 58.461
121.39 90.219 59.442
135.89 98.397 61.848
122.07 81.193 44.916
128.55 96.052 52.999
123.04 90.605 56.055
140.14 102.76 64.305
137.15 101.34 63.56
137.15 99.305 61.036
137.89 100.15 61.892
132.32 98.536 61.27
134.47 100.05 62.261
135.5 102.23 64.384
89.176 61.263 37.404
114.01 61.65 35.222
77.047 55.877 23.72
73.5 41.491 21.466
93.863 55.626 32.292
108.99 84.29 54.191
158.69 129.72 82.157
164.86 125.65 71.656
166.58 116.53 67.86
100.89 45.785 24.321
130.88 78.104 48.845
127.45 98.003 64.092
75.773 67.037 30.948
136.41 107.36 69.604
121.3 87.024 51.944
106.26 74.785 49.408
117.99 91.32 62.279
125.54 91.247 51.865
95.615 65.32 36.084
124.5 93.785 53.295
116.94 86.406 50.023
116.21 78.371 38.803
128.24 96.138 52.533
114.91 85.624 42.169
106.69 85.025 45.286
13.257 13.257 13.257
6.4549 6.4549 6.4549
7.1266 7.1266 7.1266
6.429 6.429 6.429
6.8833 6.8833 6.8833
5.9043 5.9043 5.9043
5.5555 5.5555 5.5555
22.262 22.262 22.262
22.317 22.317 22.317
18.888 18.888 18.888
17.359 17.359 17.359
20.635 20.635 20.635
18.383 18.383 18.383
19.853 19.853 19.853
17.328 17.328 17.328
17.39 17.39 17.39
16.005 16.005 16.005
18.139 18.139 18.139
17.167 17.167 17.167
17.324 17.324 17.324
19.436 19.436 19.436
16.888 16.888 16.888
12.803 12.803 12.803
19.002 19.002 19.002
16.951 16.951 16.951
13.28 13.28 13.28
16.97 16.97 16.97
13.898 13.898 13.898
25.921 25.921 25.921
26.234 26.234 26.234
27.389 27.389 27.389
27.686 27.686 27.686
12.963 12.963 12.963
14.783 14.783 14.783
8.4193 8.4193 8.4193
3.1983 4.1806 5.5421
3 2 0
