0 0 0
0 0 0
0 0 0
19.503 50.3 61.799
31.384 44.827 42.073
8.701 7.0368 4.6184
167.77 133.7 54.846
146.65 113.23 37.919
150.68 114.9 43.816
149.05 108.97 27.865
45.026 77.17 84.904
12.049 64.77 83.772
18.278 82.6 99.569
14 53.651 58.071
9.7479 47.152 52.93
17.684 57.535 73.605
11.749 74.823 95.102
18.248 57.759 85.848
9.061 72.721 110.21
17.092 54.297 78.549
13.87 61.983 88.858
10.017 79.222 104.89
12.348 71.754 103.29
6.5786 45.761 68.743
5.7329 40.853 63.937
12.382 37.202 55.305
9.3854 31.239 46.258
12.005 51.332 77.65
54.081 69.21 40.593
62.594 67.368 26.166
84.595 71.933 32.8
72.164 68.712 27.983
89.906 86.923 40
76.933 72.504 29.682
68.549 77.079 37.356
82.797 88.918 44.348
55.253 65.806 28.96
48.652 50.874 37.197
55.421 48.479 25.444
64.011 58.919 39.036
141.12 110.01 70.764
114.76 109.83 70.418
101.95 87.062 34.788
97.232 77.209 53.037
59.805 53.065 36.935
54.941 51.494 33.326
67.999 59.369 37.465
71.687 62.694 37.477
65.733 63.007 40.977
45.626 47.555 32.799
89.971 78.085 47.948
56.77 50.598 37.343
50.122 45.626 36.212
37.946 32.555 20.571
47.856 45.999 31.011
72.943 70.412 50.727
39.401 33.538 23.687
114.75 113.73 98.786
37.036 31.06 22.2
85.855 82.367 67.14
36.89 40.176 22.46
54.999 53.817 36.697
89.295 81.034 57.341
83.585 75.373 52.338
37.698 42.147 26.664
126.78 117.39 91.956
38.169 34.776 20.426
78.349 73.813 59.772
46.691 43.628 32.736
49.19 45.857 28.915
67.454 57.164 33.979
81.186 81.739 71.338
124.78 115.09 92.036
76.664 71.78 58.162
70.971 61.402 39.595
77.622 74.089 59.527
104.38 101.16 87.739
119.75 100.87 68.863
135.69 120 83.529
143.69 127.82 89.219
111.96 95.895 53.742
73.023 58.841 26.568
89.626 73.305 43.474
113.93 94.355 54.342
106.73 88.996 47.701
82.848 70.557 37.794
88.62 77.682 37.943
90.463 74.92 37.445
77.788 65.474 28.625
87.148 65.142 26.26
42.524 33.39 16.569
53.162 44.382 18.594
31.413 31.421 12.579
4.8929 4.8833 6.9556
108.76 92.463 52.844
82.693 66.628 35.752
101 79.413 40.206
19.344 21.743 50.08
79.791 73.002 101.18
22.753 22.602 71.248
35.765 48.299 104.96
119.3 110.35 121.43
33.43 30.695 50.022
3.6113 9.9523 90.023
21.574 44.356 82.81
30.149 62.955 106.94
94.935 64.16 32.276
83.915 64.547 39.658
75.402 59.883 32.274
75.585 64.643 34.076
112.52 91.159 32.081
158.65 99.469 30.698
68.626 50.412 20.739
12.694 10.895 10.977
124.18 102.92 45.652
81.913 74.58 36.207
111.69 90.796 43.029
70.987 55.737 25.459
78.343 60.803 26.257
86.373 66.155 26.741
94.689 67.191 18.85
39.779 66.611 66.304
45.936 43.447 33.718
71.007 80.453 70.801
70.352 67.035 48.451
13.218 31.005 29.729
19.712 54.512 54.396
14.445 35.446 35.043
29.978 53.135 48.796
20.755 45.229 45.936
23.917 39.857 40.316
39.469 54.412 50.663
101.88 106.76 66.33
63.51 68.959 40.337
59.108 59.495 29.786
83.569 103.25 55.766
71.17 89.43 43.752
87.343 104.8 59.294
69.758 81 55.666
40.517 46.911 22.723
76.578 79.436 67.24
54.543 55.931 44.739
69.898 75.305 68.801
96.94 95.475 85.605
70.319 66.316 56.874
62.86 59.271 50.951
87.406 84.001 59.093
109.31 114.1 88.04
108.22 150.98 142.45
127.52 151.39 145.82
127.23 153.55 145.7
92.636 97.491 82.602
155.42 146.37 118.94
142.95 148.13 133.71
117.37 114.14 93.859
77.48 125.84 121.09
67.228 116.77 111.21
55.867 95.577 92.482
97.546 110.67 95.366
101.06 126.86 106.12
141.11 157.38 140.08
96.854 121.67 101.25
117.12 133.41 117.19
116.43 133.53 117.31
100.08 125.55 104.73
105.14 120.03 104.04
99.622 113.82 97.779
3.2662 4.536 3.924
54.018 50.568 39.929
50.184 49.831 37.63
57.606 57.093 43.585
56.462 55.356 41.687
61.565 59.01 45.47
44.643 46.32 36.092
41.792 41.875 31.406
41.654 41.716 31.204
40.141 40.602 30.272
40.361 40.652 30.522
41.045 41.591 31.208
70.791 67.346 51.177
43.555 43.254 34.013
90.101 92.552 71.447
127.15 128.64 115.11
61.872 67.182 55.513
95.261 97.283 77.892
103.63 102.11 82.597
54.622 57.912 51.006
18.526 40.97 44.195
18.914 64.4 81.078
11.982 41.976 54.589
19.587 60.367 73.989
83.182 36.46 17.3
107.57 60.26 26.543
107.71 49.613 24.594
74.462 31.273 19.074
47.725 29.588 23.073
98.672 44.602 21.703
48.64 20.704 11.626
93.687 42.378 24.139
72.463 27.641 12.941
69.731 28.13 15.543
66.532 26.401 14.659
93.568 44.897 22.96
111.62 77.751 32.404
85.095 97.974 11.812
92.874 68.354 25.602
94.087 81.346 37.715
91.984 75.942 31.572
100.07 76.993 35.049
122.6 96.693 43.27
112.16 101.53 76.762
105.09 98.524 70.754
81.133 76.792 56.917
78.326 74.212 54.682
54.926 49.783 34.304
83.58 77.452 54.399
69.97 59.823 42.023
72.132 70.602 50.573
75.986 74.19 53.445
78.057 69.465 50.08
38.081 40.447 32.259
41.133 40.778 29.066
111.34 108.59 89.833
31.715 32.838 19.993
37.206 33.909 21.397
45.554 35.735 18.967
45.386 35.789 19.238
46.65 36.656 19.951
49.894 37.268 20.082
48.212 36.628 19.992
35.61 34.821 22.498
50.52 39.376 22.387
108.07 103.99 74.177
131.36 106.14 70.24
54.234 55.341 45.564
150.43 129.77 85.335
59.435 43.718 22.616
114.62 85.836 59.469
75.901 95.691 94.074
70.813 81.141 79.018
46.08 43.053 38.156
51.692 42.243 35.511
56.301 48.905 39.481
54.129 43.545 31.41
88.052 80.769 70.196
56.665 47.262 32.206
71.494 56.082 36.729
73.777 59.408 41.102
81.716 77.388 64.301
67.802 53.386 34.442
56.734 47.351 31.837
70.758 67.884 54.67
76.191 59.982 40.997
76.245 60.126 41.63
73.448 59.804 42.012
82.576 67.109 40.265
79.308 63.148 37.084
96.698 82.964 57.662
89.787 81.982 56.102
88.852 81.61 58.634
90.592 71.53 43.811
90.05 79.77 48.31
95.728 81.82 48.73
90.36 78.167 48.364
84.113 85.322 66.98
98.692 88.585 60.665
80.31 82.355 60.626
67.601 65.635 46.002
64.003 64.04 46.722
69.746 64.177 47.511
77.022 78.116 61.873
140.18 112.11 68.091
173.01 139.95 78.807
137.2 110.08 59.836
154.32 126.62 70.263
177.65 154.62 103.19
103.8 80.308 38.088
106.01 82.591 39.345
146.04 117.98 71.861
150.98 121.29 73.865
135.98 102.08 54.458
159.24 130.9 80.257
52.739 43.299 7.99
58.491 46.878 7.5915
100.11 83.482 26.734
95.907 79.843 26.035
93.398 78.143 25.325
78.929 64.778 18.705
85.168 69.608 19.468
111.02 91.409 53.802
108.19 88.586 51.798
113.45 69.744 7.7224
64.026 48.016 7.2237
91.966 63.538 4.6119
85.189 59.453 9.2987
127.99 84.716 8.8397
151.55 93.349 5.1113
173.97 125.26 6.804
56.88 40.403 10.423
54.743 36.565 14.124
58.27 42.807 13.178
85.318 75.357 35.534
64.766 61.523 55.935
66.541 67.062 64.679
48.543 54.337 54.279
44.102 45.292 40.419
58.869 29.584 18.783
71.893 42.236 24.885
40.783 46.874 48.298
57.609 54.515 49.656
56.348 34.187 21.503
60.479 37.057 20.848
74.596 53.66 44.601
34.815 38.677 38.5
105.96 101.71 96.469
76.15 76.365 72.803
104.08 100.83 95.93
74.382 75.216 71.382
42.1 46.613 46.605
146.46 146.4 136.1
47.092 42.235 36.238
42.776 44.046 17.837
48.619 41.932 10.647
41.187 31.322 7.2132
54.062 41.694 14.22
49.716 37.817 11.699
67.876 69.228 35.408
16.932 21.426 13.946
55.885 52.819 44.851
131.74 122.19 97.588
115.52 103.31 57.549
114.61 101.94 58.772
102.19 151.92 43.065
110.66 141.87 44.454
127.12 107.32 70.995
132.19 117.07 83.197
95.186 88.567 60.935
86.965 66.604 38.079
118.33 96.176 62.068
122.31 102.13 66.718
85.871 84.912 31.321
100.42 92.704 44.219
98.721 90.66 43.894
78.374 74.545 30.575
70.858 67.885 38.661
122.25 104.92 73.01
122.54 106.11 74.555
79.48 67.659 43.135
84.882 70.527 57.913
107.09 87.284 51.065
91.565 79.711 53.236
73.854 87.745 19.856
66.411 83.626 20.719
67.437 84.579 21.862
107.29 130.34 117.2
80.156 88.411 74.418
91.365 98.825 84.36
107.72 130 113.19
124.1 129.96 117.92
98.666 106.82 95.852
62.345 63.554 51.798
81.258 82.586 68.638
89.391 90.919 77.102
86.726 86.832 71.992
43.563 42.908 33.336
57.412 57.633 45.545
45.78 45.354 35.743
48.723 49.204 39.016
54.518 54.639 43.154
58.38 67.988 48.947
71.564 83.295 52.158
65.645 79.472 51.169
50.335 61.658 45.221
52.817 64.78 36.729
53.841 65.058 36.883
36.759 53.143 34.738
30.744 55.201 39.008
14.257 72.772 67.683
15.488 62.476 61.13
20.261 77.005 70.838
20.745 81.205 73.945
21.571 83.211 75.82
97.24 99.215 71.933
105.26 106.07 71.519
96.227 90.44 65.199
90.041 86.356 65.383
83.198 75.617 55.726
102.74 85.104 53.964
107.78 79.524 40.268
104.95 77.3 39.907
108.22 80.052 41.77
95.547 84.045 60.789
116.86 85.474 42.808
99.134 86.736 62.897
83.717 69.309 46.178
119.3 87.183 46.269
105.63 74.858 38.94
110.22 92.256 60.267
85.252 71.305 48.498
101.01 85.213 55.524
114.89 85.31 47.175
114.63 101.16 71.409
86.122 77.936 59.915
105.48 79.053 41.943
79.379 58.013 32.958
107.78 95.36 63.66
91.402 78.836 56.667
44.058 28.128 5.9119
35.248 35.738 11.176
35.136 31.25 6.9957
32.115 32.274 12.706
28.385 29.777 11.415
32.32 29.415 5.6625
32.818 29.846 6.0804
79.448 63.922 30.448
85.435 70.402 39.028
83.506 68.389 36.875
70.521 67.562 34.65
69.32 64.496 37.62
87.622 75.346 43.935
101.3 82.966 56.647
99.031 80.433 53.987
45.555 35.915 22.091
97.234 78.568 52.282
74.288 63.951 41.633
95.47 81.137 58.957
212.79 203.34 164.29
221.46 195.95 108.36
203.11 178.34 101.57
218.29 214.78 174.02
192.1 165.43 83.344
81.271 85.962 60.888
69.417 71.852 31.209
104.71 84.648 49.633
168.92 146.43 90.52
118.67 105.61 80.247
131.87 117.9 69.096
101.41 84.128 33.057
66.999 51.604 22.829
74.858 61.553 25.342
78.639 70.877 36.439
52.197 42.336 18.38
52.826 42.874 18.225
117.13 112.59 42.99
140.34 137.12 58.48
108.35 94.805 35.088
111.85 95.54 41.557
113.91 102.18 42.949
120.09 112.12 47.9
99.889 95.167 39.213
108.31 101.6 44.453
96.664 93.105 33.487
119.88 110.97 38.978
110.59 96.402 48.866
120.06 108.56 50.068
110.94 97.04 50.335
123.99 113.59 68.721
125.11 113.51 53.857
103.62 91.239 53.726
91.806 78.503 43.914
102.26 90.18 39.645
91.095 82.956 46.838
95.049 86.755 35.461
87.675 78.852 36.446
77.613 70.384 24.715
79.279 70.611 18.933
132.68 105.07 55.755
88.52 59.292 18.954
102.36 72.716 29.52
105.94 72.49 25.889
107.91 62.335 18.023
88.899 61.904 23.996
90.92 63.185 24.248
83.871 63.336 27.01
88.009 70.903 32.944
87.914 62.853 29.39
78.998 61.535 34.492
85.661 65.749 33.391
82.502 66.519 37.716
78.442 58.211 22.431
71.112 52.874 26.262
80.624 60.829 24.448
69.982 103.59 116.99
33.102 46.572 54.183
43.528 72.239 76.693
122.93 133.55 87.2
120.69 112.7 96.291
74.019 80.502 71.665
69.212 67.365 60.3
73.172 80.59 67.046
98.704 100.03 98.911
82.217 100.61 104.06
56.47 94.128 95.129
50.043 35.231 30.399
59.656 33.026 29.024
34.645 28.342 20.251
35.225 28.326 20.828
49.05 26.334 15.783
32.115 26.274 20.061
103.23 72.85 34.879
63.137 37.502 3.1354
103.85 72.454 34.8
35.276 23.938 10.691
52.951 30.549 6.6398
57.691 29.808 4.9714
37.361 49.148 35.733
44.748 71.204 71.564
137.05 121.7 15.796
67.659 54.804 14.433
76.767 6.5037 12.79
134.93 167.25 180.22
62.823 79.779 85.245
108.33 134.03 140.69
111.74 137.29 146.73
110.74 136.08 144.75
93.722 114.21 116.27
95.677 116.57 118.78
96.815 117.73 119.91
97.062 117.68 119.96
125.97 138.78 139.02
129.4 146.63 137.69
127.63 144.93 136.92
140.06 148.26 144.43
155.25 171.18 172.56
91.014 105.38 105.79
113.16 109.82 78.218
73.275 101.96 99.084
64.21 74.517 53.47
199.42 202.41 199.22
179.51 205.58 202.76
79.394 122.47 98.898
110.9 108.98 110.85
114.31 115.55 115.03
99.652 102.75 108.65
89.851 98.059 91.286
83.836 92.853 86.432
103.61 107.27 112.91
104.09 107.55 111.87
101.75 109.59 105.69
96.211 100.5 105.19
99.577 103.4 112.05
82.398 76.896 84.579
85.219 74.273 81.844
94.314 85.288 91.092
90.83 108.85 115.15
78.512 91.718 106.05
68.088 58.972 69.487
103.47 93.252 59.674
124.79 105.92 69.333
96.062 81.609 52.892
118.77 107.75 70.538
119.95 108.69 71.464
116.09 99.842 68.908
103.68 82.702 53.164
133.38 112.86 70.136
99.283 81.932 52.531
103.17 88.23 55.339
106.91 96.678 65.041
100.64 86.452 57.666
134.48 114.77 83.192
99.746 89.32 60.593
129.99 108.46 78.154
131.17 110.16 80.349
116.11 98.745 75.985
43.622 40.271 33.665
48.113 48.867 42.234
60.278 30.065 23.842
52.652 45.305 29.138
54.626 50.124 36.985
52.513 43.481 28.413
47.752 43.763 33.306
44.83 36.659 22.927
52.971 87.585 86.029
45.701 37.962 24.907
51.711 48.446 42.266
72.329 66.425 59.753
45.551 86.798 92.162
114.67 159.73 176.62
152.61 126.86 82.022
108.06 87.481 49.15
43.567 40.658 36.234
37.619 34.511 30.627
13.792 142.35 156.68
23.485 62.757 60.623
87.484 70.181 33.64
77.853 67.794 32.97
111.54 109.18 86.348
104.61 96.482 61.397
115.26 108.45 73.232
69.156 59.778 26.309
119.06 113.25 82.662
122.37 118.13 82.2
133.36 125.99 94.418
111.5 86.596 52.613
144.69 137.89 106.99
153.83 149.27 118.24
23.222 60.275 58.308
24.102 51.956 48.528
19.426 79.328 99.742
66.031 67.363 41.567
69.6 67.593 39.147
90.408 103.74 54.68
79.837 70.83 41.223
62.285 59.23 28.215
87.465 82.035 57.445
57.398 51.917 30.948
46.004 43.189 33.363
51.718 43.903 32.618
36.722 34.453 27.102
40.073 37.953 29.533
47.332 44.441 34.549
44.199 41.116 32.177
44.147 36.962 23.711
45.414 112.33 113.92
42.689 52.317 46.832
36.741 49.751 49.059
49.445 42.764 28.763
49.419 43.35 29.225
52.128 45.25 31.863
44.111 38.527 27.278
41.859 50.638 45.165
42.408 52.033 47.67
43.249 37.546 25.898
43.982 38.432 27.126
41.797 50.921 46.236
34.363 32.274 25.499
44.753 37.782 24.848
42.742 40.303 28.649
46.09 42.058 34.152
35.345 45.953 41.713
51.34 47.727 37.302
31.481 44.384 41.613
54.333 59.026 50.581
62.032 57.555 48.979
80.17 76.357 65.182
79.171 76.761 67.181
75.693 76.841 67.73
88.572 89.35 76.119
57.947 93.465 103.21
51.09 57.143 51.896
39.608 48.076 46.91
28.631 41.135 43.388
40.864 56.585 53.694
40.972 59.02 57.122
33.673 46.641 47.914
41.955 57.306 57.363
64.42 70.635 62.563
94.97 95.815 81.553
88.488 94.281 72.991
93.835 123.41 128.67
130.36 165.59 158.45
106.87 150.14 143.18
107.47 144.84 136.63
78.736 102.45 91.977
82.541 134.03 137.03
104.8 115.44 110.55
73.3 116.07 108.51
98.731 88.819 61.283
87.717 134.75 139.14
92.056 90.321 75.724
78.222 115.15 122.15
111.88 111.56 101.12
91.077 110.19 103.15
100.43 144.08 136.54
96.597 129.04 121.23
115.93 123.83 105.24
101.94 103.17 83.831
73.716 120.86 124.13
91.608 126.57 124.05
90.379 123.12 120.2
114.93 107.17 85.128
107.9 154.95 157.49
84.162 130.45 130.01
95.471 127.32 123.43
114.03 105.66 76.164
101.6 107.5 103.92
125 116.9 88.546
0 0 0
105.11 95.377 57.497
104.8 96.204 57.935
147.75 120.44 64.76
122.16 94.971 42.287
93.356 70.994 27.709
98.391 75.119 37.662
118.42 92.331 47.15
155.24 120.43 62.366
149.76 117.88 56.823
103.16 91.179 37.985
117.71 95.945 58.066
88.854 83.444 38.361
114.02 93.265 53.949
121.53 106.87 33.589
87.09 84.669 38.313
91.149 71.561 41.007
87.562 82.041 41.488
111.1 90.825 56.879
112.38 102.3 31.104
69.52 45.024 21.044
82.721 61.573 24.71
127.37 126.47 96.617
89.581 67.709 51.784
115.73 82.204 23.944
6.9295 75.143 103.97
2.6424 2.6073 2.5812
2.247 2.2204 2.1903
1.241 1.0049 1.0976
13.291 10.939 14.029
28.845 24.735 34.888
10.774 20.131 19.23
7.1945 7.1486 7.1693
4.3672 42.819 45.655
52.77 29.631 24.055
14.3 7.0161 6.7412
15.722 7.4791 6.7963
13.502 7.6721 7.1559
15.225 8.9316 7.7264
22.194 6.9438 4.7819
19.382 4.3269 4.2227
0 0 0
7.2846 7.1173 7.0573
10.159 10.001 9.8082
6.7315 6.5829 6.5219
10.57 10.403 10.255
9.103 8.9381 8.8314
9.7442 9.5489 9.4468
8.8199 8.6854 8.5707
8.6092 8.4797 8.3356
8.7362 8.5383 8.4748
8.4703 8.2669 8.2223
7.9108 7.7781 7.657
8.5105 8.3239 8.238
9.3143 9.1351 9.0215
9.1451 8.9389 8.886
10.645 10.463 10.311
9.6939 9.4911 9.4031
8.3779 8.2002 8.1197
10.162 9.9518 9.8248
11.066 10.891 10.741
10.631 10.367 10.362
9.7016 9.5414 9.369
9.2111 9.8919 8.8914
6.7226 6.512 6.508
2.493 2.4365 2.3699
0 0 0
