0 0 0
0 0 0
0 0 0
158.46 119.62 5.7898
80.454 78.788 105.11
137.48 152.48 118.51
88.181 72.555 55.42
89.613 74.552 53.726
99.307 89.311 69.57
103.77 69.246 51.066
88.073 86.622 62.885
91.337 86.107 71.553
45.187 26.337 15.034
44.71 29.07 19.363
36.376 22.037 16.577
39.745 29.39 18.524
42.214 34.003 29.844
57.23 38.301 30.138
30.243 25.439 20.751
30.078 23.395 19.365
38.659 28.54 19.141
39.314 28.349 19.159
32.56 24.417 20.014
39.594 29.48 19.123
47.101 35.456 30.252
34.75 24.702 18.954
35.763 24.747 18.856
32.647 21.966 15.886
31.981 23.014 18.446
42.5 29.058 22.537
36.3 23.847 13.52
45.243 32.728 26.215
39.046 26.466 15.998
38.558 25.973 16.414
43.684 31.819 26.257
89.208 77.711 65.579
115.2 99.604 85.553
120.68 95.735 79.884
114.7 96.848 81.654
121.64 100.41 84.555
121.6 108.77 89.064
121.07 103.25 85.037
124.24 105.99 90.641
112.14 95.043 75.866
103 86.466 65.653
114.29 104.41 87.143
114.18 97.551 82.764
112.68 100.11 85.163
118.6 105.19 84.683
105.94 99.615 80.762
125.47 117.92 94.015
82.853 69.587 53.316
105 97.245 75.303
104.47 95.36 72.347
101.74 89.671 69.838
236.35 255 235.35
60.545 43.784 39.142
79.44 82.736 69.564
72.69 36.894 37.392
77.822 79.583 65.813
64.436 57.078 53.125
78.345 60.71 62.751
75.208 58.654 60.628
79.593 74.458 58.277
59.109 42.183 41.781
57.31 53.309 45.628
76.906 70.202 44.368
64.966 66.67 46.591
96.748 86.361 71.08
60.569 59.64 41.381
64.907 66.958 47.026
84.259 75.405 56.25
93.7 97.133 78.522
101.71 100.7 82.155
66.06 67.437 57.888
68.851 73.281 63.612
102.88 97.454 78.664
95.262 92.296 79.02
97.954 94.33 81.047
63.739 57.578 31.257
112.75 91.394 66.444
116.85 91.733 67.347
73.26 53.395 42.954
74.991 63.036 44.582
77.831 64.42 45.683
60.433 50.228 35.277
67.351 59.115 42.16
69.39 58.903 46.503
77.188 63.807 49.852
68.275 57.301 45.117
63.336 53.604 34.525
69.831 59.155 36.498
62.543 51.915 32.314
60.226 47.214 29.207
126.56 126.15 67.942
107.97 102.52 78.376
95.809 90.734 57.794
120.81 108.51 77.321
111.64 111.99 70.729
94.794 93.949 72.527
128.01 118.36 79.082
136.89 127.96 94.688
113.72 101.18 70.017
116.13 98.787 76.563
111.52 122.11 87.95
100.31 88.334 65.413
121.21 105.01 66.8
163.18 138.75 105.26
104.61 101.83 73.4
105.36 103.03 74.462
56.069 44.573 30.847
9.9577 9.7453 11.994
14.844 11.858 13.486
19.221 10.074 8.7103
14.936 8.9178 5.7888
50.885 29.733 19.482
26.185 14.238 11.497
23.908 12.586 10.993
26.06 23.478 29.197
13.281 16.855 22.743
14.88 15.004 21.888
18.136 16.28 20.191
17.106 17.635 25.034
18.942 15.287 18.16
14.17 16.232 23.897
16.968 13.676 15.88
16.522 13.957 18.468
24.686 20.796 27.536
35.949 34.658 33.24
16.299 17.906 26.209
23.314 26.174 34.684
55.707 67.229 65.112
58.862 69.321 66.748
54.768 67.251 63.675
53.766 60.809 64.235
45.52 59.711 70.098
70.758 75.227 80.331
61.711 62.577 75.711
59.821 61.916 74.655
74.589 76.978 82.572
82.067 80.415 90.43
59.704 60.996 75.149
69.361 80.707 85.92
59.339 60.931 73.726
57.774 48.713 46.862
68.387 76.818 81.964
57.242 59.09 66.455
65.3 74.371 80.312
53.524 61.58 66.196
52.223 61.22 72.621
49.688 55.828 66.516
88.745 91.265 88.417
105.18 119.81 118.2
87.598 99.04 102.78
101.3 115.23 112.01
77.7 82.049 83.191
94.971 105.09 108.65
19.101 27.988 25.388
15.595 12.705 14.558
14.372 11.489 14.272
20.771 20.876 18.129
23.978 31.922 28.175
23.053 22.654 20.014
20.784 21.071 18.171
23.53 29.596 25.709
23.911 30.337 26.017
12.187 15.151 12.81
80.306 73.049 56.415
80.965 73.823 57.051
74.926 69.134 62.909
71.866 68.775 62.056
62.53 58.982 54.61
111.59 93.359 73.725
87.691 66.115 52.251
96.046 75.544 60.011
84.183 70.73 57.879
86.45 72.966 59.242
82.586 65.442 54.103
92.206 74.565 66.099
92.09 74.999 64.836
98.211 85.038 68.826
96.542 74.563 64.602
92.143 82.24 63.762
93.11 70.201 60.636
91.633 69.419 61.508
95.179 80.227 65.016
98.298 85.951 74.248
94.574 71.307 62.151
93.127 68.098 59.385
96.485 84.21 73.572
98.623 84.512 73.544
96.597 90.287 79.114
109.47 108.47 99.282
100.25 94.1 79.867
76.624 71.633 56.213
83.637 82.349 69.912
87.244 86.288 72.441
88.896 75.122 60.913
94.899 80.56 55.325
105.04 84.756 62.187
106.11 75.791 64.947
154.53 144.35 111.76
129.89 93.523 52.651
92.198 66.012 38.554
122.24 93.039 47.631
100.2 67.54 42.091
116.71 87.546 53.79
108.26 81.056 47.572
115.32 75.497 54.35
130.14 87.955 56.064
125.21 82.917 57.631
113.49 81.172 54.89
122.71 93.71 62.663
112.94 85.486 52.214
103.4 68.95 50.276
94.577 50.712 37.904
106.75 89.781 58.798
129.19 119.34 99.868
112.88 72.742 37.57
76.004 55.912 40.629
64.644 36.305 26.283
49.35 26.106 18.723
66.12 21.853 23.858
39.881 23.886 15.668
57.211 35.339 23.197
63.756 18.122 15.074
48.026 16.202 15.294
34.019 9.8582 5.0368
99.816 71.1 44.406
100.26 79.777 51.016
100.59 79.169 53.613
79.163 69.087 44.148
87.958 77.084 50.658
86.403 77.087 50.04
83.038 73.009 48.075
73.672 70.01 41.646
85.359 75.073 56.347
90.077 76.424 47.694
80.805 77.021 53.68
93.472 70.272 46.023
81.807 61.908 41.301
78.73 71.295 52.049
83.754 63.538 47.789
82.771 75.149 55.787
61.2 70.966 57.86
100.62 78.507 48.246
84.277 74.283 60.186
69.294 71.865 50.929
89.477 72.928 39.293
93.105 73.591 52.19
90.373 67.451 40.325
93.161 70.826 54.001
114.43 97.041 47.792
113.5 93.333 42.513
85.693 69.368 47.779
104.73 80.622 55.557
84.135 62.066 46.036
78.799 55.448 36.157
56.783 83.04 108.17
89.657 66.964 41.528
86.39 56.166 37.965
52.669 31.464 36.711
20.315 16.85 15.805
14.633 9.9445 12.379
14.65 11.914 14.216
17.249 15.712 12.177
26.41 26.171 21.152
26.811 26.688 21.019
18.879 20.436 19.543
48.006 29.517 20.6
48.555 32.362 20.375
44.141 27.681 22.294
31.237 15.516 14.51
27.932 16.296 15.981
47.436 42.369 46.19
20.594 17.576 14.561
19.145 14.281 12.5
18.57 14.138 11.688
10.243 5.6524 7.5646
11.816 5.2146 7.3766
17.462 10.918 9.877
132.71 60.473 29.598
83.412 52.229 31.884
51.071 37.498 24.665
49.647 20.067 13.218
90.157 51.42 37.074
110.5 84.724 60.562
123.02 78.991 52.786
115.4 73.396 48.129
110.71 84.467 55.393
115.28 73.971 48.795
128.28 90.183 54.016
143.52 117.63 77.712
117.26 96.946 58.946
103.55 95.691 66.723
97.004 85.843 58.951
71.592 69.633 52.009
113.29 92.944 58.477
127.93 116.15 65.492
120.06 102.82 58.788
118.9 97.061 50.623
138.27 112.66 55.122
115.6 83.401 57.503
137.12 96.822 64.536
97.176 64.505 40.544
73.229 63.559 36.643
88.581 72.683 40.591
105.76 76.233 38.315
51.76 40.243 17.917
46.674 29.239 17.514
52.497 39.851 18.957
70.435 52.035 29.595
81.599 60.925 35.069
117.66 91.762 57.866
136.51 104.35 71.532
131.34 98.709 67.318
112.13 85.777 50.608
136.08 104.5 70.415
116.36 86.466 52.358
58.593 31.696 18.794
68.367 43.778 21.671
99.417 71.435 35.084
97.605 70.399 35.232
98.723 73.204 42.118
122.92 96.188 62.122
104.57 80.706 42.221
95.705 77.795 45.217
119.11 115.11 101.97
99.325 76.022 44.45
107.35 96.045 66.475
106.6 84.871 65.482
109.51 91.191 57.386
121.13 93.96 53.368
92.38 68.271 46.058
69.703 50.161 40.197
180.74 124.98 50.453
118.22 93.976 61.817
112.58 90.003 58.657
125.95 98.251 59.588
128.53 125.75 102.44
101.03 92.377 50.342
111.66 98.665 49.759
128.25 119.02 68.351
125.85 107.62 58.067
151.19 130.23 100.35
148.56 113.8 88.622
115.11 95.803 52.839
107.59 104.09 63.327
150.63 135.39 104.67
150.51 141.16 109.02
100.68 81.551 55.411
106.21 84.829 56.632
20.836 21.337 22.438
62.016 47.219 33.777
45.374 33.611 22.67
60.106 49.738 36.422
57.747 47.936 34.664
46.987 37.358 27.939
63.418 52.514 33.353
44.705 33.328 22.606
11.069 11.857 19.735
55.958 44.053 31.098
58.16 39.453 28.041
33.206 33.514 26.641
30.775 27.819 19.723
31.231 28.703 31.649
29.408 28.392 31.336
20.164 21.531 16.713
26.481 25.241 27.046
56.375 47.32 30.664
52.739 46.107 35.272
36.601 32.446 24.491
59.412 50.093 31.91
24.674 22.835 16.477
37.295 27.921 18.014
39.219 29.641 19.329
44.084 32.827 20.089
37.269 29.507 19.514
31.519 26.041 16.849
50.198 39.473 24.036
41.665 31.764 18.847
46.671 41.953 33.933
33.951 36.289 30.47
43.787 37.921 30.106
32.946 33.659 27.5
72.639 66.426 55.203
45.655 27.962 17.814
112.3 59.919 28.458
90.467 56.557 33.548
106.87 73.216 37.352
119.71 81.936 44.151
119 80.403 50.625
112.32 88.456 49.109
130.01 95.335 53.347
92.77 76.412 55.477
72.606 57.599 48.574
153.06 139.25 113.12
103.2 76.405 54.532
119.75 70.623 46.876
105.62 71.805 47.491
129.16 88.385 56.651
79.889 48.593 35.914
94.089 55.116 35.064
101.23 62.096 39.342
102.72 63.149 39.397
100.82 62.029 38.932
113.71 133.93 135.35
105.2 81.429 61.278
112.7 81.398 55.117
140.19 122.61 96.072
154.86 138.82 105.35
119.75 97.367 74.667
154.27 147.98 119.14
167.5 101.29 37.908
130.92 132.86 121.36
109.72 140.7 142.11
105.16 83.207 61.179
139.96 173.72 163.07
150.06 106.64 61.406
88.222 61.862 44.08
155.65 115.66 66.997
114.8 90.077 54.856
172.24 120.49 68.601
127.01 126.1 115.8
131.35 112.33 83.006
151.98 126.02 97.832
147.73 123.09 90.892
15.462 30.405 58.497
36.585 23.91 21.837
36.474 19.814 8.8852
27.308 19.009 15.659
46.427 34.47 31.614
32.589 21.51 16.789
46.595 38.028 33.284
24.794 32.542 38.772
40.765 26.448 20.699
53.69 17.468 12.598
42.554 20.303 13.72
57.916 27.689 17.425
55.17 33.709 25.386
44.238 21.358 12.273
44.694 24.872 16.371
46.379 31.4 22.596
45.423 30.23 21.376
50.951 33.354 20.862
30.352 18.393 10.524
45.044 29.269 20.563
36.781 19.972 12.181
32.296 12.13 6.536
44.451 28.323 19.781
42.633 25.708 15.558
42.749 28.05 19.911
38.969 22.304 13.838
36.631 20.05 13.012
35.696 15.011 10.001
6.43 4.6082 4.0618
25.138 18.761 15.648
23.84 17.1 14.094
25.534 18.47 15.186
24.659 18.909 16.432
30.777 25.66 23.34
23.099 17.54 14.454
60.527 20.628 14.314
32.214 24.069 20.303
34.567 25.826 21.888
63.856 45.873 35.496
55.877 41.342 29.069
57.64 40.316 30.005
56.908 40.458 29.878
53.675 34.693 25.761
60.062 42.556 31.735
86.189 65.622 51.125
59.494 42.422 31.777
77.073 55.586 41.085
50.794 31.138 21.872
66.959 48.524 34.806
9.271 8.1649 8.7764
55.368 38.553 28.245
27.441 16.439 9.4992
40.019 20.691 13.043
13.963 8.058 7.8449
15.632 9.0285 7.6877
94.812 80.824 39.111
100.46 82.735 39.447
98.092 83.57 43.164
100.91 84.425 39.917
94.177 76.634 43.806
100.85 87.365 28.714
117.24 102.58 36.924
95.284 82.495 31.955
81.062 64.974 36.628
105.49 80.682 43.326
92.527 82.045 29.454
97.038 84.487 30.586
77.287 62.985 37.272
92.133 80.922 33.195
100.78 86.361 48.398
67.569 46.846 30.421
85.29 63.18 39.202
99.21 80.57 48.193
106.63 89.644 67.008
56.488 40.655 23.239
63.345 44.587 33.32
81.759 75.466 62.712
120.81 101.4 65.824
63.7 49.685 32.252
97.524 82.928 58.993
34.014 19.719 16.521
48.868 25.131 25.402
32.248 21.886 15.49
69.333 49.758 46.338
64.96 54.095 46.516
41.24 27.775 19.505
38.899 29.9 26.748
30.579 21.084 14.265
41.233 28.403 20.775
51.279 36.94 26.744
46.063 31.031 21.972
43.47 29.746 19.409
46.377 29.328 20.537
39.309 23.872 12.598
34.831 26.102 18.538
54.591 30.139 26.509
56.52 31.525 28.72
50.752 34.901 25.444
33.141 24.338 14.397
43.127 29.245 22.307
30.016 21.585 12.803
40.068 22.012 25.984
50.094 22.9 31.54
42.95 19.732 24.513
26.303 20.207 14.673
26.76 20.832 15.386
24.096 19.442 16.625
22.03 18.625 18.552
31.715 24.728 24.957
22.078 13.117 4.5655
19.706 14.771 8.7705
18.58 14.195 9.2577
28.451 24.933 19.588
21.221 13.679 9.5752
35.296 21.201 13.617
28.74 19.748 11.782
35.074 21.346 14.026
29.161 20.251 13.24
36.21 23.697 23.103
30.092 20.448 13.566
21.614 17.538 10.209
24.112 17.801 12.099
19.182 12.496 8.1178
21.998 13.835 9.0033
22.007 13.918 9.0237
29.404 21.832 15.338
22.931 15.703 10.704
26.316 17.857 17.79
23.17 16.182 11.133
25.567 18.145 12.735
26.047 18.114 21.231
19.229 12.869 7.9541
25.04 19.467 13.721
26.565 19.223 21.344
24.363 18.666 14.049
20.289 19.202 16.494
33.583 29.043 27.294
39.427 33.901 32.245
28.423 28.576 22.458
31.766 31.44 25.082
21.48 21.013 17.301
51.699 34.869 35.203
35.912 29.224 29.531
70.551 50.501 44.405
49.621 47.495 36.254
53.602 41.303 36.134
69.227 62.847 34.547
115.22 93.402 58.976
119.08 97.493 63.523
127.17 101.87 66.14
65.778 53.759 38.121
44.41 37.927 25.514
72.807 54.292 35.879
38.722 34.296 26.525
44.7 40.188 28.801
73.424 70.565 40.742
82.816 74.342 62.52
118.61 109.48 78.842
95.717 75.409 65.281
98.703 95.174 69.866
84.629 69.619 57.449
88.347 83.703 58.267
48.245 31.194 23.953
58.273 39.284 28.345
80.502 66.024 52.984
101.81 97.786 71.701
58.523 35.153 25.836
65.898 56.647 42.809
83.437 86.931 65.988
70.673 72.685 63.948
72.68 77.331 52.13
96.421 85.748 74.409
91.648 79.086 62.501
103.81 92.143 67.792
108.59 96.385 71.988
106.68 94.994 70.377
81.461 78.005 67.4
87.017 79.776 62.609
80.638 79.34 68.728
88.414 76.862 59.38
65.486 49.991 38.154
62.851 55.436 44.962
84.286 67.352 47.687
86.221 69.217 55.224
83.16 69.407 55.367
12.667 13.085 14.424
14.624 19.164 26.299
8.6692 8.2488 11.044
14.043 18.475 25.853
12.25 17.102 23.281
17.209 22.736 27.603
10.158 10.778 13.784
11.577 11.201 13.501
9.3213 8.726 8.5194
5.688 6.1623 8.5169
8.7433 11.069 13.696
10.348 12.029 14.284
78.935 69.274 41.611
81.305 56.9 23.19
82.821 65.535 36.778
94.726 71.834 34.878
92.024 74.934 45.158
102.18 87.012 56.474
92.692 73.891 43.318
93.647 74.499 44.281
108.71 91.238 64.028
103.45 103.88 88.131
110 98.246 57.009
106.63 91.58 66.513
97.448 94.128 66.099
90.385 86.834 68.543
130.86 102.82 71.893
126.89 100.6 64.008
102.82 99.379 70.335
81.174 87.742 63.818
84.486 72.992 39.395
96.03 88.51 63.34
93.482 79.889 46.75
85.855 84.256 70.803
107.51 106.42 64.714
83.592 81.558 47.023
129.79 111.63 62.104
96.102 87.182 52.723
129.32 122.47 81.024
91.114 99.503 89.715
118.79 88.654 62.623
109.34 88.309 37.341
115.35 106.68 73.255
142.59 122.21 77.259
127.72 108.18 65.569
124.69 106.84 60.644
142.53 124.19 75.262
131.35 107.22 66.025
137.8 106.02 58.774
120.47 93.254 57.962
132.5 107.48 64.813
139.69 131.75 92.003
138.87 113.97 64.162
117.85 109.72 77.375
170.45 190.38 173.13
44.578 33.641 23.771
47.785 38.342 26.072
44.516 33.319 21.308
36.118 27.243 17.614
39.685 31.391 21.559
39.277 31.253 21.208
44.279 33.237 24.77
36.564 26.18 19.219
2.5626 2.648 1.9024
14.135 13.099 10.795
23.914 22.192 17.522
28.683 25.162 19.975
26.319 23.866 18.957
22.65 20.325 16.467
22.524 19.701 16.048
31.543 25.041 20.915
30.986 24.997 20.784
30.076 24.501 20.326
26.156 24.317 19.126
24.374 22.212 17.541
31.206 25.766 21.053
29.223 24.329 19.967
27.653 24.665 19.592
28.881 25 20.145
26.179 23.979 18.891
24.123 21.242 17.059
27.657 24.108 19.295
21.405 18.835 15.282
18.741 16.745 13.7
18.208 14.668 12.452
33.024 23.097 20.062
33.653 20.189 18.768
32.248 19.98 18.466
33.996 21.776 19.69
32.362 19.707 18.333
21.666 16.343 13.968
24.093 21.83 17.167
21.809 15.769 13.954
5.4641 7.8839 12.428
