7.9823 7.9849 7.9706
7.9823 7.9849 7.9706
7.9823 7.9849 7.9706
8.9186 8.9212 8.9049
12.239 10.093 8.681
9.8809 9.1507 8.4786
12.361 8.9596 8.2631
12.141 9.3473 8.1291
67.945 40.95 17.845
59.338 34.366 14.618
85.077 50.466 21.75
57.601 32.977 13.643
62.759 36.317 16.904
56.128 33.824 19.115
26.868 14.974 11.043
78.488 71.946 45.135
66.073 57.034 43.651
118.63 108.78 81.146
69.799 67.899 56.045
101.34 98.256 83.221
118.79 110.54 85.471
123.75 125.6 122.33
7.9823 7.9839 7.9688
95.181 93.36 74.121
89.493 80.479 55.971
120.77 106.84 83.528
109.72 104.61 84.712
112.28 115.55 94.08
78.003 71.013 56.084
86.317 90.956 73.794
128.65 126.85 110.81
74.457 67.719 54.523
91.532 76.993 58.221
98.118 93.328 79.478
93.197 94.243 80.596
123.16 116.84 91.487
97.561 86.118 58.923
7.9823 7.9839 7.9688
90.763 44.083 21.802
76.471 44.587 28.158
92.973 47.301 23.882
80.264 43.926 24.233
91.833 53.822 30.817
91.963 66.948 48.889
79.267 42.56 22.372
82.477 53.772 31.075
93.757 65.993 39.775
68.509 45.376 26.651
93.275 69.389 42.622
80.32 57.217 37.129
69.669 39.105 21.093
68.445 41.788 22.581
95.325 61.107 34.114
76.131 48.599 28.945
101.49 60.952 29.463
76.797 52.898 34.509
104.11 66.71 37.555
100.36 74.341 40.455
36.767 18.984 12.903
46.958 31.314 14.652
91.868 70.794 43.42
68.585 45.553 21.805
57.86 38.597 25.044
53.356 33.489 21.708
62.156 40.283 24.444
65.599 36.262 16.623
104.28 73.123 43.66
77.193 55.164 30.761
75.85 48.559 30.978
78.949 44.852 23.662
54.743 31.81 16.313
82.084 49.349 23.615
87.694 56.791 25.997
108.75 75.399 30.615
63 37.444 17.544
51.935 31.03 15.126
83.07 57.674 31.132
97.547 57.225 23.461
93.367 59.949 25.941
120.83 83.176 39.069
105.66 69.788 33.558
140.6 115.81 81.751
83.185 51.444 29.079
76.477 45.319 24.355
98.239 65.532 28.876
88.525 61.755 29.071
106.04 81.076 47.474
55.849 36.175 17.987
57.086 40.108 24.068
98.479 63.78 26.321
53.275 34.621 16.926
69.41 42.624 21.392
46.88 34.7 27.157
100.8 69.539 28.592
102.34 81.476 54.488
72.776 59.656 41.254
75.197 57.489 36.859
7.9835 7.9852 7.9692
35.071 26.345 17.904
17.772 13.064 10.915
13.019 9.948 9.4152
15.815 12.625 14.706
14.626 7.9573 7.8555
16.016 10.348 9.529
20.158 14.256 13.36
8.2189 8.0495 8.2113
11.671 9.2188 10.658
8.0054 7.9979 7.9845
8.879 8.2995 8.1582
90.141 48.218 18.739
28.629 14.968 9.5644
22.903 11.335 8.3786
72.13 55.138 34.38
27.993 13.23 8.7646
35.13 15.509 8.9888
32.387 12.393 8.5631
33.199 15.097 8.8076
25.35 11.418 8.3154
16.071 8.0448 7.9211
50.991 22.44 10.038
64.418 34.454 19.732
41.494 20.624 11.35
45.64 19.751 9.9585
34.01 15.598 9.0192
33.82 16.386 9.2424
45.137 23.783 12.978
35.865 17.542 9.9332
20.762 13.844 8.2163
33.641 19.21 9.1176
32.53 18.78 8.7107
47.679 28.508 10.652
44.034 32.278 20.614
38.785 19.44 8.9741
111.46 77.838 44.363
113.23 75.521 37.319
96.702 65.426 38.636
89.01 50.364 23.269
103.87 61.622 36.146
58.697 36.094 18.618
71.094 36.137 16.178
100.93 52.036 22.187
105.02 82.7 62.776
76.226 44.571 24.647
91.414 59.066 31.44
57.705 31.443 15.464
74.73 41.421 26.969
67.68 36.303 25.046
132.11 102.39 76.717
98.9 61.676 35.169
80.235 42.837 27.503
100.86 57.911 26.13
102.78 64.544 32.623
98.255 46.067 18.828
101.24 54.532 23.773
107.95 67.633 33.25
96.098 70.417 50.156
74.345 44.044 25.736
86.446 48.049 23.139
68.981 41.384 22.82
140.27 94.077 60.717
112.77 70.852 38.29
65.637 35.378 16.653
76.588 44.242 26.63
77.647 54.072 33.728
116.92 65.216 24.254
85.934 52.335 31.652
81.965 48.03 21.502
86.473 61.867 41.962
7.9823 7.9839 7.9688
84.566 51.535 36.508
91.784 71.083 60.211
135.1 68.56 37.141
144.64 120.97 102.47
105.69 62.294 33.652
66.797 38.096 22.522
67.379 33 19.559
91.301 54.674 34.925
81.318 47.814 30.409
71.553 34.603 18.7
103.46 61.008 31.521
89.718 44.168 16.306
102.71 54.563 31.008
65.061 33.512 18.38
79.878 61.995 45.482
87.61 51.381 29.166
91.441 47.148 23.901
119.36 68.179 40.953
103.02 51.313 27.522
98.172 51.269 25.038
95.396 44.79 19.564
71.648 37.56 23.158
68.705 43.375 26.334
67.049 43.472 26.431
69.753 41.736 27.592
87.787 49.528 31.288
68.384 42.232 28.802
96.081 64.188 41.723
76.6 36.143 18.381
81.409 59.35 42.219
7.9823 7.9849 7.9706
33.774 16.576 9.5806
8.6801 7.926 7.9725
10.812 8.2738 8.2355
11.539 9.9442 9.2968
16.93 11.132 8.8549
17.949 11.803 8.8213
25.282 18.345 16.364
7.9829 7.9847 7.9699
16.197 12.41 11.067
13.846 9.5036 9.5771
21.677 17.299 22.181
70.298 37.499 18.169
100.26 60.448 29.358
96.879 55.979 28.07
93.535 49.464 20.312
81.709 52.641 29.864
79.971 46.08 27.396
102.79 68.288 43.164
82.646 47.088 20.807
76.004 38.037 19.433
105.16 69.291 45.535
121.76 95.586 71.238
90.017 65.507 46.404
107.99 58.346 33.305
79.136 48.689 27.327
82.384 35.245 21.471
85.299 36.926 23.41
87.294 38.141 23.56
70.571 34.419 19.204
94.674 56.438 31.511
96.119 54.077 27.999
92.362 48.415 22.245
110.08 74.512 51.777
90.707 50.404 31.209
87.572 42.158 15.672
86.628 52.852 26.751
83.922 62.071 45.127
125.97 81.663 51.023
98.857 61.155 29.276
90.083 44.569 19.322
97.873 59.209 34.176
92.146 57.147 27.743
88.559 54.656 27.44
104.86 62.847 29.692
80.081 43.662 20.961
97.005 59.554 29.029
99.186 59.195 26.666
96.583 55.909 31.227
114.49 76.975 50.963
101.3 66.285 42.566
104.49 71.816 49.533
118.77 83.658 57.869
96.928 56.302 27.008
92.055 39.905 19.46
73.046 49.154 34.833
92.267 48.824 23.633
101.04 59.449 33.76
75.681 52.445 34.698
83.252 38.122 16.825
75.905 35.811 16.479
70.094 37.589 19.955
74.692 37.777 14.975
95.092 49.611 24.899
69.15 41.54 26.877
77.226 38.703 23.004
140.14 104.86 71.894
119.52 78.136 42.301
125.42 79.417 36.732
140.42 98.978 62.98
136.09 96.24 62.302
92.406 61.413 35.64
90.248 65.086 45.389
116.41 91.989 71.344
106.95 75.329 47.78
109.94 85.22 67.884
126.95 101.4 75.408
104.35 74.375 53.534
91.42 62.055 40.099
109.79 70.788 41.731
126.22 94.45 63.045
92.477 66.11 42.335
54.721 38.448 28.041
88.269 60.621 47.559
69.41 38.387 17.728
94.683 62.178 38.387
97.366 64.408 39.224
82.168 36.741 13.662
74.904 32.275 13.191
68.573 51.82 40.963
96.786 60.784 31.729
108.86 67.03 33.185
91.179 57.198 35.097
108.97 60.93 30.33
88.273 39.926 15.916
77.751 43.627 22.721
96.872 48.688 27.14
101.43 66.474 38.747
103.34 61.515 39.477
101.2 60.607 38.009
74.523 44.39 26.51
55.237 32.199 22.023
75.748 43.353 21.732
61.122 38.234 27.49
74.429 50.621 35.748
95.037 64.466 42.165
85.906 63.879 43.154
42.785 40.309 31.752
88.416 67.373 32.587
101.92 84.093 48.947
111.22 88.399 71.619
94.72 85.321 78.615
131.38 114.73 95.942
85.356 50.221 31.233
85.991 56.127 38.954
78.225 45.581 30.184
70.787 54.545 38.064
59.648 45.272 31.317
48.015 24.102 13.464
38.311 28.821 19.754
40.807 30.678 20.635
53.904 29.456 16.287
20.163 15.449 11.484
17.636 11.568 9.1028
18.986 12.399 8.5282
50.049 38.936 26.392
78.28 63.886 44.045
62.825 32.3 22.456
78.447 55.95 37.623
78.967 58.652 40.627
66.334 48.197 34.723
56.863 32.171 21.948
86.858 61.246 43.731
92.967 70.663 50.89
65.857 37.496 22.398
98.054 76.548 56.116
114.66 83.602 60.206
62.598 37.014 22.715
7.984 7.9866 7.9684
15.21 10.248 9.2764
22.205 11.874 9.2558
16.771 9.9936 9.0222
27.99 16.682 11.452
10.481 10.383 9.7947
54.602 53.176 43.861
12.411 10.021 9.6459
105.32 94.824 84.761
121.28 104.55 90.186
8.6821 8.3972 8.3741
8.0893 7.98 8.3777
17.078 12.649 10.517
11.686 10.099 11.171
10.705 9.8729 12.875
32.134 24.258 20.472
10.82 9.9722 12.088
9.7694 8.8713 10.075
33.467 24.367 18.839
16.795 9.1969 8.1267
33.068 12.056 8.8013
23.442 10.547 8.2959
22.626 9.054 7.9198
28.051 13.373 10.014
43.082 30.737 22.585
25.977 14.824 9.3602
28.746 19.477 13.999
14.997 8.6334 8.2954
16.93 9.2037 8.1556
18.165 8.8439 8.1908
17.505 9.8486 8.8392
21.761 13.879 10.666
39.014 17.726 11.522
23.469 12.735 9.8808
20.441 9.8529 8.4277
19.412 9.4853 8.2702
39.654 21.435 14.386
33.676 17.664 12.599
32.272 16.841 12.551
33.802 20.004 14.496
40.5 16.846 10.956
40.426 17.336 10.507
41.888 17.816 11.324
27.166 13.824 9.8668
52.342 26.379 15.84
38.077 20.612 13.835
24.184 12.207 9.8514
26.314 11.431 8.9037
23.352 10.653 8.6192
88.131 49.877 25.788
16.451 8.1405 7.9577
37.622 21.169 22.907
64.485 46.212 34.336
38.631 22.656 16.883
73.044 44.781 29.744
34.827 14.827 9.3107
26.838 12.482 9.6594
49.491 25.95 16.149
40.301 16.759 9.7703
32.471 12.75 9.6367
75.779 51.322 36.207
52.438 31.542 20.371
34.796 18.39 11.557
30.202 11.308 8.411
33.845 10.97 8.2361
91.728 55.183 40.14
28.022 11.511 8.4489
56.516 33.506 18.572
27.916 16.644 12.533
29.187 16.781 11.181
46.042 28.948 16.072
39.126 24.095 14.165
32.824 20.154 14.422
41.871 25.18 15.769
69.519 42.651 27.299
27.004 13.889 10.379
51.853 30.692 20.363
30.03 14.101 10.094
60.185 38.763 26.304
61.906 40.322 27.498
48.608 29.91 20.316
66.644 43.03 29.33
53.623 33.448 22.074
42.69 26.288 18.053
63.403 38.96 24.31
52.173 37.153 26.705
28.454 15.717 9.5163
29.39 15.25 9.6955
33.95 18.329 10.884
47.17 23.988 13.969
32.192 17.626 10.778
41.823 23.184 11.748
36.937 20.678 13.034
36.441 18.553 10.879
41.946 20.526 11.569
32.887 14.172 11.161
29.346 13.115 8.9906
40.498 20.632 11.94
41.064 21.369 14.263
48.733 28.944 21.627
38.459 19.774 12.156
45.297 27.78 20.892
56.031 30.28 15.408
49.143 26.527 14.973
15.991 9.5359 8.1528
58.141 29.888 15.342
55.911 27.303 13.776
26.659 16.221 11.56
30.948 17.373 12.324
22.484 13.237 9.6346
19.247 13.079 9.9643
28.137 14.598 9.9338
22.697 10.685 8.4124
21.06 11.635 9.3014
28.216 11.779 8.8338
35.799 17.873 9.4281
21.024 10.46 8.218
19.254 11.055 8.0016
21.201 14.353 8.5085
31.779 18.451 13.014
50.687 22.456 8.6729
27.141 16.119 9.6102
29.237 19.005 12.398
16.386 11.319 9.8178
47.802 30.294 20.929
22.448 15.474 10.492
8.0979 8.087 8.0433
14.282 13.51 11.839
55.176 43.881 27.782
30.495 20.532 13.973
85.1 60.05 36.533
22.938 19.124 15.143
31.953 18.677 8.8051
140.89 91.73 36.418
157.94 106.13 54.557
98.673 59.649 33.349
122.75 65.447 27.09
159.16 110.02 60.797
59.494 28.875 15.06
141.41 100.25 59.737
11.467 9.5876 8.6953
17.92 20.488 16.339
12.163 9.4279 8.0527
12.698 9.6291 7.9797
30.977 23.763 16.275
57 44.424 32.706
88.34 59.897 36.008
12.676 10.321 8.639
146.9 98.484 61.555
108.39 61.364 37.163
121.99 76.576 40.876
132.44 83.785 49.245
130.14 105.19 80.187
134.06 118.93 87.991
11.619 11.63 9.4491
115.97 94.395 69.779
52.641 23.585 13.204
182.4 165.35 143.81
154.95 131.27 99.266
32.046 17.162 10.826
54.112 37.304 24.584
8.0236 7.9729 7.9841
136.27 101.37 74.585
140.94 111.56 82.585
137.23 109.83 92.112
53.635 42.94 32.506
64.102 43.375 25.863
9.1085 8.9119 8.6302
135.39 98.305 72.885
88.477 55.764 36.566
177.31 149.44 118.06
117.13 87.288 59.309
135.69 111.82 87.943
81.194 39.455 11.254
136.84 85.773 16.533
159.44 105.76 25.954
95.464 44.102 9.7645
61.641 59.186 48.508
140.26 131.73 112.06
64.068 59.789 50.205
56.092 56.353 57.404
126.65 117.49 114.4
117.43 99.22 85.808
7.9833 7.9849 7.9698
10.607 10.608 10.606
12.94 12.942 12.927
10.753 10.754 10.752
11.749 11.698 11.542
11.136 11.138 11.121
13.64 13.642 13.627
13.072 13.074 13.056
12.511 12.513 12.503
7.9871 7.9902 7.9777
