0 0 0
0 0 0
0 0 0
0.73577 0.8973 0.87538
70.546 95.781 105.8
51.764 68.696 30.222
0.18376 0.18376 0.18376
71.803 83.329 75.703
44.632 52.691 48.675
36.494 42.01 37.486
34.169 42.699 38.398
3.021 6.2329 5.5335
3.3165 9.018 6.9576
5.4047 10.824 8.0128
5.6706 12.514 9.822
5.7801 10.736 9.3957
2.6283 6.4012 4.5074
5.8443 11.455 12.327
6.5911 11.771 11.939
1.3665 2.3403 2.3511
15.115 33.018 33.584
0.23494 0.33692 0.21888
7.2009 21.242 23.626
6.4256 12.6 10.828
11.44 16.434 12.744
11.543 20.687 19.676
11.239 16.674 14.087
2.4299 4.8064 3.6206
8.7097 10.085 8.2993
13.587 19.511 19.043
10.089 12.453 10.453
9.7559 11.499 8.5968
15.344 16.931 13.006
6.6522 8.7043 8.4715
7.7942 9.3789 7.5583
2.4434 4.4659 4.8434
13.619 14.16 11.118
15.399 21.818 22.228
21.467 25.611 21.86
16.379 19.801 19.274
18.476 21.688 20.565
7.4338 11.473 11.651
2.9443 6.1218 6.1166
32.208 33.524 30.667
15.003 17.749 14.174
24.872 23.275 16.289
25.446 24.477 16.541
11.531 11.819 8.4001
13.995 14.475 8.9761
30.767 29.831 23.88
23.381 19.959 13.14
19.416 18.38 13.271
20.157 17.054 11.764
4.412 6.423 5.528
22.067 24.24 19.045
13.798 17.873 13.142
13.081 15.947 12.427
24.061 30.58 23.127
10.688 9.0833 6.683
15.096 14.258 10.935
12.304 9.8038 5.0828
81.848 82.052 71.136
2.5882 2.7455 2.3498
33.015 29.273 21.87
43.909 37.124 25.579
6.2308 8.5046 5.5216
9.5443 10.428 7.9551
18.661 18.719 14.249
21.029 22.282 19.605
23.652 27.648 25.41
15.592 19.621 17.325
16.648 21.554 21.343
8.2192 14.203 11.217
13.881 16.299 12.47
8.5851 11.56 10.5
6.2362 9.439 8.2806
12.46 18.041 14.124
5.825 9.8125 9.0715
20.923 60.417 19.475
74.7 35.845 19.442
2.3577 5.0082 3.3788
11.252 19.472 18.87
3.8225 6.4417 6.4348
4.167 7.4178 6.2915
30.975 76.032 101.35
0.71177 1.9264 1.1468
5.9316 15.325 9.8959
3.9356 10.588 7.6452
4.6534 9.6432 7.1286
18.594 44.771 50.452
10.183 15.455 14.638
11.235 14.718 14.632
11.302 15.087 13.653
10.017 15.467 13.45
11.802 14.892 13.109
48.187 46.504 42.226
5.2637 8.4375 7.5626
1.6279 3.7953 3.0222
60.474 58.321 53.369
17.654 22.545 22.645
13.184 18.431 17.046
16.063 21.924 21.739
6.5575 8.8115 7.4883
38.957 42.137 35.625
10.125 14.49 12.728
11.322 14.843 13.239
15.307 19.218 17.273
11.812 15.202 13.506
7.5039 7.647 6.3454
10.22 11.745 9.4501
11.77 17.089 15.749
18.779 22.008 20.108
24.074 27.567 25.098
24.493 28.614 27.12
100.38 129.33 116.49
89.745 113.22 71.46
13.109 15.01 10.593
20.045 28.547 25.961
30.076 38.009 34.181
16.333 24.188 21.832
42.364 56.278 53.406
29.964 37.508 34.035
21.482 30.468 29.035
34.96 42.747 38.89
47.048 52.033 40.106
23.697 26.757 19.466
44.023 55.136 46.085
57.368 62.999 47.436
93.92 85.742 66.4
44.94 51.086 39.122
28.148 32.47 25.405
8.8642 12.907 8.6116
25.815 32.874 25.038
8.8294 12.976 8.4169
42.845 47.356 34.068
36.271 40.91 36.433
7.8887 11.091 8.9386
27.478 28.785 19.925
14.415 14.748 9.1076
19.019 19.248 15.093
12.91 13.185 10.987
11.514 10.615 8.8222
9.1572 8.8476 7.0421
15.786 15.598 12.303
7.1339 8.2772 7.7794
11.058 13.462 12.593
35.437 33.49 25.519
4.9748 7.7271 8.8293
5.9999 7.8036 7.4425
4.7775 6.4337 6.5254
9.8037 9.9762 5.6018
4.544 5.2342 3.3635
24.541 25.484 18.464
19.549 20.904 16.319
13.273 13.601 8.0256
15.684 15.215 10.687
30.502 27.471 16.438
35.163 30.193 17.947
4.8026 15.148 21.052
1.1437 3.1721 3.7397
9.3169 27.084 34.46
2.0547 4.8635 5.5457
2.3903 7.8258 9.6353
4.2285 15.582 19.637
28.071 48.437 52.49
28.728 49.739 54.416
15.868 30.495 35.464
7.5951 28.17 36.396
6.3606 11.084 11.544
2.9043 8.9476 11.509
10.84 20.722 21.534
4.4674 9.0288 10.972
1.4196 2.1685 2.6254
23.734 40.92 45.006
11.876 26.24 28.853
0.14524 0.39554 0.39616
33.151 53.478 59.696
3.6081 20.292 29.019
10.311 26.177 31.512
10.135 22.383 25.632
94.863 128.39 128.88
4.6504 5.6288 4.0026
25.086 18.961 18.322
21.418 29.129 29.173
23.384 22.83 20.824
10.391 11.623 6.4125
47.213 43.82 18.622
3.1541 3.6439 0.67334
2.2114 2.5123 1.6288
9.439 15.684 13.077
9.2335 13.757 10.22
9.7105 14.16 11.294
7.5793 11.473 9.2768
10.103 17.11 14.293
17.705 24.607 22.864
9.5749 12.226 11.443
16.528 29.949 31.164
2.8836 7.1143 6.2957
20.023 34.497 36.353
10.615 18.102 12.24
3.7189 8.8549 5.6512
3.5415 7.4326 4.4349
5.6645 9.1212 8.5212
11.18 24.813 24.973
8.2435 14.867 14.783
21.835 33.149 28.591
51.007 66.985 59.742
66.634 71.58 63.517
44.361 51.299 49.961
62.915 66.262 62.284
54.125 58.545 54.188
51.956 55.715 52.495
45.774 48.424 43.138
26.608 27.311 22.638
15.423 17.879 15.364
17.503 19.745 16.204
24.402 26.706 23.637
50.366 57.473 55.379
46.195 46.353 46.128
49.945 62.238 62.274
104.91 139.15 147.14
34.226 48.79 48.769
49.075 62.941 63.271
39.143 50.475 49.527
30.217 41.863 40.847
46.797 58.76 57.896
29.743 40.389 40.518
27.154 37.265 36.471
33.601 44.382 44.64
46.832 62.788 61.835
47.334 59.076 61.587
38.511 48.384 47.718
37.333 47.386 47.387
32.202 40.243 39.485
39.426 49.701 45.359
36.342 46.543 42.586
27.07 33.904 26.995
35.042 41.22 32.044
30.862 38.943 30.284
114.23 136.01 124.06
42.671 43.912 31.504
14.695 19.826 18.269
85.508 100.69 97.023
37.898 42.701 42.734
41.908 46.704 49.155
36.283 40.904 44.127
23.773 25.508 18.983
36.008 40.796 43.865
15.95 22.03 23.623
22.645 27.207 26.928
14.343 16.507 12.306
26.782 33.098 29.163
16.232 19.189 15.026
18.489 23.469 21.018
18.985 20.363 17.059
10.719 12.799 8.8716
12.874 14.861 13.567
22.082 24.029 24.396
22.43 24.475 24.824
15.754 15.872 12.65
12.356 15.274 11.651
12.157 14.812 11.058
70.728 73.977 69.875
64.607 70.082 67.755
44.921 46.252 42.602
70.404 72.457 69.311
48.456 48.222 46.672
40.621 45.018 44.108
44.719 49.29 48.06
53.335 53.393 50.365
47.381 48.259 45.199
55.735 61.912 61.086
50.98 49.429 46.346
31.097 33.517 32.239
55.101 53.12 50.936
33.343 39.932 38.961
37.763 41.03 39.69
6.3069 8.7197 7.5442
12.693 11.65 6.5684
32.293 33.061 23.025
26.622 23.69 11.327
31.026 31.847 21.913
26.977 24.011 11.07
11.052 10.486 6.4473
39.594 36.425 25.694
59.979 55.162 40.383
27.582 25.613 15.341
16.415 13.408 8.0311
38.182 34.014 24.309
30.546 27.277 19.097
39.761 33.031 19.633
66.726 57.572 35.545
67.247 57.85 35.568
65.956 56.409 34.355
46.129 45.357 33.606
23.355 21.24 15.329
15.872 14.436 9.9356
76.262 65.297 43.247
76.16 45.263 23.163
7.0316 8.0221 7.6724
9.8599 11.893 12.343
11.548 12.549 12.661
7.7988 9.3878 9.1986
8.2551 6.1256 4.0077
29.387 24.025 15.916
18.24 14.065 6.8533
3.5495 2.6754 1.2649
5.6976 5.0013 3.1605
13.076 10.422 4.4819
5.7643 10.76 8.6808
5.4233 9.5452 9.3172
7.0745 20.078 21.909
10.46 21.872 22.473
15.196 29.309 33.491
1.3623 2.5904 1.9621
33.865 34.293 19.084
36.049 34.931 27.979
1.108 1.1577 1.1086
47.659 20.436 3.0162
85.653 53.333 9.7831
49.281 30.824 3.5093
26.257 21.795 14.622
65.392 56.813 38.088
13.663 12.066 8.2017
11.988 14.822 9.0439
2.1065 3.6875 4.8866
42.06 54.547 49.154
51.955 64.309 58.415
55.575 71.067 63.151
40.832 58.85 46.344
12.264 17.901 12.347
21.793 33.177 22.027
4.0374 11.25 6.9676
27.597 42.96 36.989
6.2473 15.564 12.432
11.329 23.13 17.433
39.824 57.857 49.365
29.906 53.033 46.811
11.797 20.319 17.163
12.12 20.803 15.763
13.291 20.39 15.977
19.375 27.883 23.744
17.712 24.666 21.322
30.344 48.989 48.582
16.126 25.353 20.492
24.307 32.369 27.518
27.961 36.036 28.432
29.882 38.335 33.578
17.28 23.525 20.723
44.818 56.314 50.221
28.157 51.598 55.469
30.774 27.463 21.604
14.728 13.449 10.65
11.842 11.191 8.8134
31.169 28.545 24.638
33.767 30.763 26.074
33.584 32.787 29.97
34.592 30.607 26.146
38.973 39.296 37.583
26.472 24.12 20.311
27.287 24.262 19.26
40.573 37.856 33.56
31.299 29.112 24.791
29.244 26.188 22.467
27.625 26.535 23.212
26.487 24.997 21.611
33.575 28.802 22.698
20.124 19.3 16.878
25.398 22.363 18.595
31.376 29.739 24.664
30.561 28.503 23.56
19.35 15.942 12.843
13.706 12.797 10.66
10.195 8.8256 7.1722
27.553 23.464 18.315
24.786 23.14 20.15
35.229 32.04 25.817
32.283 27.956 22.149
55.959 56.612 55.224
34.053 33.118 28.171
40.039 36.209 30.156
13.677 15.055 13.717
35.45 34.289 30.378
34.742 32.569 28.113
46.434 42.779 35.983
32.973 28.204 21.66
31.54 38.23 41.838
61.182 67.613 68.13
23.581 32.211 35.408
11.171 15.872 14.372
10.944 10.991 8.8677
32.452 27.418 22.443
17.192 14.171 10.258
23.541 19.656 14.023
17.543 16.197 12.354
12.664 12.022 8.9084
15.325 14.203 10.58
15.638 14.636 10.917
13.657 12.395 10.381
15.394 13.954 11.683
12.208 11.162 8.8597
6.1718 11.559 15.123
6.6747 7.4902 9.8609
5.7557 7.1409 7.8862
4.0407 5.8271 6.5338
5.4305 7.2996 10.078
20.719 31.331 28.723
48.3 72.375 54.052
19.168 37.667 28.948
13.83 26.478 23.403
12.789 25.318 21.585
18.197 33.286 28.429
31.426 35.925 39.455
9.4406 10.78 8.1796
22.637 21.86 17.665
9.4456 11.34 8.8265
18.28 18.317 13.672
21.871 23.407 24.049
8.8672 9.1342 7.1567
6.7231 6.9679 5.4024
15.455 17.042 16.578
54.867 49.053 35.862
15.239 15.074 10.782
50.961 72.131 70.182
10.244 10.285 7.924
12.311 14.068 12.68
9.3307 12.871 12.911
15.396 12.672 5.8578
18.887 15.963 7.5466
19.945 24.26 17.69
43.08 31.134 18.297
58.658 50.021 34.767
39.882 28.871 16.178
39.842 28.336 15.171
5.9063 6.3794 4.2559
8.3567 8.483 6.5093
27.299 21.676 11.601
19.884 16.664 10.072
15.43 17.729 17.353
18.34 16.794 12.052
24.888 26.11 22.243
20.32 23.7 19.985
19.545 25.276 23.641
18.064 20.239 15.559
31.502 33.004 27.511
21.464 24.705 21.528
11.308 11.855 9.1654
19.267 19.063 14.517
28.463 33.915 28.955
26.781 28.243 24.601
24.582 25.481 21.637
16.677 19.255 15.12
27.748 32.975 27.728
28.954 33.718 28.025
21.706 23.193 19.953
9.9238 19.16 15.133
13.267 15.48 13.855
1.3439 1.5843 0.65855
21.262 19.706 7.8164
17.609 17.744 4.1912
28.954 33.65 27.42
2.3253 3.4637 2.4365
5.5023 9.6995 6.849
3.6812 6.5403 4.9575
46.479 48.074 41.337
6.3279 8.0108 5.3507
13.648 15.941 11.75
7.9149 10.079 7.8464
21.524 33.388 27.528
25.948 29.217 24.692
19.673 14.105 5.6302
17.348 19.261 14.439
21.121 26.626 18.774
26.485 33.576 31.332
8.2388 11.239 8.8995
9.5696 12.225 9.2659
12.576 12.428 9.1254
14.891 15.385 14.149
9.7697 12.517 10.162
11.523 12.636 9.3947
11.755 8.1021 4.7491
15.489 18.667 19.143
9.86 16.677 17.009
10.464 10.261 3.7667
7.4603 8.2383 4.9709
7.0556 7.2038 2.6547
7.9284 6.5958 2.9673
5.8372 4.7564 2.379
24.156 27.349 22.4
15.925 14.701 6.3642
10.52 9.2258 3.884
40.29 46.433 40.426
16.081 17.312 10.842
8.1226 8.7679 6.5585
12.96 14.065 9.2384
10.878 11.911 8.5657
17.742 18.22 15.253
20.86 23.241 17.455
12.206 9.9491 3.8112
12.613 12.291 5.3757
17.329 15.389 6.0365
8.7429 8.4238 3.1355
8.1763 8.2813 2.5206
12.301 14.013 11.431
11.635 13.406 10.948
30.345 34.992 26.983
15.424 17.38 10.641
7.4463 8.5134 3.9899
7.0395 8.0329 4.5385
21.123 23.478 20.011
27.156 24.314 13.871
5.0881 3.9611 1.408
6.3646 5.7008 3.3226
9.6462 8.6007 3.6321
32.224 36.123 30.219
36.394 37.887 27.094
18.013 18.659 14.493
6.7652 7.741 3.5426
11.735 13.332 8.2922
13.18 14.755 10.764
11.798 12.996 9.4586
20.05 20.528 16.051
22.769 62.989 39.893
41.668 52.726 40.006
83.097 89.96 84.094
115.05 117.15 107.28
71.045 88.015 83.53
90.342 108.37 103.76
96.315 97.938 91.713
26.456 45.795 38.466
67.833 85.151 77.109
47.635 67.421 56.756
86.214 89.594 82.268
39.927 56.038 49.093
54.662 61.088 56.105
99.924 109.85 105.03
184.86 0 1.9193
9.255 9.118 6.5612
24.164 22.305 17.088
10.009 10.044 7.3309
24.573 23.032 17.315
36.572 34.016 25.782
15.957 16.064 11.904
21.251 20.745 16.3
18.591 19.71 18.061
10.277 14.027 14.642
9.4463 14.701 15.323
10.795 13.163 12.604
5.7407 7.5909 7.55
6.9847 10.706 10.306
13.435 18.371 20.153
8.1863 9.3071 7.3272
28.177 43.744 38.092
70.705 83.206 81.081
45.266 74.507 76.885
54.738 80.709 81.208
52.567 80.044 82.998
51.754 71.512 71.112
51.08 74.323 72.084
61.037 82.08 78.386
66.927 79.407 77.036
73.041 88.869 87.18
32.559 44.202 36.931
29.745 40.292 38.316
36.384 48.381 46.839
19.759 28.196 24.81
17.905 23.606 19.484
17.649 21.833 19.356
67.359 79.555 64.321
23.608 31.153 28.891
20.208 32.282 32.57
29.677 46.677 46.125
33.893 55.438 54.176
15.148 20.903 17.54
25.788 36.399 32.45
18.08 33.271 33.085
42.511 53.836 51.987
22.462 34.716 32.489
22.389 37.866 37.5
37.926 52.044 56.635
26.062 38.255 44.674
18.31 37.981 40.086
24.717 35.271 39.084
40.132 62.819 65.641
22.495 26.527 16.514
14.777 23.847 22.195
21.545 34.068 34.75
3.5358 8.5728 6.9673
11.472 22.81 24.12
24.015 32.52 34.153
34.321 53.294 56.769
1.1261 2.4179 1.936
46.553 54.319 54.943
10.921 21.878 20.24
4.3456 9.164 8.8988
11.355 20.244 20.329
1.7298 4.2523 2.4417
7.4275 11.648 8.0618
8.5731 12.952 12.334
42.055 46.52 45.629
34.171 38.789 36.98
36.396 43.444 42.683
21.399 32.926 36.874
33.38 42.396 41.967
25.525 33.049 30.853
14.182 20.32 18.351
13.976 20.166 19.625
4.1663 9.4213 5.6729
4.1176 6.7339 5.6216
2.8955 7.7732 5.706
20.55 28.042 29.745
28.474 39.377 43.227
42.888 54.576 52.279
25.924 31.484 30.321
29.634 42.716 41.77
22.604 32.702 26.232
22.779 35.55 32.906
31.493 35.817 35.77
28.522 35.339 35.131
37.947 47.569 45.167
27.617 37.528 36.649
26.304 31.276 31.143
14.533 19.613 18.106
14.162 20.748 18.424
23.018 30.675 32.631
44.249 51.052 53.978
17.087 25.204 23.581
25.604 34.654 33.547
25.894 34.991 34.215
14.271 22.925 22.328
22.898 31.331 30.781
48.838 54.244 55.268
25.918 33.887 32.655
8.1062 15.73 13.023
3.0306 8.0043 6.2167
7.6638 14.698 16.802
11.73 18.345 16.243
3.8373 7.7712 5.7197
43.479 54.381 52.44
30.207 54.055 57.483
59.996 92.304 101.59
26.563 32.896 29.171
24.507 42.371 42.473
30.355 45.104 46.221
20.823 29.536 26.846
16.806 22.286 19.952
20.025 30.797 29.23
28.583 38.34 35.417
25.495 30.097 27.636
19.787 26.28 23.832
29.093 46.551 48.416
27.032 43.457 45.012
11.691 20.942 18.219
42.612 64.072 66.995
24.813 35.008 33.415
83.125 101.14 96.478
99.657 125.57 132
32.126 60.124 64.221
41.31 57.573 56.37
26.102 32.375 26.35
36.865 41.943 37.774
28.117 35.619 32.694
43.549 48.663 43.262
26.367 32.305 28.917
75.108 84.25 76.401
43.159 43.993 41.897
64.066 66.735 67.097
3.4632 3.4643 3.4635
12.038 4.7619 3.8432
32.574 20.152 13.038
39.011 18.287 4.9359
16.802 9.7483 3.08
45.489 20.689 8.2509
38.349 24.385 14.595
33.579 14.074 5.7026
41.768 27.096 13.633
59.176 37.04 17.757
38.776 22.803 5.4096
37.412 16.167 3.5149
39.492 21.888 8.2034
65.782 30.335 11.957
0.28401 0.28401 0.28401
6.9549 6.9549 6.9551
8.574 8.5742 8.5732
1.7783 1.7783 1.7783
5.5719 5.5719 5.5727
8.0243 8.0243 8.0243
7.5599 7.5601 7.5596
6.9725 6.9725 6.9725
8.0253 8.0253 8.0247
7.7495 7.7496 7.7495
8.7053 8.7057 8.7056
7.429 7.4296 7.4277
6.8226 6.8227 6.8221
6.7197 6.7178 6.7189
7.4942 7.4942 7.4941
7.557 7.5561 7.5597
7.5936 7.5936 7.5971
7.8379 7.837 7.8437
7.7077 7.7082 7.7089
6.6281 6.6275 6.6263
6.3263 6.3277 6.3264
7.505 7.5038 7.5042
0.59419 0.59419 0.59419
13.685 13.684 13.687
14.986 14.986 14.986
3.3422 3.3413 3.3448
6.689 6.689 6.6922
8.6424 8.6432 8.6419
4.5622 4.5621 4.5629
6.1602 6.1595 6.1614
8.3107 8.3241 8.2309
15.681 15.689 15.637
0 0 0
