0 0 0
0 0 0
0 0 0
18.342 18.342 18.342
43.811 53.34 42.982
100.28 86.403 69.565
4.1665 4.9545 2.5198
100.47 1.1259 13.225
99.747 81.465 67.369
74.291 77.051 49.428
75.641 60.217 47.153
60.766 45.611 32.891
79.915 57.797 47.806
74.252 55.058 45.536
87.456 63.912 52.773
92.794 68.266 57.549
103.03 74.835 69.474
99.096 74.209 66.67
99.969 74.091 67.317
96.821 71.96 64.851
88.623 75.731 61.221
102.52 89.694 68.112
100.58 89.328 67.783
94.097 84.159 63.364
77.056 50.766 40.392
80.482 55.133 44.576
70.078 58.817 53.525
109.48 92.949 81.96
81.581 56.526 46.784
81.055 54.727 44.825
99.485 73.175 57.17
103.36 86.904 59.469
78.158 63.155 41.612
95.659 25.9 27.299
74.809 52.215 34.665
93.66 75.689 61.84
96.148 77.4 62.544
102.21 89.856 74.566
106.23 82.355 73.346
108.02 84.268 74.613
108.43 85.713 75.586
95.654 69.349 60.61
103.99 67.767 64.81
119.43 81.148 75.865
138.4 121.91 101.75
143.18 105.21 96.961
131.46 99.663 91.424
142.09 129.37 113.15
96.916 62.299 56.16
137.3 99.955 81.791
109.74 75.483 62.422
110.68 64.272 56.164
122.15 81.612 68.964
124.83 83.383 72.435
118.57 85.416 70.729
123.64 91.361 80.523
102.08 80.68 65.255
103.9 81.991 66.647
104.62 83.68 68.502
104.04 86.937 71.613
122.72 80.389 67.618
126.06 84.866 70.757
125.08 85.032 70.156
95.524 72.547 62.576
118.6 86.436 68.814
94.513 74.285 63.237
98.364 66.655 56.51
113.16 82.755 68.613
117.93 109.05 81.033
114.22 92.537 68.59
113.83 81.257 66.287
119.12 94.718 75.666
95.396 72.079 63.442
74.702 56.643 48.603
80.002 63.177 47.954
102.28 78.943 65.558
88.248 118.07 103.28
99.406 87.495 70.804
107.68 80.519 67.374
103.96 77.39 63.434
101.31 73.069 61.204
108.41 78.721 66.999
105.12 84.014 67.048
128.34 87.577 75.367
136.46 99.617 87.192
137.76 104.28 90.768
118.64 94.358 67.07
102.87 93.484 66.619
108.6 95.503 64.32
103.59 93.157 59.059
96.739 64.055 49.817
95.612 63.292 48.992
92.177 60.138 49.792
93.012 62.171 49.591
84.88 53.525 44.301
80.623 48.254 39.615
90.159 72.079 57.96
88.774 41.622 34.002
89.273 72.674 53.203
91.626 66.134 52.273
87.328 55.207 45.396
88.493 58.377 48.35
83.543 69.584 54.971
80.778 48.923 40.394
26.483 25.593 28.41
19.578 19.219 21.268
48.949 41.993 41.287
56.398 47.249 47.573
64.258 55.664 55.399
70.847 61.964 60.782
63.57 54.027 53.585
68.427 60.214 60.444
70.718 53.274 50.405
109.21 94.273 83.676
73.779 62.242 51.359
89.087 73.623 60.317
89.96 75.305 62.27
58.834 49.08 45.288
57 41.759 34.495
66.743 60.155 52.544
28.433 27.534 27.914
70.927 54.527 44.819
58.61 36.748 33.75
72.374 55.087 45.047
54.394 33.432 30.912
71.167 51.664 40.579
56.011 32.357 31.04
53.272 31.686 30.535
53.005 30.359 29.473
53.444 31.68 29.761
95.952 68.232 59.38
96.974 66.939 58.338
93.323 62.422 54.194
114.64 98.228 80.842
103.19 68.935 59.688
115.21 101.12 84.669
96.963 74.579 64.241
88.339 71.52 59.417
112.29 93.523 76.975
118.17 102.91 85.155
123.86 106.56 85.6
93.9 67.97 50.032
106.32 102.01 87.606
120.25 110.65 84.597
41.351 31.308 32.505
38.524 30.984 32.055
43.479 35.215 32.003
43.345 35.533 34.68
109.75 82.017 64.881
105.54 103.88 85.026
109.53 107 90.78
106.31 105.42 87.622
104.03 94.67 74.7
77.045 62.563 51.789
84.04 69.986 64.279
79.907 63.517 52.083
105.64 73.377 53.031
92.197 62.941 48.697
106.01 64.894 45.452
88.949 61.907 51.453
123.41 92.81 78.194
131.28 99.422 82.52
108.07 83.412 69.433
100.58 75.737 62.022
106.63 80.75 65.514
121.88 91.553 74.779
105.11 69.305 58.61
121.1 88.095 74.538
125.73 99.153 83.759
133 106.17 89.672
107.28 81.569 69.565
113.4 84.814 69.236
102.94 75.198 60.669
124.95 97.883 84.097
99.74 44.884 43.554
73.443 30.256 26.776
108.44 82.047 71.209
115.1 90.375 82.273
97.163 69.695 61.8
113.65 85.874 73.882
105.72 77.875 64.746
102.68 77.667 68.839
102.18 75.814 63.76
107.08 79.114 66.966
101.95 72.788 60.776
104.39 76.23 64.826
95.162 70.924 58.683
88.529 66.67 53.409
105.74 77.291 65.517
93.977 69.45 57.59
82.421 48.724 38.47
81.704 52.037 38.357
82.97 52.526 38.827
85.78 55.779 42.565
80.552 50.463 38.896
50.512 44.682 42.866
52.579 39.19 32.239
52.876 44.382 36.515
48.704 40.543 33.181
65.795 50.953 43.542
64.847 51.058 43.369
44.356 37.983 34.325
54.661 57.15 54.304
40.633 39.829 37.908
43.182 39.929 37.339
41.89 38.067 35.115
53.726 53.716 51.346
51.344 51.547 49.337
39.022 41.526 40.608
41.983 40.321 38.147
44.414 44.04 41.806
51.433 53.869 50.487
52.666 53.266 48.236
42.53 31.43 26.996
46.623 37.184 30.773
44.007 32.081 24.325
32.425 22.992 20.855
54.964 36.908 26.951
48.503 32.331 23.278
68.7 57.062 49.128
87.131 74.923 62.601
96.239 74.657 63.767
81.903 59.105 50.996
116.24 67.277 58.951
82.36 60.912 52.793
84.625 57.473 48.644
88.477 56.505 48.77
105.38 88.523 73.582
104.64 87.714 72.985
70.365 54.841 37.6
113.64 81.292 74.591
71.609 51.243 42.334
74.761 54.331 45.52
46.088 29.765 24.557
141.72 115.32 99.21
50.96 27.27 22.151
80.506 31.376 27.999
70.732 30.293 27.376
86.37 67.707 57.232
74.355 44.233 42.372
81.725 58.659 56.21
85.833 72.697 50.235
83.116 71.616 44.999
82.992 71.134 45.696
81.444 69.027 43.515
82.645 70.038 44.347
74.268 65.187 39.955
71.148 63.875 37.498
88.445 51.079 44.139
58.657 47.131 29.425
43.679 32.901 27.968
41.812 32.519 28.485
54.487 33.667 27.18
45.968 35.024 33.264
72.458 45.852 32.638
70.559 44.304 32.477
71.676 45.003 33.424
90.171 49.786 28.91
90.326 51.734 30.403
72.141 45.086 33.357
85.219 44.517 27.413
91.562 52.649 30.558
64.021 31.881 23.151
96.815 59.112 40.622
54.751 30.917 22.662
86.585 66.48 51.558
79.23 57.127 43.235
82.548 58.544 43.56
94.852 72.55 54.28
78.437 60.812 46.358
64.054 53.242 39.744
61.121 52.332 32.247
60.625 48.06 31.187
60.405 47.866 31.008
50.196 57.618 49.107
55.154 41.801 28.584
50.329 59.348 48.355
57.396 43.1 29.036
65.424 47.267 36.4
84.896 63.006 53.812
81.697 57.564 46.845
66.045 45.076 34.871
67.399 47.584 37.046
64.134 45.319 35.122
77.218 57.743 46.507
72.981 51.435 41.444
70.919 47.423 37.456
94.05 76.295 62.529
90.579 47.307 36.482
89.358 51.297 39.103
130.06 119.79 104.89
95.502 57.583 49.076
90.893 53.467 50.565
120.63 101.65 87.209
83.035 67.489 50.282
85.828 68.943 51.152
124.25 101.32 80.022
95.475 77.977 61.115
118.14 91.804 69.481
98.195 77.344 48.583
88.227 77.957 63.792
130.86 111.58 98.553
123.4 98.212 78.221
134.1 118.79 100.07
123.41 107.99 88.127
120.91 104.85 84.87
121.47 106.12 85.431
123 107.09 87.019
113.04 90.157 67.279
120.68 104.99 81.899
122.77 107.37 88.649
119.41 106.56 86.012
114.88 101.84 82.948
115.09 98.334 78.249
128.12 113.26 86.59
130.27 117.07 90.141
115.33 103.75 76.862
101.64 95.241 67.523
101.93 95.343 67.718
109.84 107.67 106.32
82.136 64.072 42.725
108.25 106.85 106.48
75.431 65.359 38.459
121.16 107.91 104.62
89.327 82.702 61.103
106.53 90.095 60.065
115.85 96.717 69.034
105.3 90.605 67.001
63.395 49.036 36.172
78.896 75.009 54.499
79.068 64.64 48.839
51.193 32.388 28.492
85.434 70.454 59.641
83 69.022 44.87
104.54 93.405 72.032
62.461 39.096 26.393
87.175 73.526 50.476
69.345 56.906 41.749
74.908 58.624 38.216
69.696 50.429 33.919
92.504 69.204 43.487
95.82 71.094 46.449
95.629 68.865 44.851
72.433 54.639 41.445
78.87 61.977 38.693
76.337 64.252 48.736
100.63 75.085 53.337
91.465 71.937 52.056
63.969 55.105 37.987
79.219 63.075 46.63
64.7 48.611 37.385
91.915 74.42 54.59
115.01 99.345 78.722
82.11 67.848 50.032
84.944 70.415 41.695
81.773 63.562 39.798
80.419 62.998 39.646
149.6 116.99 92.766
85.981 67.635 47.689
83.742 67.844 50.934
89.054 73.6 56.393
87.137 71.225 54.454
87.964 61.073 51.45
95.809 78.258 59.5
74.63 64.208 41.636
80.61 66.689 45.628
69.591 59.111 38.546
96.606 74.268 51.17
87.665 71.756 47.786
86.892 67.832 45.105
76.139 56.858 34.223
88.166 67.618 53.077
89.451 69.696 48.199
88.626 71.702 52.495
89.329 71.746 49.295
79.235 58.606 34.928
63.804 50.355 35.089
79.444 61.459 39.379
62.077 49.715 34.578
74.244 59.685 40.685
85.317 65.719 45.239
84.383 63.97 46.182
85.479 64.65 47.362
89.171 68.234 49.364
42.643 33.368 25.54
64.605 48.213 37.816
51.444 37.476 29.431
62.498 46.42 34.401
46.164 35.4 25.002
25.989 26.662 26.905
34.9 33.496 32.341
31.685 29.56 27.859
34.794 31.758 32.416
39.154 33.494 31.741
90.25 76.111 62.893
113.38 96.186 79.039
76.068 58.418 45.338
65.913 48.366 39.631
69.947 52.806 40.377
68.702 51 38.882
60.64 47.071 36.097
103.88 89.504 71.275
62.206 48.059 37.69
51.826 40.29 31.797
56.159 43.996 34.416
55.805 45.235 33.282
64.641 48.397 37.701
46.022 38.136 28.99
102.99 87.511 71.169
81.675 62.686 48.387
85.328 56.667 43.205
94.82 75.548 63.865
98.838 77.038 65.181
100.82 78.909 67.745
100.4 78.09 66.599
62.356 41.839 31.354
70.977 47.48 35.716
61.429 41.538 30.678
91.818 68.482 58.153
89.177 66.56 56.435
88.278 64.509 51.691
91.678 67.651 54.815
87.971 57.277 45.328
85.074 48.359 37.62
79.078 56.916 45.484
66.452 44.876 32.154
82.488 48.861 39.925
79.682 59.201 44.444
70.798 36.087 30.118
95.931 70.736 54.939
90.829 64.646 46.092
68.038 47.099 34.491
98.468 73.193 58.577
86.668 58.959 45.213
82.828 56.959 43.648
85.773 57.037 44.743
65.212 44.381 34.696
65.895 45.117 35.303
62.669 41.941 30.498
134.09 118.01 105.4
98.871 78.82 61.646
80.048 62.685 45.555
109.05 90.003 74.68
116.95 88.319 59.197
93.166 67.944 42.828
85.902 59.983 33.865
88.434 63.12 40.862
64.875 46.22 27.803
82.999 50.417 27.835
67.167 44.034 29.425
108.51 91.195 72.446
121.37 104.17 89.374
101.32 78.034 54.482
99.699 76.728 52.897
117.12 99.509 77.024
88.99 66.252 49.443
81.089 61.607 40.795
66.077 41.64 23.184
72.602 50.963 30.069
72.633 53.88 35.615
77.019 53.398 39.187
71.939 50.119 31.748
80.496 59.08 42.846
77.816 59.235 44.28
80.41 61.352 43.813
76.901 57.489 39.673
70.87 49.253 25.848
99.604 75.844 55.561
53.973 37.395 24.31
98.977 76.35 52.073
80.449 56.253 42.353
90.674 66.742 42.748
87.297 63.024 41.697
127.2 118.65 99.232
114.69 92.607 73.877
122.39 88.77 61.553
118.58 85.752 67.391
121.73 94.719 64.399
128.55 92.043 63.589
121.83 87.263 66.958
128.25 102.11 78.402
98.658 76.153 56.325
90.082 72.64 57.581
83.509 64.944 50.417
122.88 106.87 92.346
95.788 70.667 51.663
84.957 63.39 46.053
107.91 87.741 72.732
117.58 97.21 79.609
88.166 67.53 47.316
78.835 51.24 32.689
84.404 64.024 45.047
76.341 59.053 45.022
86.323 65.037 46.758
55.655 40.747 30.713
93.811 67.119 50.011
87.836 56.29 36.093
109.82 95.046 80.855
73.72 53.897 41.588
70.31 53.108 42.227
74.312 67.479 61.309
81.874 69.282 60.595
62.102 52.686 41.55
74.879 63.533 51.855
86.89 73.773 61.327
87.462 72.391 57.519
99.535 82.98 67.646
97.112 80.78 67.37
115.85 101.56 88.282
116.7 103.11 88.727
116.48 102.05 89.771
120.82 99.251 83.059
113.81 92.622 77.022
111.08 95.136 79.208
114.68 98.203 82.893
113.98 98.323 84.276
114 96.37 83.705
117.38 99.22 83.274
112.06 95.426 80.439
120.69 104.39 85.794
113.73 99.367 86.728
114.46 100.17 89.617
112.9 103.02 90.879
121.03 111.96 100.32
116.46 104.71 88.912
149.43 131.44 111.21
99.203 90.79 77.904
100.24 87.416 76.686
104.4 90.043 79.597
98.522 82.881 71.579
0.00014409 0.00014409 0.0022852
11.331 11.13 11.063
9.7893 9.5737 9.477
5.9463 5.8418 5.7949
6.0753 5.9763 5.9273
5.7274 5.6312 5.5904
6.0165 5.9056 5.8636
0 0 0
8.246 8.1 8.0455
12.04 11.829 11.726
27.169 26.548 26.397
9.1977 9.0122 8.9688
28.575 27.956 27.79
29.52 28.871 28.683
25.236 24.612 24.525
22.353 21.746 21.713
17.414 16.981 16.929
17.713 17.33 17.233
20.877 20.413 20.33
8.4493 8.2623 8.1912
11.205 10.95 10.89
16.749 16.336 16.227
8.7937 8.2964 7.6488
