0 0 0
0 0 0
0 0 0
23.775 39.354 47.045
25.283 31.926 44.675
11.134 11.124 11.14
33.808 39.627 35.238
12.3 0.11048 1.4878
1.2881 1.2879 1.2878
21.436 16.309 8.7344
22.861 15.691 7.9811
1 1 1
48.779 33.209 18.697
48.016 36.829 24.443
5.3597 7.8898 4.8508
109.02 98.983 67.733
85.449 75.577 50.654
89.486 79.071 54.312
91.972 80.847 55.346
108.91 98.891 71.094
89.582 73.776 47.776
69.876 74.482 71.081
96.206 86.741 59.479
82.775 76.074 58.165
109.15 95.469 59.412
31.593 28.596 20.023
113.31 98.942 65.281
68.363 55.36 32.598
125.39 115.05 87.407
57.144 53.284 37.923
126.46 126.35 104.19
129.38 131.56 112.84
96.629 95.853 82.608
141.71 148.56 128.31
139.75 138.26 118.8
130.86 129.38 112.79
125.23 122.45 106.75
126.06 132.14 116.14
88.547 90.864 76.453
68.384 64.302 50.73
67.956 63.511 52.174
20.466 25.496 25.202
19.255 21.385 21.577
82.374 86.775 71.322
83.244 86.517 68.182
80.936 84.39 69.782
55.648 60.367 47.498
59.421 66.214 52.293
84.194 88.869 72.983
100 93.728 67.273
110.52 106.7 79.235
102.72 92.647 64.127
94.079 92.286 60.738
84.587 89.997 88.02
91.987 95.805 83.525
126.2 120.39 93.708
130.31 128.05 103.58
148.98 143.68 122.22
146.7 140.75 118.81
143.95 137.16 116.14
140.14 133.61 112.17
122.2 121.51 105.75
142.37 135.82 114.1
140.83 134.59 114.5
146.47 139.8 118.55
142.1 135.86 113.32
138.38 130.97 110.32
138.56 132.04 112.19
125.35 117.36 96.695
116.03 109.07 88.159
120.08 112.12 91.601
120.24 112.76 93.093
114.76 107.67 87.639
95.458 93.331 70.696
63.975 43.243 28.495
80.502 81.478 66.384
62.09 43.36 30.64
73.464 48.076 33.253
67.645 45.045 32.118
59.823 40.364 26.597
46.704 35.683 24.172
38.421 22.251 14.222
62.756 39.552 22.765
71.379 42.438 24.092
60.438 44.434 27.858
62.556 46.549 30.537
59.976 42.669 27.113
60.375 42.998 26.981
76.903 59.075 32.503
52.821 37.703 25.227
81.006 63.542 36.095
53.905 46.905 28.211
57.065 42.405 27.497
62.864 54.12 39.088
53.005 37.68 24.29
37.087 28.004 20.154
63.998 46.768 29.057
110.24 99.151 70.505
71.389 63.015 55.152
95.217 88.433 78.165
100.35 91.284 79.067
72.122 65.512 58.8
90.379 81.445 72.637
91.293 80.756 70.86
98.505 90.164 78.447
84.754 77.484 68.226
97.351 90.175 79.937
96.799 89.019 70.326
99.06 86.962 68.935
111.26 97.624 70.351
86.013 72.13 47.996
119 106.84 80.607
125.05 111.67 85.599
19.128 25.051 15.008
111.87 95.257 63.031
117.9 94.701 57.032
149.28 137.75 109.48
135.46 118.19 86.366
106 86.407 58.881
102.36 82.538 54.639
131.22 109.92 74.886
131.01 109.62 72.146
103.42 95.265 91.719
79.239 73.503 72.513
126.59 112 102.29
115.18 103.27 95.335
119.46 107.77 100.34
100.52 89.678 87.248
116.19 104.09 97.508
119.48 107.17 99.811
117.64 106.18 99.68
113.73 107.66 106.06
127.7 115.54 106.4
122.52 110.67 102.99
123.5 111.26 104.76
99.616 94.647 93.241
114.12 94.194 74.892
47.595 37.15 35.581
45.376 47.38 46.52
36.678 39.031 40.112
49.447 52.363 51.667
39.813 41.428 40.559
55.971 58.203 56.849
34.336 32.506 32.311
56.278 60.333 60.519
44.585 37.957 34.058
81.573 85.607 76.699
44.951 33.007 21.261
98.175 88.167 56.674
93.784 84.597 54.904
100.66 93.526 60.728
80.102 71.442 44.635
0.0069108 0.00078385 0
58.926 18.972 18.23
63.909 21.45 21.194
39.297 11.164 9.1031
50.378 14.628 14.803
52.76 11.407 13.679
48.784 35.379 20.768
61.062 31.909 26.562
49.788 7.4238 11.292
41.83 31.441 23.008
76.203 83.341 80.85
72.113 81.244 79.926
68.123 71.615 67.059
47.333 48.896 41.791
49.217 53.096 50.243
77.726 82.713 79.206
0.072979 0.072979 0.072979
94.33 111.12 84.765
119.47 131.87 100.32
110.11 120.47 90.393
101.03 104.42 97.34
90.73 71.137 43.326
55.78 50.149 40.245
69.071 55.636 36.428
57.485 47.129 39.103
47.967 72.884 80.458
45.578 69.365 76.786
48.952 75.163 83.185
46.865 76.891 85.234
1 0.99992 1.0007
95.864 92.493 66.816
93.356 89.514 64.177
98.975 93.091 63.663
100.54 95.207 66.186
99.384 93.876 65.389
100.33 94.892 66.181
100.45 81.055 44.674
107.16 101.3 71.857
105.84 99.769 70.262
104.38 95.06 66.67
119.06 118.25 89.177
102.75 97.025 68.964
110.46 102.49 71.356
117.61 112.42 74.871
100.05 91.778 61.583
94.617 86.466 59.24
111.67 105.1 74.582
101.09 93.79 68.87
104.55 97.873 72.466
97.571 90.724 66.217
97.697 90.354 65.397
93.971 85.973 59.243
107.56 103.72 73.16
66.782 60.556 42.817
95.43 89.527 68.401
93.992 87.604 67.728
65.865 60.124 42.212
92.768 85.023 64.122
94.749 87.02 64.892
91.263 85.04 52.748
75.267 60.09 40.07
94.234 76.632 49.581
120.61 99.206 63.766
38.775 32.174 19.768
42.051 35.531 22.898
28.555 20.607 12.118
30.946 23.584 14.145
34.749 34.145 20.196
59.359 56.56 38.433
27.932 23.395 14.38
29.963 25.631 11.564
24.079 18.847 10.258
26.621 25.393 16.901
101.77 115.69 95.935
84.697 96.292 81.536
99.805 112.52 95.75
74.665 81.504 68.029
86.651 94.754 77.132
99.673 111.72 94.849
89.978 102.22 88.084
0.088981 0.088981 0.088981
53.926 68.293 64.326
69.093 64.876 42.255
90.067 85.969 51.197
82.339 85.455 57.176
80.279 80.965 46.502
92.345 96.827 62.084
89.535 93.058 60.202
77.531 82.689 54.73
76.507 81.851 53.35
79.905 84.368 56.091
100.47 104.94 70.887
78.342 82.464 55.209
101.29 83.394 63.603
103.29 89.967 73.928
109.67 95.278 78.33
112.18 97.132 79.101
92.908 79.046 64.188
99.585 88.584 74.128
99.018 89.159 74.212
0.23588 0.23588 0.23588
51.121 59.327 37.887
81.241 84.524 54.552
56.653 64.118 43.412
49.349 56.218 35.809
85.401 90.61 68.21
50.658 57.066 36.725
53.923 59.858 39.441
52.052 53.885 33.268
108.01 124.18 102.61
96.636 104.1 88.277
79.755 83.17 73.577
108.4 127.26 116.46
142.01 153.61 144.89
102.14 113 105.18
87.362 100.64 78.89
61.807 69.244 55.797
57.489 64.795 52.317
56.017 65.159 49.735
142.73 137.57 98.732
120.41 122.11 83.35
117.67 111.32 78.33
119.85 113.35 79.864
123.16 117.45 83.17
131.55 125.41 88.945
119.17 114.97 80.739
123.45 119.5 84.35
132.27 126.78 88.843
132.93 127.48 89.614
111.41 112.09 75.561
85.812 107.05 96.601
88.86 110.29 85.874
79.688 100.51 89.842
35.322 30.311 22.957
52.301 34.239 28.301
134.26 121.36 98.826
111.93 104.02 88.878
91.339 101.22 71.511
91.424 83.638 63.412
142.85 132.35 109.9
69.324 95.374 78.882
80.153 101.83 85.281
85.776 109.7 93.129
82.489 104.79 89.134
98.34 119.95 102.58
91.194 114.55 97.087
83.056 121.08 101.5
78.151 87.352 70.794
101.65 115.65 100.36
79.711 93.6 81.531
92.91 117.09 106.85
72.009 81.354 69.234
99.202 115.67 93.988
46.999 49.774 37.737
35.131 27.579 20.585
28.634 23.23 18.151
47.82 34.17 21.553
42.821 29.904 18.562
40.14 27.027 18.787
33.965 21.185 16.583
25.174 18.081 11.804
29.689 22.871 17.818
139.28 124.09 92.659
77.975 81.699 57.223
99.603 109.08 88.262
83.527 76.057 61.158
87.082 75.029 59.394
66.183 63.555 51.687
85.751 71.688 62.619
69.886 68.894 59.439
59.691 54.697 42.95
73.509 69.004 55.492
79.353 76.254 60.572
55.652 48.023 32.263
67.289 58.179 38.023
24.704 21.361 19.736
74.014 69.549 63.528
68.537 62.103 48.777
57.804 51.233 44.057
58.187 50.477 42.939
74.164 62.964 52.738
82.494 71.265 61.498
82.545 70.921 60.919
70.28 58.863 48.364
85.309 71.134 59.914
116.93 91.698 69.416
84.284 59.667 39.437
100.23 109.03 99.097
80.314 70.956 60.52
80.344 71.313 59.848
110.76 90.879 65.323
81.723 74.132 62.779
81.912 73.167 61.472
75.707 70.823 59.958
141.88 126.98 101.54
141.08 126.88 103.6
124.64 106.72 82.54
139.64 121.19 100.26
133.6 122.27 102.19
128.99 115.95 95.224
92.694 82.232 65.727
106.95 96.188 75.677
94.286 80.272 60.563
112.87 94.238 71.677
94.3 85.871 68.693
93.974 85.608 69.383
100.32 91.292 81.348
97.734 92.588 74.374
76.356 83.754 65.947
44.065 38.91 29.951
50.009 53.307 50.965
60.222 45.707 37.178
45.137 25.233 12.726
55.882 29.808 21.207
80.919 62.719 49.489
58.471 36.42 28.698
47.13 31.244 25.143
65.086 43.207 28.918
46.345 31.549 21.136
54.94 37.885 26.986
84.177 84.554 73.848
142.76 117.78 93.477
145.45 118.84 93.745
144.81 118.35 93.615
145.5 118.6 93.217
138.89 113.26 88.821
140.08 122.26 98.118
44.964 49.192 46.015
44.067 48.427 45.254
40.902 45.057 42.198
45.527 49.963 46.768
31.749 44.074 47.368
59.128 70.945 73.639
95.261 82.33 61.862
93.564 79.852 58.977
95.702 82.977 62.028
95.475 82.134 57.346
123.91 120.22 93.276
105.62 93.986 68.363
106.64 95.357 70.202
119.76 110.23 83.706
115.09 101.76 70.687
101.66 87.682 66.391
109.71 97.697 74.429
126.49 123.95 110.67
171.38 169.11 156.07
115.5 107.01 86.278
118.08 114.43 102.72
102.45 91.1 70.251
110.03 107.38 97.426
116.98 112.3 100.91
127.48 104.99 71.227
122.08 107.35 90.571
123.8 108.2 91.46
115.16 104.76 94.711
63.824 38.812 23.948
73.891 41.341 20.698
65.988 37.042 19.153
64.869 52.223 39.039
58.253 61.067 51.182
138.39 130.66 111.54
85.348 60.373 56.536
77.165 64.848 57.697
85.898 60.567 58.223
100.61 84.467 77.014
87.988 64.987 61.611
70.906 60.979 57.749
80.221 69.047 65.03
96.541 77.587 71.118
98.39 85.467 78.556
126.55 100.45 77.02
116.91 93.755 72.624
77.86 66.986 58.669
87.392 73.368 63.179
84.648 65.347 52.672
77.319 64.896 51.857
98.977 85.586 65.271
63.984 52.938 41.94
116.17 113.59 84.581
67.698 54.44 33.237
52.919 37.521 26.825
106.17 92.802 68.335
68.582 54.108 37.521
72.735 58.789 40.573
68.141 55.999 45.809
54.704 45.274 36.77
84.119 86.981 73.528
68.225 51.508 38.326
58.239 46.684 36.134
71.41 69.823 47.687
41.792 40.447 32.314
47.634 47.541 37.253
51.982 35.89 26.019
50.484 36.058 26.333
63.47 39.631 28.043
31.068 22.672 18.166
41.662 28.512 20.375
57.032 42.825 32.954
46.59 27.841 19.422
35.581 26.162 21.084
46.432 27.736 19.495
35.495 24.865 20.332
48.486 34.997 26.864
49.667 28.571 19.834
43.568 32.452 24.974
49.289 36.296 27.168
44.887 26.396 18.144
41.824 24.811 17.179
37.761 28.093 22.554
40.264 28.988 23.136
49.292 27.668 19.29
51.738 35.95 28.223
46.696 28.869 20.585
52.811 37.336 29.179
43.945 27.004 19.225
50.149 29.925 20.229
48.082 28.253 19.511
85.208 48.777 26.324
90.703 33.242 23.917
86.403 65.87 44.902
99.172 49.551 40.699
78.717 60.001 44.582
81.386 61.603 45.774
82.789 57.147 42.748
100.66 42.281 35.556
84.352 37.6 30.302
89.031 62.766 48.48
63.649 44.975 34.623
100.67 70.26 52.362
64.48 57.873 54.017
85.542 59.475 51.16
71.939 80.78 73.3
69.629 78.805 71.477
50.84 24.734 18.929
38.298 25.15 16.108
22.891 14.058 9.1051
47.984 38.496 38.322
42.35 22.327 21.276
41.613 22.943 21.024
43.196 23.27 21.385
36.975 18.656 16.909
42.405 23.36 21.629
42.895 23.41 22.243
47.059 24.411 23.167
54.389 46.512 37.415
114.67 91.214 62.891
50.208 37.671 24.327
93.606 54.921 35.126
70.511 44.615 31.947
69.116 45.391 33.178
78.866 48.289 33.942
108.49 100.16 69.118
83.3 44.721 33.792
127.8 114.13 73.277
71.311 53.939 30.322
55.195 42.737 33.999
29.726 33.033 32.023
46.204 43.514 37.62
34.953 29.957 25.887
47.119 44.484 38.608
32.256 30.475 27.821
46.901 44.49 38.572
46.443 44.212 38.376
46.007 48.089 44.012
27.568 27.375 27.738
28.344 27.977 28.133
27.9 28.778 29.636
64.524 44.169 24.38
65.483 58.094 51.514
60.031 52.846 42.116
50.968 40.867 30.796
54.098 32.269 24.119
53.678 31.385 23.1
54.395 32.551 23.875
66.934 37.386 27.425
58.142 37.721 28.027
99.523 62.236 40.953
85.782 59.242 42.925
100.51 63.628 44.07
79.476 52.598 35.159
79.901 53.304 32.905
84.097 56.143 39.146
100.31 87.711 69.827
103.52 98.029 81.337
99.803 92.642 77.706
106.61 101.48 89.347
95.27 85.529 66.475
85.919 80.693 67.261
104.39 96.6 73.795
121.7 107.31 80.598
97.79 86.723 74.67
73.859 57.284 49.694
64.565 45.764 40.496
61.847 36.525 35.662
62.494 31.426 31.764
28.452 20.27 15.572
71.682 62.015 37.205
56.319 50.863 34.623
40.078 36.103 21.902
55.492 50.9 36.387
53.891 47.926 31.561
100.79 83.119 46.005
58.119 48.948 26.32
59.808 55.551 37.656
67.848 63.056 42.178
52.257 48.937 29.508
42.004 37.693 21.949
60.685 59.056 33.857
57.965 60.63 36.054
116.11 112.96 73.981
51.851 44.173 26.941
105.93 113.67 132.26
109.47 103.31 91.426
86.351 75.903 51.986
102.06 90.2 65.864
106.41 95.373 70.566
107.78 96.557 71.494
100.28 93.209 84.197
99.026 87.969 80.26
107.51 109.34 112.08
84.407 86.987 89.174
116.51 97.728 76.897
127.27 118.39 86.171
139.2 126.66 96.346
94.706 92.419 61.428
121.6 109.33 76.42
23.217 36.662 42.984
27.154 40.637 46.49
63.757 40.228 23.942
59.006 27.076 16.852
47.973 27.37 18.849
44.788 24.968 16.529
0 0 0
77.182 114.88 95.17
71.379 90.385 73.6
66.369 64.708 53.203
43.589 48.014 43.768
77.663 80.413 70.205
50.797 50.133 43.618
77.839 68.518 55.989
97.646 86.01 67.725
69.329 58.459 46.67
57.031 48.455 39.2
91.335 83.913 72.343
67.054 56.965 45.723
93.277 86.285 74.12
87.351 81.267 72.249
61.997 48.729 33.293
53.371 40.245 26.058
65.324 49.559 34.051
67.796 51.403 34.848
68.991 51.772 34.189
80.011 59.852 37.269
84.513 64.139 43.088
91.348 99.118 87.401
79.611 84.539 72.976
74.01 77.838 68.062
115.63 108.19 70.216
101.97 88.689 59.25
91.202 75.243 49.282
101.88 86.635 59.281
125.77 112.87 84.574
81.952 71.695 47.845
94.491 85.336 61.881
94.268 84.272 61.082
112.19 99.063 72.042
102.34 91.56 67.906
99.355 92.303 82.932
93.867 86.497 76.267
95.276 83.318 74.42
51.541 37.82 21.011
43.889 31.499 17.975
44.938 31.448 18.64
40.968 29.53 17.345
40.872 28.484 17.162
75.513 55.292 32.231
44.437 28.23 17.429
60.09 41.582 25.727
68.508 47.259 27.573
35.126 22.267 14.502
39.738 24.992 16.153
36.214 23.273 14.782
53.816 33.706 20.872
51.764 32.676 19.838
82.805 75.315 57.935
71.134 53.548 30.641
80.251 63.033 36.849
100.74 98.135 86.429
94.877 90.357 80.341
78.676 97.142 87.254
60.376 91.729 90.496
99.703 117.66 111.52
83.37 105.83 100.69
83.166 108.14 104.75
55.554 76.097 80.526
88.461 123.37 121.26
54.839 45.403 35.657
62.498 52.576 40.545
69.602 59.73 46.915
93.852 82.527 57.773
75.207 66.133 50.911
82.53 68.489 52.203
83.256 66.986 56.477
80.933 69.485 59.638
82.214 70.832 61.092
90.4 76.915 60.894
77.179 65.788 52.488
64.814 50.588 38.75
87.955 83.279 74.646
176.51 181.12 168.15
146.83 151.43 144.11
54.777 50.327 45.316
60.169 52.324 43.018
0.99081 0.9908 0.99073
40.678 32.096 17.359
88.227 70.235 44.308
67.114 57.354 43.386
57.189 45.868 35.228
86.201 69.518 53.142
113.65 97.46 68.827
102.56 85.553 53.234
40.431 30.457 18.154
0 0 0
0.24958 0.24956 0.24953
0.50005 0.49975 0.49977
0.50111 0.50111 0.50111
0.88724 0.88726 0.88721
0.80848 0.80877 0.80862
0.81171 0.81171 0.81171
0.0054818 0.0054818 0.0054818
0.0053724 0.0053724 0.0053724
0.3452 0.34519 0.34519
0.46391 0.46391 0.46391
0.69514 0.69494 0.69494
1.869 1.8687 1.8688
5.1008 5.1007 5.1005
4.4911 4.49 4.4901
5.6125 5.6116 5.6115
5.2066 5.2062 5.206
6.1571 6.1573 6.1564
5.7129 5.7129 5.7126
5.8567 5.8567 5.8564
7.6538 7.6532 7.6532
7.3201 7.3187 7.3191
6.6072 6.6061 6.6061
10.415 10.411 10.411
10.753 10.751 10.75
7.8571 7.8529 7.8535
4.7354 4.7347 4.7352
7.2012 7.1921 7.1955
1.4641 1.4627 1.463
3.9655 3.9654 3.9653
12.582 11.776 221.47
