0 0 0
0 0 0
0 0 0
17.173 0.29108 4.1995
106.49 108.08 27.832
6.6469 90.082 97.993
0.00020781 0.00020781 0.00016625
10.192 16.644 18.16
0.55193 1.6656 1.1652
6.9952 5.42 5.9822
16.919 10.458 8.4074
20.504 13.018 9.3318
17.545 8.7918 6.3294
11.863 5.81 4.6635
10.396 21.56 97.144
5.131 15.003 56.37
56.367 33.411 34.041
78.07 49.871 44.695
178.61 177.42 180.93
96.28 83.384 74.761
87.718 90.442 89.949
69.526 72.994 74.671
20.32 20.254 24.761
20.325 20.226 24.813
20.437 20.427 25.323
55.166 62.438 82.529
59.283 47.068 41.702
70.082 55.581 46.02
55.542 40.415 34.826
66.964 44.288 34.066
66.678 49.178 36.149
38.869 28.94 24.177
31.532 26.486 24.309
44.739 37.407 31.322
40.778 32.892 28.176
32.168 26.459 24.123
29.546 26.989 22.159
29.682 27.041 20.952
24.517 17.908 11.756
29.168 24.049 17.657
18.317 14.361 10.289
32.79 23.953 18.471
37.326 26.205 19.702
22.005 17.592 13.017
32.35 27.276 18.23
40.434 34.571 30.852
46.297 38.822 35.85
107.8 69.672 41.406
51.186 38.871 33.234
51.162 31.484 20.327
23.163 26.484 36.654
34.05 27.359 23.985
29.946 23.215 32.866
54.822 63.019 78.808
41.179 41.54 56.235
129.9 97.603 81.968
125.48 103.5 92.287
129.73 95.875 80.721
132.82 102.14 88.593
151.42 125.18 110.6
133.72 103.23 88.984
107.21 80.668 66.723
146.06 120.29 107.94
92.968 72.639 52.133
135.12 114.18 98.693
66.139 52.446 60.13
89.472 72.742 52.485
66.271 44.867 32.568
65.81 44.605 32.97
59.785 42.283 38.992
63.758 44.57 36.92
62.686 44.583 39.258
68.841 46.704 32.462
101.49 44.375 12.635
62.694 47.265 39.156
98.905 46.271 23.086
116.47 25.715 6.3967
128.39 41.872 18.463
103.17 55.094 38.642
50.182 38.094 28.504
42.853 31.853 25.016
84.975 69.016 55.522
46.589 27.442 16.709
65.332 38.575 24.01
38.173 20.237 11.686
54.018 37.682 30.069
106.3 74.409 69.277
86.95 68.3 53.874
84.995 34.899 8.2213
80.637 32.254 8.3764
92.014 58.111 33.426
96.401 57.985 32.33
64.897 44.499 34.798
42.747 62.322 72.377
43.318 63.01 73.476
42.48 37.716 31.759
123.31 110.59 107.25
116.84 100.53 96.314
97.025 80.251 72.722
83.029 67.704 55.86
29.996 19.43 8.4752
98.511 55.322 19.823
110.83 97.066 97.837
32.573 27.714 27.793
52.741 46.486 57.522
55.465 49.357 60.739
53.37 48.624 59.695
61.788 53.32 71.925
36.197 23.822 19.308
77.206 72.696 74.143
51.617 47.601 51.782
59.361 56.313 57.814
99.66 91.015 90.612
93.932 75.428 65.39
41.447 27.446 16.025
67.126 46.5 28.73
44.15 63.594 21.963
41.89 56.359 32.429
48.541 79.335 44.953
86.975 48.828 20.292
104.93 54.896 25.348
67.223 38.937 13.811
20.938 55.814 94.623
20.575 55.549 94.373
170.76 132.24 123.11
90.323 50.572 23.391
49.402 44.308 27.611
108.26 89.284 67.11
111.11 91.031 82.416
96.3 70.861 36.529
93.352 68.78 36.078
19.888 11.228 3.1609
21.177 11.19 3.5384
34.406 19.532 6.1546
37.499 20.882 5.1267
24.976 70.11 128.84
30.968 71.861 128.01
32.341 17.917 7.2374
42.918 25.158 7.6421
41.996 24.822 7.4968
47.279 28.469 7.3544
49.832 34.506 13.783
55.46 34.489 15.128
46.407 28.217 7.2111
54.364 31.531 13.122
54.94 30.883 9.8124
41.42 44.985 43.181
80.171 82.39 76.304
40.242 54.682 84.055
95.874 93.037 85.256
64.305 31.374 8.6383
47.152 24.538 7.3192
45.313 24.421 6.151
44.211 25.295 8.4607
42.65 23.81 7.5802
43.498 23.52 7.5185
55.901 28.386 7.944
31.818 16.154 3.6256
40.551 34.327 33.379
49.474 28.943 12.561
130.64 111.93 95.562
34.835 30.568 25.012
21.877 20.096 17.553
45.361 41.061 31.659
32.398 11.995 7.8005
32.514 14.761 13.5
21.347 20.534 19.185
45.486 47.401 38.67
34.722 21.543 12.67
64.444 104.99 149.28
61.857 42.096 27.845
86.758 57.779 34.469
73.146 44.344 26.131
77.644 41.903 24.783
85.709 51.074 36.006
45.303 28.663 18.583
75.854 67.801 63.65
74.547 62.455 54.064
69.537 55.625 49.197
79.994 77.795 78.685
60.7 53.489 53.299
97.552 61.577 38.914
91.393 61.484 43.867
91.32 61.508 44.025
91.163 61.389 44.072
141.95 87.219 43.283
110.99 80.177 52.07
34.597 20.575 11.567
38.747 23.106 12.472
25.194 14.399 8.1233
92.252 56.864 11.136
77.79 47.153 11.518
90.884 56.363 27.732
105.67 67.533 42.415
46.647 27.346 5.2716
84.897 63.994 35.817
83.549 69.281 49.104
101.28 57.601 10.328
107.56 67.978 32.555
59.53 26.884 10.641
102.39 44.651 20.884
63.043 36.676 22.778
122.41 82.13 48.367
101.54 90.074 70.411
109.34 92.539 77.963
82.438 41.298 27.154
71.107 28.227 18.721
72.754 28.721 19.709
123.76 68.987 51.82
89.147 41.62 31.068
71.449 35.011 24.116
64.617 29.857 17.245
67.604 24.161 15.351
72.81 47.229 14.092
39.433 23.67 6.0016
54.748 38.381 23.522
56.377 53.451 50.445
37.769 26.747 10.455
114.04 92.434 56.369
89.953 62.141 19.551
91.269 72.445 41.265
73.803 28.982 21.707
75.934 30.981 23.037
59.517 36.417 3.5381
11.85 8.4008 2.3106
103.69 93.394 69.975
62.915 57.104 47.238
66.934 59.14 48.622
68.576 63.43 53.304
68.028 62.055 51.778
48.609 43.789 36.434
60.773 38.812 5.0641
39.35 10.334 3.0162
40.622 10.722 3.3424
41.12 11.03 3.2701
65.936 48.103 5.7076
78.838 48.92 9.4337
52.371 60.302 43.722
94.684 65.007 40.487
98.53 71.302 48.865
37.389 21.31 9.1842
105.46 75.196 52.599
43.713 67.329 66.011
97.436 67.806 45.405
62.431 92.059 95.172
135.25 150.9 150.63
77.707 81.537 44.377
37.618 12.771 2.1795
59.161 47.707 12.37
112.44 77.33 59.603
70.053 37.88 6.6572
75.891 42.665 27.457
17.814 9.277 1.8814
128.07 68.469 20.928
138.94 78.865 61.447
108.41 64.08 42.897
118.94 70.816 36.669
40.918 25.602 12.489
74.657 48.05 18.44
42.742 30.128 25.585
119.92 74.19 55.759
78.185 53.216 32.303
128.74 111.35 88.746
116.71 102.33 73.14
115.4 99.995 70.346
125.82 108.39 79.169
2.149 12.344 24.14
12.657 18.039 27.36
3.2245 24.244 47.627
6.4412 37.183 68.043
6.5719 37.098 67.547
6.6879 36.693 66.998
6.5124 36.127 66.026
6.4941 35.731 65.432
6.3857 35.167 64.426
6.5545 34.824 64.083
6.6916 37.062 66.974
60.216 40.79 28.585
17.004 34.489 57.118
11.852 21.947 43.041
11.403 21.052 42.808
26.355 46.189 86.972
66.782 60.318 52.177
91.346 83.566 71.502
92.492 84.877 73.912
117.93 101.2 91.049
101.22 110.39 92.949
46.994 20.937 10.38
120.56 103.98 91.161
103.24 89.568 78.672
106.3 92.356 81.763
19.68 15.374 10.904
15.389 13.327 9.606
38.175 32.905 34.724
23.097 18.072 22.394
23.681 16.789 18.526
34.606 28.369 30.296
22.957 17.276 20.482
26.723 21.395 17.28
39.789 33.927 37.837
40.477 34.264 37.111
45.396 40.323 48.113
141.64 126.42 108.89
149.13 125.45 100.78
151.65 127.64 100.99
153.88 129.02 100.95
151.08 120.59 87.819
91.918 87.753 85.521
91.66 88.484 86.494
91.633 89.132 87.477
34.08 50.766 64.695
58.684 65.925 76.268
61.598 66.657 74.227
119.01 129.87 135.48
90.251 85.791 80.331
90.573 85.677 79.969
73.016 63.008 52.54
100.74 96.704 90.489
102.15 97.808 91.456
50.05 27.773 5.1099
21.777 11.171 1.3234
34.372 14.94 2.6109
25.919 10.209 1.3712
80.794 41.187 2.6373
49.655 40.295 62.259
26.784 22.728 29.401
34.48 32.484 48.625
53.4 56.582 92.586
55.843 58.17 94.553
47.824 40.598 54.388
49.193 41.894 57.155
50.647 42.565 57.272
107.67 135.25 154.66
83.849 59.661 40.005
94.743 78.28 56.384
57.68 40.571 19.964
74.779 47.356 34.769
119.08 87.039 58.455
71.063 58.061 56.705
96.951 62.495 29.185
104.42 73.161 43.621
105.59 73.9 43.938
85.161 68.69 50.711
84.092 67.733 49.588
82.373 65.599 47.58
36.021 99.594 3.1151
33.387 97.19 3.0815
71.049 41.46 8.5584
81.162 50.776 18.936
69.563 44.94 20.558
75.27 45.689 17.089
70.881 46.482 21.799
2.884 1.2171 0.30119
91.937 54.526 20.408
95.602 55.761 23.611
91.369 58.569 28.477
58.644 36.576 11.394
58.331 39.684 20.802
76.451 53.552 24.568
54.876 39.905 19.465
64.273 39.4 15.438
78.125 79.277 72.653
70.657 78.31 84.446
71.229 55.77 61.322
68.546 56.994 65.033
114.26 101.73 82.429
101.67 95.046 79.08
109.17 86.519 72.885
65.134 74.684 79.466
60.086 81.888 90.839
60.392 81.388 90.403
64.546 85.932 95.683
56.408 77.037 88.767
95.892 108.55 118.22
1.0462 6.5326 53.997
132.93 121.01 145.83
3.309 21.334 57.36
94.587 77.08 92.229
69.068 62.214 66.119
81.736 54.708 32.728
46.519 27.839 13.558
90.121 55.193 22.345
88.143 55.096 21.828
87.379 54.837 17.493
123.39 97.744 71.366
119.92 95.54 70.614
122.02 96.579 71.877
89.717 65.886 38.203
117.75 93.671 68.92
77.009 45.219 14.99
121.93 93.698 65.325
78.067 45.402 16.479
94.183 58.865 19.315
76.965 44.278 16.065
81.949 48.475 14.996
105.84 77.368 68.258
45.914 42.703 45.575
72.324 85.033 91.381
116.77 96.139 67.015
86.105 81.643 87.895
52.252 38.787 32.781
110.01 94.788 81.276
121.02 109.32 123.6
133.89 113.34 72.4
86.455 77.078 55.429
101.53 75.501 55.589
64.28 29.395 9.2243
98.752 83.193 69.893
47.805 37.78 18.883
88.643 53.085 22.352
66.786 26.851 12.964
94.269 51.666 12.629
73.237 35.228 8.3678
101.66 58.846 32.184
99.115 50.135 22.095
72.206 43.284 27.932
113.73 62.442 33.157
122.37 57.471 24.23
107.61 54.546 22.061
105.66 54.525 22.617
103.92 44.285 17.224
77.972 43.661 25.471
97.182 46.765 23.174
75.668 41.442 20.582
119.45 73.649 39.914
99.953 61.027 32.171
119.17 70.11 40.384
110.26 79.957 56.016
68.207 42.958 29.401
113.28 74.24 52.466
82.199 43.528 25.13
83.941 49.862 22.022
42.944 14.212 3.164
40.346 16.976 6.3691
102.3 62.628 47.174
146.79 104.48 83.446
125.74 122.98 126.55
149.21 163.56 171.17
117.11 135.87 143.41
125.42 101.24 95.215
96.68 68.052 58.549
54.825 33.186 31.198
14.635 12.048 12.272
68.264 39.853 25.693
23.106 11.023 18.299
49.706 40.628 49.154
59.252 20.996 22.409
91.795 24.652 16.993
67.042 32.369 28.671
44.575 19.36 22.498
70.618 34.92 20.109
66.603 42.69 37.42
128.11 52.853 25.197
80.452 42.945 17.865
78.045 84.134 100.44
82.672 38.187 17.703
112.63 132.16 135.37
77.183 34.223 16.385
67.394 23.139 10.633
95.501 27.839 22.964
94.05 27.188 22.565
93.231 28.463 23.977
96.103 28.786 23.831
158.43 89.481 42.207
48.119 14.234 2.9535
77.638 50.791 25
77.111 50.535 23.55
79.538 40.517 15.137
81.071 41.281 15.652
85.552 52.812 15.294
89.4 54.979 14.804
45.515 28.776 16.615
96.801 69.185 55.267
63.496 42.543 27.508
46.207 24.869 18.131
72.502 49.704 36.003
100 72.793 44.651
80.607 55.642 28.855
68.072 42.568 18.258
51.135 34.618 13.913
62.585 45.242 25.599
63.234 38.693 16.216
63.513 38.893 15.195
62.505 38.068 15.757
65.023 38.565 14.963
63.672 42.472 20.155
49.851 53.204 68.088
62.127 75.035 93.814
55.601 25.065 7.2558
10.63 20.633 36.815
24.086 27.022 38.006
64.672 29.984 13.677
72.052 32.499 20.426
61.371 28.594 7.9535
87.066 56.894 37.759
60.053 34.943 16.876
69.998 28.636 15.504
60.762 18.669 13.473
71.558 30.301 26.73
79.895 37.006 17.156
85.475 33.702 20.249
101.52 47.385 27.3
83.348 33.414 21.427
89.203 38.725 25.838
73.629 40.088 13.39
40.355 28.937 34.794
90.251 50.185 97.824
76.895 48.407 41.962
53.887 23.564 16.882
13.662 6.5321 5.898
41.765 18.932 11.208
38.769 7.2752 3.2316
117.44 81.548 59.822
61.965 19.605 9.0699
77.016 31.919 15.959
14.502 38.528 72.86
12.165 27.616 36.882
36.233 22.673 24.909
30.255 18.806 20.907
27.289 18.146 22.178
25.579 43.607 60.498
47.922 18.125 9.907
84.7 34.316 9.469
100.66 68.575 64.433
56.836 24.801 18.647
66.496 45.876 40.073
66.999 43.801 35.078
58.338 37.595 29.913
44.887 30.501 29.242
40.652 25.885 24.803
67.543 44.266 30.425
39.976 19.537 7.0465
10.17 30.209 51.261
26.393 47.542 72.361
9.268 11.828 25.4
49.681 27.618 23.171
41.87 20.46 16.422
35.032 23.06 7.346
49.492 38.983 25.451
139.47 115.17 86.223
81.265 46.887 17.548
107.47 86.68 21.499
4.5834 17.9 58.703
86.222 53.969 27.646
66.992 42.964 23.199
75.061 47.166 25.2
65.069 30.969 17.956
10.868 41.805 56.642
65.53 43.644 24.885
67.663 46.487 27.26
68.941 38.629 22.582
79.469 44.785 25.939
13.919 49.218 64.804
82.422 46.168 26.328
91.024 50.277 24.006
51.913 25.687 12.844
37.799 62.012 79.642
23.312 33.734 32.782
9.0672 1.8922 2.4087
50.593 31.241 19.625
58.282 30.036 15.576
88.595 38.161 17.38
76.416 40.251 15.097
46.15 15.792 12.461
64.528 22.74 10.5
94.335 58.77 31.825
49.615 20.689 9.4906
60.913 25.239 15.616
127.38 63.981 15.305
36.858 41.192 38.604
77.267 88.685 80.127
148.28 94.254 54.269
72.606 49.148 28.842
42.102 40.108 42.302
91.047 50.217 23.052
122.15 71.112 30.415
167.57 82.699 46.575
83.666 66.583 39.681
31.88 19.014 9.5717
100.49 48.377 14.986
39.678 23.159 14.855
32.3 12.144 3.5945
113.38 55.015 28.389
124.04 69.311 20.678
63.532 63.418 56.01
93.547 107.71 103.36
125.9 152.01 143.37
158.19 54.626 11.276
73.494 76.967 80.569
95.13 108.63 108.85
71.101 86.374 92.124
6.1743 4.9721 4.6204
155.2 63.477 4.0174
17.031 2.6141 2.1683
109.06 14.951 6.8787
57.397 45.645 52.472
41.172 30.334 41.23
63.485 60.499 77.969
78.349 34.445 26.057
165.78 81.942 37.455
83.632 41.636 15.3
86.527 36.946 17.505
71.543 27.359 9.2646
85.998 51.357 38.733
29.1 26.845 34.681
151.18 43.449 33.941
79.824 54.226 48.268
107.04 37.245 15.449
5.1021 10.732 14.473
26.539 43.352 36.541
54.689 77.948 76.044
129.35 87.97 42.991
87.259 43.478 19.704
3.343 8.4206 7.8466
79.47 42.829 10.712
70.983 54.399 45.571
67.181 28.764 9.8632
11.948 8.6296 5.0049
41.089 20.455 5.3907
70.686 24.947 8.7414
44.78 10.767 0.73774
56.388 44.776 37.611
82.045 21.76 6.1357
66.325 12.124 2.5042
27.933 21.522 17.011
49.11 43.044 37.022
50.903 46.413 45.861
57.614 40.726 32.057
38.25 24.225 16.832
31.084 19.973 12.207
50.364 32.898 26.506
56.533 38.032 30.904
24.907 17.323 10.66
79.331 58.571 40.077
80.147 51.887 22.565
60.455 43.011 36.961
70.39 37.145 27.083
78.824 47.583 31.725
82.28 42.596 25.923
62.538 32.078 24.948
53.56 22.516 14.928
117.7 58.105 30.984
45.794 32.58 27.533
23.52 14.079 14.364
66.333 42.015 29.733
98.693 50.763 32.829
10.986 13.056 17.151
40.015 32.568 25.722
82.513 53.076 35.896
57.479 19.032 3.2269
92.782 34.101 8.958
84.988 31.483 8.499
78.077 28.478 8.5381
65.618 14.075 9.3909
10.03 7.7876 5.3547
52.664 14.161 6.6598
77.375 26.873 8.5771
75.294 24.554 8.1334
101.4 15.014 9.1081
41.565 28.83 25.661
171.23 87.249 65.334
110.86 13.132 7.2342
80.707 44.191 18.845
17.816 3.7856 4.8843
11.659 3.7047 1.5088
60.928 24.092 16.48
35.208 7.2681 6.1506
39.848 19.527 20.59
34.687 53.419 62.536
7.3494 15.167 14.408
33.377 30.421 28.021
51.15 36.571 34.095
107.26 83.625 79.644
17.569 16.558 8.6833
11.704 18.063 19.586
17.591 14.442 7.6604
24.022 22.358 17.436
112.82 116.13 93.756
85.034 57.203 15.814
66.881 44.069 17.287
68.414 46.847 20.883
34.947 26.248 12.542
77.859 67.913 63.512
79.874 69.079 64.68
75.725 50.973 20.137
63.141 39.59 13.235
71.043 60.747 51.153
38.662 48.895 52.078
37.928 47.566 51.067
81.162 80.753 69.297
105.09 103.89 93.227
103.31 101.95 91.284
147.91 135.84 105.66
105.58 106.22 96.347
104.74 104.98 94.787
51.854 49.517 42.854
132.82 138.34 126.53
86.031 82.86 72.254
113.11 108.49 93.959
73.303 79.565 71.749
96.145 113 106.47
85.916 120.45 119.78
64.666 86.408 86.732
15.002 116.85 152.27
15.049 137.8 29.091
150.01 36.909 178.4
222.99 173.36 13.93
183.71 38.307 72.4
14.408 117.07 149.84
16.688 135.34 29.756
1.1657 1.263 1.2894
2.7022 2.9349 3.0115
13.586 14.753 15.108
16.087 17.361 17.935
15.728 17.103 17.533
8.214 8.8774 9.1336
14.101 15.308 15.68
15.827 17.128 17.597
16.362 17.78 18.211
17.199 18.696 19.18
17.028 18.516 18.988
15.755 17.111 17.511
18.246 19.843 20.365
18.682 20.311 20.83
18.44 19.98 20.563
5.2159 5.6716 5.7668
12.102 13.116 13.467
9.6418 10.564 10.713
13.974 15.141 15.556
3.0689 3.349 3.3942
17.907 19.457 20.04
11.642 12.69 12.951
13.133 14.369 14.66
9.0895 9.9122 10.179
34.738 22.378 17.252
97.463 102 119.73
