0 0 0
0 0 0
0 0 0
12.918 51.645 149.56
82.796 58.126 32.067
63.121 90.211 116.01
50.383 76.514 110.57
39.808 52.916 65.669
74.382 69.652 76.588
49.379 108.71 135.01
71.085 178.28 212.08
34.561 41.622 85.152
84.038 115.27 129.77
82.972 126.85 151.65
41.353 51.449 87.468
34.104 56.322 84.601
45.727 62.347 91.76
41.716 56.499 74.014
61.323 87.445 118.25
57.138 83.87 113.8
44.962 64.473 84.394
32.204 44.021 59.887
32.992 49.81 74.164
5.2677 14.418 53.469
48.703 67.778 108.85
20.273 24.868 37.42
21.348 29.466 51.037
14.195 21.448 43.253
8.5056 15.659 29.169
26.052 28.848 52.025
11.062 15.351 25.797
24.286 19.841 35.766
20.728 23.458 37.823
22.905 24.414 39.41
23.281 25.734 40.03
21.624 24.688 42.697
20.325 33.824 65.079
81.213 84.978 143.91
36.092 29.848 103.39
103.31 90.55 163.84
13.663 52.008 58.719
53.354 33.724 59.55
39.091 41.156 77.488
22.434 28.761 57.23
30.552 46.714 68.753
31.507 64.641 106.37
35.763 43.044 66.431
60.252 55.385 72.285
58.233 58.817 78.525
44.499 52.823 77.969
10.734 24.058 56.18
113.21 61.739 157.4
72.119 89.366 165.3
23.06 40.788 64.326
65.233 67.152 118.54
47.41 43.979 74.252
15.451 38.799 88.14
32.873 47.126 81.544
19.851 27.464 63.494
49.122 63.977 123.3
13.033 30.12 61.829
37.508 51.824 83.176
59.05 50.239 72.375
114.8 96.957 183.99
31.654 52.114 73.38
59.363 67.078 93.836
51.864 82.098 118.69
34.255 49.244 79.718
11.212 18.401 38.683
44.311 32.924 39.002
19.472 18.21 37.054
46.495 34.06 42.08
21.481 24.948 47.986
28.488 34.624 56.875
23.849 26.897 45.426
22.004 39.947 58.327
36.065 33.913 57.504
46.916 76.391 126.57
44.991 46.541 65.434
46.734 46.006 57.199
13.221 56.302 109.71
22.351 31.932 46.122
11.716 32.49 53.346
60.109 101.23 167.72
22.702 28.82 42.623
29.616 73.697 101.42
42.748 67.441 137.02
62.512 114.45 166.07
75.128 127.43 162.66
8.4219 51.996 84.282
45.548 135.81 197.02
31.426 129.66 192.45
29.605 44 57.029
8.6265 51.953 84.483
4.2927 19.546 60.174
11.661 26.39 49.146
14.586 22.12 66.16
7.8722 38.55 57.406
7.9167 36.934 51.269
9.5538 42.309 67.053
5.3027 18.862 65.063
24.871 25.456 80.989
25.526 25.85 82.561
8.888 40.762 58.908
9.4533 40.107 57.83
8.8184 38.602 54.921
6.4749 27.797 43.711
10.476 14.944 42.072
20.929 28.52 53.942
26.925 47.489 71.199
5.474 32.52 47.552
7.9597 31.281 46.706
16.681 22.729 29.799
23.49 23.987 32.986
27.499 18.313 35.124
49.736 36.677 49.695
41.396 31.678 52.478
32.79 29.26 46.449
50.564 34.897 57.262
39.858 15.627 34.125
25.39 16.911 23.635
97.223 79.147 126.1
60.264 56.124 90.629
97.777 99.065 157.18
48.506 73.276 124.41
9.2514 51.666 80.791
7.7354 21.695 45.676
29.985 100.84 154.56
65.15 79.651 137.58
25.026 58.551 97.156
26.562 54.202 80.679
29.352 44.84 65.356
27.969 38.834 63.262
14.28 62.158 103.62
20.647 74.264 119
13.313 82.33 138.17
35.211 43.829 80.078
34.505 60.662 88.979
15.48 46.487 89.672
4.5365 8.2036 27.062
18.673 28.105 40.899
47.347 45.452 84.291
23.117 39.269 85.505
48.469 24.704 46.127
11.447 5.444 68.643
28.535 18.077 54.219
27.663 14.636 37.029
33.519 63.043 116.86
30.373 31.601 45.359
55.42 65.517 98.961
62.481 74.979 125.12
53.146 62.781 95.605
42.581 125.28 214.4
19.095 34.953 60.52
45.696 17.871 44.205
39.375 40.207 78.139
24.413 26.467 54.713
119.7 98.595 116.12
77.032 14.176 29.518
24.252 18.944 30.537
51.072 38.057 43.182
42.444 26.479 36.044
19.698 35.87 52.785
48.909 39.721 33.003
76.143 33.094 85.907
113.84 62.841 75.207
15.067 10.202 26.738
22.677 22.808 38.291
5.9082 33.971 53.262
9.4855 42.901 52.423
19.213 80.188 137.72
25.421 24.74 34.11
35.13 17.206 22.895
24.258 23.007 32.602
16.051 51.926 40.069
20.255 45.468 59.636
82.983 120 154.69
85.804 130.73 175.52
111.35 156.14 193.14
59.44 83.47 106.5
63.345 86.285 110
9.643 21.958 43.062
4.4667 36.965 50.099
27.639 34.108 43.861
79.958 128.07 172.55
76.694 113.73 151.74
106.23 156.58 192.76
91.732 137.76 182.05
78.617 104.26 139.04
65.132 31.778 33.323
140.26 203.02 238.81
83.147 101.13 133.39
79.735 126.41 153.87
34.059 93.837 108.54
8.7488 55.415 77.637
25.276 97.325 126.77
40.969 92.633 111.38
37.044 92.587 114.7
14.714 66.959 91.203
12.984 66.594 93.117
36.439 81.014 96.247
29.326 57.976 76.158
30.551 57.952 78.253
24.453 21.579 23.335
36.404 67.373 112.14
47.222 23.433 38.252
37.838 33.563 36.357
3.6825 36.503 41.601
18.041 20.152 36.937
35.429 28.679 39.43
15.587 15.764 33.15
7.2791 25.942 31.445
23.158 21.076 23.409
5.2349 25.154 36.306
18.346 18.284 17.769
28.199 34.968 44.59
38.379 21.462 20.365
53.339 25.745 25.013
27.001 32.122 34.525
22.39 43.001 52.627
38.775 64.754 73.652
22.083 67.766 76.914
37.388 57.157 66.622
40.888 57.511 65.824
29.054 60.058 61.639
32.923 63.756 68.366
43.031 68.751 74.645
32.907 69.487 69.452
43.905 57.727 60.344
3.8743 30.989 57.622
16.505 29.747 49.868
7.1657 55.447 99.505
34.857 66.723 85.105
12.205 57.032 65.195
8.4346 69.985 67.882
19.171 46.786 82.195
39.522 63.396 89.216
6.2812 32.527 58.547
23.132 68.923 84.401
27.803 56.997 63.882
29.525 64.084 76.167
15.867 54.598 70.486
25.232 65.715 81.243
49.883 119.07 125.39
32.838 44.419 83.666
32.487 26.898 54.074
8.5757 4.9191 32.515
46.342 35.588 75.604
29.122 138.62 157.09
48.594 51.404 192.74
75.82 57.408 40.739
23.978 65.801 87.779
94.06 67.888 61.526
90.264 28.818 19.804
67.092 15.617 49.422
53.811 27.479 68.948
41.736 43.318 71.814
36.375 52.258 83.29
41.811 48.651 72.16
14.091 34.827 53.43
37.792 45.245 76.137
27.456 42.581 72.433
14.394 21.062 38.671
16.598 23.085 47.018
23.379 23.582 44.879
20.945 23.137 37.943
12.842 16.888 33.127
18.459 43.4 68.51
48.03 39.594 54.304
72.396 56.074 54.138
48.547 33.42 61.206
72.426 40.472 62.244
52.971 36.295 63.629
24.161 28.05 40.185
35.464 45.181 82.072
12.704 27.994 44.11
12.225 24.416 40.191
17.725 34.189 23.54
42.339 58.409 64.379
30.86 35.746 43.875
34.66 69.468 78.045
26.143 28.224 31.722
25.388 23.174 30.102
37.387 32.249 39.151
31.55 37.523 41.641
35.802 30.63 34.532
30.395 21.091 3.7929
6.689 16.611 15.938
12.556 18.007 34.599
41.751 31.142 45.658
38.896 32.312 60.696
24.556 30.614 50.613
35.851 27.767 86.896
47.738 30.078 72.708
6.1322 40.342 41.594
6.676 37.797 39.839
5.6743 34.652 31.7
23.618 24.998 88.376
11.989 27.658 35.039
26.592 23.236 34.667
7.4158 34.033 30.606
3.3493 16.44 20.503
4.5141 19.007 30.526
27.203 32.678 43.922
6.2584 32.887 30.667
6.3715 33.288 31.467
20.175 22.676 37.689
77.685 25.239 58.894
75.482 37.266 66.412
67.17 28.733 43.345
57.731 27.497 32.983
56.163 32.048 40.473
53.078 27.841 33.635
42.916 29.149 35.869
13.952 16.595 26.25
15.573 18.094 28.145
12.883 17.846 27.01
31.57 15.102 19.589
19.213 25.667 49.965
36.87 32.555 29.374
34.726 29.107 30.463
37.765 23.751 27.004
73.645 46.239 56.749
51.519 34.038 35.063
41.337 27.027 35.164
89.604 41.249 53.955
95.804 41.295 49.395
46.617 31.664 45.698
12.627 18.089 43.352
14.25 17.287 33.629
13.285 20.738 50.831
5.1922 12.95 29.794
14.148 19.1 32.862
10.308 11.882 45.241
5.8864 12.083 32.186
13.203 13.14 35.039
16.051 16.179 26.147
6.3071 6.7597 17.722
18.795 14.786 28.299
6.0646 15.715 42.279
20.137 18.175 56.249
3.7993 13.974 37.745
4.7104 18.302 46.646
14.987 19.007 46.732
6.0319 16.023 43.036
5.4989 20.49 35.366
8.2153 18.781 40.93
14.163 7.9527 47.093
3.6921 18.998 36.839
6.2819 14.358 33.966
15.544 20.179 50.772
6.0845 26.018 37.841
1.9114 6.1233 27.198
9.299 8.4472 21.445
30.707 21.595 42.286
10.083 7.9294 22.119
22.811 7.6345 30.74
30.942 10.127 22.186
62.244 35.854 71.162
12.717 15.672 38.797
9.3898 19.483 42.891
7.7751 13.276 30.024
18.145 19.078 48.651
6.5961 18.531 48.926
6.5083 11.265 35.787
5.9902 10.623 31.639
13.336 11.35 38.233
33.322 18.007 40.298
20.568 18.716 45.218
14.909 19.277 46.756
13.231 17.674 49.345
11.92 16.307 47.625
14.443 19.957 50.923
16.936 16.509 39.689
16.447 29.669 61.639
17.147 17.537 53.016
7.8879 12.587 31.828
23.826 24.417 43.326
20.77 21.553 42.755
21.573 21.779 41.418
21.986 18.617 36.721
8.1116 8.729 34.457
3.1346 11.06 25.16
31.283 30.807 47.505
13.715 13.882 30.688
19.881 11.995 55.749
29.561 14.882 59.922
37.729 18.961 29.725
56.89 12.014 14.756
40.749 10.604 47.417
113.3 36.827 71.978
10.887 9.0003 98.952
4.2278 4.5521 155.88
31.246 6.4595 60.908
74.432 3.3085 87.085
19.367 3.9691 69.229
13.881 5.4751 48.047
17.794 11.675 43.843
16.101 6.0296 39.349
29.48 7.8215 55.188
51.759 16.018 50.904
24.503 10.182 48.562
71.01 28.382 33.021
80.76 5.1208 18.781
69.615 4.7003 15.088
93.154 4.614 27.277
51.41 14.167 43.443
171.49 64.263 10.352
125.19 17.106 8.8957
63.126 17.087 27.797
94.428 30.82 39.572
81.602 26.946 36.404
117.15 48.72 64.259
116.42 55.594 80.738
122.98 55.308 74.284
165.59 85.768 107.26
134.15 70.792 88.641
172.42 92.39 109.78
187.5 94.254 115.67
119.72 53.41 77.14
39.002 35.045 49.132
127.22 56.739 91.48
112.42 58.822 88.653
38.758 31.306 60.552
36.432 32.245 42.672
129.32 68.628 90.03
53.522 46.138 72.814
46.283 48.328 65.801
37.894 39.432 66.392
48.629 42.702 65.952
59.66 45.726 64.308
44.388 39.537 62.999
34.89 33.539 53.806
28.043 34.614 59.037
43.857 40.794 65.701
42.982 37.793 64.728
61.411 48.106 67.044
47.117 40.423 56.768
71.49 52.543 68.465
64.858 44.717 62.619
59.713 47.113 68.6
31.077 30.373 60.889
63.26 31.622 40.243
63.431 48.421 70.339
65.941 39.785 56.206
69.191 43.726 65.13
44.204 35.019 55.193
46.963 46.54 74.674
37.155 38.84 53.426
106.86 59.187 82.514
29.625 31.124 56.459
122.24 72.651 119.58
209.9 88.355 120.49
137.72 66.557 84.19
171.92 73.946 97.269
137.74 71.767 125.52
0 0 0
1.9821 1.8294 1.5884
3.8225 3.9157 4.0989
4.0544 4.1684 4.3257
8.6928 8.8539 9.0757
6.9447 6.872 7.2884
14.735 13.908 13.958
14.517 13.049 13.147
17.378 17.549 17.825
19.052 19.122 19.303
14.898 14.876 15.505
21.232 20.894 20.915
12.929 12.384 12.419
12.813 11.597 11.668
14.763 13.254 13.348
14.635 14.546 14.851
21.905 21.905 21.905
18.765 18.765 18.765
10.654 10.654 10.654
13.328 13.33 13.34
13.364 13.364 13.364
19.16 19.16 19.16
16.454 16.454 16.454
14.167 14.167 14.167
24.717 24.717 24.717
16.672 16.672 16.672
20.531 20.531 20.531
18.908 18.927 18.991
18.851 19.101 19.5
16.771 16.771 16.771
15.981 15.981 15.981
5.581 5.581 5.581
13.473 71.528 175.49
9.162 16.043 79.658
