0 0 0
0 0 0
0 0 0
4.4726 4.4064 4.4341
0 0 0
9.2789 9.0223 9.0113
0.062391 0.061841 0.062135
71.006 70.393 67.616
76.987 76.106 72.464
77.185 76.27 72.452
78.4 77.362 73.554
82.398 71.287 65.062
84.633 64.557 56.797
97.661 98.505 94.604
58.15 55.989 55.681
68.414 67.597 66.119
56.343 53.986 53.139
57.429 56.889 56.492
74.254 70.854 66.888
86.092 86.122 82.207
90.398 90.692 87.089
66.438 63.222 59.927
52.914 54.405 51.035
50.525 52.54 53.869
50.689 51.923 50.54
34.752 39.924 38.89
53.236 56.985 55.886
71.245 74.072 70.244
65.385 69.416 68.912
58.687 63.473 64.26
54.019 57.489 55.45
69.983 46.311 35.748
92.362 69.521 53.694
75.548 51.315 30.594
73.559 51.764 35.471
97.118 74.742 57.579
85.217 64.41 49.894
89.714 63.758 46.643
78.208 79.653 77.964
78.638 80.035 77.211
92.153 93.119 86.213
67.425 69.563 67.503
27.414 27.662 26.765
78.507 55.595 40.352
70.163 60.685 55.6
84.733 61.426 44.595
93.862 69.75 54.411
82.102 60.013 46.961
99.663 79.54 67.164
86.08 62.164 49.738
89.209 68.446 56.354
75.258 53.424 40.809
91.965 67.944 53.113
90.76 71.593 59.127
91.2 72.258 59.379
89.704 70.76 58.655
47.835 49.278 46.981
44.191 46.295 44.543
53.999 43.349 36.808
55.122 45.11 39.155
55.177 45.332 39.258
53.378 54.042 53.487
56.138 51.072 48.572
39.523 25.026 27.104
48.646 39.847 32.85
76.766 61.783 52.449
87.369 71.762 61.802
56.36 43.955 37.051
69.923 55.848 47.676
55.184 55.669 59.882
58.536 60.92 64.326
46.338 50.139 53.782
42.143 49.091 56.133
59.117 60.592 60.96
44.838 37.279 28.371
94.092 73.434 56.197
100.88 77.963 59.494
96.347 74.716 61.29
97.315 76.096 62.902
104.62 87.439 73.931
42.397 34.227 25.979
16.593 15.03 13.864
24.728 19.227 14.395
102.82 111.66 108.3
32.593 35.979 36.301
10.119 14.92 22.775
8.5034 15.55 34.661
16.599 17.311 16.198
16.827 13.238 9.9332
31.045 41.037 51.11
30.003 33.133 35.238
45.749 51.317 53.924
38.318 44.244 43.778
13.06 19.655 21.042
12.32 21.271 27.127
19.833 32.081 41.96
18.102 29.605 36.521
20.356 36.314 45.498
34.844 39.781 41.978
14.82 17.01 17.93
10.417 13.61 14.332
10.396 12.634 12.499
8.5217 9.8128 10.738
129.66 116.26 93.12
88.019 77.771 63.233
54.666 52.206 44.099
77.133 65.318 51.554
81.348 69.06 54.538
88.477 85.526 72.647
78.165 65.654 51.613
71.063 59.582 46.66
78.795 68.302 55.131
11.586 12.334 12.118
9.9856 9.5855 8.962
31.843 23.111 16.946
30.642 22.135 16.676
88.304 63.252 42.1
49.382 33.977 24.359
87.686 62.644 41.901
87.039 62.31 41.793
44.844 30.243 20.834
31.858 22.244 16.325
79.091 75.746 65.397
78.855 75.686 65.208
78.596 75.323 64.798
78.812 75.427 64.961
5.6923 4.8961 4.5296
15.933 12.826 10.352
8.3659 7.0456 5.325
3.0062 1.9915 1.0318
65.936 66.368 63.664
64.712 65.1 62.214
65.283 58.029 54.082
62.547 55.653 51.738
65.246 57.772 53.022
106.76 89.142 66.789
91.436 77.01 60.364
48.722 39.828 34.715
51.72 42.039 36.402
49.376 39.375 35.997
48.048 38.391 35.224
53.536 45.687 41.626
47.949 38.811 35.513
49.119 38.885 35.59
50.178 42.662 39.091
45.914 37.931 34.46
53.419 45.832 39.559
44.793 39.527 34.808
41.149 35.473 30.915
51.16 44.523 39.479
54.224 46.7 40.178
52.564 45.232 38.956
51.714 44.683 38.676
48.893 42.933 37.685
56.154 48.441 41.871
52.398 45.451 40.556
54.813 47.401 40.829
55.613 47.921 41.446
49.577 42.713 37.731
66.31 60.522 55.88
42.994 44.552 41.65
39.31 40.163 38.109
39.684 40.62 38.535
40.133 40.879 38.776
43.026 48.382 48.473
59.985 57.87 52.128
69.028 65.94 61.588
92.133 87.36 78.977
98.247 98.861 94.893
22.78 19.336 17.186
38.94 31.634 24.19
76.353 64.014 49.065
17.457 14.752 13.508
38.249 30.455 21.985
37.2 29.516 21.6
42.845 33.83 24.422
48.314 38.795 26.585
39.249 29.423 20
56.862 45.251 28.774
57.159 45.445 28.843
67.602 52.316 33.587
60.294 45.365 26.664
48.127 36.843 23.578
33.698 25.353 15.821
39.607 29.786 17.829
5.6937 4.5281 1.4936
25.914 21.658 16.247
21.2 17.884 13.67
4.3217 3.851 1.659
5.2122 4.9764 2.8235
5.246 5.3029 3.3405
5.9744 7.6943 6.882
14.155 19.804 17.292
7.1304 8.3356 7.8144
4.4433 4.6255 4.0209
6.445 7.0232 6.6814
40.515 33.47 25.01
40.214 32.194 21.381
46.534 38.092 28.211
54.732 45.56 34.679
50.098 53.531 55.916
93.839 96.697 100.38
72.606 59.945 55.673
80.183 71.312 68.918
80.07 72.359 67.665
59.365 54.487 46.999
60.517 56.388 50.582
58.788 53.794 48.828
70.059 63.585 56.894
48.419 45.922 42.662
88.62 87.688 82.575
70.473 68.962 66.766
61.35 61.406 59.394
69.195 66.946 65.975
42.552 43.192 41.603
77.553 73.337 67.937
52.888 51.191 47.653
54.647 53.225 49.57
90.695 89.786 88.649
114.61 109.67 103.86
109.57 106.09 100.66
76.851 72.523 68.829
96.855 90.623 84.598
48.385 39.195 34.685
42.033 33.739 29.045
55.19 50.343 46.675
55.11 49.764 45.73
58.836 53.065 47.992
55.709 50.89 46.043
45.04 40.824 37.454
45.111 40.845 37.316
79.913 78.112 75.022
46.792 42.376 39.447
93.435 90.642 87.154
46.841 42.556 39.762
45.725 36.474 28.594
71.315 60.994 55.919
60.335 50.388 43.568
49.414 39.972 36.098
53.06 41.726 37.77
73.724 61.974 56.888
74.363 62.147 57.287
27.769 25.139 24.952
26.839 23.925 23.885
29.761 26.237 25.748
33.795 37.428 43.639
27.067 38.31 49.308
24.313 35.754 45.559
24.215 28.688 34.804
33.204 44.803 52.247
13.549 19.742 26.73
11.544 25.546 37.334
9.3415 7.5052 6.2216
7.8417 5.7249 4.8824
16.078 12.883 10.815
15.921 12.787 10.719
13.7 10.964 9.6739
7.2819 5.3865 4.4788
12.891 10.495 9.2269
13.315 10.824 9.3815
9.5793 7.8338 6.7698
11.137 9.3076 7.5141
16.278 13.397 10.564
9.3946 7.3778 6.2938
15.695 12.808 10.642
45.012 42.269 41.927
18.208 18.31 17.992
34.775 33.79 33.929
51.575 49.358 48.425
44.132 43.21 41.875
43.798 43.103 41.661
25.313 22.74 20.629
23.916 21.328 19.207
30.335 26.451 22.284
44.622 40.849 34.897
23.112 20.368 17.208
24.838 21.454 18.077
41.239 35.72 31.825
39.412 32.888 26.76
34.766 30.992 26.467
51.892 45.485 37.691
39.178 35.258 29.998
46.921 42.565 36.758
39.492 34.217 28.117
60.631 54.139 46.314
15.765 14.677 13.289
49.949 44.26 37.372
61.075 55.303 48.44
46.361 41.699 37.788
61.139 60.594 59.001
61.265 60.277 58.819
68.169 65.517 63.803
65.539 62.7 60.813
103.22 104.33 106.64
43.069 39.148 37.191
47.315 41.018 37.22
43.222 38.257 34.466
43.182 38.239 34.522
37.44 30.461 26.92
45.553 40.364 36.296
45.569 40.436 36.596
83.051 72.748 59.717
85.904 76.22 62.335
98.881 87.865 70.714
91.878 83.091 70.851
72.533 63.673 52.335
98.734 87.82 70.478
95.357 83.909 67.78
96.86 86.751 71.83
91.287 82.559 70.79
79.492 72.558 59.728
8.2901 10.77 14.812
30.745 22.836 15.587
28.476 22.183 15.095
23.426 16.9 11.879
33.542 25.414 17.657
48.356 36.345 23.772
50.225 38.041 21.389
43.756 33.105 18.968
46.038 32.906 21.429
45.067 34.225 19.452
32.311 25.286 16.588
37.405 28.905 21.162
37.439 28.917 21.233
38.526 29.655 21.796
39.687 30.727 22.561
39.361 30.501 22.481
37.755 29.255 21.167
30.342 24.377 18.556
37.27 32.571 26.123
31.557 25.739 20.311
26.948 19.144 12.625
17.399 13.039 8.9064
24.426 16.862 12.268
23.007 15.934 11.738
34.823 21.424 13.851
25.761 18.451 15.488
28.791 20.533 15.829
59.436 39.271 23.094
34.755 25.385 17.992
28.252 18.714 12.763
29.433 21.612 16.18
27.45 19.272 14.506
23.156 13.561 8.6556
21.974 12.766 7.4251
18.609 12.416 9.9419
24.999 15.917 10.308
17.349 14.35 11.683
12.053 8.939 5.5835
15.454 11.969 9.2255
16.001 12.194 8.5729
9.6718 7.8636 5.8611
20.55 16.126 11.585
26.146 21.803 17.578
16.343 12.65 9.6679
16.808 12.759 9.2334
21.642 15.184 11.309
12.053 9.9845 7.8391
11.354 10.269 8.2741
37.179 37.256 39.071
51.698 50.509 49.301
35.352 38.223 45.867
55.103 54.356 53.683
52.437 50.134 46.737
56.127 54.302 51.322
51.802 49.162 46.398
83.52 77.507 73.08
73.273 66.649 62.218
86.191 79.841 75.298
80.32 73.656 68.682
37.761 35.712 31.3
34.628 33.13 29.748
52.387 51.825 51.031
81.832 91.651 101.64
91.497 101.29 110.12
55.309 54.652 53.669
59.827 59.558 59.714
91.181 85.108 80.225
70.697 64.96 62.406
35.865 28.788 22.659
36.018 28.933 22.828
35.807 27.877 20.94
62.311 50.532 39.378
69.233 55.872 42.922
53.801 43.943 32.828
47.252 35.248 25.692
60.902 47.463 31.994
44.703 30.757 18.622
34.004 22.486 14.862
32.902 23.577 16.097
13.182 10.552 8.8021
54.421 41.298 28.926
46.452 34.517 23.201
41.266 32.266 23.43
43.711 30.734 20.559
45.272 31.81 21.169
51.834 39.216 26.27
43.575 29.698 20.08
50.542 38.827 27.48
41.824 29.019 20.042
47.742 36.268 24.534
39.488 29.833 20.993
24.653 18.928 13.508
32.058 24.716 16.451
32.526 23.419 15.21
58.565 44.065 27.338
69.493 52.838 36.719
60.852 46.589 31.096
56.853 43.893 29.94
27.408 21.274 15.194
56.197 41.918 27.355
81.97 67.69 52.769
85.409 66.279 45.082
62.409 47.683 33.823
48.479 36.214 22.989
61.42 46.59 29.233
61.225 46.282 29.086
58.248 43.268 25.85
60.899 46.025 28.923
78.221 57.761 33.413
63.556 49.552 34.619
65.933 51.145 35.287
65.126 50.48 34.94
59.788 43.977 26.2
77.238 57.542 33.085
61.747 47.623 31.297
50.164 36.746 21.801
51.559 37.66 22.175
64.247 45.885 24.941
70.857 51.379 28.848
1.2163 0.7835 0.57433
24.472 17.714 12.315
122.7 106.18 83.043
8.4007 6.371 5.4184
59.228 45.581 31.022
19.1 12.339 9.8341
24.027 17.683 12.042
24.845 17.465 11.839
22.373 15.635 10.57
43.401 29.666 17.229
47.091 34.309 21.393
65.442 50.592 34.307
53.225 40.337 26.627
51.873 40.561 28.223
42.222 31.601 21.394
6.1425 5.0431 2.6785
16.101 12.196 9.2611
37.601 25.618 16.49
55.191 35.62 20.855
31.958 22.576 16.319
82.555 57.983 39.79
31.986 21.478 14.54
67.804 37.34 26.083
54.237 35.8 20.516
69.792 46.985 28.776
63.057 41.591 24.171
45.117 28.813 16.649
33.706 21.278 12.776
59.527 38.7 23.144
59.867 37.727 21.598
60.887 38.342 21.301
27.493 18.018 12.1
39.697 32.575 22.979
60.795 48.326 36.996
75.075 61.793 51.184
38.152 33.107 28.194
37.483 32.129 27.146
41.052 35.132 29.877
45.017 51.618 55.085
31.253 35.478 37.287
55.57 64.595 68.666
74.101 85.896 88.146
65.641 78.608 80.907
68.97 82.204 84.092
58.942 70.581 74.177
68.033 78.792 83.194
32.805 37.8 39.911
72.636 80.752 83.345
76.794 87.1 87.191
75.53 87.716 90.476
43.917 49.968 52.507
31.762 36.514 39.552
40.137 44.816 46.665
76.292 86.104 91.262
78.984 89.05 92.389
39.237 43.158 45.15
38.272 43.251 46.113
38.999 44.034 45.899
26.138 28.211 28.919
28.781 32.372 33.902
31.729 35.493 36.831
29.299 32.339 33.539
27.161 29.832 30.836
33.589 37.148 38.822
34.535 38.921 41.006
34.826 38.504 40.205
31.346 35.057 36.92
42.747 46.122 48.196
39.982 43.393 45.165
36.244 40.482 43.534
39.593 43.868 47.157
42.257 45.751 49.526
34.078 37.744 39.562
32.557 36.613 39.792
29.899 33.419 34.674
50.453 54.996 58.713
43.96 49.205 51.514
89.353 103.73 107.88
14.638 15.269 17.22
17.54 11.655 7.7492
32.36 20.438 12.573
28.718 18.058 11.508
33.828 33.007 33.288
56.576 57.478 56.24
113.97 116.19 116.21
61.744 59.982 59.559
112.38 114.05 113.51
117.4 116.58 112.44
26.857 22.095 18.569
53.073 42.898 33.465
28.104 23.093 19.464
44.418 37.39 30.336
65.581 53.295 41.913
61.896 48.692 38.109
59.349 46.565 37.077
60.045 47.158 37.538
1.3596 1.0324 0.85662
61.556 48.168 38.204
55.235 43.715 34.062
56.351 46.608 38.718
43.139 37.17 30.488
80.521 78.08 76.91
49.312 42.443 36.718
52.867 48.609 45.284
88.062 84.621 79.543
75.775 64.211 55.982
38.616 35.874 32.264
61.201 50.977 45.388
54.801 45.317 39.331
37.453 35.558 33.257
35.878 41.634 42.062
27.879 25.507 22.224
25.625 22.964 19.843
28.56 26.665 23.789
30.901 28.324 24.643
21.266 20.294 18.846
36.57 32.82 28.505
34.582 31.724 28.228
34.271 30.729 23.437
46.453 40.654 34.805
52.288 46.206 38.919
58.868 52.31 43.392
48.65 42.081 35.037
80.568 78.665 78.226
46.607 41.685 33.586
44.818 40.263 32.059
91.404 89.322 84.471
89.846 88.228 83.903
30.968 26.831 25.241
64.142 59.179 56.722
61.579 56.855 54.316
63.214 58.749 56.626
92.277 84.22 82.917
63.413 58.797 56.627
61.992 57.498 55.175
59.376 50.903 44.828
75.239 66.415 57.519
56.068 48.091 41.146
75.419 64.083 55.986
64.538 54.189 46.681
85.856 70.808 57.279
57.379 48.039 39.664
68.174 56.527 46.754
34.219 29.774 27.115
61.984 54.899 49.68
59.088 51.733 47.602
86.67 92.548 96.121
71.452 63.963 57.479
35.3 28.861 30.536
72.892 64.946 58.118
32.388 29.321 25.952
61.322 56.007 49.783
60.203 51.337 42.55
53.739 48.824 42.941
55.142 48.018 41.292
37.528 33.613 29.592
92.106 97.001 98.409
109.9 97.313 78.635
86.08 75.006 61.606
73.811 63.248 51.394
75.344 64.706 52.811
112.59 99.7 81.159
72.354 62.121 50.853
67.911 58.38 48.932
83.402 76.579 69.654
102.78 89.049 74.921
110.94 96.339 81.121
79.009 71.256 60.871
85.113 76.892 66.866
100.22 87.88 76.343
103.26 89.673 77.893
98.616 89.091 78.493
101.21 90.513 79.333
104.77 94.431 83.193
110.21 95.114 84.273
94.544 85.854 73.305
104.38 91.33 79.875
104.22 91.935 79.621
88.431 80.491 68.545
108.54 94.986 82.588
92.397 83.931 71.412
46.043 40.627 34.8
72.233 58.194 50.667
73.655 42.816 44.829
115.08 86.246 96.866
52.528 28.291 31.713
53.883 28.355 32.82
83.193 63.483 67.195
68.057 37.432 45.847
62.084 38.187 44.353
34.905 20.208 24.227
94.554 82.919 72.159
31.349 28.55 24.477
33.275 30.194 25.807
28.557 25.805 21.853
44.068 39.996 35.01
94.204 82.02 66.969
80.292 69.149 55.157
46.959 47.103 45.679
23.912 23.283 22.872
21.433 21.38 20.752
109.12 95.407 76.662
97.146 84.292 75.266
103.53 90.898 72.934
112.09 103 88.762
87.228 76.973 60.706
115.54 101.11 78.689
69.423 56.145 40.215
69.441 56.178 40.277
69.309 56.098 40.212
81.839 70.437 57.662
83.116 71.503 59.149
84.317 72.694 60.168
0.87447 0.59668 0.38781
0.8639 0.59268 0.38766
73.874 61.41 44.287
78.981 65.099 47.032
63.062 50.235 33.396
0.77961 0.55243 0.37298
61.776 49.144 32.556
0.70841 0.49406 0.33965
0.77437 0.54171 0.37292
86.36 84.553 81.873
84.529 82.898 80.244
69.804 68.283 68.356
92.28 90.208 88.653
94.054 91.862 90.144
93.19 90.961 89.293
74.259 71.123 71.246
94.696 91.393 87.39
47.812 40.369 33.937
47.917 40.33 33.978
41.286 34.522 30.306
44.555 36.951 31.658
45.28 37.58 32.214
41.407 34.643 30.301
46.035 38.258 32.784
41.299 34.61 30.192
46.679 38.831 33.143
40.727 34.176 29.966
47.079 39.14 33.583
43.77 36.162 32.078
74.251 63.516 55.982
68.689 63.7 62.497
56.641 54.227 51.452
111.78 108.34 104.17
78.89 73.727 67.448
79.627 75.261 68.904
73.416 69.538 63.699
68.983 66.326 64.088
67.809 64.079 58.665
68.912 63.901 58.314
73.113 68.045 61.139
62.04 57.749 52.794
72.807 67.921 62.185
72.885 68.041 62.519
93.306 88.264 84.215
88.576 82.785 77.07
93.439 88.684 84.927
65.031 59.225 55.001
45.802 46.362 48.082
56.317 51.597 48.226
52.618 48.264 45.343
53.263 49.586 46.731
58.394 53.789 49.971
49.876 45.78 42.966
45.148 41.868 39.594
47.367 43.059 39.386
60.463 58.58 55.854
63.262 62.112 60.354
68.101 69.6 64.543
59.965 58.566 53.347
62.246 58.99 53.066
56.128 54.207 51.491
82.367 82.388 79.285
25.632 26.556 24.744
50.516 43.353 37.995
62.091 55.033 48.479
62.747 53.106 47.582
58.478 47.412 41.925
85.98 82.668 77.419
63.007 62.357 62.099
88.767 82.493 75.564
66.13 59.549 52.001
96.929 89.702 77.434
59.505 53.075 46.341
74.277 64.769 54.249
69.362 60.79 53.564
85.189 78.28 70.203
80.217 70.492 58.963
103.93 96.152 83.234
16.902 15.217 12.402
11.554 11.056 9.2029
178.27 170.95 160.08
111.27 104.18 90.51
63.924 55.115 49.064
63.525 51.324 41.982
94.104 85.683 70.482
66.399 64.877 65.248
107.52 109.49 108.01
69.03 71.042 69.486
79.631 87.538 88.385
56.148 57.673 52.801
110.33 107.54 104.02
45.284 41.184 39.103
35.835 34.855 32.388
30.612 30.046 28.288
67.475 65.817 59.137
0 0 0
80.056 78.845 73.204
75.452 74.474 68.9
52.936 47.408 41.528
51.895 49.077 44
47.968 41.08 35.95
50.061 40.561 33.148
40.438 32.785 25.745
44.789 36.158 29.31
43.683 35.019 28.308
41.338 34.1 27.874
36.294 28.718 23.294
39.055 30.655 22.373
52.93 40.964 31.991
51.45 39.604 30.396
55.999 43.064 32.045
75.553 67.246 58.978
57.174 51.898 46.261
59.882 54.16 48.074
76.496 69.357 61.65
34.889 27.392 23.872
41.538 32.819 29.027
75.804 68.49 60.843
39.805 31.181 27.389
49.877 43.587 37.579
32.678 25.399 22.013
46.895 36.007 29.632
36.432 29.824 22.58
30.008 27.655 22.825
29.822 28.742 25.053
19.427 19.437 16.563
13.649 12.903 11.058
10.232 9.8627 7.6413
9.8192 9.6603 8.607
9.9514 9.7617 8.7427
9.9316 9.8917 8.9485
13.076 11.127 10.152
12.489 10.609 9.811
9.2752 9.5434 8.5707
4.5384 4.6585 2.3014
8.3324 8.4685 7.9858
36.522 37.967 33.109
15.969 13.552 11.963
11.238 9.5019 9.3115
4.0643 4.0635 3.3087
12.298 10.439 9.7364
7.3163 7.016 4.8313
13.444 13.485 11.759
9.1971 8.8382 7.4773
15.56 13.532 11.698
17.76 17.802 13.592
7.6056 5.947 5.8785
7.9588 6.4012 6.2347
3.7918 3.2278 2.7171
3.4149 3.2103 2.8147
0 0 0
20.981 20.98 18.047
20.977 20.973 18.009
27.401 21.888 14.36
43.032 36.487 30.244
4.507 4.2546 3.9717
4.2576 4.1398 3.9699
2.6254 2.5301 2.4123
1.3723 1.3763 1.2715
3.0479 3.0661 2.8433
2.8343 2.7868 2.5335
2.696 2.573 2.3696
7.8783 6.5716 6.0073
12.65 11.083 9.4999
13.821 12.856 11.452
14.992 13.977 12.31
21.582 16.626 12.956
70.826 50.975 36.339
61.164 48.083 30.871
61.732 43.755 29.635
66.482 51.745 32.04
66.971 52.54 32.721
54.244 39.877 23.195
66.623 46.326 25.246
62.439 43.42 29.571
61.147 38.58 21.138
68.794 43.329 24.214
42.296 29.85 19.47
18.279 19.786 17.09
22.179 18.275 13.134
45.728 33.528 22.071
36.706 25.377 16.459
34.926 24.849 17.106
58.999 41.038 24.117
45.877 31.5 18.946
22.054 15.45 10.892
15.537 13.004 12.348
50.419 42.053 30.742
57.018 47.669 39.167
77.777 33.353 18.625
62.618 36.546 25.811
51.086 37.219 29.016
88.201 58.614 41.814
69.929 43.959 21.795
86.589 53.869 28.301
29.178 18.734 12.617
67.332 51.924 42.578
69.251 51.191 39.121
72.117 56.298 44.914
76.61 63.635 58.515
108.75 88.86 69.449
90.1 74.308 64.831
109.06 94.456 83.621
109.05 94.258 83.503
108.3 93.563 82.861
84.838 70.46 62.863
97.613 82.258 69.112
85.599 73.991 63.551
109.35 94.443 83.569
87.679 71.727 60.325
84.72 68.725 60.106
83.04 67.446 58.911
84.645 68.504 59.958
107.52 91.638 80.361
86.928 70.002 60.57
80.293 65.351 57.384
81.983 66.656 58.188
107.72 88.701 74.985
103.45 84.477 71.438
103.33 83.916 70.241
104.69 84.868 71.057
103.55 83.741 70.075
105.92 89.336 78.562
42.713 45.293 45.804
42.028 46.408 47.819
40.847 44.61 46.324
30.099 32.451 33.331
39.409 45.6 45.404
33.241 46.884 53.424
25.923 26.894 24.623
26.129 27.123 25.865
23.528 24.82 23.835
18.856 18.334 17.132
19.556 18.89 17.565
16.007 15.882 15.062
0 0 0
1.0963 1.067 1.0599
1.973 1.9398 1.9106
0.65052 0.60508 0.66623
0.99309 0.97057 0.98922
0.7265 0.70839 0.6958
0.45814 0.44447 0.44589
0.16127 0.14901 0.16976
1.183 1.1565 1.1469
2.1614 2.1149 2.0826
0 0 0
1.3044 1.2778 1.2626
1.5218 1.4879 1.4635
1.2587 1.2203 1.2279
1.185 1.1555 1.1516
7.5042 7.3279 7.2737
9.6774 9.4439 9.3954
12.69 12.416 12.277
8.1105 7.9012 7.8376
3.8198 3.7008 3.7249
10.315 10.064 9.9977
9.9021 9.641 9.6044
9.7402 9.4859 9.4262
9.4951 9.237 9.198
9.9718 9.7222 9.639
10.526 10.286 10.168
10.435 10.145 10.137
8.4211 8.2124 8.1273
10.4 10.058 9.9917
15.539 15.151 15.021
13.89 13.548 13.412
12.159 11.858 11.767
9.4637 9.2443 9.147
9.1916 8.9779 8.8892
8.208 8.0116 7.9399
10.835 10.526 10.456
11.175 10.894 10.809
11.62 11.306 11.237
9.7289 9.4609 9.4111
9.0596 8.8246 8.732
10.082 9.8396 9.7329
10.224 9.9466 9.8496
13.138 12.766 12.605
1.1517 1.1511 1.1514
