0 0 0
0 0 0
0 0 0
5.246 5.0953 5.0836
0.066929 0.071585 0.070413
0 0 0
106.85 106.07 96.536
95.544 94.353 86.781
101.81 98.393 88.604
70.718 68.434 65.834
94.573 89.085 80.658
90.533 69.418 50.934
65.431 53.406 42.725
63.266 52.357 41.932
90.082 94.179 86.669
84.674 83.235 73.582
83.107 78.726 65.664
94.955 82.595 72.222
98.622 86.932 75.616
89.527 78.094 70.024
77.683 68.681 61.447
75.567 65.289 56.902
83.064 71.452 63.591
74.372 61.831 53.479
69.115 56.548 47.927
92.875 78.887 66.798
108.15 98.723 88.805
98.452 89.702 80.56
96.781 85.266 75.911
117.08 108.25 97.835
144.45 143.56 130.27
69.362 59.041 52.258
53.316 42.694 26.589
100.87 93.181 73.769
82.297 71.206 57.42
66.407 57.306 46.925
96.797 83.428 66.03
114.64 111.96 95.776
76.266 63.863 50.403
74.48 61.084 48.666
42.176 32.264 24.941
81.688 72.649 55.601
70.599 59.554 48.1
60.315 46.574 37.231
70.547 54.522 39.78
69.367 54.295 39.843
63.433 49.635 40.746
65.404 52.169 39.825
62.253 49.203 37.512
94.051 82.431 65.298
76.347 63.435 49.454
92.426 80.262 61.25
65.155 53.787 42.486
79.486 66.245 49.733
53.155 41.408 27.613
50.749 38.019 26.835
19.457 12.675 4.7843
71.554 55.509 37.733
22.341 17.98 6.48
22.656 17.442 6.307
21.206 16.74 5.7174
67.373 51.065 38.89
22.102 17.591 5.0549
22.329 17.321 5.8652
65.752 56.459 39.174
68.932 63.589 48.441
69.404 62.236 46.309
72.415 64.326 46.762
94.123 90.841 83.233
111.86 107.77 99.161
112.28 104.35 95.186
125.41 117.78 106.58
111 100.7 89.154
98.106 91.133 79.112
43.085 35.752 34.159
52.843 45.158 43.941
45.412 38.79 37.434
60.855 50.524 46.688
60.833 50.996 47.446
77.302 70.531 68.703
79.721 72.964 70.35
68.108 58.856 57.24
32.461 29.447 26.406
38.082 34.935 29.945
60.297 49.893 47.971
81.823 75.375 74.295
60.131 49.669 47.17
67.231 53.708 50.977
66.58 56.476 54.726
92.515 72.855 61.228
72.323 59.926 56.779
62.407 50.211 46.6
79.461 71.416 74.155
72.206 60.397 56.197
58.381 46.437 25.752
45.354 40.172 29.541
63.38 56.301 42.726
57.898 50.107 38.671
78.493 71.069 57.786
75.613 63.124 48.343
72.25 60.585 39.894
89.911 81.778 64.14
66.248 58.485 45.901
86.016 80.535 66.751
63.623 58.324 50.173
83.105 82.686 59.151
71.266 64.792 53.592
115.7 113.49 104.03
124.48 118.54 109.71
72.943 70.805 68.3
89.869 86.61 81.873
79.364 75.789 71.563
92.807 88.108 80.325
65.713 69.475 46.68
81.676 80.907 65.608
51.494 47.802 38.298
53.652 49.333 39.162
50.718 46.702 36.83
50.161 46.109 36.376
83.391 75.118 60.414
46.71 42.532 33.439
85.569 81.389 63.364
54.869 46.361 36.512
86.732 66.477 47.538
90.491 76.069 60.566
106.9 97.661 87.719
58.35 43.768 33.283
58.049 61.528 58.965
53.921 50.903 47.176
68.455 70.241 68.231
71.371 59.876 56.151
79.872 71.222 68.448
84.967 76.521 73.561
66.936 56.23 52.079
62.246 51.907 47.844
87.995 79.353 76.254
97.131 86.221 81.436
77.922 64.959 57.783
54.248 43.546 25.216
37.804 31.831 22.213
38.984 31.02 14.839
65.983 54.593 42.305
58.797 47.365 36.091
42.892 29.879 13.827
52.537 40.181 23.034
51.129 38.068 25.274
75.256 56.423 33.044
46.426 32.483 19.928
54.308 39.899 22.959
44.572 33.432 18.928
46.769 35.48 19.906
59.07 44.65 24.453
43.63 32.569 17.986
44.077 29.767 17.926
43.393 28.628 16.184
46.51 31.654 17.739
65.411 45.838 22.818
42.986 27.284 12.985
39.305 30.128 18.377
65.283 48.975 36.723
72.763 59.72 47.315
73.66 57.55 40.887
105.43 85.056 59.99
73.165 57.065 39.906
70.5 48.775 30.827
37.354 25.755 14.801
47.743 35.597 20.796
48.113 36.63 22.045
53.156 36.863 16.529
50.414 37.247 23.152
39.322 26.455 15.079
44.232 30.65 17.129
35.598 25.657 13.517
43.239 33.138 20.639
36.644 27.496 16.217
61.017 47.029 31.04
34.33 25.112 13.142
53.109 41.61 27.024
57.155 44.528 28.67
70.575 54.415 33.957
38.324 31.755 18.99
34.215 26.857 17.354
33.875 27.519 16.536
32.764 26.824 17.412
29.544 22.233 14.196
19.166 14.297 10.1
18.479 14.992 9.8653
26.603 22.625 16.835
24.317 21.986 13.656
17.653 15.275 11.013
61.553 41.597 20.629
73.17 58.614 30.409
15.838 11.222 5.2886
58.481 48.686 32.046
8.7733 8.5206 5.8786
11.818 12.419 4.8951
25.682 19.017 10.741
82.774 69.511 53.257
27.549 22.942 13.613
34.119 27.145 15.604
42.531 33.458 20.204
53.347 35.991 18.877
131.74 114.52 75.463
62.313 49.258 34.24
84.384 67.089 50.593
47.379 38.142 29.87
62.771 56.885 45.065
46.594 31.269 14.865
62.234 46.785 30.501
69.974 57.864 41.868
44.804 39.653 31.664
30.021 23.333 11.271
32.317 29.505 20.095
60.043 44.462 25.767
60.025 46.966 33.356
55.515 46.532 34.862
65.952 53.386 40.276
102.62 97.942 90.044
59.659 56.9 48.702
73.418 71.648 56.573
73.728 66.044 51.464
81.373 76.086 59.231
61.853 57.41 44.527
52.271 48.233 38.479
88.851 88 80.946
99.097 91.547 73.905
38.943 37.035 29.771
68.503 67.914 55.026
75.485 61.785 48.959
61.466 57.87 41.411
87.923 73.88 65.365
88.24 73.554 65.04
84.955 72.096 62.846
82.952 69.752 60.72
49.074 42.259 39.156
86.615 71.395 63.274
86.69 71.479 63.032
85.963 70.853 62.327
55.288 41.628 38.267
85.884 70.567 62.031
52.744 43.156 39.916
51.754 41.767 38.42
53.795 43.292 37.02
82.157 67.185 59.371
47.081 38.575 36.254
120.03 106.91 90.731
78.892 70.794 53.379
80.428 66.769 50.781
99.704 83.896 65.017
89.339 81.231 67.625
71.707 58.151 48.114
31.299 28.814 17.543
30.278 26.998 13.919
11.802 11.219 6.0373
16.982 14.026 7.987
38.339 22.855 14.795
49.33 40.975 31.043
40.055 38.099 34.186
33.507 35.863 33.374
40.678 32.843 29.554
43.454 41.65 38.39
43.5 45.4 41.892
50.685 50.54 45.617
49.722 49.614 44.747
38.828 40.556 40.8
25.18 24.684 23.326
36.974 37.694 37.938
32.924 35.985 37.838
32.928 36.339 38.2
33.485 37.011 38.548
28.464 29.561 27.69
34.98 38.605 40.215
32.186 35.513 37.326
29.177 32.984 34.92
31.181 35.706 38.157
30.245 35.333 37.933
26.181 26.27 24.86
32.68 33.444 31.813
32.274 36.659 39.062
29.762 31.126 32.966
29.161 30.552 32.252
11.818 11.898 10.743
12.344 11.355 9.5997
11.707 11.613 10.499
28.244 28.371 26.999
42.973 41.791 37.285
38.284 39.974 37.799
28.446 29.244 27.794
36.179 37.653 37.974
28.139 28.109 26.585
28.365 28.532 27.205
28.276 32.265 35.166
35.46 37.079 38.363
43.797 41.925 38.339
42.414 40.726 37.446
40.319 38.608 34.529
53.886 46.567 37.257
23.211 21.828 17.949
28.914 17.047 9.8679
24.516 17.978 13.797
38.766 26.121 17.902
36.903 20.888 11.264
28.386 17.772 11.665
27.441 20.058 14.861
7.5546 7.6034 6.4786
33.344 21.051 12.936
23.512 15.778 10.513
23.481 15.169 10.754
31.739 16.947 11.542
31.883 17.121 11.194
25.45 15.419 10.972
29.235 15.661 8.4501
32.973 23.271 17.448
20.958 17.596 9.5078
24.59 19.4 11.631
17.416 14.078 8.0488
26.941 22.902 13.972
62.913 52.304 42.416
89.714 69.641 55.785
56.907 45.179 33.839
57.168 45.696 38.936
115.08 103.29 85.356
56.025 46.917 42.11
94.115 86.475 72.208
56.593 48.896 43.674
106.3 97.775 83.078
55.994 47.176 42.019
98.289 89.006 73.919
50.276 45.409 39.698
105.36 95.732 80.408
89.323 83.552 73.192
54.19 46.181 37.164
106.82 98.969 82.089
49.254 42.285 34.866
83.1 72.845 60.351
56.802 46.306 37.092
91.46 81.14 68.987
78.902 75.487 51.739
88.21 78.532 65.53
90.204 80.654 66.346
74.751 64.569 52.213
68.352 59.915 49.288
35.39 27.018 19.668
70.182 59.754 48.244
37.92 29.106 19.582
32.408 27.687 17.58
35.538 30.092 19.746
23.915 21.254 14.714
74.23 67.337 52.127
67.003 59.272 47.198
54.115 48.321 37.67
52.565 47.856 35.613
51.688 46.368 35.794
60.294 54.398 41.862
53.824 49.604 36.878
69.908 64.787 52.252
66.174 59.397 49.219
75.299 67.481 58.17
56.131 49.762 40.81
59.459 55.257 46.629
56.286 52.643 42.647
94.697 88.44 73.074
75.034 68.97 53.499
67.956 65.371 57.272
65.266 63.729 55.236
44.807 40.079 33.364
47.314 43.045 37.211
51.525 45.03 38.162
73.537 68.98 60.968
38.205 31.158 23.144
74.093 70.932 60.204
24.549 24.477 21.012
46.26 40.967 33.406
76.036 73.322 62.974
59.961 48.304 36.946
52.16 45.594 35.582
49.376 40.955 30.543
48.995 43.479 34.704
50.987 45.782 35.701
52.636 43.742 32.784
46.945 39.761 32.153
53.417 46.348 37.901
97.826 91.759 78.39
100.77 95.715 82.722
48.651 39.613 30.965
55.085 46.892 34.53
64.349 61.616 49.814
16.163 12.757 11.167
76.456 64.531 59.68
89.971 78.755 73.501
41.663 30.671 28.319
37.655 31.449 29.208
41.693 32.395 29.028
52.899 43.029 36.957
62.308 51.056 48.385
65.04 48.264 41.099
51.042 40.952 35.892
92.742 68.961 54.947
37.798 29.262 26.426
58.642 45.782 39.505
55.32 40.491 37.029
47.413 37.356 35.086
47.379 38.479 34.941
45.735 35.924 33.792
45.271 35.904 34.078
49.282 39.272 37.456
82.739 66.744 60.928
85.155 69.462 61.254
67.949 59.562 58.363
73.187 63.101 58.8
65.782 51.751 43.462
68.473 55.513 50.633
112.29 91.598 79.055
81.791 70.886 57.777
64.146 55.505 45.865
62.127 46.562 42.418
68.416 52.435 47.578
20.906 18.613 16.546
52.082 41.631 38.672
46.972 37.778 36.372
86.526 69.867 62.527
71.387 71.517 64.093
68.648 61.677 52.629
70.253 62.82 53.288
89.201 75.156 67.422
76.213 73.837 66.199
94.09 76.539 64.763
65.142 48.914 39.318
65.763 49.891 40.31
89.718 75.951 69.198
85.929 69.687 62.949
60.641 48.172 46.348
53.232 43.409 39.919
75.766 58.505 54.046
73.897 62.547 57.819
75.799 60.306 52.553
77.185 64.667 58.862
82.874 66.84 61.734
58.937 44.393 43.096
95.902 79.544 70.263
120.53 99.017 80.592
93.975 79.629 73.113
69.426 56.046 52.34
50.052 39.772 32.464
43.146 32.613 25.63
35.185 27.321 24.504
61.84 53.438 45.164
51.258 42.833 35.928
46.663 32.295 26.236
52.052 44.418 37.78
43.51 34.636 28.853
50.848 36.597 30.352
52.277 38.379 32.22
50.898 35.689 28.796
47.279 34.651 29.705
53.287 39.288 32.676
46.891 38.017 32.023
70.257 64.874 54.193
48.173 40.089 32.29
51.98 43.569 35.266
70.299 65.01 54.415
48.953 41.072 33.182
57.274 52.274 45.621
34.488 26.45 20.261
44.944 39.928 36.387
39.899 34.82 32.181
76.891 65.865 58.718
55.187 44.996 39.976
40.532 31.153 28.933
65.738 53.197 46.87
42.748 32.744 29.868
79.08 65.106 58.555
96.691 87.91 84.325
65.773 50.938 43.34
43.658 31.349 31.962
84.921 76.039 77.556
85.482 75.183 74.587
74.465 65.508 63.147
78.995 69.098 66.528
64.744 54.919 50.565
68.064 62.4 62.625
53.016 43.45 40.16
65.158 60.724 62.056
58 49.308 46.499
53.699 44.895 41.836
55.148 46.134 43.204
66.291 62.445 62.689
66.328 62.779 63.378
55.915 46.842 43.418
49.357 40.213 36.088
52.696 46.089 47.728
96.746 86.655 82.704
63.371 52.972 49.003
50.61 39.588 40.294
93.903 78.509 64.836
78.704 71.988 61.332
91.866 85.682 72.336
66.656 62.475 51.995
85.178 82.619 73.239
77.819 75.482 67.453
76.618 73.66 66.704
61.765 63.137 57.532
67.001 66.085 57.254
99.298 96.938 87.085
68.906 58.908 47.533
63.557 62.621 55.523
24.796 20.119 17.522
90.079 81.66 73.924
68.62 64.384 58.327
48.955 40.04 32.118
64.318 59.401 52.008
54.025 44.486 37.149
63.489 65.029 60.225
77.987 65.069 56.143
68.564 64.592 58.401
88.796 80.992 71.778
41.874 40.736 36.981
87.12 62.94 53.031
65.873 51.807 34.266
71.478 57.819 42.674
63.277 49.922 38.279
59.122 43.806 25.88
46.408 35.656 23.431
64.793 48.131 32.615
68.153 50.255 37.909
86.099 65.182 44.672
58.391 43.834 33.059
78.868 65.331 49.019
56.75 44.489 32.604
37.226 21.627 10.003
73.073 58.533 43.712
31.418 17.669 8.4099
51.964 39.63 27.78
26.184 14.271 6.0476
44.594 33.573 21.15
55.484 42.222 29.016
26.15 14.142 6.0994
37.168 21.335 8.3181
65.424 51.26 37.439
43.386 33.825 26.516
46.047 32.097 22.115
40.669 30.356 23.323
54.189 39.524 25.822
36.236 27.63 21.756
39.095 25.12 10.472
44.172 31.257 20.463
33.387 22.605 13.301
47.287 34.086 22.488
51.488 38.186 25.063
37.918 27.219 20.12
37.427 25.593 13.344
37.959 27.643 17.141
40.691 30.855 23.88
39.058 29.08 22.39
57.618 46.002 32.762
56.359 43.516 29.798
51.047 35.67 22.871
50.255 34.824 21.68
38.84 26.175 15.856
40.262 27.068 15.804
57.211 49.729 39.145
61.189 44.857 32.219
63.229 46.811 31.378
64.417 48.286 34.39
56.238 46.313 35.913
57.175 44.3 32.502
57.506 51.595 48.698
63.899 55.506 45.576
39.704 32.417 30.739
105.12 92.669 78.139
47.058 38.547 38.905
43.057 38.537 37.784
48.747 39.272 39.284
40.44 32.376 30.139
44.283 36 34.035
72.811 55.648 37.051
69.62 51.266 32.886
43.272 30.273 16.561
19.329 15.555 5.4348
44.565 35.479 34.676
4.6713 4.0127 1.9515
19.661 15.885 5.9686
117.36 96.059 79.96
39.345 27.518 21.632
60.024 45.757 42.605
20.609 14.398 9.0547
60.041 38.189 22.308
54.551 39.821 27.546
50.038 33.859 19.68
57.541 33.434 12.804
41.6 25.217 8.9966
42.269 25.575 11.629
25.806 11.351 3.0336
26.004 13.312 6.1968
39.371 31.641 18.857
42.301 32.409 24.992
48.239 36.243 24.547
46.737 33.873 23.045
43.534 32.167 21.441
38.272 29.517 21.602
26.69 18.034 11.091
43.441 30.48 18.5
19.936 15.824 8.381
41.99 29.796 18.984
46.209 33.12 20.118
45.152 32.533 17.052
42.126 26.187 14.384
58.934 42.575 26.263
69.747 51.022 35.912
68.149 50.537 35.953
10.901 10.509 4.2438
32.12 34.802 26.677
23.572 19.902 11.964
36.143 26.102 17.447
52.126 39.551 22.948
31.622 23.193 10.565
23.533 16.867 18.123
21.977 22.397 17.79
29.932 29.574 20.892
24.572 16.408 13.439
23.171 17.809 6.6249
47.676 31.317 20.911
42.285 67.641 86.057
41.462 31.777 19.101
57.871 49.863 59.235
50.986 34.253 22.44
19.739 10.787 20.734
7.1272 3.1942 18.604
14.858 5.6709 27.339
24.163 10.36 15.867
32.453 21.434 14.953
30.364 20.811 14.5
29.855 20.332 14.324
30.414 16.113 34.9
60.409 46.606 28.292
20.103 16.896 39.942
27.034 10.88 39.903
85.848 58.499 56.579
23.057 10.475 32.569
46.136 32.098 59.681
30.439 16.09 53.617
82.013 72.748 102.75
92.165 73.977 105.99
73.572 35.604 50.598
44.829 15.626 13.563
87.084 43.648 58.904
66.736 25.164 25.901
55.011 14.622 28.188
60.13 12.728 22.573
73.439 30.427 49.782
51.466 10.514 25.975
39.852 6.607 5.5513
31.321 5.2691 8.5073
21.305 9.1485 22.623
28.743 18.353 34.056
22.182 11.581 33.561
16.905 6.3534 23.224
50.162 46.586 63.24
35.135 20.923 45.163
38.261 31.737 44.165
29.529 21.617 33.817
42.536 35.911 51.31
62.219 41.024 18.205
53.603 30.73 7.8379
48.127 27.778 6.2857
49.86 29.891 6.4341
50.673 29.314 6.3048
57.765 34.865 17.226
44.388 27.026 8.5641
48.165 27.68 8.9393
61.223 49.555 33.538
38.68 32.478 28.273
72.028 48.922 28.337
62.308 39.757 22.123
42.228 22.154 6.2012
46.918 24.565 6.7393
47.997 25.442 7.5848
52.992 29.933 13.146
40.812 33.882 26.25
54.459 44.577 32.825
28.285 23.529 16.559
40.174 32.143 22.479
23.264 15.319 10.408
24.937 17.125 12.65
23.969 13.313 7.857
26.302 17.009 11.175
24.499 16.966 10.825
22.767 13.789 9.3136
26.157 16.784 11.809
39.888 31.929 26.719
37.71 25.866 18.766
76.437 56.164 42.545
95.696 94.903 94.719
47.518 41.647 37.045
44.69 37.76 34.22
47.227 39.749 31.248
46.765 34.487 30.061
49.627 36.749 30.439
51.084 39.532 33.639
42.994 32.886 30.15
1.4549 1.4549 1.4549
1.148 1.148 1.148
2.3392 2.3398 2.3395
2.432 2.432 2.432
0 0 0
0.82589 0.82524 0.82549
1.2478 1.2478 1.2478
1.248 1.2357 1.3406
2.6848 2.6848 2.6848
3.7231 3.7231 3.7231
14.397 14.397 14.398
14.31 14.31 14.31
11.648 11.648 11.649
10.728 10.728 10.728
11.268 11.268 11.268
10.84 10.84 10.84
12.174 12.174 12.176
10.293 10.293 10.293
9.5607 9.5613 9.5617
11.141 11.141 11.141
8.9898 8.9898 8.9898
9.988 9.9887 9.9882
10.155 10.155 10.155
12.126 12.126 12.126
10.91 10.91 10.91
12.471 12.471 12.471
11.023 11.023 11.024
8.5786 8.5786 8.5786
14.183 14.182 14.183
15.639 15.639 15.641
13.689 13.689 13.692
7.8735 7.8856 7.8716
10.275 10.275 10.276
13.055 13.052 13.127
9.9574 9.9599 9.9634
0 0 0
