0 0 0
0 0 0
0 0 0
1.4048 1.3789 1.3752
12.658 1.1954 0.25135
30.294 6.1685 0.076112
104.51 47.229 10.698
35.73 11.22 1.5662
58.689 23.962 3.2204
91.506 40.01 12.651
65.02 19.075 2.123
121.1 50.024 14.336
61.01 18.077 3.33
50.241 12.328 0.4178
71.341 19.242 0.11545
68.771 28.777 0.087191
62.61 21.288 1.9422
4.2228 4.8987 3.9759
100.12 116.78 110.09
75.266 72.275 69.12
192.07 128.5 128.1
175.42 123.44 100.74
89.063 75.879 69.544
102.68 89.663 84.173
112.53 84.512 71.84
93.557 106.61 109.63
102.81 81.74 78.505
115.83 86.923 71.985
2.8886 34.529 12.016
58.496 47.899 31.141
68.093 64.237 51.476
83.48 75.735 64.085
78.188 70.036 57.766
68.577 69.303 55.578
106.09 108.31 94.242
81.185 81.576 68.279
77.677 74.811 52.892
105.84 116.77 86.11
81.293 83.399 65.584
122.05 130.92 110.65
116.62 125.55 97.217
101.34 97.876 88.078
76.024 72.309 59.081
115.05 125.18 98.835
25.572 16.046 7.9116
38.03 21.977 11.381
35.165 22.007 9.4249
37.237 21.56 8.3671
20.202 16.923 14.568
35.67 29.787 27.442
30.937 25.656 22.984
33.681 24.117 22.438
51.055 29.96 14.333
50.99 26.671 13.845
48.488 25.773 14.718
6.6534 22.362 26.197
40.391 21.22 12.034
16.498 52.677 75.766
41.978 21.962 11.399
6.6419 35.573 44.123
6.8361 19.69 24.697
20.577 12.114 6.4463
29.622 17.711 13.395
30.241 18.025 13.644
36.974 29.288 19.825
39.056 35.075 25.171
38.608 32.737 21.543
14.431 31.072 32.099
16.897 29.862 29.387
10.848 14.074 13.728
12.722 15.434 13.476
21.288 21.036 15.495
16.459 15.819 12.008
7.7453 7.3395 3.6341
29.331 18.339 10.003
31.445 26.962 19.653
31.06 22.249 12.991
73.076 59.894 35.926
43.864 28.446 14.575
32.099 37.943 22.778
43.726 43.246 26.168
22.942 32.84 29.153
57.849 67.581 50.555
43.317 59.347 52.973
49.038 40.728 21.642
40.379 34.036 15.418
24.448 15.22 7.7572
116.52 91.394 35.694
46.846 34.042 17.241
21.936 16.37 4.427
28.437 25.981 11.428
29.627 18.908 7.3185
47.195 40.166 19.765
35.296 24.817 10.527
37.165 22.679 5.1855
42.361 45.795 24.507
118.21 80.411 24.779
90.556 63.761 27.38
18.683 13.092 7.282
14.552 20.277 10.605
36.079 31.434 15.594
34.734 20.478 9.0511
70.598 46.457 24.324
31.909 19.815 7.3166
44.468 33.061 19.765
23.193 21.805 15.551
11.87 8.1096 0.84212
11.42 9.788 1.46
24.89 16.71 6.7618
88.897 70.665 19.388
43.163 59.196 56.135
36.791 30.344 21.133
22.308 29.609 20.365
29.961 36.838 26.723
33.438 31.539 24.845
19.054 26.948 19.785
32.874 55.847 52.971
24.759 29.177 27.068
22.671 42.101 46.902
32.964 35.448 20.538
34.442 41.233 33.566
18.819 33.554 31.146
38.018 48.04 42.195
23.631 37.231 27.999
26.438 45.526 34.968
30.459 50.726 47.889
0.89762 17.964 10.773
52.407 58.256 42.414
32.138 48.211 38.492
6.2382 15.303 3.0439
43.949 60.738 46.268
0.86171 11.868 8.3858
24.977 34.767 20.806
53.733 72.889 39.5
28.033 37.234 24.179
29.844 35.44 22.676
4.8674 8.8961 3.377
3.462 13.02 5.4246
16.119 31.67 21.136
3.0351 18.259 7.0231
14.767 34.504 26.87
32.847 40.95 23.137
3.3035 18.049 9.881
10.202 21.262 16.39
29.925 31.524 22.101
43.425 47.343 35.567
94.248 69.901 15.718
3.3006 10.878 8.952
3.8314 14.882 9.4448
2.6374 10.519 6.4616
0.63057 5.7698 2.7379
3.3476 14.431 10.694
0.80067 8.1608 5.3021
5.1448 13.892 10.678
7.4201 17.083 11.146
0.99627 10.845 5.8162
0.52183 7.3652 6.1373
0.070367 4.5509 3.1097
0.33005 8.3835 7.1389
0.8785 8.0438 5.6845
2.7444 11.149 5.8404
10.329 15.955 10.4
2.37 13.768 4.2396
7.5992 15.63 11.035
6.715 15.535 10.077
8.4804 13.664 10.569
7.152 17.317 14.61
0.0061198 3.9945 4.8419
4.1016 15.68 8.5562
4.256 24.71 21.408
15.808 29.666 19.179
1.416 13.946 4.1215
1.6124 10.294 6.5146
8.5264 26.656 19.6
4.6209 14.737 8.9961
6.9447 15.732 7.106
9.0205 19.523 13.921
15.146 28.858 25.973
86.879 105.54 50.797
80.573 105.27 55.187
51.502 62.432 25.93
75.864 83.026 47.222
84.348 92.868 53.002
38.455 24.295 10.777
30.411 18.419 6.2267
32.673 19.294 6.4734
23.791 13.637 3.3763
29.478 17.332 4.9488
32.05 18.579 5.8854
18.441 10.951 1.373
21.779 13.867 4.2857
97.072 69.043 18.414
4.8738 11.731 9.6961
11.483 16.318 14.774
18.603 26.416 18.836
7.6619 12.513 12.665
31.113 38.683 38.755
22.084 69.541 66.699
49.46 58.319 58.965
68.555 95.849 99.685
48.798 28.689 11.97
54.324 33.478 15.03
19.507 10.311 3.449
34.159 22.445 8.1607
32.716 21.823 7.7829
76.864 46.081 17.694
33.497 22.702 11.939
24.602 19.135 11.469
32.588 22.018 11.197
27.873 17.984 8.3555
69.467 40.141 18.66
23.666 14.153 4.9423
20.574 11.897 1.5292
22.679 22.679 22.679
27.867 14.356 3.6137
28.117 14.643 3.5846
50.726 28.406 10.517
55.141 30.568 10.938
19.497 23.973 20.559
17.254 25.078 21.908
16.498 24.756 20.162
26.298 28.283 18.043
2.8064 10.155 5.3137
33.666 18.941 6.5927
86.258 55.956 36.288
58.743 32.419 13.842
101.68 61.699 27.653
103.44 58.642 31.59
73.982 48.006 25.421
23.089 38.298 50.108
15.776 25.645 34.424
71.659 71.955 53.491
76.675 70.521 55.517
95.969 70.921 48.938
100.87 77.049 60.935
88.352 77.72 62.329
30.107 58.131 37.146
30.614 57.13 36.386
40.495 75.001 47.068
32.469 45.977 26.774
33.01 46.314 27.101
31.369 42.996 25.397
18.979 36.817 21.957
5.4552 27.495 0.96166
29.858 64.12 35.188
30.448 52.889 34.969
23.232 56.747 32.057
34.476 59.564 34.011
22.326 54.813 33.301
34.007 71.467 41.786
38.926 76.403 45.199
35.856 70.612 41.778
2.795 9.26 9.8115
5.2243 11.095 13.814
3.2636 7.2792 10.495
16.413 14.774 19.724
3.6723 10.427 22.709
71.224 42.225 18.266
4.558 16.344 40.63
0.17928 7.507 24.786
0.17525 8.6572 25.819
3.9535 19.364 38.551
0.0010417 0.0010417 0
30.989 21.574 12.542
30.681 21.878 11.856
63.129 26.86 4.053
7.7609 14.304 13.896
91.879 34.233 4.5094
29.86 11.817 1.0431
13.055 8.5902 0.059684
36.719 20.236 4.7086
20.558 5.7192 0.30833
12.876 8.4212 0.058832
54.599 35.035 10.844
28.538 19.321 5.4298
27.18 17.879 6.2869
30.141 24.727 12.813
31.989 33.866 24.167
31.249 38.13 33.458
20.252 18.081 15.024
21.018 18.891 15.148
21.874 18.161 16.291
28.907 28.19 22.685
27.534 22.39 18.156
22.028 17.177 10.57
22.351 15.503 11.511
19.193 25.205 16.916
32.554 27.478 14.996
19.693 11.572 6.6134
25.529 14.905 11.724
18.232 15.883 12.751
34.011 29.698 18.815
17.841 16.192 12.214
23.186 19.525 17.061
14.589 18.008 17.671
38.882 48.144 46.77
42.954 51.061 49.057
44.824 50.401 46.875
39.458 45.283 41.819
40.961 55.823 53.845
54.695 68.517 70.774
40.586 44.17 38.486
37.116 44.48 41.41
39.278 40.936 33.737
47.443 58.891 53.112
43.584 58.972 59.458
27.708 27.867 25.431
49.605 59.298 57.697
42.844 54.249 54.305
34.234 39.463 40.061
18.59 6.9791 2.982
41.899 59.422 56.406
59.371 57.851 58.125
43.715 28.879 17.085
55.627 28.065 16.546
52.114 26.486 15.955
30.652 20.488 10.487
56.123 35.049 20.975
67.822 44.447 28.491
40.179 59.264 54.234
37.992 56.24 50.752
33.61 62.062 66.154
40.853 53.06 45.872
57.872 76.001 67.398
45.205 53.978 46.397
14.074 31.415 29.114
32.723 39.924 34.405
31.63 34.938 31.78
42.127 41.291 37.072
39.007 40.707 40.281
42.671 43.582 40.461
53.683 61.304 63.044
40.346 47.424 50.918
57.531 66.268 76.152
58.934 73.195 85.178
23.672 35.307 34.104
29.162 31.984 32.331
47.732 55.871 53.758
39.141 55.997 55.845
51.62 58.315 58.993
50.95 66.178 66.045
48.388 55.409 52.384
50.32 63.111 59.213
40.554 36.821 36.037
44.367 55.359 50.049
41.084 46.763 52.321
32.909 44.88 40.36
33.154 41.281 41.371
41.23 54.799 51.609
45.634 54.163 53.373
40.34 47.862 45.019
38.466 42.698 43.419
55.255 55.196 44.922
22.719 30.09 29.034
61.436 55.046 54.548
31.186 35.708 34.493
29.245 31.964 33.316
35.251 45.659 42.781
45.863 48.544 51.781
45.992 49.215 49.396
58.45 57.607 50.664
35.42 31.551 30.259
21.067 17.318 14.554
48.402 56.194 52.849
51.25 60.378 59.751
45 63.82 62.348
28.573 35.105 27.8
73.692 50.629 27.447
55.277 34.802 12.717
68.521 44.151 18.692
88.436 63.58 34.901
44.071 22.557 5.5659
31.451 17.324 3.9986
45.314 25.592 10.905
67.431 34.99 10.398
25.269 12.636 3.651
54.857 35.017 18.72
48.652 36.411 32.325
51.382 34.012 29.672
37.919 78.273 118.14
43.843 94.387 139.4
20.03 10.419 3.4895
53.493 36.663 23.503
36.933 20.832 10.816
49.175 34.681 21.983
52.484 34.817 27.894
42.72 24.774 16.041
44.378 27.852 19.829
30.948 18.439 14.104
28.943 20.571 18.601
16.557 9.3558 9.5049
36.577 19.396 16.992
25.598 13.32 9.4151
27.041 19.771 16.595
56.961 31.363 17.765
49.407 30.204 17.705
43.456 22.126 6.7409
48.686 25.634 9.3355
169.26 169.44 173.27
43.415 37.762 26.325
33.9 29.914 18.649
26.918 24.438 15.061
113.76 109.42 87.147
31.171 25.22 12.687
65.053 51.4 26.83
46.427 28.901 11.217
30.771 29.324 13.055
25.339 29.994 11.318
20.99 23.848 8.971
167.15 118.73 38.603
33.245 17.231 2.0444
11.983 18.679 14.879
27.886 23.055 18.911
45.726 21.761 3.2966
19.122 13.462 9.2995
22.365 14.434 10.109
0.0024251 0.0024251 0
2.1999 3.629 1.4349
9.9166 21.086 9.5288
13.926 23.542 16.551
4.0712 15.195 2.0475
19.251 28.166 22.42
25.251 28.611 22.138
23.806 35.554 26.099
17.948 25.541 16.078
12.739 31.395 20.159
18.477 26.778 18.127
13.568 12.892 2.5389
7.1201 13.398 2.9271
13.182 20.196 7.6602
12.599 26.378 13.446
37.613 39.613 30.949
35.292 36.27 26.408
3.2653 9.6787 1.272
15.211 24.177 12.21
8.6313 13.678 5.9871
10.66 22.657 14.745
36.328 34.243 28.7
4.3206 16.888 8.8321
24.657 29.177 20.834
22.077 28.279 21.021
28.011 22.608 16.011
0.48388 12.121 0.43706
2.6608 21.088 8.9428
0.87715 15.213 3.8752
21.446 25.218 15.178
2.7595 15.731 2.9471
17.752 24.056 12.411
34.739 40.111 30.474
16.193 25.045 11.377
18.529 26.362 7.8724
7.382 15.912 7.8684
9.5137 14.699 4.7332
17.105 26.463 24.212
17.854 26.156 22.589
23.745 29.928 29.026
31.748 22.889 22.698
13.372 21.133 19.301
18.985 26.907 27.148
19.18 17.468 11.407
18.752 17.653 10.184
16.789 12.931 6.0011
16.054 12.206 7.8561
27.975 25.772 26.285
8.9388 16.995 13.028
28.796 34.099 27.524
20.541 25.555 22.155
73.862 92.933 107.14
29.046 52.168 61.725
87.063 123.74 143.6
59.483 101.58 114.23
43.169 90.16 103.66
43.212 96.589 112.96
37.663 72.852 79.291
55.706 111.61 129.69
29.157 71.894 86.757
0.716 26.968 32.415
31.594 23.752 17.536
34.292 25.702 18.727
14.237 12.896 8.3074
49.802 64.892 48.455
48.818 46.492 38.027
52.719 79.858 63.759
69.54 90.295 74.465
55.477 69.596 58.006
0.0011936 0.0011936 0.009668
11.03 16.476 13.344
5.3487 10.072 7.8943
31.312 12.291 3.2766
27.903 13.301 3.2262
9.4085 15.072 14.691
43.057 38.03 41.479
39.013 35.261 36.01
2.1769 2.3174 2.3801
11.316 12.06 12.225
16.458 17.348 17.834
10.238 10.892 11.049
11.473 12.122 12.43
10.373 10.983 11.212
10.104 10.606 10.917
8.8767 9.3229 9.5656
12.718 13.281 13.571
10.702 11.313 11.577
10.978 11.645 11.851
15.419 16.18 16.536
15.381 16.192 16.584
15.137 15.956 16.342
13.39 14.155 14.558
