0 0 0
0 0 0
0 0 0
1.226 0.57549 0.57687
106.99 72.867 43.412
6.9444e-05 6.9444e-05 0
0 0 0
0 0 0
0 0 0
0.10907 0.10907 0.10907
0 0 0
15.561 7.7788 3.0866
18.195 9.4033 4.4851
18.504 10.353 5.0771
14.386 8.0085 4.0665
10.993 5.9326 3.4109
11.293 5.9511 3.5277
8.1237 4.571 3.001
8.2661 4.8495 3.2417
9.9542 5.817 3.8451
15.622 9.8496 6.8914
17.044 11.966 8.3205
16.758 11.803 8.1152
17.061 11.933 7.6876
15.83 11.311 7.3966
20.92 14.451 8.5263
19.086 13.376 8.149
6.7711 5.2604 4.1664
40.04 26.524 20.453
25.479 15.703 9.5166
26.593 16.541 10.163
26.115 16.186 9.634
26.593 16.729 10.273
25.768 15.944 9.6389
25.503 15.856 9.8322
25.895 16.002 9.6385
26.244 16.138 9.8726
12.518 9.2358 8.361
25.356 16.636 11.607
17.528 11.609 9.5893
25.202 17.677 12.322
59.894 36.814 20.216
25.063 18.125 16.142
50.382 29.524 14.375
37.058 21.451 13.8
21.945 13.871 11.569
25.865 15.71 12.478
28.474 18.719 14.852
121.2 99.231 60.419
142.65 111.36 82.862
94.331 73.835 63.066
127.78 101.67 72.758
99.214 82.404 64.143
112.26 88.192 67.461
105.83 98.474 80.645
93.178 74.258 57.823
93.742 85.657 74.631
55.149 40.74 29.347
108.67 82.929 64.106
108.58 89.696 70.69
115.57 92.845 67.995
78.767 62.453 50.094
126.81 100.88 80.592
67.048 55.721 46.942
81.274 68.335 57.796
102.13 83.744 71.937
55.763 40.544 30.616
39.408 27.958 23.236
102.65 84.781 71.235
64.303 54.082 46.915
114.82 107.24 93.359
90.518 86.725 75.19
95.459 87.935 74.617
106.88 98.823 84.32
11.806 8.2904 9.1439
10.564 5.9504 6.5017
38.518 31.561 27.602
9.3462 4.4346 5.2888
11.411 6.5907 6.8133
30.185 21.491 17.156
89.463 69.413 46.502
61.956 46.028 35.98
110.4 83.025 69.314
19.496 14.611 11.318
46.225 28.886 25.753
51.749 38.297 31.433
66.922 47.011 38.652
42.79 29.855 22.196
45.984 35.315 28.937
44.091 34.693 29.581
64.473 47.038 34.443
55.836 41.478 30.209
60.941 43.388 29.731
21.037 16.095 14.268
18.468 14.62 13.106
18.091 14.022 12.431
28.06 18.139 15.541
17.033 13.416 12.076
121.52 102.6 96.782
61.84 44.821 38.21
49.615 34.601 31.422
119.81 91.811 80.665
127.59 93.198 75.255
111.94 79.878 62.859
138.86 103.04 91.11
133.4 97.684 85.358
118.21 97.919 82.088
107.17 83.502 73.931
95.778 75.777 63.215
44.148 28.524 22.429
34.923 22.265 19.432
66.885 50.781 35.434
95.768 70.713 57.831
55.111 42.31 30.047
33.083 24.119 18.244
118.58 96.002 77.928
114.22 93.672 76.228
107.52 89.357 72.461
64.858 48.869 40.02
121.18 99.005 82.028
59.865 52.938 48.318
116.52 94.22 78.784
68.195 46.34 37.47
57.043 42.676 31.531
51.411 40.456 31.705
59.889 47.6 38.905
55.557 41.868 33.13
56.169 38.643 28.731
43.197 34.636 24.464
84.017 67.706 55.554
56.333 41.032 34.329
107.81 85.651 71.696
97.694 75.352 63.275
94.522 72.97 62.372
94.152 74.441 64.846
127.91 103.18 89.785
54.504 38.167 32.849
61.763 44.957 38.636
57.353 42.099 36.908
72.745 57.66 47.707
72.778 57.507 47.586
28.142 20.667 15.42
79.804 56.203 46.132
74.691 52.401 42.596
76.221 54.248 39.554
18.797 10.799 9.4277
55.283 42.083 36.521
53.346 39.238 35.233
20.032 12.573 7.3277
33.884 23.913 16.41
45.533 31.517 21.667
42.567 29.096 19.471
30.711 21.705 14.779
56.376 41.272 26.095
81.575 66.453 50.215
88.45 72.488 59.194
30.949 24.202 21.628
49.358 39.053 32.905
40.631 31.017 26.879
41.92 32.15 28.075
71.984 56.444 51.685
98.214 72.844 62.228
78.18 60.92 58.739
71.803 53.547 51.821
99.239 74.342 66.425
8.5333 22.441 38.265
105.27 104.42 86.756
109.15 93.581 70.063
130.19 120.87 111.84
113.31 100.19 88.006
113.04 92.611 80.347
50.796 26.032 13.574
44.884 26.501 14.97
49.016 27.734 14.612
48.072 26.883 13.916
34.779 16.974 8.1648
61.289 49.36 46.26
29.708 21.015 17.789
27.355 18.74 15.081
58.796 50.034 45.895
81.179 65.469 56.027
86.699 69.774 51.324
99.735 80.218 59.581
103.94 85.421 65.586
90.895 80.113 59.175
37.517 28.115 21.987
51.359 39.19 30.11
41.139 32.439 25.502
54.626 36.134 19.293
63.957 49.21 44.42
70.733 54.697 46.677
44.18 31 27.418
49.615 36.022 31.206
49.465 36.196 32.27
50.35 36.607 32.787
51.22 37.951 33.343
52.149 38.05 34.153
37.845 27.73 22.944
36.075 25.882 17.379
71.375 55.851 46.065
84.64 72.767 65.736
51.364 37.831 30.349
56.092 38.98 27.643
54.397 36.369 24.802
59.555 38.7 24.133
57.914 37.667 25.466
49.907 31.45 21.08
66.398 33.252 15.896
67.223 56.805 44.248
70.972 53.55 44.049
61.933 46.773 35.928
37.053 30.486 27.211
22.37 17.864 16.059
17.466 14.216 13.885
103.91 90.127 69.062
126 97.09 66.156
34.284 29.077 25.231
69.393 55.622 43.263
69.632 55.499 43.312
69.414 52.745 42.404
31.79 26.103 22.295
45.813 33.804 23.238
47.632 36.244 25.661
22.509 14.611 10.025
46.026 35.134 26.297
44.503 33.62 22.977
47.227 34.889 22.846
44.27 34.449 26.544
36.447 28.774 21.679
27.798 19.571 14.3
27.722 19.361 14.209
27.437 19.153 13.871
25.994 17.815 13.45
25.496 20.549 14.13
31.405 23.998 18.055
33.549 25.959 19.851
34.907 26.389 18.443
26.859 19.893 12.691
41.913 32.332 21.491
32.477 23.526 18.362
37.799 29.868 22.063
33.208 25.974 18.089
43.229 36.965 31.4
32.49 23.801 21.845
43.085 33.44 28.985
80.449 66.894 62.202
46.457 36.212 31.436
50.583 29.803 13.194
42.638 24.09 9.9805
32.496 17.353 7.8032
26.638 17.204 12.003
24.036 15.605 11.258
46.077 33.174 25.211
106.67 83.245 60.015
21.598 18.088 11.5
24.944 16.537 10.258
34.834 21.668 10.99
30.864 15.764 9.7856
28.121 15.641 7.9401
43.258 21.781 9.8663
45.678 21.334 8.9323
43.848 21.24 9.2945
34.201 19.46 9.8712
36.169 21.244 11.303
64.466 35.426 11.821
63.398 38.239 20.596
35.073 24.529 15.186
43.47 30.082 16.371
47.022 30.051 17.065
29.595 22.601 16.315
82.623 48.962 22.667
27.438 22.211 21.437
37.218 29.28 23.404
31.593 25.659 21.271
23.245 18.968 16.541
37.659 36.212 32.014
26.198 24.159 18.31
23.63 23.603 17.044
26.416 26.167 20.862
31.968 27.133 17.23
25.968 23.374 20.538
31.798 22.402 12.451
16.296 11.22 5.1022
29.475 23.747 11.83
74.955 63.289 46.499
28.065 19.422 10.069
28.77 20.728 13.827
22.851 17.325 9.895
22.901 16.968 9.0157
25.752 18.832 10.351
54.843 40.426 27.415
86.144 66.693 44.596
77.121 55.562 36.993
74.45 55.33 37.916
71.369 51.801 34.889
73.557 53.483 36.373
75.566 55.347 37.036
75.861 55.186 38.832
80.082 61.94 44.673
83.907 63.586 45.006
24.976 16.964 12.308
30.495 21.893 15.955
10.031 7.4869 6.4144
23.148 16.811 12.329
11.872 6.8419 4.9331
20.295 15.245 11.852
12.672 7.064 5.174
14.885 8.8184 6.5697
19.019 14.286 11.126
17.026 12.153 9.5929
14.983 8.9952 6.7828
16.564 9.7652 6.9894
18.838 10.966 6.8017
18.267 12.722 9.7185
10.844 8.8145 6.0116
9.8215 8.3559 5.3326
15.108 13.606 11.174
17.377 14.601 10.66
14.407 11.984 8.5226
16.743 14.572 12.848
12.294 11.674 11.055
13.98 11.845 6.3473
52.248 38.961 20.847
79.717 60.864 34.628
33.481 20.882 13.026
33.003 20.777 13.011
29.929 17.98 11.151
32.243 20.167 12.784
47.607 33.907 25.39
48.73 34.738 25.89
51.213 34.189 17.804
34.944 22.844 13.5
28.461 19.721 13.498
32.629 20.932 14.86
33.788 20.955 15.923
56.074 39.105 30.824
41.635 29.616 22.459
60.891 44.275 31.868
62.406 46.977 35.46
48.888 35.305 27.742
47.087 32.217 25.056
47.545 32.424 25.35
45.188 30.353 23.517
63.122 51.506 44.06
25.925 18.753 17.207
105.45 95.948 89.305
111.93 94.342 85.645
53.706 43.295 35.983
66.476 50.007 38.273
82.105 79.151 74.791
54.498 42.848 33.619
52.3 47.132 39.879
53.565 49.159 40.801
38.448 31.506 26.371
70.137 53.631 38.405
58.102 44.457 33.884
65.206 53.919 42.081
78.988 63.323 43.98
67.424 54.097 37.683
62.375 49.926 35.672
65.773 52.415 37.947
59.521 47.083 33.974
64.391 49.983 35.482
67.545 53.173 37.204
10.228 9.2443 9.0705
111.88 80.371 51.073
83.001 55.804 30.807
99.804 68.423 37.784
92.42 63.139 35.582
109.65 79.974 45.474
109.41 79.364 45.605
103.68 80.893 52.938
50.432 41.448 27.022
12.651 9.9681 8.4881
13.179 10.069 8.4694
66.619 62.689 47.161
97.44 72.182 41.86
52.758 49.071 40.476
88.221 70.503 50.41
27.596 25.701 20.057
57.129 61.698 47.764
38.862 38.156 33.038
56.027 46.177 38.154
56.255 41.986 32.27
69.854 56.139 39.525
68.838 51.989 38.046
99.437 78.848 55.915
70.496 52.878 37.869
53.157 38.793 29.655
62.471 52.866 40.755
73.463 55.356 38.68
40.043 47.629 44.922
40.039 46.254 41.862
60.54 57.836 52.222
45.97 50.617 45.389
69.572 73.637 57.747
42.136 51.424 43.819
38.546 47.015 39.873
44.839 45.722 37.26
29.418 29.372 25.258
28.856 30.075 26.357
40.764 34.911 26.284
29.852 22.436 22.479
23.256 16.785 16.605
16.558 11.337 8.3397
50.441 49.292 41.792
32.069 27.133 26.298
10.347 9.8242 11.17
8.5776 7.5582 7.7446
22.182 19.391 19.172
6.8325 6.2534 6.144
12.132 9.7288 10.804
12.831 9.3464 9.6899
12.626 10.892 11.749
13.327 10.612 11.744
9.3188 9.6639 9.4245
7.3488 7.8111 9.9322
10.55 8.764 10.697
11.929 10.234 12.548
9.063 8.5564 10.781
8.4988 8.1509 10.276
6.8785 6.9481 8.717
11.909 10.281 14.3
9.3799 9.6973 10.474
11.489 11.086 12.776
9.973 9.0407 11.532
44.416 41.741 43.893
44.876 42.424 45.044
34.032 33.286 36.492
37.116 34.987 38.161
34.84 33.429 33.857
57.451 49.603 36.073
53.559 44.223 33.37
54.75 48.774 34.009
55.598 48.6 33.671
54.711 49.331 35.509
55.389 50.261 37.329
54.498 43.447 34.5
49.692 38.679 31.335
45.121 36.21 29.53
45.74 36.58 30.091
46.438 36.973 30.076
59.141 46.103 37.199
41.845 33.392 25.485
30.101 24.507 17.806
27.211 20.85 14.554
26.755 19.765 13.208
26.858 20.042 13.954
29.186 21.355 15.593
31.344 24.584 18.671
36.841 29.016 21.993
53.094 44.79 36.196
40.697 31.474 23.45
48.343 36.877 27.005
119.77 108.33 84.237
35.622 25.9 16.263
93.647 85.036 63.582
47.709 36.683 25.299
62.556 51.936 43.699
80.528 65.39 54.759
83.015 72.83 64.495
80.142 65.184 51.971
100.31 82.197 65.681
87.684 71.875 56.366
77.092 65.46 56
76.937 64.34 54.554
74.893 62.878 53.613
81.24 67.596 54.817
86.06 72.007 58.959
41.599 26.767 15.811
28.189 18.832 12.46
39.596 28.706 22.336
46.721 35.144 28.126
33.223 24.175 19.912
45.348 34.458 27.356
38.078 25.588 15.484
45.45 34.161 27.389
42.513 32.369 25.986
42.171 32.335 26.183
47.595 35.492 28.476
61.012 46.427 34.862
37.274 25.498 19.379
39.256 28.259 19.381
39.213 27.722 20.727
82.937 64.847 46.948
41.799 33.221 27.181
25.21 19.835 17.589
67.714 49.573 37.814
69.78 49.298 35.746
49.802 38.515 31.686
62.979 46.243 34.437
80.452 61.432 49.961
36.395 26.623 26.325
34.601 25.072 24.204
10.765 6.7836 7.391
12.453 7.695 8.0603
23.298 15.011 14.783
12.943 7.5911 7.628
12.486 7.6384 7.6087
4.7475 3.4615 5.1306
47.894 37.79 32.002
10.885 9.6923 9.0824
9.1697 9.6027 8.3358
36.891 28.267 21.903
14.757 10.806 8.3022
16.144 17.481 11.833
14.854 10.877 4.9992
13.734 10.239 8.1213
20.502 15.079 9.4162
44.013 38.221 31.068
49.787 43.127 37.334
50.423 44.012 37.585
40.37 35.231 30.004
36.126 29.364 24.031
34.119 26.157 20.441
25.502 22.382 16.506
42.381 35.611 37.711
28.152 22.543 15.721
44.629 37.54 38.566
25.762 22.079 17.377
46.618 37.366 29.807
36.038 30.267 23.069
35.488 30.085 23.545
31.383 27.481 22.435
37.206 31.053 24.161
38.342 38.06 39.042
47.091 40.548 25.95
51.532 42.784 28.505
82.998 62.133 41.557
49.84 30.051 20.691
38.053 23.258 14.334
40.008 25.11 15.647
61.997 48.598 31.032
70.307 54.849 34.266
29.648 24.236 21.787
39.509 27.077 22.057
45.125 30.579 25.458
44.316 32.654 25.747
45.192 33.163 25.968
46.363 34.085 22.368
50.888 39.853 27.483
15.163 13.004 15.793
46.706 36.589 24.668
143.65 136.25 118.99
116.62 85.072 52.684
58.423 44.023 26.358
62.333 46.238 29.735
42.39 33.524 29.682
104.95 85.437 71.388
135.34 105.09 77.686
57.829 40.758 24.115
107.69 92.094 71.726
109.65 94.636 74.074
105.56 92.207 73.088
94.592 78.617 63.459
120.06 112.82 94.027
55.99 44.554 33.889
62.581 41.747 27.682
67.278 45.932 32.409
49.663 34.284 22.176
33.526 24.746 16.79
46.209 35.171 25.328
30.35 19.44 14.33
98.822 66.535 45.554
48.86 34.565 25.437
60.322 41.662 31.148
87.866 64.39 48.347
47.82 27.728 15.724
63.811 37.722 22.29
47.752 27.674 15.784
69.236 45.635 29.734
79.366 56.497 41.601
69.662 43.909 25.708
55.652 32.457 19.12
84.047 59.71 43.806
46.587 29.252 17.734
115.26 88.76 64.628
32.781 21.819 14.574
18.574 12.166 8.1023
20.326 13.214 8.8619
23.852 15.547 10.459
65.594 46.647 32.374
60.41 42.141 29.145
61.794 43.295 30.078
27.217 19.832 12.715
72.937 55.251 37.042
140.17 116.15 94.802
109.76 89.262 65.815
146.73 112.92 77.602
71.232 56.376 39.633
98.072 84.07 67.471
91.294 77.93 63.712
95.09 80.115 64.107
78.718 58.237 43.225
120.81 104.87 83.707
117.07 106.29 94.347
124.67 111.46 99.711
101.81 81.507 62.386
102.26 77.635 57.395
126.57 100.17 70.832
104.28 88.191 64.808
114.97 94.671 59.152
115.33 91.177 52.068
101.96 73.348 41.848
99.954 70.01 42.215
119.41 89.226 59.077
110.31 94.079 70.177
91.052 78.768 59.403
73.644 58.376 46.603
106.85 88.412 71.868
101.6 82.644 65.38
77.337 61.644 49.852
87.003 71.427 58.4
73.312 56.602 43.742
60.408 47.167 32.269
90.805 73.911 64.42
67.631 54.329 40.17
80.82 67.783 52.776
64.662 53.049 44.362
65.088 53.098 43.905
79.94 64.312 50.705
78.3 65.138 54.57
80.064 63.891 50.149
62.67 49.984 38.188
59.388 47.686 36.4
79.325 63.728 50.001
87.857 75.562 55.611
89.28 77.509 56.366
76.638 68.676 51.303
85.227 67.38 52.916
106.49 83.543 67.299
102.83 87.721 60.725
74.794 54.104 42.898
63.752 48.81 38.333
95.819 77.847 59.137
63.496 53.092 46.654
70.106 56.356 48.631
84.065 65.915 53.21
74.817 60.569 44.281
50.237 39.098 25.995
75.118 60.956 47.534
63.833 57.607 51.774
8.8924 12.858 9.1493
44.965 34.253 25.22
29.262 32.954 32.482
68.42 64.17 61.742
60.918 45.001 32.188
71.534 58.035 47.785
89.203 68.909 50.024
83.704 65.043 49.966
89.425 66.669 44.475
74.142 54.466 34.501
64.965 53.641 37.867
81.083 66.602 47.857
76.787 64.899 47.738
63.201 52.267 43.037
76.124 64.952 47.702
85.483 72.704 55.355
75.14 64.062 52.686
116.18 99.579 80.484
78.407 62.788 58.415
62.834 52.239 48.092
106.73 91.814 79.407
100.98 85.739 73.885
93.958 72.682 59.662
62.553 51.899 47.71
106.5 98.461 88.743
75.234 67.623 63.322
64.712 58.705 55.06
60.569 55.009 49.133
81.977 69.593 60.902
73.932 64.56 54.698
101.65 78.33 58.816
123.23 87.158 65.157
127.67 90.13 67.483
130.21 93.393 70.284
122.99 85.808 63.576
124.4 87.703 65.715
135.89 98.748 75.909
77.225 60.685 54.208
55.531 40.454 36.096
41.264 36.606 32.301
67.264 48.161 50.77
62.366 46.825 49.55
66.08 48.972 52.306
53.553 33.511 32.411
45.059 33.696 30.268
106.17 71.072 57.332
139.76 92.159 69.593
96.681 66.246 55.32
117.91 73.273 47.468
118.53 74.444 47.897
131.22 78.959 41.942
95.266 65.876 53.204
96.471 65.747 50.533
89.722 58.113 42.423
134.42 98.657 77.825
112.46 71.698 48.187
100.13 69.26 53.703
149.25 105.2 87.923
103.8 77.099 58.058
96.217 74.273 58.862
99.099 74.697 57.89
76.576 66.882 53.42
86.078 76.778 71.093
105.9 95.966 93.174
138.31 124.93 105.67
112.98 98.201 83.732
103.13 89.049 76.024
56.705 49.077 46.544
81.624 71.654 65.325
62.656 62.047 59.104
95.933 81.211 72.233
92.578 87.346 80.97
90.204 77.915 72.618
123.93 115.68 101.95
16.775 12.678 8.7724
15.738 11.91 8.7713
14.502 11.196 8.1487
18.363 13.523 10.48
27.341 20.192 15.248
26.153 20.374 15.826
24.876 18.973 14.38
29.078 20.984 18.258
30.324 22.456 18.588
29.817 22.686 18.739
25.442 19.314 15.102
23.548 18.131 14.314
26.021 19.934 15.64
27.55 21.269 16.638
19.362 13.754 12.506
20.408 14.614 13.443
19.243 13.982 12.958
12.989 9.3572 9.5459
19.533 14.255 12.822
27.932 27.208 29.397
22.371 21.199 20.824
18.689 17.282 16.616
49.071 45.957 45.979
41.636 39.532 41.32
37.697 34.444 35.547
26.684 22.58 21.821
29.138 24.773 23.629
97.388 97.229 93.277
102.13 84.18 56.783
51.846 43.246 34.637
130.54 117.43 107.61
70.417 63.797 57.373
77.939 71.088 67.688
82.955 70.089 63.964
118.95 104.51 95.964
124.99 109.85 101.81
128.32 109.6 100.2
84.739 83.067 77.264
69.114 59.392 53.802
103.81 83.924 61.546
105.12 83.761 66.12
49.855 39.401 34.427
49.924 39.932 34.569
60.839 57.968 43.181
108.27 91.741 67.57
44.621 45.564 26.634
21.301 17.527 16.239
92.677 76.843 70.652
20.805 12.462 10.687
22.702 10.041 7.8939
8.2782 3.5315 3.8134
37.57 26.362 21.087
40.156 25.802 19.071
38.326 25.02 18.94
75.041 43.01 28.446
57.317 34.576 22.569
60.322 37.211 27.103
37.823 22.511 16.829
36.794 21.153 15.197
34.223 19.922 14.476
54.321 33.502 24.938
34.345 20.003 16.895
54.918 33.81 24.432
40.611 24.131 20.003
57.704 34.932 24.811
32.373 19.847 17.737
68.862 41.536 30.761
31.241 19.307 16.556
31.329 19.336 16.877
58.774 36.093 25.46
73.326 43.929 30.998
38.76 23.497 19.553
53.097 34.478 26.766
49.611 30.878 22.7
39.583 23.185 17.341
34.786 20.391 15.407
48.834 27.866 20.134
41.295 23.79 16.774
37.76 21.82 16.324
41.198 23.932 17.175
43.349 25.281 18.559
62.12 37.385 27.154
29.835 17.589 14.126
7.7362 7.6867 8.427
12.649 8.8294 8.2476
12.007 9.9164 9.196
17.028 13.496 12.063
5.3941 5.0717 3.8288
62.397 51.615 42.37
51.257 42.83 36.277
21.825 23.281 24.8
37.543 30.751 27.222
65.763 54.821 46.05
55.379 47.313 40.446
51.42 44.793 37.817
57.029 47.193 38.588
59.157 49.308 40.424
50.052 43.96 38.538
46.847 42.046 37.763
63.74 51.05 40.595
44.341 41.092 36.301
46.111 42.616 37.594
44.146 41.513 35.941
46.015 41.877 37.17
44.039 41.246 36.891
19.944 19.719 17.623
29.31 22.971 16.672
29.137 23.496 17.214
55.702 45.117 37.382
48.954 36.052 29.167
30.356 21.573 16.574
27.061 19.146 12.891
34.527 24.871 19.75
33.229 23.925 18.242
44.53 32.218 24.342
25.278 19.201 13.879
26.1 20.486 13.911
39.257 28.645 23.555
40.236 29.395 23.648
24.971 20.275 15.448
21.768 15.798 9.5295
24.588 17.075 9.729
24.284 16.747 9.5616
26.795 20.143 14.766
31.532 24.641 18.544
127.11 122.21 106.99
150.76 141.64 123.11
52.872 40.298 34.108
42.145 26.903 13.898
49.739 30.579 13.031
92.786 67.666 56.658
63.338 43.569 37.699
72.747 51.692 41.635
41.87 27 21.208
60.85 41.202 27.79
89.448 61.885 46.553
73.491 54.539 43.331
57.993 43.39 36.091
85.202 61.752 51.748
65.531 50.78 44.864
77.665 59.772 50.301
81.372 62.389 51.903
75.878 58.024 48.382
72.68 56.5 50.501
68.56 52.63 46.658
49.118 31.717 23.905
87.149 68.104 51.351
78.903 59.116 43.247
60.911 40.211 29.515
57.226 37.118 26.04
70.501 47.043 33.125
53.52 38.859 31.901
60.598 38.7 26.55
59.498 39.033 27.74
138.78 102.46 82.45
75.402 48.349 35.07
62.754 41.685 28.058
54.111 39.801 34.898
51.058 36.317 25.851
85.201 62.651 50.289
29.785 21.116 16.092
25.039 30.611 27.096
24.572 30.668 27.345
43.204 37.807 33.794
45.701 39.392 35.468
32.944 28.205 23.881
53.212 44.828 41.28
50.438 45.514 38.617
52.317 46.633 39.805
52.34 45.501 44.439
51.15 45.592 44.745
52.877 48.446 49.008
52.959 48.133 48.586
51.759 47.196 47.619
46.812 41.506 40.61
53.656 48.439 48.023
53.27 47.686 46.837
46.956 42.684 41.328
54.68 49.234 49.002
52.373 48.14 48.468
72.439 69.187 63.793
45.363 38.128 36.565
48.219 39.803 37.023
51.396 42.976 39.685
45.083 37.683 34.604
51.685 42.219 38.076
47.588 40.152 37.695
48.011 39.863 36.652
24.722 21.483 20.855
70.311 67.713 66.629
68.044 58.444 38.944
61.937 54.558 37.215
110.74 102.45 72.22
65.752 57.384 39.92
61.045 51.962 35.429
104.44 92.079 57.832
60.784 52.94 35.323
121.24 115.19 93.99
70.705 63.194 40.844
102.84 100.59 60.196
109.37 111.17 67.146
70.409 76.055 37.878
111.04 105.73 64.785
116.21 114.31 67.042
91.881 89.405 47.343
75.906 72.793 41.909
56.239 51.637 39.439
68.894 64.476 51.639
30.133 26.677 24.075
51.556 48.038 42.826
179.96 173.89 160.56
50.568 42.808 36.838
56.294 49.403 41.822
57.038 47.143 40.297
55.043 45.388 39.063
55.811 46.688 41.211
58.528 48.878 39.661
61.303 49.182 43.015
23.21 21.452 20.486
86.834 74.282 59.184
84.261 71.657 56.912
108.66 104.64 94.451
81.621 66.864 55.75
59.716 44.94 37.209
58.47 49.515 40.536
70.548 55.358 46.075
48.458 42.901 37.388
58.413 52.273 44.581
59.908 47.133 39.993
30.185 18.543 10.508
27.6 14.225 9.7291
53.38 27.964 18.029
50.527 24.38 13.017
56.266 43.158 42.138
64.982 47.34 36.964
62.43 32.047 18.282
92.399 89.413 76.549
102.74 65.113 34.007
57.054 31.094 17.342
47.098 43.303 34.889
28.877 15.994 11.832
41.445 22.154 12.38
40.439 20.481 8.9946
41.776 28.904 19.658
73.993 60.782 48.666
28.386 25.384 22.377
56.65 30.001 17.38
39.14 28.929 21.823
52.523 40.947 34.107
60.131 38.71 28.002
104.56 75.185 57.634
61.961 40.806 27.813
86.118 53.696 39.074
33.691 24.46 19.576
91.975 71.669 52.115
53.354 44.622 36.748
54.498 45.11 36.661
89.851 59.821 35.666
45.215 25.148 11.143
56.316 46.677 39.503
51.806 42.176 35.438
68.55 55.838 45.439
48.616 38.484 32.515
58.059 43.091 36.179
42.727 33.07 27.491
99.808 92.722 82.046
50.665 36.471 25.838
50.608 36.402 29.151
50.266 39.153 28.199
74.881 55.078 43.482
67.384 48.819 38.984
69.864 50.05 40.161
111.09 89.476 74.255
90.948 67.931 44.698
61.505 48.642 40.258
31.969 21.869 18.238
44.655 32.121 29.564
39.216 26.891 23.304
32.256 26.416 23.849
28.048 22.696 20.941
21.116 16.036 12.693
20.177 15.584 12.676
29.431 22.7 18.583
21.278 16.517 13.426
22.301 16.749 13.398
25.911 20.138 16.631
19.193 15.333 12.367
24.14 19.046 16.224
25.149 19.86 16.821
17.454 14.263 11.172
17.936 14.539 11.509
24.463 19.548 16.391
32.389 24.637 19.02
31.602 24.253 19.411
30.01 22.843 17.667
32.326 35.353 29.773
79.287 71.292 65.241
86.153 94.052 98.996
76.668 83.867 86.102
45.798 43.607 28.118
17.985 15.806 11.595
57.372 49.202 27.581
71.705 60.385 47.303
54.257 46.371 38.238
28.693 22.816 15.744
52.577 39.371 32.105
61.183 44.602 35.891
43.649 31.995 24.997
31.178 21.142 16.925
73.659 56.365 46.504
40.687 29.905 23.93
36.483 27.966 22.798
33.777 24.107 16.221
34.099 24.572 16.267
27.212 22.627 16.923
43.053 32.334 21.709
43.109 32.965 23.312
29.429 24.222 17.675
38.47 26.724 18.732
38.18 27.378 18.857
57.951 45.162 35.962
44.272 33.033 22.343
46.187 32.812 20.138
39.774 29.306 17.773
28.676 22.846 13.888
0 0 0.00069444
7.3171 7.3171 7.3171
6.0081 6.0081 6.0081
8.0567 8.0567 8.0567
12.27 12.27 12.27
10.179 10.179 10.179
9.7979 9.7979 9.7979
29.452 29.452 29.452
15.281 15.281 15.281
11.153 11.153 11.153
27.213 27.213 27.213
31.741 31.741 31.741
27.846 27.846 27.846
20.855 20.855 20.855
22.641 22.641 22.641
23.061 23.061 23.061
4.7505 4.7505 4.7505
11.806 11.806 11.806
13.657 13.657 13.657
15.847 15.847 15.847
3.9033 3.9033 3.9033
11.261 11.261 11.261
8.625 8.625 8.625
2.2076 2.2076 2.2076
74.812 54.497 38.154
