0 0 0
0 0 0
0 0 0
102.04 121.18 148.14
63.348 72.179 81.414
0 0 0
16.706 11.364 9.016
3.5668 3.4112 3.8536
3.4407 3.3629 3.7585
16.074 23.118 32.947
94.378 102.52 122.98
113.14 118.94 139.74
92.668 98.508 113.23
69.322 71.642 87.231
59.985 64.301 68.548
51.401 53.311 63.064
80.514 77.098 92.499
48.346 47.843 60.91
1.7619 0.003058 0.88854
2.0881 0.0029774 1.0587
71.444 0.02197 7.0565
77.104 0.00052121 6.0191
50.37 0.0055085 4.4532
71.365 0.00098451 5.0947
50.748 0.0082338 3.9382
60.5 0.0036326 5.1531
44.728 43.581 47.912
78.168 71.747 73.903
45.453 46.53 49.319
21.888 16.943 21.61
38.72 40.033 46.789
39.929 42.19 51.292
48.687 43.685 48.228
69.302 64.602 77.872
40.045 38.839 44.128
52.793 59.789 65.082
35.725 35.867 38.29
21.359 18.768 27.246
31.066 28.129 32.63
25.851 22.415 26.973
34.236 32.082 33.29
34.584 31.93 34.239
32.675 30.235 32.178
8.5482 9.2342 12.98
11.861 11.159 17.598
9.0906 10.058 17.002
10.631 8.0435 13.12
34.19 26.569 25.13
5.8437 4.6428 7.8944
35.986 35.585 35.011
9.1964 10.478 11.793
42.419 36.664 37.481
40.159 34.088 33.231
36.841 34.319 36.113
40.35 36.666 37.58
37.664 35.716 34.986
36.594 34.048 32.948
38.63 35.865 39.666
37.247 35.837 39.655
32.55 26.779 27.802
35.977 33.625 36.064
37.242 34.064 36.35
36.283 32.72 34.56
54.041 48.877 51.525
52.78 49.985 53.536
55.406 56.134 56.163
52.404 51.776 56.825
52.81 55.726 60.659
28.155 30.106 36.281
56.423 53.936 52.95
94.884 88.592 91.303
68.664 61.803 61.124
54.545 50.674 53.333
88.19 90.678 93.145
90.93 88.625 87.938
96.456 91.583 95.667
77.349 73.692 80.138
95.763 92.327 93.254
46.39 49.57 45.227
60.3 58.07 65.883
43.213 51.208 67.341
49.242 47.747 47.187
45.502 39.662 45.819
65.021 55.443 58.252
38.389 37.458 38.117
41.807 43.084 41.483
35.781 33.603 34.215
44.455 47.561 42.707
34.896 38.573 32.358
38.375 39.112 34.71
35.765 37.814 32.984
35.604 36.953 32.03
6.1797 5.3938 13.267
26.439 27.54 31.335
29.282 30.252 32.536
23.38 21.225 21.731
42.64 43.956 49.307
67.703 66.649 67.112
54.45 49.51 46.054
59.906 55.564 52.082
57.213 60.153 68.721
58.259 54.39 50.439
68.929 61.544 53.982
57.124 42.087 38.992
57.414 51.465 43.69
30.029 26.074 25.191
59.175 48.358 42.561
40.514 27.671 23.291
52.76 45.704 42.768
31.025 27.261 27.617
15.589 15.286 15.587
19.988 19.166 19.895
31.257 27.139 27.845
10.409 9.9229 10.412
16.596 15.731 18.981
31.265 28.12 27.451
30.641 27.682 26.986
27.268 23.965 24.919
65.862 52.746 45.726
29.932 25.792 26.312
31.159 24.967 24.907
67.273 64.894 60.347
39.439 31.072 28.696
29.053 24.382 24.858
24.24 20.12 22.547
35.817 38.595 45.814
40.494 38.792 42.463
50.107 53.331 58.913
52.512 55.089 62.26
51.636 54.127 60.96
28.781 27.663 32.627
35.297 33.506 35.603
28.904 29.08 33.367
27.968 30.837 36.385
26.528 30.035 35.685
47.328 53.624 58.164
30.79 31.794 38.675
25.157 26.465 33.426
26.798 30.968 34.297
23.409 25.239 30.924
20.185 21.322 27.095
0 0 0
23.197 26.872 27.334
35.98 34.802 38.323
41.524 45.025 47.925
31.816 27.489 30.253
28.53 26.161 26.805
40.46 37.143 36.647
22.204 18.415 21.048
29.301 30.885 35.781
19.382 17.469 16.045
39.667 46.313 60.281
20.169 20.344 21.97
27.912 27.333 35.315
17.126 15.941 20.431
15.887 13.805 18.651
37.828 39.316 44.17
69.25 78.868 93.295
33.184 35.46 44.588
44.904 46.913 58.877
24.64 27.691 31.503
53.014 61.687 73.909
29.717 33.02 39.87
37.791 42.894 51.385
27.08 30.98 39.535
0 0 0.0011628
9.1637 14.497 22.465
9.0612 14.378 23.19
35.258 36.447 46.733
22.293 30.262 40.22
40.142 42.488 43.517
42.2 45.548 49.419
45.759 52.024 56.072
48.107 54.266 57.416
44.713 49.677 52.07
54.412 59.547 62.573
67.611 78.581 79.757
73.893 85.998 88.191
60.696 70.16 73.079
46.779 53.4 54.197
37.654 38.419 41.1
46.518 52.244 53.929
47.031 52.654 54.207
39.973 42.322 45.69
77.002 79.58 83.674
61.412 61.17 64.089
64.468 66.442 69.157
66.513 64.888 66.181
41.741 47.068 40.565
56.864 60.229 64.68
60.716 65.839 69.491
35.886 31.524 31.795
40.324 29.213 22.924
42.002 33.484 28.429
26.705 24.36 23.088
27.997 25.304 25.872
25.97 22.102 20.3
39.931 39.27 41.888
57.394 53.18 64.071
47.006 46.856 53.241
26.505 28.315 30.771
36.156 41.221 46.217
52.538 59.802 69.299
18.794 21.627 24.112
17.772 18.965 20.359
35.293 32.229 36.516
32.274 29.44 29.218
30.961 37.026 47.613
20.61 24.02 26.751
19.57 18.795 21.236
18.243 16.237 19.66
17.743 15.868 18.997
14.314 13.65 21.327
21.939 20.504 25.527
19.332 17.41 24.12
18.552 16.194 21.109
21.033 19.762 27.431
18.534 16.314 21.927
4.0613 3.903 6.5625
22.435 20.855 21.382
24.77 28.471 33.401
15.612 19.019 21.916
22.244 29.397 37.779
17.024 21.032 25.277
17.967 19.763 21.742
20.037 16.458 20.649
13.337 13.746 18.217
36.286 36.291 41.652
31.463 30.264 35.073
31.462 30.378 35.066
31.132 30.434 35.656
30.036 29.083 34.579
30.903 29.934 35.299
30.491 29.305 34.511
30.527 29.838 34.367
30.144 29.104 33.937
30.361 29.331 34.136
32.095 32.989 36.207
16.171 16.896 17.897
28.365 29.838 30.641
23.147 24.837 26.165
31.026 33.336 34.512
32.402 33.837 36.995
34.425 37.64 40.2
38.352 40.571 41.285
36.376 37.281 43.177
33.401 33.543 39.309
10.401 11.945 12.644
14.135 18.154 20.798
11.731 14.438 14.616
14.544 18.963 21.069
18.758 23.11 24.692
12.208 13.137 11.852
17.145 21.178 23.77
14.922 19.648 24.202
8.8453 11.582 12.391
13.571 17.73 20.148
9.6114 12.531 13.145
20.708 23.923 31.088
53.489 61.844 70.029
50.155 55.182 56.225
54.824 61.281 65.992
40.535 35.37 36.007
41.511 38.01 35.716
43.207 39.207 36.537
44.988 40.386 40.875
43.764 46.387 54.34
46.078 47.905 54.921
57.122 57.071 60.28
55.129 56.162 56.112
62.4 64.364 69.299
65.605 67.956 73.687
54.733 54.862 55.872
54.139 54.203 56.177
52.493 52.637 53.846
55.542 55.444 56.232
54.03 56.159 55.772
54.426 52.38 54.425
54.292 53.747 53.463
53.419 57.433 54.257
53.657 57.341 53.934
55.872 55.022 54.769
57.509 59.955 59.615
60.002 59.194 59.362
77.284 80.953 88.815
65.059 67.05 76.289
57.494 58.702 67.552
61.299 63.357 73.244
76.205 79.004 89.27
78.444 82.495 92.529
59.005 59.945 67.244
0 0 0
46.715 51.277 59.051
43.513 45.572 52.59
47.927 51.615 57.735
78.834 79.772 86.937
60.061 61.478 68.757
64.019 67.321 76.66
52.356 54.407 58.225
49.273 58.12 67.377
51.714 55.605 61.994
43.088 42.509 47.387
53.247 57.877 64.359
43.468 51.16 58.766
36.208 45.594 49.331
41.578 45.801 53.657
39.719 46.882 52.554
34.981 40.641 47.046
66.834 76.687 86.277
49.186 47.439 53.914
47.694 50.334 56.098
37.144 40.405 52.757
40.544 42.384 51.243
34.809 42.904 67.493
35.375 43.344 68.245
34.731 42.67 66.994
46.676 47.18 53.516
44.112 43.095 48.412
28.471 33.941 54.988
48.84 52.459 62.962
20.036 24.083 29.004
39.487 39.796 47.895
43.046 42.051 44.835
24.659 28.845 40.009
41.854 42.338 53.725
31.866 37.934 45.324
32.878 38.169 45.669
36.918 40.388 50.569
25.268 25.91 29.643
48.897 49.989 52.706
41.743 46.273 53.18
36.166 40.143 49.984
35.34 37.373 47.283
41.93 45.96 56.882
37.653 42.484 52.55
45.759 50.189 60.45
34.576 39.265 50.036
30.315 36.741 44.538
35.183 40.329 45.347
36.701 47.665 54.559
28.209 33.186 45.344
36.463 42.524 54.361
29.829 41.073 51.431
27.864 33.748 43.322
0 0 0
38.091 29.462 27.709
47.018 41.564 36.242
45.739 35.159 28.993
62.884 49.997 41.813
58.731 46.757 44.207
55.382 40.339 32.135
39.694 39.14 39.315
58.52 58.75 60.05
40.55 40.596 41.139
48.211 47.295 44.326
38.532 37.619 39.246
53.01 51.956 52.563
60.485 60.067 61.755
65.48 56.554 54.173
58.02 48.17 44.141
26.341 22.889 18.698
64.655 64.022 73.191
40.218 36.096 35.73
26.688 29.161 36.067
27.671 30.763 36.292
26.224 30.564 35.255
26.014 29.84 33.8
28.922 34.591 37.498
26.005 31.683 34.189
19.288 24.744 29.35
15.419 15.537 19.897
19.261 22.751 26.449
21.369 28.563 33.899
24.766 34.173 40.414
0 0 0
60.45 81.376 136.89
58.5 80.123 132.68
42.689 68.113 108.48
70.682 100.98 166.13
73.811 108.4 169.37
23.621 29.635 33.881
32.598 44.613 62.468
41.109 46.799 49.925
42.003 47.778 50.193
28.426 42.961 80.578
41.707 46.45 49.502
40.508 56.216 97.972
20.552 36.293 75.618
40.111 45.32 48.907
10.784 22.804 41.536
49.693 56.798 62.774
35.381 35.111 36.932
36.692 34.795 35.295
38.287 32.219 35.926
26.594 27.296 29.771
91.088 81.279 75.569
31.423 38.677 39.771
55.937 51.867 60.163
75.529 89.284 112.17
54.412 60.578 66.054
42.621 37.854 41.184
47.137 41.892 41.106
45.266 39.804 38.631
46.305 43.292 42.01
54.263 47.872 45.868
47.402 51.129 54.484
47.402 43.11 41.81
47.679 43.256 41.758
49.002 47.052 49.544
42.139 41.666 44.431
46.827 44.896 47.32
49.163 46.525 46.182
47.169 46.297 46.621
49.226 49.857 52.502
53.785 53.906 53.871
46.888 45.602 44.999
52.614 49.813 48.198
41.342 39.61 39.323
42.643 36.504 35.477
47.139 46.943 47.716
45.052 44.773 45.992
53.663 53.752 55.584
51.899 50.963 53.76
32.774 31.77 33.112
48.236 43.118 43.158
48.03 43.094 43.568
44.915 51.225 44.738
43.833 47.653 41.63
30.081 30.26 31.103
30.814 31.011 32.085
29.77 29.555 30.457
37.113 39.071 42.481
34.504 35.597 37.083
44.295 45.803 46.039
34.82 33.634 35.012
50.352 50.209 51.154
48.624 48.943 50.531
23.296 23.221 24.694
25.501 23.647 26.687
34.872 35.668 35.651
51.726 55.529 57.077
54.608 58.757 65.31
0 0 0
44.891 43.11 50.04
68.882 84.048 100.3
58.065 61.962 64.142
60.289 64.399 65.968
71.702 78.56 79.403
66.921 68.273 71.19
77.125 82.406 83.084
86.007 92.092 91.769
81.579 88.901 88.137
75.482 84.045 85.867
74.716 82.6 81.195
90.775 101.11 102.12
76.304 84.891 79.241
85.216 79.45 81.784
81.844 72.948 86.793
83.294 101.78 107.22
65.874 62.919 60.931
67.408 76.816 75.892
38.373 35.874 35.933
28.503 28.114 32.813
26.442 26.146 30.548
17.494 23.372 29.179
12.808 18.813 24.092
16.023 20.399 26.234
16.388 20.557 25.845
23.266 27.426 32.738
17.178 19.64 24.099
5.5536 11.472 15.422
11.167 16.599 19.627
39.489 33.013 30.111
45.524 41.638 39.18
43.424 39.238 38.538
52.624 49.481 51.434
32.356 28.3 25.371
38.425 35.043 31.803
6.1528 19.764 23.005
15.154 16.545 16.213
36.282 42.334 53.424
14.717 22.004 24.557
9.3021 12.106 17.912
33.879 32.577 38.926
15.696 20.92 24.2
16.691 19.64 22.843
15.501 17.58 20.243
12.168 14.367 17.881
23.049 30.439 33.713
57.591 43.062 35.92
55.638 47.629 41.136
60.375 44.711 40.362
63.285 49.611 44.239
32.699 26.38 24.573
52.229 38.732 33.943
39.904 34.204 32.167
37.98 33.99 31.57
30.148 27.038 24.669
27.895 24.66 19.076
39.834 33.423 30.837
20.078 17.082 14.093
54.127 41.393 31.908
24.447 20.994 18.695
21.741 18.869 15.197
51.052 43.139 38.458
86.503 66.793 49.563
76.274 62.495 50.863
88.86 71.737 54.788
25.481 16.976 10.686
17.118 12.061 6.8856
39.236 26.509 20.927
47.918 28.827 20.814
49.325 29.938 20.523
71.968 55.715 44.683
47.57 31.293 22.379
41.331 26.762 17.418
25.315 16.642 10.186
26.918 17.283 10.231
21.348 14.345 10.007
54.686 41.778 27.098
26.314 14.988 9.2533
42.901 32.837 24.51
36.658 26.558 20.09
41.366 32.151 23.977
49.047 36.392 28.772
43.36 31.996 24.119
9.9643 13.115 17.477
47.284 35.818 27.108
62.124 62.124 62.124
72.01 72.01 72.01
102.85 102.85 102.85
135.8 135.8 135.8
36.631 36.631 36.631
18.009 16.433 18.626
55.641 46.607 38.955
10.989 17.378 17.137
18.821 23.891 28.912
26.5 31.458 38.188
22.796 24.442 27.297
33.701 33.701 33.702
110.93 110.93 110.93
18.754 18.754 18.754
30.395 39.865 50.399
21.469 31.974 37.318
22.062 29.273 34.312
17.965 21.124 25.518
15.451 17.19 18.418
14.72 17.168 20.951
14.467 12.035 15.831
13.99 14.333 17.808
15.623 16.243 23.274
17.211 20.257 29.382
23.741 25.786 30.564
17.999 24.382 30.953
15.02 14.253 15.066
24.534 28.905 30.089
234.73 229.43 233.83
27.001 39.685 37.938
75.211 116.59 130.68
155.93 170.97 191.13
58.628 61.962 64.216
59.727 63.899 63.761
56.171 63.376 61.434
54.601 63.266 65.468
48.649 52.273 60.556
57.693 64.162 66.579
43.287 49.327 56.792
59.214 60.65 64.999
40.347 45.471 47.208
46.498 52.932 59.459
51.665 58.887 63.509
42.382 33.912 31.889
0 0 0
0.11006 0.11006 0.11006
10.735 10.735 10.735
5.2493 5.2493 5.2493
2.7446 2.7446 2.7446
9.7143 9.7143 9.7143
10.289 10.289 10.289
10.783 10.783 10.783
10.617 10.617 10.617
9.3519 9.3519 9.3519
12.217 12.217 12.217
9.0013 9.0013 9.0013
10.762 10.762 10.762
9.9945 9.9945 9.9945
4.6346 4.6346 4.6346
1.913 1.913 1.913
3.1252 3.1252 3.1252
8.1688 8.1688 8.1688
12.691 12.691 12.691
0 0 0
