0 0 0
0 0 0
0 0 0
20.546 20.546 20.546
16.254 5.8237 5.6912
83.337 47.487 37.586
72.425 37.224 23.707
67.22 35.685 24.425
49.168 19.14 8.668
58.991 57.483 66.54
73.815 64.501 86.127
88.811 63.931 50.976
70.115 41.839 33.104
79.416 58.317 56.036
82.327 59.85 53.65
92.299 68.572 69.292
125.96 94.492 97.327
105.53 86.046 76.784
76.488 56.052 54.435
62.8 53.592 82.853
65.853 25.206 24.018
64.141 59.553 61.369
40.143 21.633 36.671
55.618 37.05 41.895
85.479 72.111 67.644
52.542 36.498 38.052
75.787 43.855 26.304
89.559 51.977 31.646
81.103 46.152 26.486
72.838 23.559 16.304
83.207 46.127 26.628
78.989 40.674 23.833
81.187 46.334 25.331
112.6 82.206 51.729
84.082 56.866 36.958
77.028 52.423 32.907
88.583 62.047 37.915
95.89 63.771 40.141
92.895 63.182 40.017
85.611 61.548 45.185
82.86 59.703 43.572
97.921 65.358 44.884
93.363 62.406 43.155
69.001 42.109 28.422
72.245 44.839 29.544
78.435 50.412 35.455
76.248 45.548 30.356
62.844 55.17 68.471
79.842 50.606 36.77
100.66 69.18 53.054
81.317 51.812 46.115
79.88 49.759 37.123
102.84 70.292 57.58
107.55 70.401 50.931
104.06 70.565 47.594
97.911 67.261 50.038
99.933 64.171 48.044
60.177 37.626 27.65
60.672 33.771 21.658
50.632 26.65 18.488
84.728 48.15 30.187
18.362 13.373 11.555
56.246 35.014 24.293
51.212 34.124 26.268
74.678 34.392 17.739
97.651 53.497 32.765
100.71 56.59 35.386
0.0030245 0.0001517 1.1211
83.305 45.741 19.864
73.643 49.843 34.943
63.992 44.988 29.841
69.438 49.485 37.105
66.95 47.666 35.985
72.873 47.18 34.917
71.821 47.247 35.448
73.59 48.367 35.662
67.932 43.924 32.714
68.445 44.955 33.063
92.586 60.943 40.68
67.976 41.415 25.486
36.097 22.285 15.111
27.688 18.318 14.6
26.474 17.749 14.426
65.887 46.47 33.316
72.025 51.239 36.516
52.707 36.585 25.984
53.78 37.272 26.606
100.71 65.365 45.806
101.27 65.805 46.808
52.762 31.576 23.835
19.582 9.7134 4.8466
71.329 38.004 26.553
38.48 19.569 12.369
77.572 53.282 43.895
99.275 63.429 45.425
63.849 51.621 45.518
108.09 72.196 50.529
69.817 31.424 16.987
72.739 43.59 26.874
24.933 27.822 34.296
51.105 31.708 22.756
109 61.167 43.295
65.451 36.924 30.387
106.32 66.012 49.078
101.81 65.043 46.667
88.664 59.141 44.466
64.849 37.164 22.997
64.013 36.7 22.507
64.805 36.126 22.166
75.498 47.757 31.981
63.357 37.467 23.702
83.94 49.239 37.047
86.083 52.449 37.166
57.572 35.707 26.53
67.143 44.199 31.966
61.02 39.5 31.39
61.354 39.665 31.697
61.763 39.818 31.515
61.585 39.864 31.643
61.895 41.049 33.364
133.83 127.08 125.16
138.45 127.88 121.69
158.03 135.53 119.73
112.73 84.211 61.886
112.61 83.126 60.314
111.07 84.483 59.317
104.61 77.802 59.538
97.661 71.383 50.213
102.05 74.286 52.677
113.16 95.031 80.456
37.076 29.652 21.783
54.08 44.123 31.826
29.898 20.804 16.164
31.816 20.266 16.364
32.62 20.696 15.861
36.609 24.984 19.828
32.167 20.769 18.091
31.062 19.883 17.729
33.357 20.813 16.75
31.367 20.453 16.006
54.096 27.909 19.594
40.407 20.116 12.855
44.954 23.076 14.29
42.697 25.383 18.373
8.1704 3.7524 6.8742
32.918 19.776 13.857
20.555 16.813 17.537
91.119 53.284 29.638
76.703 42.573 24.453
91.884 54.846 33.054
71.732 44.695 29.786
91.629 65.799 50.611
58.294 37.553 22.617
76.288 49.003 30.073
62.608 41.337 26.2
67.271 38.863 17.853
59.137 33.498 16.261
5.8513 3.4765 2.8937
33.005 18.722 9.0975
80.949 52.665 24.854
89.103 58.551 25.749
83.675 56.444 28.631
96.586 63.538 33.169
83.04 56.553 29.497
83.662 56.357 29.25
83.561 56.38 29.051
87.129 57.993 31.731
86.773 57.386 31.36
100.67 69.488 52.685
109.35 83.773 77.092
103.53 80.887 76.174
103.87 79.221 76.631
102.84 80.571 78.245
100.05 78.138 77.839
106.43 76.404 64.57
112.73 78.555 58.669
98.966 74.604 74.004
115.19 80.674 59.94
102.07 74.518 72.047
100.71 73.418 71.743
114.16 80.015 59.128
116.49 82.553 61.088
33.928 22.693 21.159
38.531 24.991 25.272
39.782 25.499 25.317
37.453 23.674 20.744
49.651 33.084 24.852
21.724 13.647 11.641
85.862 57.15 38.31
84.43 55.92 37.538
85.4 56.87 38.719
90.925 55.285 33.771
90.74 55.02 33.427
82.019 55.35 36.582
89.572 57.251 35.787
90.775 61.088 39.674
93.865 63.641 41.05
70.217 39.715 24.166
69.497 39.059 23.725
70.353 39.791 24.198
90.922 72.052 70.637
94.741 58.638 31.758
84.583 62.911 54.253
81.403 55.35 44.406
86.25 61.6 49.262
124.51 99.641 90.349
95.536 71.942 65.044
104.97 93.376 93.579
134.91 110.07 95.51
116.52 102.88 97.536
127.82 91.728 60.734
99.702 59.296 46.76
98.766 71.782 58.63
78.72 37.429 28.652
98.704 71.519 58.566
96.921 47.526 28.56
115.09 78.607 65.833
138.11 98.497 79.979
136.28 96.647 78.183
42.229 41.335 33.722
121.94 104.48 101.28
138.57 112.22 89.085
108.82 88.673 47.847
73.79 65.146 38.392
101.8 76.277 53.953
156.25 136.23 109.02
159.56 116.82 87.351
152.42 110.12 71.085
126.14 105.44 94.585
135.93 98.886 76.525
127.56 94.636 73.924
152.87 115.34 91.543
83.425 52.859 32.501
87.812 87.192 88.592
80.705 71.65 71.336
78.171 72.883 78.647
75.429 61.451 63.435
79.05 75.389 79.671
80.214 50.086 25.383
86.379 54.115 30.7
83.515 52.82 32.314
83.724 51.145 30.284
60.765 61.499 50.849
41.368 31.008 25.782
33.508 29.451 26.852
28.376 23.337 20.864
61.841 33.05 16.228
26.685 22.371 18.978
12.053 10.649 9.8132
11.312 16.591 57.571
135.44 125.85 122.67
145.93 122.94 115.02
118.55 93.545 68.853
101.8 89.42 72.404
89.597 66.737 42.551
62.591 51.468 47.183
85.186 61.723 43.871
129.81 115.14 103.68
134.05 115.67 102.53
142.89 123.31 109.24
102.61 123.04 114.67
138.1 127.23 117.06
139.83 127.3 117.61
149.68 130.9 118.67
145.76 130.11 112.42
168.24 139.29 118.47
118.79 79.089 68.216
146.87 128.4 114.09
140.56 121.64 109.11
114.36 85.708 79.454
148.21 125.73 114.03
151.74 129.41 116.73
98.02 69.365 53.103
80.379 52.464 33.889
95.909 67.671 50.712
23.175 7.6824 7.8752
25.29 12.373 13.78
21.928 10.066 9.7006
17.036 9.5035 10.042
28.533 9.3568 9.6509
24.979 11.956 14.924
24.954 8.5298 9.7486
92.53 76.286 73.789
101.92 88.573 87.771
27.838 18.058 17.528
110.13 102.3 77.625
99.892 86.325 78.993
102.31 89.103 81.292
99 83.134 78.47
104.33 85.409 75.824
55.713 44.791 44.595
65.576 49.207 43.623
81.478 59.917 52.421
88.73 65.981 58.017
92.774 67.865 56.894
68.18 48.372 42.292
80.253 56.29 43.616
71.624 49.383 40.754
60.288 42.35 36.924
68.277 48.445 40.706
117.55 91.42 87.246
107.7 86.234 76.595
98.053 82.246 74.086
98.294 82.168 73.27
73.761 55.092 35.721
73.407 58.701 54.33
82.155 58.884 51.643
82.446 60.766 54.103
74.155 51.942 43.203
105.59 63.825 44.688
81.573 61.532 67.913
78.768 60.487 69.058
85.581 61.582 64.036
91.858 61.617 58.512
85.463 61.9 66.65
83.856 59.291 62.81
116.13 83.311 57.929
110.17 73.616 46.416
108.79 69.932 41.767
115.65 75.876 45.907
114.16 75.39 46.894
123.71 81.438 49.959
120.9 122.98 150.94
63.111 62.335 76.345
66.1 65.513 79.621
66.756 65.029 79.505
116.21 102.94 87.157
117.95 104.96 89.004
16.534 78.165 105
41.434 96.856 87.911
28.958 82.054 87.735
52.809 75.78 66.791
37.349 113.73 105.85
58.775 78.459 65.676
76.59 90.54 66.189
62.358 86.537 75.196
65.891 85.368 62.983
57.309 97.774 68.852
30.462 113.91 106.61
72.895 85.586 70.016
37.68 82.149 75.792
113.35 78.208 52.76
118.93 83.862 57.954
118.23 81.494 55.148
34.443 19.996 19.682
87.525 89.353 82.346
125.49 115.36 109.14
103.19 73.77 59.42
120.09 86.643 61.526
107.84 72.817 53.539
115.74 75.896 49.932
114.1 75.158 49.188
118.06 80.034 54.248
106.31 56.923 30.057
114.54 66.414 36.794
123.02 72.759 41.563
76.558 71.639 75.895
83.409 58.952 42.739
124.94 95.778 78.712
124.17 94.882 77.499
131.27 104.56 89.147
93.267 78.519 104.04
82.737 70.841 89.046
80.676 68.492 86.906
122 87.119 63.232
116.52 77.588 49.763
137.06 95.746 61.941
123 88.192 60.058
118.6 85.142 59.969
118.93 86.237 61.258
134.1 94.919 62.783
108.95 66.846 43.691
56.478 75.431 92.638
92.493 136.83 167.51
82.102 130.38 165.19
94.744 144.07 170.9
85.426 120.13 153.39
77.529 115.48 143
64.829 118.58 162.51
80.077 118.56 148.57
68.576 55.126 48.051
63.359 100.58 123.39
118.28 168.47 207.34
64.215 121.46 162.09
77.354 123.86 170.1
84.104 133.97 180.74
69.523 107.71 122.55
98.967 84.398 68.24
175.27 160.16 141.7
169.47 144.89 119.81
171.54 149.39 133.46
169.23 146.53 127.21
149.08 123.34 101.46
173.62 159.99 138.21
171.22 156.93 136.49
160.36 142.23 120.56
136.45 120.84 106.4
141.32 113.66 90.513
143.23 120.27 92.958
177.57 155.83 136.16
162.47 135.37 114.73
112.65 81.748 58.854
111.78 80.889 58.5
108.71 68.936 40.321
114.13 77.009 48.434
112.83 71.949 37.057
107.49 93.614 85.447
149.15 125.79 110.98
107.2 93.973 87.915
142.22 114.23 85.023
171.12 137.34 95.747
170.95 137.4 96.076
150.3 124.72 98.095
140.4 114.5 90.678
144.23 119.23 95.471
143.23 120.95 99.391
137.83 107.67 85.488
188.69 165.38 143.77
135.4 115.06 101.36
190.5 168.48 145.36
182.38 163.89 144.69
165.18 147.76 131.37
176.77 153.92 131.63
169.62 149.87 131.54
76.845 47.914 32.642
76.991 48.003 32.521
76.492 47.368 32.222
138.18 105.89 79.379
139.7 107.43 79.902
140.72 106.18 77.787
141.1 106.92 78.145
139.44 105.18 76.859
139.29 105.03 76.61
130.27 99.978 72.085
116.3 79.532 49.935
117.29 82.022 56.54
65.677 40.559 22.479
72.471 50.457 32.585
93.774 68.879 51.631
104.93 77.024 58.091
101.93 73.589 51.192
106.25 74.361 51.011
90.976 58.723 40.058
92.957 61.778 43.843
78.87 53.597 40.144
79 53.849 41.074
84.272 90.699 96.996
66.851 65.072 61.593
86.431 86.189 89.785
67.368 80.549 83.766
102.1 83.487 61.887
113.96 97.297 67.564
133.77 120.57 108.33
133.02 119.97 107.51
133.24 120.37 107.75
106.46 82.553 58.902
134.93 100.23 75.433
132.81 91.885 74.109
140.59 117.7 91.402
140.55 117.83 91.799
101.07 72.175 47.634
81.096 70.692 53.609
80.165 70.439 52.873
131.52 120.72 112.8
121.41 108.08 101.07
122.27 108.79 101.59
117.9 104.98 98.481
119.12 107.87 102.03
116.67 100.38 94.156
0.7419 0.55336 2.6271
119.63 93.903 77.349
114.22 85.83 72.458
112.3 82.549 64.887
121.41 95.152 75.089
110.95 83.424 66.936
96.141 72.267 50.109
113.17 83.248 58.703
81.121 56.577 41.819
85.907 57.711 47.169
114.38 75.268 45.259
102.32 69.21 44.588
102.33 77.476 56.82
27.818 22.934 24.8
26.029 21.709 23.9
28.751 15.86 16.473
36.744 29.23 31.569
53.619 37.42 32.494
52.232 38.011 34.942
51.483 35.847 31.015
52.839 36.866 31.462
53.376 38.017 33.508
29.322 17.932 12.307
27.873 21.52 21.118
95.262 66.974 56.079
85.893 63.66 52.145
84.388 61.087 46.938
67.804 32.323 25.469
64.414 41.495 30.404
112.24 88.116 74.251
102.53 78.806 67.493
98.952 77.296 66.983
63.735 43.081 36.396
91.896 62.184 45.319
48.787 32.987 34.147
88.939 55.454 36.842
54.54 30.747 23.24
90.933 58.154 39.068
98.901 68.504 50.499
89.118 54.194 37.999
121.83 82.527 56.74
81.967 39.865 19.677
76.846 65.486 50.159
88.58 59.326 39.053
125.13 98.393 64.467
145.59 104.93 72.43
55.586 36.436 24.428
169.47 141.62 114.41
172.98 142.21 112.4
145.49 114.11 84.368
93.913 66.751 32.749
144.39 120.16 92.488
123.73 102.39 81.464
97.713 77.817 52.336
116.98 97.208 76.761
109.71 85.159 63.482
118.66 84.736 61.171
123.8 102.34 82.333
151.06 119.2 90.677
141.38 115.39 93.719
146.27 116.44 95.679
147.65 118.5 98.462
100.22 63.65 39.334
82.252 47.714 28.878
87.219 53.238 33.318
93.438 59.319 38.474
96.341 60.204 38.627
117.73 81.494 58.516
102.53 68.118 43.916
105.22 71.37 47.885
98.677 67.995 53.193
91.213 62.142 45.854
91.937 62.479 46
117.39 84.611 63.452
101.95 69.8 50.729
103.64 68.164 47.472
103.05 68.156 47.344
97.238 65.183 40.582
60.438 37.013 23.412
104.54 74.878 57.078
109.37 77.157 59.227
90.77 54.82 34.108
110.51 71.976 42.49
101.12 71.115 46.82
94.184 61.68 35.928
61.427 40.344 27.235
122.99 94.026 72.674
151.33 98.337 68.069
118.36 87.741 54.482
148.49 125.67 109.07
107.23 89.715 68.315
109.32 81.175 55.854
111.76 88.873 65.253
113.84 91.911 75.076
86.369 67.489 53.959
86.631 69.592 56.229
94.904 73.845 50.591
102.79 83.556 65.473
101.65 73.083 37.501
191.79 114.62 45.994
109.56 85.387 71.466
125.02 107.42 98.901
141.08 123.78 106.62
121.94 110.34 90.93
117.09 104.69 86.539
111.16 102.28 89.021
78.29 46.194 26.487
114.53 80.984 53.86
106.64 68.03 49.348
104.34 68.283 45.737
98.428 78.987 56.209
122.47 90.798 73.284
159.21 144.33 133.32
157.12 142.44 134.62
115.62 107.88 99.215
133.5 122.24 108.38
135.79 124.41 110.48
74.973 117.38 119.92
112.81 108.26 102.34
117.05 82.514 55.249
129.3 96.319 67.805
137.58 104.53 74.014
107.64 98.833 88.861
71.66 105.49 113.25
111.78 115.98 108.16
105.51 104.75 101.85
104.19 95.357 59.896
63.062 112.28 138.78
140.95 134.1 140.51
164.09 150.72 146.28
106.29 101.44 98.993
146.65 135.33 130.48
112.22 111.8 110.53
110.01 106.23 104.96
170.36 158.94 151.83
169.53 154.41 140.28
170.91 160.53 153.05
122.17 118.92 117.67
105.41 99.068 106.39
114.17 106.24 110.59
172.81 165.42 167.44
127.95 120.26 122.99
133.52 127.95 133.99
36.258 104.24 126.82
25.255 79.501 91.035
112.61 80.629 56.895
116.33 83.582 59.544
120.39 90.467 74.469
85.891 50.211 28.41
91.969 60.977 37.173
83.465 55.217 36.467
87.48 56.81 34.119
87.318 57.582 36.651
95.364 60.145 38.551
94.725 57.256 33.84
117.65 84.381 69.85
116.98 84.887 71.361
118.3 85.749 70.994
113.36 71.407 47.754
116.96 79.932 59.135
120.14 82.664 61.543
121.2 83.002 61.714
110.88 68.788 42.075
92.196 54.37 33.333
103.57 63.533 41.943
73.531 52.757 33.673
57.365 41.389 34.615
19.147 60.525 48.988
83.889 61.85 52.617
55.984 40.08 33.12
47.895 48.06 28.135
92.352 58.498 43.312
78.296 55.836 42.824
10.447 8.635 9.049
13.306 10.168 9.1111
39.454 24.467 18.128
74.224 49.114 35.649
72.114 47.894 35.231
96.08 54.831 60.442
76.537 51.513 38.112
18.174 11.472 6.9444
45.574 25.811 15.392
72.079 36.732 14.63
7.6718 4.4257 4.6953
30.062 17.014 9.586
65.042 40.818 30.536
66.037 41.464 31.307
31.471 9.7036 3.2538
81.969 50.54 35.763
77.789 48.276 35.165
65.049 39.27 28.429
77.582 45.526 30.914
27.702 6.9215 1.503
98.28 75.772 63.328
86.722 60.844 48.68
55.101 15.357 10.546
47.18 22.426 17.99
70.764 35.927 22.55
56.987 33.633 20.112
77.191 53.182 45.605
70.008 33.81 22.14
83.129 34.455 23.928
72.748 40.122 32.221
75.826 40.286 30.159
69.848 39.251 25.067
78.847 43.243 20.947
61.205 31.271 15.003
71.195 44.13 28.483
66.43 40.644 21.377
77.676 47.64 23.829
46.575 23.252 10.207
55.804 28.381 13.832
55.377 28.903 12.51
108.75 95.792 77.671
117.29 91.98 64.254
114.62 90.554 64.512
122.47 100.56 72.68
118.54 96.78 72.075
108.28 90.998 71.985
131.14 107.03 78.635
128.74 105.03 77.181
128.73 105.31 76.888
130.3 105.56 76.659
129.87 105.12 76.747
82.038 48.68 30.433
83.581 51.235 33.102
85.109 53.396 35.676
85.256 53.907 36.579
84.04 52.995 35.35
84.612 52.996 35.28
83.821 52.353 34.437
82.978 51.218 33.047
84.587 53.792 36.227
84.214 52.583 34.956
83.885 52.458 34.76
84.837 53.095 35.535
85.187 53.864 36.237
84.832 53.22 35.661
83.407 51.619 33.656
82.046 49.712 31.185
82.617 50.553 32.685
82.269 50.154 32.273
81.461 48.51 30.114
83.887 52.437 35.351
80.549 47.471 29.286
7.7931 3.6002 2.898
