0 0 0
0 0 0
0 0 0
14.542 6.2564 5.7946
175.1 124.01 39.375
70.451 82.875 104.18
165.73 170.2 166.34
3.6599 3.7855 4.1029
19.606 15.896 12.75
63.1 56.035 48.065
32.78 22.267 16.557
28.41 19.112 15.149
37.285 49.117 68.593
40.263 40.663 51.984
73.77 95.507 158.89
65.473 83.547 121.15
22.27 15.915 8.8958
29.953 25.004 29.96
57.174 40.614 28.372
27.77 29.992 46.111
26.755 19.672 13.235
23.475 15.071 9.6196
48.915 38.218 25.476
45.019 41.133 35.328
50.897 46.875 40.823
56.317 52.132 45.426
57.08 52.242 45.667
29.751 24.44 19.524
32.43 27.984 22.262
56.631 51.7 45.621
21.215 18.403 16.916
33.122 27.648 22.89
24.488 27.118 30.912
21.758 26.163 27.754
28.576 32.033 33.939
29.436 34.373 35.334
29.292 31.94 33.269
25.465 29.397 31.181
24.446 28.318 32.101
28.358 33.672 35.068
32.818 38.135 41.43
27.601 31.379 34.967
33.33 34.436 35.573
29.476 33.72 36.196
18.285 22.189 23.096
29.274 33.378 35.043
28.911 33.071 35.242
30.395 34.334 36.089
27.693 35.026 41.76
49.467 46.477 35.59
47.712 41.598 32.089
39.83 32.117 23.14
69.233 57.864 46.12
38.365 67.48 113.41
26.738 45.618 70.483
13.475 26.398 43.003
23.737 56.331 90.845
30.822 57.76 81.977
44.333 35.512 26.311
40.779 30.853 21.307
86.665 98.223 106.94
63.127 65.97 71.748
77.631 86.698 91.064
71.187 78.439 86.181
75.606 80.022 87.156
61.347 63.717 63.988
79.283 82.683 90.296
94.54 103.29 112.73
80.882 85.842 91.378
101.29 111.69 122.59
72.55 75.672 77.625
91.425 103.15 113.08
22.502 13.307 8.1182
20.294 11.182 6.5323
36.937 22.279 20.299
31.379 22.093 17.722
16.168 10.837 6.3828
61.525 51.444 50.704
47.835 37.121 34.009
49.24 52.653 55.191
32.973 23.376 17.6
31.501 20.102 14.113
31.195 18.758 13.775
22.257 13.082 6.2851
49.737 39.197 30.202
37.89 23.008 17.718
52.99 41.818 32.034
33.109 24.034 16.937
32.836 21.333 12.081
34.716 23.518 15.688
40.182 28.653 20.894
46.265 31.114 22.994
28.92 19.984 13.764
31.827 23.807 17.943
46.506 36.802 28.276
34.857 26.176 17.655
33.404 25.83 18.661
26.314 21.589 15.383
55.707 41.909 33.946
29.109 21.533 16.858
19.301 12.538 9.7698
54.535 47.815 52.136
53.39 37.847 48.232
15.537 15.756 18.695
21.91 20.897 22.718
19.112 18.597 22.492
29.161 20.822 14.298
37.636 25.157 17.99
30.817 16.686 9.5392
35.658 20.778 13.943
29.722 17.932 9.5914
30.775 17.036 9.4648
15.4 21.375 22.274
35.229 25.553 18.717
30.686 23.146 10.058
52.465 32.916 22.946
30.117 21.512 12.912
27.789 20.417 11.326
28.228 21.049 13.036
25.328 18.133 10.885
26.524 18.43 10.8
33.815 28.056 26.8
37.585 32.573 28.421
29.762 24.205 23.28
20.582 19.326 19.288
22.508 21.733 23.243
54.245 42.715 35.121
120.89 116.77 114.86
103.4 98.241 94.821
28.122 19.08 12.788
50.897 69.05 79.172
19.943 14.864 11.98
21.29 15.873 12.839
14.005 12.853 10.832
16.874 16.074 13.962
15.351 14.055 11.848
16.326 14.885 11.788
18.16 13.559 10.903
31.471 25.227 18.322
39.789 36.164 34.004
43.596 40.127 37.005
33.5 30.468 27.86
35.449 32.259 29.365
24.939 18.074 15.549
62.54 63.264 66.687
42.512 38.538 40.077
48.855 45.765 48.132
46.025 39.781 40.195
39.9 47.416 58.773
19.438 10.002 7.2826
17.216 6.6324 3.0126
27.953 9.401 8.6131
118.49 144.4 168.64
31.087 25.276 25.243
26.42 15.69 13.483
40.455 40.211 45.014
14.041 6.6913 5.4403
46.751 44.103 42.095
37.26 37.684 39.965
118.05 119.54 119.79
84.891 78.272 77.482
85.215 80.034 79.184
111.18 104.78 105.04
107.2 101.5 100.51
108.95 104.5 105.76
89.593 86.784 86.018
120.03 120.27 120.51
33.033 24.881 19.027
53.34 48.016 45.485
28.363 22.091 17.609
75.378 70.217 70.946
28.885 23.75 19.245
81.904 76.76 77.702
39.664 33.08 28.262
70.468 65.025 61.337
20.353 15.075 12.271
60.942 57.709 58.86
66.238 58.965 56.474
63.043 55.26 51.364
32.776 24.703 19.495
46.661 41.708 41.08
26.195 20.376 15.718
59.103 51.536 50.136
34.729 28.693 23.731
27.914 22.093 17.863
61.872 58.17 58.926
37.557 20.469 13.725
12.379 8.6187 5.7696
19.713 12.303 6.6855
24.608 14.487 8.6764
28.434 21.254 12.773
19.525 10.904 6.3815
20.376 13.244 7.8679
10.115 5.9837 4.0222
2.341 1.4766 0.97531
26.63 20.44 12.416
23.388 15.339 9.8056
19.996 10.806 6.4454
33.181 24.643 15.909
22.754 14.397 8.8786
62.598 53.036 44.329
76.562 64.794 54.473
33.324 23.098 17.427
48.082 33.517 21.716
42.9 33.214 25.698
41.728 29.789 22.325
32.863 23.26 16.665
30.64 30.094 26.838
36.416 35.911 32.816
25.981 24.146 22.339
60.679 60.987 57.846
59.412 59.303 56.407
38.671 40.07 37.373
59.685 62.568 67.746
84.901 89.022 96.334
95.187 103.18 116.44
28.988 26.021 20.562
81.664 83.068 86.282
39.498 39.814 40.896
45.442 42.107 40.916
57.645 52.686 54.135
26.164 31.553 35.275
95.189 92.37 95.153
29.678 23.662 19.081
29.242 30.772 32.141
52.774 42.632 38.855
53.973 39.44 30.572
37.012 32.476 29.772
64.261 57.702 53.947
39.412 33.595 32.109
51.001 39.14 34.159
68.198 58.301 56.966
44.821 35.227 33.215
36.585 31.398 31.541
32.889 25.264 24.468
33.132 25.871 24.062
27.593 20.577 17.662
34.519 39.63 52.214
56.655 72.061 103.37
42.736 30.725 23.218
32.559 24.577 17.812
31.473 23.953 18.433
97.791 127.07 187.06
44.529 39.67 37.135
29.961 31.997 36.289
49.836 49.353 62.327
42.368 40.169 42.52
42.064 34.373 26.509
42.205 32.748 27.377
33.711 26.108 21.178
38.253 30.412 27.183
31.088 24.344 19.67
45.217 34.135 27.463
41.8 19.51 7.3792
34.286 19.692 11.214
21.043 11.056 6.4451
37.114 21.158 11.964
29.631 13.906 8.5122
24.93 12.781 7.7359
32.701 15.062 8.484
20.303 10.99 6.9113
40.518 21.739 14.525
25.678 13.206 7.6193
11.546 20.681 21.562
8.4877 15.96 16.478
43.833 45.354 44.353
21.863 23.678 22.351
56.327 64.833 69.06
52.186 60.392 64.498
13.847 21.123 22.023
64.442 57.456 57.847
33.798 30.923 28.487
30.086 26.432 24.629
24.656 18.058 11.796
22.174 18.779 12.848
35.215 39.753 63.276
34.481 30.674 39.579
51.103 55.232 76.458
21.849 16.306 11.112
30.758 30.64 30.088
41.63 39.423 36.709
26.932 26.8 26.06
51.241 50.204 47.817
36.115 33.624 29.911
36.797 31.855 27.771
28.501 18.051 8.2233
25.665 15.665 7.671
17.843 17.041 18.389
19.481 21.298 23.431
15.354 14.439 14.922
15.475 15.144 15.277
16.638 15.929 16.084
19.517 22.185 26.766
28.357 32.665 37.333
43.881 51.378 56.193
41.256 46.929 51.291
27.862 33.933 38.948
31.29 37.208 42.191
62.251 69.136 76.498
62.676 67.3 76.397
21.348 22.724 25.803
44.138 53.061 66.088
64.49 74.615 89.187
28.93 30.864 30.165
43.048 47.292 52.245
44.068 40.965 45.725
61.142 63.445 65.468
25.765 29.364 25.993
25.869 29.197 25.818
26.362 29.348 26.326
66.69 73.178 79.883
29.838 32.291 28.892
73.561 79.913 87.015
34.46 36.819 34.541
73.387 79.866 84.802
57.589 60.625 59.161
77.259 81.696 88.453
35.787 20.666 9.5252
20.889 11.822 4.28
43.384 27.037 13.349
28.741 17.556 7.3661
26.278 15.22 7.6617
32.004 19.777 9.5801
46.12 27.163 12.317
43.168 31.136 22.526
37.63 25.998 18.059
40.265 24.601 12.108
42.308 26.186 13.556
39.467 24.681 14.295
31.464 19.282 8.2697
39.089 27.654 19.465
25.619 20.39 16.835
23.753 18.679 15.49
91.682 94.944 96.493
47.753 36.142 34.262
85.746 83.506 85.035
25.083 20.523 18.231
63.821 63.169 63.918
50.268 52.477 58.028
52.477 48.725 47.594
77.085 75.043 75.636
53.01 49.262 49.979
60.931 59.976 60.299
27.196 17.119 12.008
23.245 15.518 10.502
18.588 12.864 8.6983
23.033 17.022 12.304
27.508 20.894 14.173
34.637 19.909 19.127
18.911 16.096 16.618
19.794 12.798 10.782
22.54 14.254 12.116
27.696 20.054 20.114
41.27 23.223 22.144
27.666 16.899 13.103
29.113 18.541 14.721
35.777 26.832 20.242
22.75 11.348 10.555
39.288 31.324 28.142
32.112 23.003 21.214
25.823 11.595 8.7255
26.798 17.534 12.346
42.075 44.617 47.507
8.4236 5.7525 5.5807
67.581 89.392 127.11
10.261 6.2553 4.4976
35.335 26.764 30.266
13.134 8.4833 5.4206
46.325 49.489 57.087
9.5339 5.6534 3.8067
33.089 23.959 16.049
38.03 29.085 22.096
36.146 30.705 23.729
21.027 14.566 10.824
39.338 31.167 25.011
38.028 25.699 18.131
24.436 16.162 10.813
22.478 14.723 10.72
29.264 18.28 13.153
30.304 18.935 13.454
29.041 20.975 16.169
28.607 17.985 12.641
39.487 42.573 50.614
27.74 27.819 30.836
23.453 22.183 22.844
47.658 55.275 66.694
32.425 36.94 43.933
40.172 33.356 25.391
32.738 25.859 18.721
31.986 24.177 15.958
45.962 37.424 29.515
36.6 27.02 20.283
65.269 52.27 43.105
47.785 35.526 23.903
50.278 38.016 29.838
50.135 36.93 25.339
57.175 42.909 32.492
29.727 24.612 18.339
27.431 21.605 15.07
31.899 27.552 20.814
29.942 25.547 18.378
31.154 25.812 19.714
29.806 21.69 15.889
73.745 72.191 68.436
21.52 19.384 17.078
27.74 25.549 29.034
20.531 19.679 16.879
29.009 23.479 23.621
28.648 28.435 25.264
19.684 15.157 11.904
73.299 75.486 74.71
24.661 22.727 19.525
14.056 11.209 7.219
16.406 11.37 7.8885
16.946 13.113 8.6122
30.408 29.211 24.144
24.275 20.586 20.2
10.617 7.2436 5.7942
44.415 45.324 51.922
43.318 42.446 43.345
29.629 19.432 15.476
42.526 59.315 88.555
29.843 24.274 19.598
24.549 21.546 23.976
32.868 25.38 20.34
37.459 24.299 16.643
18.74 12.031 6.6915
29.556 21.041 11.611
21.941 14.201 7.1964
22.601 13.679 7.7725
24.276 14.425 8.141
34.356 22.668 15.171
29.81 20.063 12.074
30.983 19.425 12.79
31.664 21.732 13.987
30.089 19.836 10.82
31.698 21.265 12.026
31.545 20.777 15.206
11.01 5.6471 2.8653
28.386 24.918 22.62
62.528 60.388 60.429
29.251 21.512 21.768
34.139 25.936 23.027
38.199 30.83 28.075
10.594 9.7083 8.0384
9.5722 9.831 7.6969
15.749 17.687 17.455
13.856 15.451 15.422
13.245 13.933 13.702
14.629 19.595 17.958
11.226 12.267 11.179
12.242 13.791 13.647
6.918 6.8635 5.7092
13.409 12.181 9.5602
41.494 45.36 45.668
40.38 45.432 43.371
43.478 48.058 47.056
44.397 50.392 48.866
52.94 60.915 64.398
40.064 44.369 42.991
38.817 42.871 42.249
40.21 44.263 42.956
32.421 34.851 35.136
63.444 66.355 68.268
71.805 74.724 78.446
71.66 72.93 74.061
55.455 60.147 62.83
76.245 76.715 79.144
70.468 70.878 72.837
73.228 74.287 76.55
41.961 27.579 20.585
49.037 36.505 26.371
40.928 28.161 19.377
50.808 34.952 23.492
42.752 30.729 20.218
47.341 33.766 21.765
45.644 31.926 19.83
38.127 26.363 16.704
34.556 22.451 15.782
37.317 24.799 17.656
34.484 22.152 16.089
44.035 29.268 18.368
48.39 44.82 44.042
47.057 37.445 27.54
34.707 23.444 15.311
54.288 44.227 39.534
52.174 39.393 29.61
55.278 40.562 29.343
55.485 40.378 29.619
53.478 37.338 27.095
21.293 13.132 7.5655
52.898 38.772 26.436
45.793 34.359 26.501
36.649 26.93 20.744
41.984 54.067 75.064
32.529 21.718 14.095
30.335 29.184 29.777
50.692 46.857 37.418
39.439 49.263 64.77
69.255 66.898 60.425
67.873 62.479 53.212
67.701 62.577 53.429
67.728 62.389 52.372
14.662 14.79 13.153
29.638 32.656 33.21
18.043 18.439 18.585
32.635 35.92 37.251
26.119 26.131 25.874
25.064 23.55 21.935
33.049 33.019 33.25
17.581 17.39 18.448
42.852 44.158 49.363
24.55 23.866 25.016
43.047 47.775 54.115
65.989 70.852 74.543
53.517 57.842 62.691
41.932 44.822 46.28
36.619 44.33 47.6
16.26 17.786 17.011
43.902 44.042 44.739
30.677 33.738 36.912
53.691 55.301 56.606
33.212 28.345 25.615
35.194 28.859 23.982
23.396 21.267 18.44
41.875 34.571 29.871
19.969 13.603 9.0799
23.975 18.221 11.171
66.779 65.645 67.223
60.95 63.351 67.405
61.153 63.902 68.378
38.813 39.352 41.529
39.953 32.203 27.926
47.485 39.947 35.927
45.821 36.818 34.456
78.97 69.325 68.107
45.165 42.547 42.785
54.263 55.757 59.415
81.983 87.553 99.107
20.18 25.658 28.47
45.794 32.398 23.666
64.736 56.287 53.58
60.686 51.956 49.729
58.044 49.402 46.828
10.46 23.702 42.003
54.236 41.825 39.503
19.219 19.708 26.015
20.327 17.49 25.398
30.348 27.625 24.827
34.091 32.245 28.864
33.685 30.465 30.669
120.73 144.33 189.54
26.375 34.273 36.333
31.779 39.882 41.814
25.869 30.108 34.168
29.516 35.556 40.742
23.314 27.202 31.698
28.18 31.838 36.342
28.897 33.276 37.806
15.044 8.0889 5.1784
33.856 26.523 17.515
53.609 45.001 32.762
17.351 11.1 7.3595
43.611 35.122 26.12
35.732 26.013 17.22
30.693 21.749 14.354
40.504 31.944 22.245
57.328 48.664 37.133
55.108 46.421 35.166
63.156 61.756 62.396
20.732 17.294 13.314
19.549 15.219 12.696
72.914 79.531 90.931
38.393 33.93 31.235
31.249 31.043 26.351
36.073 29.201 22.903
34.184 33.115 34.041
2.4681 2.7868 3.2519
25.193 24.851 23.934
33.478 32.957 32.607
41.628 42.661 43.165
49.489 52.947 57.642
27.849 26.613 25.281
48.923 52.658 57.722
25.832 23.59 20.964
28.116 26.351 25.716
28.736 26.178 24.628
32.906 37.03 46.943
22.397 18.771 16.983
22.239 18.944 14.94
36.145 35.358 37.563
36.62 34.49 36.176
39.335 34.497 29.167
40.579 32.748 26.209
36.817 31.138 28.979
39.146 31.558 25.363
41.07 34.987 31.582
39.397 30.412 24.361
34.907 28.14 23.094
33.89 25.675 20.876
45.144 36.682 31.702
33.426 29.569 24.172
32.834 28.366 23.557
41.702 36.657 33.171
39.475 33.717 31.667
19.741 12.709 8.8083
36.025 37.265 47.271
42.893 46.222 53.814
23.558 15.387 12.086
25.381 16.207 11.715
42.422 38.325 35.479
44.614 42.456 43.402
28.254 23.928 20.293
25.226 33.477 42.039
22.981 25.707 33.666
30.033 42.395 58.973
27.513 25.163 22.872
28.505 32.072 50.325
21.38 15.808 19.139
16.818 11.792 9.481
15.144 9.6363 6.8152
33.444 33.819 36.405
12.255 8.8096 6.4471
29.874 23.66 20.354
25.558 20.532 15.918
31.354 25.93 20.351
4.3654 3.202 1.9541
44.658 40.455 37.852
17.598 13.429 9.8586
11.227 13.772 12.323
37.794 32.466 25.54
44.915 38.575 34.279
45.194 38.428 34.128
25.772 22.611 19.127
19.795 13.613 8.8491
32.907 41.615 60.903
47.532 67.855 115.87
16.307 10.05 4.9435
34.394 48.958 75.677
19.174 13.918 9.6416
21.583 15.818 8.722
103.93 129.84 203.03
63.599 83.398 134.98
10.593 7.1485 4.5569
12.161 8.9529 6.1815
27.435 20.41 17.126
28.829 24.44 18.888
7.7117 5.0125 3.0856
22.91 20.225 18.93
47.604 46.882 48.162
47.878 44.971 42.13
49.666 42.185 36.554
18.188 16.499 14.916
36.145 34.053 34.619
36.222 34.008 34.247
33.105 30.043 29.52
46.459 39.911 34.792
33.16 42.644 44.654
42.504 53.064 57.902
39.992 47.555 52.506
32.833 33.422 33.032
49.414 57.581 63.074
30.586 35.013 41.287
36.389 39.236 43.616
51.825 59.461 63.765
43.235 46.109 49.441
42.821 43.796 46.823
29.825 32.994 37.081
54.332 62.977 69.786
48.309 56.709 62.168
24.816 25.92 28.041
21.285 20.444 23.645
36.352 43.477 47.226
40.859 44.817 47.31
35.172 36.492 37.21
20.381 16.365 13.682
48.053 40.753 33.919
42.76 40.228 38.644
86.271 87.781 89.759
43.724 39.231 33.22
90.081 93.27 97.936
88.12 90.334 94.468
43.097 43.608 41.505
32.924 27.269 24.634
37.822 34.516 31.284
31.873 35.875 39.298
26.01 28.846 30.86
34.67 39.398 43.387
39.269 46.42 50.194
39.267 47.83 53.258
22.479 22.886 24.919
101.43 94.006 69.301
23.867 31.377 31.204
12.768 13.36 10.993
28.709 23.471 19.115
15.395 13.336 9.5002
18.682 13.363 8.942
23.707 18.261 15.924
9.7082 8.6557 6.6314
11.656 9.5936 6.9078
9.1242 7.7003 5.3812
7.6825 6.6041 5.0102
22.206 18.205 15.22
14.243 9.2049 5.0845
18.491 12.482 6.9608
20.734 15.065 12.083
38.575 29.585 19.238
8.6425 11.697 9.996
10.259 14.433 12.778
23.571 15.419 7.5235
16.012 8.6413 3.5124
25.19 18.749 13.146
17.466 13.237 8.2251
30.983 23.669 15.557
8.8499 6.6258 3.7399
10.633 6.9903 3.5765
11.345 7.3393 3.5569
31.901 25.241 18.622
23.619 17.811 12.376
21.645 14.482 8.3004
8.009 5.1938 2.8897
35.121 31.544 25.16
11.271 8.1707 4.6463
40.147 35.704 33.229
19.655 12.591 8.2633
9.0773 5.4764 2.7127
11.611 7.6114 3.9429
11.652 7.601 4.0016
80.03 90.696 142.33
43.749 48.354 58.712
30.486 32.189 32.751
11.53 7.5349 4.0297
11.471 7.6249 3.9294
11.634 7.9224 4.0727
10.472 6.7458 3.1956
11.066 6.9731 3.1596
11.623 8.1104 4.1315
12.156 8.4282 4.3676
13.521 9.0641 4.6225
15.098 9.8671 4.9328
16.175 10.532 5.2019
13.556 8.3565 3.7974
13.162 8.3364 4.1702
16.263 9.3611 3.8536
24.735 15.535 5.7531
27.933 17.436 10.082
52.682 46.57 42.361
50.385 39.746 31.528
92.736 85.109 81.349
32.061 21.409 13.579
11.87 6.2655 2.64
28.267 23.642 19.281
55.089 36.275 19.083
1.2024 1.2024 1.2024
0 0 0
4.253 4.253 4.253
0.63249 0.63249 0.63249
1.0069 1.0069 1.0069
1.0637 1.0637 1.0637
0 0 0
0.80315 0.80315 0.80315
0.20761 0.20761 0.20761
2.375 2.375 2.375
6.4862 6.4862 6.4862
8.7948 8.7948 8.7948
8.9814 8.9814 8.9814
5.3894 5.3894 5.3894
7.4171 7.4171 7.4171
10.233 10.233 10.233
9.2975 9.2975 9.2975
3.5743 3.5743 3.5743
8.9859 8.9859 8.9859
9.9576 9.9576 9.9576
11.43 11.43 11.43
10.789 10.789 10.789
9.6284 9.6284 9.6284
6.8321 6.8321 6.8321
10.378 10.378 10.378
8.3959 8.3959 8.3959
7.2008 7.2008 7.2008
6.5143 6.5143 6.5143
6.9722 6.9722 6.9722
8.8225 8.8225 8.8225
0.65975 0.65975 0.65975
0 0 0
4.8259 4.7227 5.2139
