0.0 0.0 0.0
0.0 0.0 0.0
38.51068 24.227137 13.874959
41.017666 25.299423 24.570826
63.290367 47.471897 43.240334
55.843933 33.451756 45.922394
39.95431 28.602259 38.834835
147.33679 30.782082 36.572895
108.53273 61.500977 51.875854
86.931694 60.544914 53.32647
66.63353 52.626827 62.45821
66.6955 52.621265 62.438515
66.41126 59.12902 70.060875
58.910046 54.36952 71.6118
61.486355 52.293617 64.70715
48.51409 46.545242 66.4429
70.48339 71.19713 87.45094
95.5333 99.57769 106.58622
99.89177 102.523026 94.91456
100.501465 103.204025 95.40493
91.169304 86.02652 101.62691
91.169304 86.02652 101.62691
94.81912 96.904686 106.83983
114.57009 101.79358 98.977295
115.29341 114.426414 119.73717
101.60908 94.98713 130.01328
133.77708 108.33971 84.40124
147.10945 109.81802 63.679176
101.37102 97.65497 73.57818
129.61955 123.68937 113.04784
77.919266 69.48684 45.41358
77.919266 69.48684 45.41358
115.69063 75.70427 91.11696
115.69063 75.70427 91.11696
129.05629 110.72844 71.21853
141.52393 114.95395 78.91155
113.050476 97.604126 95.9211
111.66622 98.569405 101.83829
107.08236 98.98668 73.43514
125.66605 100.03834 84.16605
124.260765 101.11038 91.31664
108.85644 100.827324 67.534966
66.851036 43.394657 60.30694
66.61603 43.467876 60.600754
102.54142 95.21962 80.211296
126.64364 93.82781 63.31132
108.06404 101.19432 74.598236
120.12939 64.05925 77.34682
120.02323 64.21329 77.588005
109.93039 94.24773 93.864075
79.144165 108.4174 140.55815
93.08532 70.20175 70.26791
84.987495 78.74476 71.38893
71.15855 71.83041 86.3207
71.12098 71.865135 86.10636
114.01316 108.16358 137.05272
129.63629 96.07603 109.62736
129.63629 96.07603 109.62736
88.489685 105.398186 119.056366
100.028145 108.98692 136.83772
103.32582 99.05925 108.18287
125.87317 105.08443 106.78671
125.87317 105.08443 106.78671
127.88909 85.054665 126.12512
117.75662 89.18198 100.05629
118.15542 89.91699 100.957565
138.21024 85.31591 98.45659
171.69972 118.95411 120.23473
87.80815 84.83719 98.69907
128.16687 112.465965 106.600876
128.16687 112.465965 106.600876
103.12983 50.511494 47.70683
120.03631 63.535736 57.751137
120.03631 63.535736 57.751137
127.179665 59.88889 55.78582
119.28972 70.735825 51.873417
78.69047 62.448994 60.84568
106.78346 57.643234 68.77079
92.614685 60.101566 65.19323
152.986 92.70947 94.642624
76.25731 33.09771 18.610218
146.80235 138.86314 141.82541
87.66918 107.61915 170.05475
72.22722 88.37533 147.15895
94.76852 82.33451 83.09231
76.08179 83.24054 112.690994
85.177025 101.75711 135.43645
85.177025 101.75711 135.43645
98.08297 114.7911 154.72746
89.2275 74.15948 75.95367
110.989525 107.32874 111.72832
83.5028 82.993706 111.728966
120.354454 128.23639 128.35083
97.04142 103.26535 126.1449
120.10388 116.62878 127.85928
116.941765 119.5731 124.58215
108.56794 105.52782 92.85047
108.56794 105.52782 92.85047
94.09247 116.42288 129.237
92.63775 63.67966 138.81367
42.27794 55.902493 110.15428
41.965603 47.429176 60.91951
44.673977 53.348114 93.04963
49.410736 56.51592 95.788704
49.608673 56.687134 96.052025
63.993176 39.40006 26.014174
63.993176 39.40006 26.014174
85.74996 56.45951 36.316723
73.20362 57.388725 33.348766
56.839912 48.541424 42.137997
79.77173 68.08086 27.079435
58.157166 56.14693 62.123497
59.468285 37.528793 62.89563
54.064247 33.626747 51.150177
48.136696 34.255077 49.77071
58.70281 46.39498 38.947166
67.84016 43.01332 41.651886
74.13369 67.7632 41.433765
37.806084 46.157772 57.685875
57.328785 53.46682 68.208046
60.29922 48.64762 68.928566
63.27928 61.293617 63.371346
40.879993 32.599617 65.67519
52.60055 46.187824 50.574238
77.65757 58.244194 46.377235
62.21938 53.271442 54.07903
43.231808 37.6955 41.797394
66.37427 43.035088 45.615578
53.2234 34.734894 37.115173
72.49606 47.578827 64.47161
63.376137 45.667194 30.720842
44.305595 38.593853 53.60238
61.87508 52.634747 51.081345
36.50605 34.461746 29.220638
36.50605 34.461746 29.220638
66.038376 48.260723 24.901438
43.863384 43.394127 42.90558
45.00471 37.06201 36.943104
55.796906 46.982414 57.283096
66.005486 33.955734 30.528833
66.00922 33.911633 30.22531
55.06571 41.396442 60.516773
58.144817 43.93287 50.506943
52.084755 31.572206 51.64506
51.69688 40.653507 56.42471
75.60799 54.167236 45.07992
48.00272 31.207602 19.007147
44.038296 36.196922 37.276234
44.038296 36.196922 37.276234
72.8484 63.877804 49.209835
72.847015 63.93815 49.203663
47.877926 26.640839 22.089424
34.54195 21.1849 27.820826
77.18393 51.632553 42.083294
52.36188 38.83967 22.266893
71.76161 48.604412 30.536955
67.741554 49.90306 37.792114
83.95687 47.203987 41.22929
83.95687 47.203987 41.22929
104.75447 63.6211 71.34568
117.125084 50.153996 36.811565
77.26247 41.42491 51.57834
77.61334 41.556408 51.486557
70.261246 52.627598 46.534317
70.55178 52.916058 46.672554
62.43815 50.31985 54.308926
83.93112 54.171703 41.164352
70.51628 45.48343 40.235016
69.64072 47.35372 55.768803
70.15383 47.675926 55.950375
38.113182 21.939531 22.633772
47.569607 22.828379 26.98205
71.82883 47.63556 58.850594
58.819607 63.649975 106.58191
46.323708 47.95062 83.859
81.83301 40.241917 62.02603
81.83301 40.241917 62.02603
103.23189 54.201916 40.08784
103.42199 54.23944 40.093567
73.76929 37.75991 25.877842
98.25248 61.677063 30.22531
85.88633 41.01348 40.24659
84.89413 18.480385 27.734243
84.89413 18.480385 27.734243
124.68803 28.462435 34.963856
71.68344 28.314734 29.01007
99.10474 19.75796 26.753777
99.6146 19.811728 26.80917
84.459595 20.543737 25.369234
83.56059 20.263159 25.515066
81.296295 32.244965 31.036509
82.57066 40.479004 29.919388
82.43243 46.96869 36.62764
61.126625 32.62959 29.957602
55.191887 35.81258 39.63158
55.191887 35.81258 39.63158
47.319565 37.591007 35.59889
58.93965 56.776196 45.610622
59.260517 57.19201 45.438557
78.04451 47.73936 27.126543
78.232574 47.703907 27.006456
50.225063 36.2941 49.266975
50.225063 36.2941 49.266975
61.317616 47.47608 33.881294
45.052185 43.75195 43.522053
45.052185 43.75195 43.522053
34.750813 19.310144 19.630888
29.261168 32.542152 38.26381
82.20175 43.250404 35.430515
81.9654 43.245735 35.441196
58.53444 43.192738 31.134502
48.754467 33.484406 41.866226
48.754467 33.484406 41.866226
77.28732 57.324764 54.14957
57.602665 43.626217 40.39295
52.43807 47.75463 67.6553
49.05328 41.89076 43.836662
70.92848 64.77834 19.23538
54.086014 51.165653 42.32931
62.91151 49.398758 38.562458
52.948547 39.09515 35.385235
48.036755 42.851566 39.2366
78.37 48.097668 45.666668
39.668777 38.432545 34.510883
39.668777 38.432545 34.510883
56.302387 42.97076 35.690342
69.98607 34.17 30.894249
91.5253 64.37809 41.81242
54.768276 40.916706 39.43957
43.949318 39.10916 36.31514
43.92471 39.20147 36.327362
96.822815 60.75979 42.769207
97.23331 60.968647 42.81798
36.306896 30.402494 41.61521
36.306896 30.402494 41.61521
42.70606 26.322449 19.392097
42.72596 26.308764 19.445948
82.774124 29.864765 26.443348
82.774124 29.864765 26.443348
23.52197 22.487614 35.667316
39.110664 42.64433 55.60571
91.42958 87.57213 67.95549
83.611115 91.42248 86.770226
83.611115 91.42248 86.770226
88.1317 101.32542 114.91638
88.00386 101.077934 115.008
81.11233 77.2807 77.10928
81.11233 77.2807 77.10928
73.553566 57.67089 51.992893
47.31575 24.776844 37.48993
47.31575 24.776844 37.48993
47.009342 41.182747 55.024937
81.07351 36.14376 44.373985
40.60494 29.60709 45.855305
53.661755 23.942982 26.54386
61.619316 24.345882 59.067493
66.98725 65.43965 69.17414
101.57935 94.82213 85.932625
93.33731 88.20675 97.31567
83.665695 81.328545 86.46617
77.43961 72.691925 76.88954
74.01665 73.16273 74.29532
79.93563 75.50654 81.921906
79.87561 75.41959 81.82273
48.911182 53.960403 66.24346
48.911182 53.960403 66.24346
47.892017 58.163944 47.79662
46.38881 48.434574 50.693024
126.53996 113.68645 118.23899
72.08963 69.777695 74.455734
49.26401 33.53391 32.981724
67.97787 53.252926 39.351284
60.82919 55.268883 38.419712
61.873905 49.825657 46.52859
87.672714 82.50771 104.53757
87.91959 82.6581 104.722466
86.26994 79.83918 80.59304
86.29743 79.85815 80.48189
97.574234 93.41594 102.38535
91.07339 76.840485 78.87273
70.98311 72.03131 83.4678
64.47803 57.975147 59.873337
53.416584 54.6691 59.375
84.75341 78.57626 78.34986
91.44785 86.90318 90.56912
96.732216 90.07801 89.83102
96.732216 90.07801 89.83102
86.28992 84.25999 94.23217
72.241066 66.12675 74.7686
99.51462 90.64332 97.29662
115.00333 116.00081 127.48343
115.70614 116.77376 128.42487
102.79016 104.010475 103.06348
86.61781 78.759544 88.609566
109.17467 99.19225 106.193794
89.503815 68.84316 56.789963
89.503815 68.84316 56.789963
64.61351 68.524124 61.62049
64.7485 68.46507 61.79118
73.76624 73.517136 91.588776
79.950455 103.16724 117.42182
66.6107 74.59921 81.01539
106.432014 108.44367 126.15838
116.54467 119.52981 137.08594
116.54467 119.52981 137.08594
100.3521 113.48802 135.0143
88.63337 85.997444 99.196434
56.004875 55.473034 56.133812
115.50321 103.4933 91.291504
144.79163 137.52571 116.84564
122.90822 122.8607 143.95943
121.32322 99.77311 116.02827
121.32322 99.77311 116.02827
110.36964 110.46759 124.760925
87.042435 85.50394 119.56612
142.15181 138.91667 152.52997
92.03554 102.92954 128.26564
114.73871 109.09698 120.21268
108.17593 98.4018 123.71796
125.23509 109.073586 128.7228
123.61103 106.99196 87.26848
69.78692 71.16297 60.660614
69.472916 70.81075 60.73985
45.116146 78.21236 104.78123
72.92512 103.34901 134.35356
66.62955 63.31924 67.766205
54.06717 57.196598 62.7448
71.45119 65.23737 68.23741
71.212395 65.03428 68.02782
71.57984 59.73924 61.18681
59.650745 44.887264 45.612736
84.24017 71.947044 69.49285
116.30893 106.681816 104.981804
116.68108 106.998375 105.29825
56.47015 47.560997 46.1382
82.025345 63.50812 59.727867
93.50187 89.491066 95.6514
84.85563 74.69664 79.65871
88.862206 75.88475 83.85526
87.55283 83.47259 87.2197
106.650055 108.39117 105.33687
142.79305 134.60205 129.07841
142.79305 134.60205 129.07841
110.26657 113.74631 107.86675
146.90302 131.11444 119.210976
109.524895 127.7775 105.454025
131.41898 108.72832 82.101364
131.35645 108.714386 82.11907
138.86342 93.412766 62.193752
110.511246 120.487045 65.10384
110.511246 120.487045 65.10384
128.86168 81.58504 48.228436
115.713165 87.636536 60.98278
89.545 76.78444 58.882553
82.40802 88.66801 82.57797
82.49224 88.76141 82.844986
80.237976 62.98412 59.616432
30.931774 37.32436 64.94652
37.145954 46.620007 82.45212
28.434738 33.16886 110.286385
23.11298 20.6051 57.922474
77.816154 54.02339 35.911346
42.597424 38.68563 16.61444
35.95817 27.807425 28.875202
90.91654 43.76661 26.266245
92.403755 49.109406 33.126217
82.805756 44.70797 25.306652
48.548122 47.389458 27.925642
38.368057 18.97145 24.08638
43.5145 28.172514 26.99334
103.90753 24.57781 25.828663
20.20679 19.209877 66.50053
96.52335 54.912685 24.720232
55.304176 31.535292 44.309334
55.304176 31.535292 44.309334
147.02689 121.449844 48.429134
63.79715 34.81908 44.691032
41.274204 25.010153 45.354206
41.836502 25.248417 45.288822
31.039068 33.008854 100.18112
11.672434 12.540408 39.23745
11.478517 12.305881 38.517258
38.768845 43.277576 70.39465
39.651558 43.64088 52.41025
55.89555 54.104652 45.199886
38.863262 40.22458 45.973682
42.624714 35.358715 49.957928
42.624714 35.358715 49.957928
24.646402 21.402575 34.34901
21.71146 22.750975 27.293493
50.00946 42.018154 42.917805
49.84832 41.752274 42.792683
32.712395 20.17556 37.097546
53.808804 21.957846 26.28066
17.555555 27.64555 34.550804
40.984608 35.74667 47.61314
36.952606 25.65903 29.787403
18.353842 19.574196 30.642462
178.00496 85.90355 57.572205
127.34974 113.330124 106.13552
127.25792 113.2485 105.912605
142.25499 122.39815 99.73148
37.33041 48.14498 94.41821
37.327324 48.086056 94.15542
39.752193 25.345476 47.250244
20.423204 20.330572 38.099537
35.9959 18.736761 32.53322
21.253086 24.582968 9.547799
21.493786 24.639822 9.629345
54.78131 12.767097 17.576796
54.797516 12.80783 17.551981
97.090034 21.3298 21.729816
96.99911 21.320581 21.723684
90.75638 19.938799 19.49403
47.39961 21.904768 18.05726
53.88548 33.04138 40.6715
53.840805 33.01462 40.544754
59.510033 64.7829 112.631134
44.689774 48.625404 79.9176
44.217106 48.099457 78.828094
24.48404 29.958212 46.779644
47.642586 51.594826 114.0359
39.343525 38.76933 122.43754
57.636738 44.45533 86.29792
136.20476 59.098602 40.593567
58.22527 27.657042 31.750853
88.61635 74.75967 27.644249
88.93803 74.85603 27.805475
93.56526 20.010397 31.195786
93.70273 20.055271 31.266163
41.362816 24.146646 18.489523
74.20642 41.80056 35.932953
77.562096 47.805595 62.189045
57.632595 34.686768 34.58577
63.58695 50.75743 62.377396
67.529526 102.74236 37.84568
63.911064 46.32647 35.208416
101.64652 89.05519 48.01255
54.783382 35.889378 30.529646
69.5322 37.530785 30.91086
70.55539 86.01897 41.955166
81.146324 42.13223 104.018684
167.97539 147.41066 131.06944
165.27202 126.36976 112.98741
165.27202 126.36976 112.98741
162.87378 132.70168 126.18486
173.1916 147.35738 146.21024
170.99286 120.57626 98.34402
140.76482 79.12967 50.73014
140.76482 79.12967 50.73014
59.59791 112.34479 163.35039
79.320175 48.04902 35.401966
79.275505 48.205246 35.154808
51.431572 45.11452 34.264904
78.98546 68.86822 29.804825
79.779526 70.924995 28.886127
81.34779 69.53026 41.65294
81.29837 69.57797 41.825535
71.44631 56.775463 39.933155
110.986885 56.720882 40.2673
67.10518 52.725796 31.861639
0.0 0.0 0.0
118.06014 90.94164 98.439896
118.06014 90.94164 98.439896
109.347626 99.864685 109.94233
124.82383 105.35449 112.06299
106.94911 97.26523 108.215
101.10165 102.00207 127.91151
97.27558 103.29573 130.02957
105.86091 102.35063 122.18068
105.95683 102.84535 122.790855
112.5826 108.20825 120.663055
110.137505 108.62374 128.91391
110.09247 108.61846 129.22401
115.640144 113.55186 128.37764
115.640144 113.55186 128.37764
94.28103 91.760315 105.579315
94.89969 90.05917 109.924545
98.05328 99.50098 119.4483
95.39551 88.52201 111.27916
95.3032 88.32428 111.15765
26.255808 26.220963 26.176128
26.255808 26.220963 26.176128
31.065222 31.044632 31.012062
25.463898 25.432505 25.390026
31.324278 31.276356 31.219948
29.379143 29.361883 29.334715
29.379143 29.361883 29.334715
30.660696 30.63633 30.60112
22.693146 22.663134 22.62634
32.117813 32.084877 32.03789
22.50329 22.47271 22.429905
23.057505 23.013727 22.961704
30.705652 30.672474 30.62898
17.220516 17.208414 17.189083
17.220516 17.208414 17.189083
