0.0 0.0 0.0
0.0 0.0 0.0
238.85498 247.00551 241.85457
88.060356 121.58049 49.68555
89.70002 145.51581 114.87608
67.379166 89.20657 50.803234
81.70206 118.66526 57.72463
108.396935 111.970795 105.43428
127.87203 138.92422 143.76433
98.9362 120.93828 132.53651
146.59663 155.43909 157.40201
133.6494 144.3774 149.55295
133.6494 144.3774 149.55295
134.09883 146.1844 151.8911
127.89352 144.60504 160.70612
127.34927 143.86679 159.89464
77.207726 65.665054 52.973755
77.207726 65.665054 52.973755
169.53723 139.55261 84.000206
89.762794 70.59615 49.48007
133.05794 102.326195 67.44769
75.09488 88.963844 62.372356
75.09488 88.963844 62.372356
164.02989 137.69508 97.14046
130.54503 105.467094 78.85569
80.17069 65.5008 48.512547
136.48701 140.03429 150.14731
136.43782 139.97456 150.08487
135.68532 150.66356 166.84242
120.89294 86.358536 55.72119
90.88879 73.956764 50.38509
126.18329 93.76888 57.81328
140.36 152.72664 161.53331
135.7723 137.665 138.17624
137.20177 139.32057 136.09303
137.20177 139.32057 136.09303
170.97556 168.01236 171.92065
170.97556 168.01236 171.92065
165.53917 166.63762 172.98209
175.15099 148.27264 129.87956
152.94267 178.33307 201.49788
153.05841 178.41144 201.52718
179.66458 187.41022 189.21379
122.30366 133.58461 142.87074
141.34601 135.26526 120.485344
141.34601 135.26526 120.485344
130.05505 141.48491 147.12875
129.45743 138.55325 147.03017
151.57181 141.86876 126.75118
148.50961 138.6822 123.28865
147.92096 138.08606 122.66522
147.4405 153.20718 159.40157
141.97253 149.4157 158.02403
133.1821 126.561226 117.85549
147.28827 156.32208 166.39203
126.84017 130.27715 131.22958
71.41154 75.41736 76.27564
137.36296 142.40518 145.31158
141.92892 148.40541 157.10605
145.3467 153.30151 162.26639
159.38414 164.49416 169.45161
148.5074 155.26778 165.74901
148.5074 155.26778 165.74901
44.06417 48.460255 49.141346
113.57284 121.56027 130.91084
113.40606 121.39132 130.68729
88.82267 87.97539 85.78444
58.916595 77.25226 94.433365
121.81784 131.76389 138.67377
136.3524 148.11584 160.62373
196.37361 201.87932 212.65562
164.7796 171.26877 187.05658
151.33372 162.94516 175.20627
151.31738 162.92459 175.16861
182.69846 184.84558 191.72511
179.03526 181.04953 187.29263
179.75424 176.66591 186.63065
144.07948 152.49059 165.8642
144.07948 152.49059 165.8642
170.53757 164.24501 168.19156
110.04483 101.05651 95.59795
99.684395 92.45801 66.33478
70.91799 57.587505 45.73835
99.33702 76.43792 65.89042
99.33702 76.43792 65.89042
126.211266 118.6525 136.61024
82.48204 79.875984 99.739265
79.762314 76.374535 95.65181
79.16109 78.74666 102.249664
79.16109 78.74666 102.249664
104.07081 114.28412 113.51343
120.90141 154.9058 176.06529
120.90141 154.9058 176.06529
138.76826 152.86713 155.79353
92.676186 72.71935 51.767353
99.74655 71.32037 51.4063
82.34764 58.26873 36.991627
107.4194 94.02284 88.48963
160.43909 154.62288 162.99829
163.33041 165.02478 173.07367
163.32082 166.40613 173.52797
97.32841 81.03479 85.68827
143.5552 144.30539 152.12688
119.34301 125.284935 128.22049
96.16024 81.45065 74.04289
116.242455 102.39439 87.83139
103.58914 83.8688 70.01174
102.15813 97.273155 96.0624
120.701035 140.5475 158.12473
157.51755 144.25906 141.69716
113.917854 116.908325 110.785835
44.199284 77.276665 65.805756
128.09944 132.88371 130.16551
33.767593 80.5042 84.662605
140.30849 149.21407 158.52538
130.14577 136.07492 144.33917
136.42802 144.44449 153.48085
107.02175 111.898415 126.617805
136.93504 140.42062 142.53903
122.138176 132.16014 143.52003
167.63972 169.95407 144.78474
66.39251 68.84875 60.966194
67.78853 74.18213 58.37947
76.71108 76.92644 55.249973
78.281296 73.629074 64.74938
92.07581 70.92099 46.053516
57.0655 50.976646 38.321907
75.675674 67.48177 53.38138
122.21729 110.07064 84.92878
117.72242 118.55326 102.48364
117.204666 117.97862 101.98662
92.93529 86.865326 64.17818
122.45787 104.35053 79.04834
122.45787 104.35053 79.04834
125.65978 139.22322 126.264854
146.38652 155.05962 160.46022
119.034485 137.23047 136.61903
139.78407 131.94417 107.73709
165.11485 147.75966 118.74301
72.67581 90.10601 53.47023
72.72003 90.18134 53.440273
178.55516 161.96358 135.93689
179.93437 177.32991 145.24187
136.7375 133.97552 95.15874
164.33644 152.262 103.13617
178.02614 167.27834 137.87111
169.28313 157.59445 117.77123
169.28313 157.59445 117.77123
94.350876 105.90498 70.3089
82.30009 77.58802 52.03772
135.25777 133.6287 104.51785
108.1843 94.32242 60.94512
147.60123 133.78662 116.346794
135.02853 127.831215 109.79775
138.4162 131.6322 116.37614
138.2061 158.75526 124.5983
138.86366 159.15125 124.9857
127.69702 126.18022 93.634964
130.50621 120.2224 82.094025
114.887184 114.18073 81.96191
119.12558 148.51683 115.47874
129.67418 129.35837 101.692696
131.14989 144.18202 109.37178
131.10185 144.29791 109.397415
132.13185 131.8383 105.96109
137.95963 132.54308 88.791016
116.388054 117.94601 95.908356
113.63275 118.929634 92.38764
211.57089 221.84232 201.41089
81.794586 69.00415 43.404972
81.794586 69.00415 43.404972
84.7714 71.074486 45.344852
93.384 77.71081 48.035984
134.89671 117.77409 96.94598
134.87993 117.71584 96.89999
147.15976 123.41787 86.69069
146.96432 123.33706 86.706245
135.03983 117.9823 95.27673
135.50009 118.36824 95.55196
61.27057 58.206467 50.15857
59.71006 60.289227 54.17859
87.52905 86.17076 55.392647
92.69528 73.05644 44.076393
69.973175 70.330284 50.081226
65.30046 65.8019 48.60548
97.31612 89.60416 60.129704
81.59166 82.20613 62.197445
85.12085 80.17896 62.017395
126.54526 110.80443 73.111725
126.59976 116.98649 84.79745
124.81808 111.31339 78.3007
124.392746 111.026924 77.9711
111.53491 83.87759 48.917107
131.20844 120.342026 84.168205
119.280235 107.49859 67.66775
107.68875 96.62751 68.13651
107.68875 96.62751 68.13651
102.35813 90.67935 57.373207
55.837242 64.607285 31.550808
125.4926 102.53957 52.39503
111.929665 101.8574 67.97832
111.749344 101.77719 68.11595
189.40776 179.912 157.26305
134.59912 108.177734 78.286705
144.6879 130.04286 100.22795
144.62604 130.17018 100.41882
126.80861 114.34454 87.494774
97.44262 87.95748 63.732662
111.47305 105.413414 75.022675
113.82734 94.447624 69.68824
113.74597 94.429886 69.66659
102.21961 94.24916 75.538284
104.519424 86.358574 68.18867
84.13311 75.59769 60.513905
110.284424 85.11912 62.562824
152.90254 143.9987 120.8574
70.29161 64.10243 45.173378
110.73665 107.70254 85.52218
48.543148 49.493618 27.497362
43.682007 63.2784 33.613823
43.817837 63.59639 33.794247
122.10172 134.47186 107.75391
130.90982 138.80357 119.32044
118.76463 133.55693 105.72266
54.220562 73.149994 45.87721
75.3184 66.82206 45.21338
80.78264 81.64882 46.944748
58.98063 68.46665 32.691574
70.92095 80.952 48.458485
56.39595 35.141857 29.642212
56.39595 35.141857 29.642212
62.902946 44.519386 35.584408
80.59231 93.27163 56.568306
62.09566 79.55496 45.370895
55.2192 59.773415 36.809055
55.37297 60.03922 36.941174
27.003473 43.0209 25.079115
64.106926 59.28245 32.148834
120.38818 154.70444 168.2574
90.81831 127.603096 137.16219
90.89671 127.67295 137.22176
91.64814 89.714584 34.993565
56.40354 65.631966 31.496578
77.13423 66.09488 34.617226
72.91853 69.34785 33.5999
70.832405 65.49481 28.616749
71.00449 65.66645 28.715097
58.18897 69.10533 33.937397
52.929295 64.95673 28.061752
91.42489 65.54073 56.77307
90.494705 59.371304 53.145634
41.368713 26.8352 22.576817
53.91949 32.541447 39.268833
113.80208 68.10597 60.871525
51.645683 30.451643 32.416172
26.282213 28.510979 46.041462
22.773582 25.881634 47.281837
24.096544 33.104816 61.043438
19.388527 30.985056 59.550842
34.969463 48.890385 82.20446
36.580425 56.731678 85.44126
36.580425 56.731678 85.44126
36.4608 47.20531 74.970825
33.69852 42.362076 70.0496
60.77025 38.508595 27.561089
70.17552 50.67993 36.849735
70.17552 50.67993 36.849735
53.225124 50.137905 48.27513
31.934025 49.1841 64.921394
31.934025 49.1841 64.921394
36.999695 54.261787 68.337944
12.658519 20.277855 35.213005
30.867949 47.311897 62.024204
47.570656 56.558605 68.079865
43.310127 45.19922 48.069786
59.446095 64.51047 74.51326
40.29695 49.648308 51.64868
58.33767 68.293144 69.20201
24.03428 33.612698 46.204426
21.695183 31.01954 32.716496
34.11057 35.030807 40.314827
30.775286 36.77086 47.375797
77.56909 79.76378 80.621445
19.068188 26.585907 41.679794
35.520172 41.769913 48.579967
65.59884 63.402725 42.54948
64.59156 59.62543 52.81743
64.59156 59.62543 52.81743
104.44419 95.55676 88.21335
104.13372 95.484764 88.489296
52.01593 55.481327 56.307404
51.974297 55.411743 56.15193
47.16017 49.853786 34.84984
124.19057 106.86257 91.409294
45.844425 46.39687 48.78257
100.317 102.01181 93.58179
104.112854 107.111015 95.296
104.112854 107.111015 95.296
34.838707 44.07813 36.14829
34.838707 44.07813 36.14829
180.7293 182.28055 169.90172
180.42178 182.06859 169.73903
78.22679 87.449295 41.33821
53.134842 53.13559 25.054672
53.134842 53.13559 25.054672
93.72868 85.18332 33.54764
119.377365 105.24099 52.752407
94.3617 82.25171 28.904818
90.23101 85.59241 37.34298
90.031624 85.369705 37.209023
111.227165 97.32722 52.4175
60.53501 69.80497 28.256817
62.20766 78.417534 33.489532
123.32545 111.36082 93.97038
158.90468 149.18866 134.2253
158.90468 149.18866 134.2253
148.28201 121.40616 91.70284
145.80994 130.7503 111.09052
145.80994 130.7503 111.09052
115.45811 90.41726 45.958298
120.279594 97.79884 38.52538
120.279594 97.79884 38.52538
121.42077 100.69593 54.350773
25.030195 38.974197 61.812458
34.863388 47.44436 70.987404
32.13365 48.116665 71.58512
30.48817 42.20616 65.56286
32.748425 49.255966 72.76711
26.827812 38.856987 65.73008
35.881702 50.769836 70.2785
49.01416 51.46853 57.425632
30.304205 37.237854 55.891914
14.060936 25.239285 50.74165
31.012154 46.96926 69.088066
54.46604 36.090893 22.780018
32.182537 22.626009 19.678434
45.561703 38.166603 27.890825
63.62029 48.801804 35.741173
88.70522 60.279488 48.873974
68.53696 43.993362 27.660698
94.513466 94.05528 91.4931
34.119217 40.813244 59.570145
33.491337 40.692867 66.457054
166.84555 164.73532 135.51262
68.39571 56.513226 31.207865
68.39571 56.513226 31.207865
105.398674 69.67432 34.456203
121.349205 109.33685 89.86914
122.13862 110.07381 90.53927
112.70938 82.621346 47.203777
62.855522 67.59663 26.94914
73.912445 74.838776 32.07251
66.267166 57.96691 27.527012
96.47166 73.00838 32.384136
131.17192 114.2385 86.42029
103.310776 87.710434 60.878708
69.87915 75.54376 38.353634
79.277855 75.29508 56.880478
73.941414 62.472546 37.722553
69.17195 64.9794 39.789005
69.17195 64.9794 39.789005
59.081802 62.617496 37.177704
106.28351 92.592575 76.15656
98.62342 79.46615 45.11898
93.95473 82.579605 48.828938
80.02914 84.95234 60.85055
80.006096 84.7278 60.893105
25.712273 37.30475 56.52085
29.58223 43.2528 72.23711
20.847965 34.27639 48.972256
46.872032 49.88211 62.73617
30.452562 43.04735 67.3842
20.703285 32.387474 46.252563
13.266995 28.379404 61.232273
24.163643 26.680136 60.627167
30.095966 43.99908 70.29726
30.705872 42.626484 69.998535
30.705872 42.626484 69.998535
26.803131 58.699062 31.184238
30.574638 46.138313 26.452732
34.529057 52.412357 27.413107
38.474552 81.0318 16.142128
37.37624 73.49368 29.106485
7.3459744 7.9826384 4.4839487
7.3459744 7.9826384 4.4839487
47.84715 77.02628 43.229992
63.579098 132.81944 15.557277
44.023113 85.03956 40.963642
44.023113 85.03956 40.963642
51.5857 83.69314 49.087692
39.66999 76.17494 63.64286
70.77668 90.5969 65.62465
44.8161 50.871387 24.281736
57.383423 69.347946 45.571133
47.87833 62.03663 36.38601
47.535896 61.73205 36.189823
85.5667 66.68361 52.27081
115.78557 97.19312 73.783356
115.78557 97.19312 73.783356
64.425705 42.489292 31.65086
186.8144 186.5025 170.27248
186.8144 186.5025 170.27248
101.46608 89.45709 87.85563
149.26498 148.7328 112.54202
71.05304 88.14043 51.1727
71.05304 88.14043 51.1727
113.93011 107.01464 61.25869
120.26795 144.25777 128.06305
121.088646 145.22145 129.27264
100.89086 100.14672 63.243134
86.42495 93.01879 61.181618
77.92919 84.369736 51.22155
65.79735 72.82716 54.677345
74.68044 75.8605 50.44429
120.40068 122.22495 101.03278
121.95462 145.49257 114.70009
128.11156 147.23772 141.7502
109.99104 90.100525 65.55159
143.7546 104.92947 74.423454
112.34522 73.41382 53.04276
112.34522 73.41382 53.04276
109.0559 76.66465 43.09961
150.26147 101.699745 70.7295
72.29048 63.417908 42.19084
63.813755 54.76987 36.68058
80.139305 65.91557 38.86812
80.849495 66.21505 39.037514
3.1705873 2.9674554 2.3649702
3.1705873 2.9674554 2.3649702
11.300868 10.653005 8.572732
7.8628426 7.283268 6.076834
7.8628426 7.283268 6.076834
8.027438 7.508323 6.151864
8.640136 8.061617 6.722519
8.369123 7.7738214 6.341447
7.242587 6.8742127 5.616068
7.816579 7.3114214 6.0419745
7.816579 7.3114214 6.0419745
8.230264 7.7925787 6.3812084
6.6125956 6.072715 4.9971743
7.508902 6.9870977 5.7179236
6.4931064 6.1001873 4.944238
5.5466213 5.1748424 4.260289
5.5466213 5.1748424 4.260289
6.7220426 6.262298 5.122383
9.2131405 8.692868 7.13583
9.2131405 8.692868 7.13583
6.8611064 6.4553533 5.416272
8.8304 8.411983 6.82543
10.838025 10.061276 7.974196
8.583626 7.9708934 6.3872
8.583626 7.9708934 6.3872
16.30628 14.138451 15.1843405
12.861787 12.852528 12.8368
12.861787 12.852528 12.8368
