0.12280702 0.12280702 0.12280702
0.12280702 0.12280702 0.12280702
34.655903 55.59714 119.354706
40.159733 60.67766 122.159386
188.00368 202.7853 219.67548
185.12173 200.64598 216.80629
172.94269 187.49667 205.02628
23.299969 23.399487 21.303532
10.688922 15.004137 15.038803
53.796906 46.29051 45.076305
44.26875 38.90106 35.893166
50.942234 44.263733 36.56125
36.268215 34.066765 35.15414
31.778978 28.510227 26.647552
40.17023 38.654217 42.71294
22.529419 22.774727 25.252777
31.243698 28.015781 27.949131
48.401363 39.83341 33.955566
34.676395 31.091932 25.36666
53.758217 39.188156 36.029953
55.961426 49.17471 47.989388
52.199993 61.34471 55.810196
52.16119 46.728107 60.717842
86.8467 68.50256 78.56589
57.177162 61.172832 45.995174
3.0846932 10.071286 8.325788
37.418102 32.759365 32.71861
42.926224 33.230675 32.052746
56.522522 35.636406 32.334866
55.26852 36.202137 31.373478
69.66525 57.541485 58.80648
69.59891 57.50471 58.723244
59.34092 39.96966 37.290775
59.34092 39.96966 37.290775
40.948364 29.67674 28.581514
43.421013 28.734543 27.770052
41.058567 29.279438 26.81759
49.59182 34.13782 33.2075
37.126984 30.811844 29.854248
54.549145 39.104534 35.854248
53.9471 39.74232 41.675056
51.383476 30.874588 29.195204
64.76316 50.36478 49.97265
64.76316 50.36478 49.97265
63.203594 44.936874 44.675667
51.524323 31.182602 34.78936
54.61821 36.230827 38.304565
49.825214 34.1369 39.894394
47.551636 35.535892 40.462536
64.81387 44.531986 44.095417
91.9756 50.978893 53.833946
86.65157 45.675095 48.563244
83.23485 43.71861 49.250557
108.67437 53.066612 52.51126
95.42937 59.89324 58.642956
97.28193 46.28905 46.33517
92.29958 42.007355 43.446793
101.0059 50.194324 54.070213
94.18203 43.80786 46.21627
91.759445 43.040413 44.93806
112.89565 54.780167 60.836933
95.44982 56.949627 55.30989
112.97204 56.08768 59.318893
111.722824 55.085537 58.520264
111.722824 55.085537 58.520264
124.65498 61.500652 61.680035
87.255035 44.382977 37.472496
56.730827 40.021374 36.023174
54.638626 31.880373 36.432545
54.49142 48.243126 46.73079
54.357925 47.98943 46.46859
48.681107 30.046848 31.947943
52.294415 30.139585 34.6574
75.26419 36.22244 40.60641
67.58151 33.570942 30.409906
70.099594 35.903584 36.299397
65.051216 29.57864 37.216427
65.11059 29.585075 37.224506
62.008236 33.907494 36.106068
57.880447 33.55516 39.043743
77.27913 40.81755 44.45863
62.96292 33.43741 40.12633
47.11729 29.713629 29.466406
74.1261 36.03723 37.115337
55.53053 34.61204 40.56351
71.43614 37.8585 40.598022
71.59377 37.913467 40.610817
72.30085 36.373287 34.482685
64.43262 35.614647 36.542786
59.235043 29.454416 27.957865
43.67383 24.029802 24.736498
54.26017 29.187006 31.831762
74.68272 34.83544 38.650963
58.80591 33.12181 34.65579
49.268024 27.866238 32.87256
60.067955 33.16724 33.508503
53.080788 27.328047 31.305447
52.386806 31.903011 34.677967
56.796944 28.253313 32.245842
60.756454 33.878036 44.309586
60.049797 34.60898 44.860416
59.68965 30.768213 37.263195
59.90255 30.819773 37.230408
58.454456 33.689613 31.341032
74.940094 39.86961 38.965794
0.3238336 0.45246303 0.31111622
59.857964 36.713398 33.715622
62.383667 39.50073 35.707424
64.44377 36.043976 29.047728
51.74933 30.661917 27.116985
49.75584 41.58703 35.84988
67.27465 48.0678 40.75113
65.62265 52.654217 46.08224
53.44304 37.292576 49.861908
53.235157 37.144257 49.52053
46.877193 42.83276 43.562244
38.33877 35.013447 41.00184
40.62411 42.945568 45.98759
44.293995 41.80675 42.6302
50.185703 48.825558 54.73309
50.997356 39.794643 39.88359
48.174442 43.234966 51.9132
51.84226 39.132343 43.235157
76.358765 44.868614 47.169117
69.42017 37.523827 37.60641
84.79802 54.35582 51.84421
67.755844 38.93281 39.235886
67.337204 34.33188 37.05083
80.85957 44.812725 43.09584
80.27361 44.23845 46.427258
87.978775 47.22765 50.45208
49.1492 38.543438 34.623535
59.524937 38.465332 34.99889
76.39409 40.319008 37.82709
76.72792 40.425533 37.947906
69.95871 40.801388 35.48889
72.61645 38.711216 36.644794
41.08278 24.948938 24.511837
34.284687 24.945683 25.922432
24.813337 18.559336 19.103271
32.872135 26.005592 24.437754
16.103539 23.998468 28.956753
36.28905 27.311691 27.680418
20.339922 22.665173 27.84249
25.506512 19.433043 22.84379
30.312113 28.887152 34.823257
22.713936 34.747032 46.513176
24.694399 22.569525 27.831303
24.53478 22.421091 27.630276
20.008005 23.280586 25.14625
14.413277 20.668276 20.785414
14.404849 20.658316 20.729105
24.007507 24.965372 27.959166
17.019573 27.222975 30.00655
26.233242 37.3346 36.3223
19.65575 24.339922 25.671455
19.693441 24.381636 25.683407
22.422737 21.064047 21.275684
24.269056 28.999195 29.432009
42.27304 36.305218 36.3562
40.433464 31.964222 30.46541
90.722404 66.11158 61.68555
45.83207 32.140465 33.500267
55.579597 40.76764 39.28166
71.94338 51.28725 51.094116
47.7961 33.19122 32.07458
44.80495 32.552364 31.386118
46.386234 26.011415 25.923697
54.933807 33.348312 29.839231
50.238297 35.261013 35.690685
42.61545 27.376925 29.093847
41.477592 27.651575 25.833563
42.0624 28.058569 26.171646
46.547653 31.346281 32.27281
58.6908 57.674404 60.879032
38.25224 32.604687 37.841072
107.71137 108.60852 123.10894
35.88072 30.65552 35.060905
35.930897 30.547728 34.918602
83.95522 80.008545 94.356964
88.617134 80.925385 93.29054
98.11381 98.605835 118.09848
49.60825 35.410748 45.968166
49.354824 36.06719 44.842487
49.479355 36.210106 44.93791
91.66759 84.04712 97.87351
36.945415 33.856087 32.29993
36.924885 33.83096 32.262123
33.89784 26.939402 25.382671
52.85804 35.141575 31.616602
52.835938 35.141884 31.610779
37.584923 26.588486 24.032022
48.064007 34.916878 27.78097
59.241554 39.6854 35.80671
57.631847 43.258293 39.781696
52.307247 34.132423 33.286602
58.34517 42.53547 39.5755
71.33724 50.4245 51.05152
71.51475 50.583927 51.229755
63.821728 44.173332 41.870106
78.71462 55.49766 52.555927
74.7712 51.214394 43.886425
67.1613 50.7907 40.472115
67.46258 50.771317 40.27289
71.22248 42.800354 42.974873
65.3123 43.877422 42.866314
72.56367 46.490845 45.04723
67.24994 51.170113 45.687237
73.18145 50.545776 46.439476
68.39049 44.7052 39.811077
68.23826 44.59806 39.643646
65.984604 48.96112 39.13652
65.06466 52.156517 42.246647
65.586914 52.39941 42.3978
57.513485 44.127903 43.072052
119.250786 135.21098 193.81494
82.71102 86.51414 80.578026
82.71102 86.51414 80.578026
116.982994 115.50322 149.61552
125.35126 122.53589 137.34877
120.23926 132.61047 174.88065
156.53056 133.99184 136.50989
160.37332 138.59937 136.78143
104.21987 94.54872 81.241516
104.27737 94.69819 81.495865
104.258446 94.77055 81.660995
103.776184 94.451965 81.8644
71.17525 55.39707 51.62813
70.264534 54.758255 51.75818
89.995445 67.7147 64.24929
103.62702 77.862175 68.40661
90.59867 74.151726 59.537655
79.40757 63.09565 52.510494
79.81893 63.44304 52.81334
84.91699 76.08845 65.099976
94.54796 88.702065 69.14606
94.96131 89.0914 69.44461
95.557724 112.693214 136.31824
74.771736 60.494865 45.735733
77.7332 75.448135 75.22677
72.92925 68.92416 68.75841
82.738335 66.97725 59.723396
82.13112 66.32839 58.948402
81.83747 103.36041 122.962654
48.612503 42.327972 33.316822
45.44484 30.782158 27.739218
51.174366 38.90236 32.362637
28.2604 19.774689 18.015207
28.211523 19.809278 18.012909
58.320423 42.1338 43.833065
48.666092 26.604076 23.421972
39.897686 26.135256 22.785835
47.175438 29.902973 22.619705
45.476288 27.410366 18.203709
34.609516 23.314678 18.481115
110.94952 123.74144 146.29874
92.37398 64.77162 61.103157
91.96882 68.208 66.33916
83.48142 70.039185 73.22815
65.56703 58.249752 60.913776
85.60009 82.508316 89.49873
80.895386 62.283882 59.22738
71.0195 85.27526 107.47399
93.975334 93.253654 82.40531
91.702484 90.58009 66.129585
94.84249 90.0239 91.49107
98.93197 69.744736 59.346203
96.46556 65.08887 53.869877
94.684364 62.443348 56.587757
105.44067 67.16632 59.038956
105.339424 67.146286 59.09021
65.942314 47.04413 36.62522
94.048454 66.76216 67.07914
61.170113 37.70612 22.600513
51.985023 39.097984 35.11817
46.495213 27.174059 25.036581
46.534668 27.181185 25.04091
53.83295 26.515514 22.461924
56.437485 35.421818 33.90125
56.60982 37.37616 37.231747
50.72263 28.203056 28.941776
44.568565 28.390217 24.348808
49.14012 30.549261 26.559872
29.632076 18.973377 14.987819
36.785183 27.279667 24.772964
58.603924 30.721865 20.91841
58.437756 30.67249 20.902628
58.08136 33.752125 33.998966
58.60147 31.419062 29.15368
52.338123 53.087414 26.990156
58.663715 34.083736 27.688463
62.435036 51.962116 39.0786
55.475445 64.02792 33.480156
73.96188 97.1736 121.60986
92.58553 108.090935 136.29637
106.84904 96.528496 108.109436
80.53103 56.60676 44.00812
133.87466 112.0388 114.5051
133.05331 111.04053 113.58278
118.72263 84.29863 85.59852
105.1993 93.3341 91.941124
108.72171 119.23818 136.39853
102.42634 105.20554 117.15445
102.684975 105.31992 117.09707
116.941124 99.43231 95.988434
95.30896 97.43341 102.985085
83.64349 61.37026 58.81966
88.15364 79.85122 72.49077
104.10435 59.96315 51.52394
125.75086 175.04907 207.10558
87.03107 79.51471 80.140045
86.668465 78.88964 79.43557
81.90761 47.821842 55.217842
94.130585 102.589905 133.6543
60.269707 66.3634 82.61434
97.88267 90.215775 99.26461
99.10932 121.18088 147.77048
98.95656 120.95074 147.40753
111.31721 108.97096 110.790665
131.39003 135.47733 156.5947
32.84628 20.635448 11.181721
43.528614 60.17682 17.480694
43.539185 60.16931 17.466713
42.68938 18.254194 21.272236
46.71991 38.38221 41.01161
26.65326 14.700452 16.71903
33.913544 18.663908 18.676971
35.726078 16.552479 17.012028
27.792921 15.532943 17.87026
48.87256 25.19168 31.496592
26.833525 16.317091 17.962614
25.852295 17.501072 18.435686
65.7278 44.04432 48.017735
53.515896 38.292576 41.80131
31.86145 20.940512 21.47514
57.032253 44.453114 46.16835
45.10714 32.537807 27.500229
45.27798 32.663067 27.516434
134.30931 70.884705 66.947754
78.197235 56.63223 50.85605
81.80595 81.88765 77.73991
94.80161 59.27576 56.218876
117.69769 105.53413 107.74864
91.68842 72.852905 82.756836
104.80966 97.08473 101.39362
67.14012 49.283382 41.068913
66.31097 65.45354 89.78388
82.08102 48.234276 41.47131
150.23991 68.859764 73.28178
37.055656 29.268137 27.77894
16.570711 13.670421 11.007968
50.608788 41.273155 45.078068
88.430626 73.95767 85.29093
37.565273 27.033287 21.305447
43.93124 32.74569 29.72401
31.869417 22.09561 25.97721
42.041943 24.122004 20.832222
45.246227 24.865816 28.4114
40.19716 19.785759 24.449974
54.856125 25.87137 21.034628
39.815254 20.98556 26.8947
41.074158 20.839998 26.143301
30.759748 18.442198 20.526928
30.664062 20.033978 17.04091
60.025856 30.366428 36.258217
18.075806 13.254961 22.348503
18.13407 13.298131 22.485903
32.579945 18.71857 24.232399
51.70865 28.977783 40.852486
37.39194 20.71562 31.48257
32.400063 20.382977 26.145445
23.994408 17.343063 24.84605
38.87026 20.836628 23.991879
24.927717 18.07707 22.366621
13.137018 16.30311 25.20279
13.137363 16.25427 25.093695
19.763618 19.504711 30.22604
26.153069 24.772888 20.558262
26.290432 24.86574 20.66161
9.444457 10.094422 14.962614
56.43136 46.30242 59.159466
45.9245 32.054585 43.037884
34.233932 21.859879 30.453804
40.14288 25.30154 30.557152
33.262047 22.627441 27.655481
49.661 40.22474 47.622616
50.427143 40.88428 48.324295
22.278633 15.946755 18.747835
47.253544 36.532215 39.172832
62.635334 43.044624 38.77691
62.104572 42.67739 38.522755
59.514328 35.27687 38.850533
46.984833 28.868612 30.145061
47.115257 28.951334 30.101068
49.643375 29.622616 29.2378
21.184095 17.553436 15.776718
87.06922 59.251553 58.275684
57.863136 33.19172 33.58772
38.146095 22.67609 22.219528
23.063242 18.41638 17.463762
35.703094 22.388723 21.065693
38.759174 23.650003 21.429441
30.206964 24.783766 23.843714
48.04562 33.026394 32.12568
69.450356 55.03164 49.66908
70.32196 34.51157 37.700565
47.574158 35.769783 36.740288
47.639736 35.823986 36.81824
55.145638 30.809124 33.45587
54.90029 30.745958 33.330574
54.281162 31.093847 34.40029
34.05064 21.515896 27.200758
40.371216 21.803034 28.944304
27.442924 15.381369 20.732552
33.558376 18.104229 24.334904
27.604574 19.460737 24.894583
34.191643 27.050066 31.42584
28.869608 20.861372 20.16387
43.95932 28.103003 27.377806
49.85379 28.460623 27.608635
45.44373 31.98529 32.53842
26.387842 24.275492 23.195778
26.237722 24.168926 23.081017
33.517353 25.42584 28.482609
24.8847 18.515284 19.715315
51.498775 29.581898 27.664675
36.20156 24.758446 24.691526
34.45407 27.990768 31.410633
19.663027 18.22447 21.938137
41.000767 34.339806 38.744884
32.151726 31.787598 40.634872
47.64418 43.44166 53.904312
52.90864 52.05562 69.40492
39.059486 38.43829 45.86708
24.90213 25.018003 30.740711
49.63131 27.090324 28.13836
31.68172 25.676626 29.04723
46.775185 29.210487 32.961693
53.6505 33.611202 33.018005
46.872673 26.045929 27.463993
101.37447 61.900944 66.75768
92.54485 60.126484 69.137054
17.28051 16.767218 18.123304
47.18693 26.541945 28.300505
46.53708 33.58075 36.795296
24.076189 17.658201 16.986822
83.913315 38.98579 49.8038
61.257336 41.361103 54.46882
61.64617 41.636444 54.76829
60.776604 31.769976 34.342525
61.17299 31.932812 34.514248
91.16448 62.473034 77.4209
36.53455 27.840534 33.845207
47.440704 38.501724 46.734814
30.694208 26.589405 33.28752
26.900713 26.387728 33.244236
129.40451 111.900635 150.99858
68.59389 41.351147 50.465027
107.15801 72.66399 89.977325
103.97054 65.02103 72.989235
104.17728 65.32123 73.35616
112.52834 84.98671 102.67341
95.206696 58.990578 66.20574
95.15326 58.922813 66.26806
65.442276 31.061672 34.020035
119.30009 95.40255 109.11882
83.58665 66.83724 67.542786
85.034325 80.771736 92.95312
6.9603157 8.214204 10.312036
14.0650425 17.313337 16.05945
9.976672 12.145676 12.818585
5.3606453 6.121466 8.859688
3.2602468 2.827779 7.8479276
3.8107715 3.995595 8.057726
11.00881 12.477094 15.163755
11.009423 12.475791 15.16253
14.577951 18.594845 17.662338
10.545315 13.5434 13.385658
10.544703 13.5434 13.383973
12.116678 14.442925 15.827435
17.243622 18.548954 21.711025
19.075691 20.059336 23.708803
19.076189 20.05899 23.709415
11.519996 13.927718 15.074389
14.646825 15.513407 19.069563
12.593121 15.404735 16.045813
12.800697 16.047806 15.82368
3.4025512 2.9616563 8.020723
7.3130317 9.057228 10.689075
15.704015 20.250593 19.464222
24.784916 26.199112 29.071018
17.032866 20.896345 20.159657
17.032866 20.896345 20.159657
16.542059 20.735617 19.60239
15.266376 16.36846 19.731747
14.896767 14.658469 19.928944
21.143951 20.713667 26.746113
