0.0 0.0 0.0
0.0 0.0 0.0
179.18933 210.51486 211.4516
226.09152 240.27864 232.11594
24.892908 36.123863 55.98632
31.234474 43.59142 64.57356
46.54342 56.9006 67.9954
5.753237 19.380754 50.354706
9.816503 23.12916 53.872772
9.406183 20.229334 50.13225
53.670918 63.729855 82.23656
42.10037 59.203285 80.98574
119.76468 102.34091 55.593082
108.94191 104.27768 81.094765
115.851555 127.02025 99.594475
90.92591 84.59644 62.587208
120.477295 116.75254 95.20935
149.82799 122.910645 88.85472
121.04769 110.164635 105.61639
138.0705 122.8943 91.348366
147.63737 142.30965 125.7348
88.0749 103.63826 86.696655
90.983345 70.620255 43.659904
99.339516 71.94311 53.638878
94.26234 86.573875 73.43965
94.26234 86.573875 73.43965
129.77724 113.851746 106.96282
147.84406 121.813065 101.85434
127.884254 122.02195 106.7845
151.7963 137.95497 124.960075
151.7963 137.95497 124.960075
151.09518 116.33287 87.21256
147.4128 128.89143 102.06543
147.02524 128.43645 101.75629
161.17627 132.53789 106.12796
90.085335 88.03938 94.76154
43.49144 52.59629 87.46214
43.496967 52.760696 87.83973
42.82535 40.69337 35.75996
69.01202 62.318996 59.083633
78.00688 67.77933 67.12541
71.4262 65.42068 60.35463
89.72642 52.70717 64.37098
53.356327 43.208195 57.498665
53.356327 43.208195 57.498665
62.069412 42.50234 70.14052
127.238144 78.9515 94.95725
31.506395 37.56661 54.219593
72.342606 119.41859 173.07788
44.869217 51.974453 51.28541
44.904503 52.025623 51.348366
22.844252 30.957682 42.380173
55.191032 51.887962 48.839073
92.73082 83.86536 69.02717
103.76259 97.094765 90.9704
110.247345 102.45662 98.01001
176.16815 178.62021 172.85658
124.10033 120.39946 101.83459
77.360886 72.99973 46.339516
94.67254 97.60078 79.109215
119.50489 101.96081 75.02412
130.39127 123.05503 106.902336
161.16838 199.0792 209.38385
47.2177 62.79652 61.913662
44.330627 58.17801 52.60707
44.406723 58.224888 52.6834
60.38002 52.621643 44.98458
66.5537 69.280075 57.710533
71.39192 102.7784 96.89654
21.596174 29.291014 25.419014
65.99042 65.891785 43.908676
43.051247 60.062763 51.519306
53.529354 78.18037 65.44688
42.067593 60.89994 52.64487
43.790916 49.810474 44.60854
130.4871 163.36626 164.96881
102.66655 128.93144 120.84402
75.26933 76.106705 51.84479
183.65851 171.98563 155.04047
204.97249 176.93848 147.43015
204.86995 176.75908 147.25801
154.46849 141.9117 128.42621
125.885216 122.24483 127.38326
151.43053 144.46497 149.59041
83.02814 75.246185 59.060562
196.34477 153.32947 106.423805
177.25163 158.17213 127.03799
177.16316 158.06265 126.75787
111.94048 140.82898 160.51884
83.49921 123.70446 167.37059
105.27544 142.3239 178.54056
176.96646 161.17422 140.36542
122.18276 150.39026 171.37666
177.61514 189.8182 192.50198
115.55714 134.93793 151.80515
116.384 135.5958 152.22037
193.79617 162.56981 123.11076
146.80545 144.03815 139.54411
191.79332 162.9289 128.2977
173.8916 157.84955 139.48892
115.06365 123.18091 125.76193
144.08318 122.30118 103.33426
168.57762 185.57658 187.42632
182.74461 171.83899 161.61264
169.4963 190.31416 204.1592
168.70737 162.30338 154.26184
168.69368 162.30667 154.25728
234.00963 195.21716 143.2208
114.77353 123.776115 132.51877
159.56406 177.95595 183.99919
159.54416 177.93333 183.92436
108.83057 103.60947 89.0427
129.29163 127.01669 128.25562
150.18137 154.56854 148.49792
150.27803 154.47162 148.20572
154.49944 165.3508 160.05905
135.2483 148.74055 146.8729
174.45549 125.09952 88.67227
172.5064 168.81813 164.04309
126.769005 134.49449 130.00414
112.766685 103.086296 103.17855
149.53229 140.66133 126.96402
162.85313 121.26083 88.06226
161.89554 120.38914 87.44758
126.69484 132.21237 137.99284
206.70404 187.44673 144.513
207.03528 187.8078 144.72441
153.06195 128.34555 104.46957
137.89932 134.38033 128.84113
163.02605 129.51176 101.64761
164.07002 121.321815 50.037064
164.16003 121.45329 50.04452
145.11649 117.94056 94.52332
167.61496 136.02087 111.332214
136.15018 163.54903 169.70598
136.1151 163.30988 169.34477
133.90775 146.60649 157.96896
133.72243 146.67467 158.14326
130.8254 157.72552 182.51405
158.6749 133.36638 110.48753
166.13885 134.36877 102.41917
149.91435 121.87189 99.47471
150.01727 121.76143 99.20688
211.79239 199.28711 164.0494
150.62999 167.31154 189.41124
228.50415 190.28777 135.1035
139.50694 153.62636 161.85464
140.42845 154.67664 162.89821
114.96464 139.08797 170.86288
112.255844 134.18741 163.34048
112.76923 134.96828 164.43597
170.00626 133.07912 116.05809
217.21542 164.728 120.09271
217.36703 165.08174 120.39907
144.9142 93.80317 61.407265
148.61746 152.15274 150.2649
146.45604 142.00467 137.51572
133.21005 133.01442 133.49867
126.051056 119.912384 121.27362
163.48254 164.14929 180.74562
119.08545 118.51374 128.59084
171.73256 156.43088 145.9236
128.1443 111.49449 113.02949
156.35574 133.77167 131.95277
121.97453 114.29372 114.36313
180.38882 157.55417 147.98152
180.30602 157.5455 148.07993
214.2245 159.81561 107.02732
214.26036 159.88255 107.091286
181.95587 153.46678 124.82643
102.937355 65.85449 46.0931
103.46296 66.10396 46.385548
80.2725 61.43285 57.852985
81.435745 46.998646 40.57685
81.44356 47.01507 40.394203
152.20982 115.56 80.99695
154.93399 117.39695 78.49225
198.86917 156.02203 105.450554
133.67172 87.15954 54.484173
162.09062 122.11892 83.32769
156.06725 95.401085 73.38272
107.24321 75.39278 62.479496
105.00966 88.32788 85.69654
178.77786 125.934494 74.07351
178.21608 125.50048 73.9501
152.03296 106.9675 71.898125
129.48463 84.702644 60.329506
129.2512 84.51285 60.592968
45.808037 32.1617 30.337315
135.2841 94.38253 74.93298
135.09975 94.14098 74.69082
199.69202 162.89738 133.54492
109.87784 85.085526 62.329895
109.31057 85.105736 62.71772
112.54957 82.70984 66.60135
154.4713 105.676674 81.8131
125.3205 88.74717 52.469486
136.60936 84.40274 52.783615
115.681465 85.03014 63.23629
135.92993 104.55915 80.578514
137.04263 80.756485 46.34887
152.54845 101.95957 72.03911
153.1707 102.64243 72.43795
145.25804 92.597755 54.064735
145.29909 92.776924 54.24062
151.94894 94.19312 49.81461
101.815186 70.3704 42.926376
50.71772 38.81082 21.532598
111.5314 88.795555 64.88417
126.089584 93.80263 64.55872
134.23714 103.61959 70.9726
134.1661 103.56785 70.921776
121.022064 80.81963 49.918453
75.32688 55.219208 31.777237
75.36228 80.04796 56.04004
75.72472 80.30211 56.493256
137.78546 105.76379 63.64661
141.81395 119.751076 81.166725
131.17697 106.27923 69.49477
127.38597 97.74968 67.3554
97.25472 78.2039 56.22284
134.65855 99.29824 60.649506
141.22902 101.17198 59.574375
140.99806 100.928696 59.45565
103.5571 73.26531 39.16769
103.3457 73.20209 39.18493
117.80611 86.39946 47.064346
103.75563 70.74079 40.14597
181.3607 145.99606 100.82246
166.73183 125.27076 82.34647
103.528694 74.85793 49.138203
140.88387 98.345 65.76294
110.43385 87.161 57.42056
111.47103 88.18891 58.301296
142.6218 103.56897 61.348907
157.12479 122.30013 77.829796
118.34736 86.31695 51.38199
113.101295 93.14458 62.944504
137.30139 106.61697 71.87884
131.15277 99.9501 52.865196
131.30779 99.90381 52.88394
96.06036 77.1227 89.05434
161.96281 126.00726 86.22856
197.10191 159.68433 102.78976
137.08958 97.14771 41.682163
161.20734 119.547516 81.76974
162.86133 121.21994 83.09175
153.28912 112.01229 64.74481
113.867325 87.494225 58.60591
98.40773 73.01635 48.79169
171.44978 140.08109 98.69345
217.2826 186.54941 132.72935
217.64575 186.84653 132.81743
139.911 94.573105 74.4691
140.2301 94.88587 74.63188
147.39339 114.07007 85.57859
127.72947 98.46543 76.72765
179.55064 122.5285 67.59656
179.67351 122.679924 67.600075
124.5738 103.2921 55.29171
87.14481 70.12653 69.28479
140.02667 91.0298 70.47977
64.929085 51.712696 47.45677
64.82033 51.674473 47.443516
139.64716 85.58497 71.87679
198.97375 154.06548 81.513084
229.10574 154.1295 77.75946
109.510956 74.825775 48.825314
180.52278 126.97422 73.59451
237.79347 176.4773 93.16046
237.64708 176.2793 92.944115
193.36375 130.11119 88.438065
75.117645 57.69465 71.61144
142.91425 80.63811 37.53078
153.12279 98.49743 62.670143
119.79455 77.053604 54.602783
119.45167 77.01411 54.726803
116.95177 75.2211 57.09878
144.81952 104.088776 79.60004
123.567535 86.62435 69.494064
164.546 167.35378 161.88893
200.31679 204.7939 203.34137
200.30222 204.75467 203.3042
93.36962 74.96131 62.490784
93.34385 74.90299 62.470917
122.01998 80.89376 46.532444
161.64757 111.14396 94.02616
82.4407 60.16831 51.405525
83.08483 60.557293 51.706627
93.69681 64.61356 40.850086
102.49071 120.43521 122.949524
101.15973 107.27772 119.76386
71.01569 67.09778 70.64417
70.77801 66.807655 70.328964
120.31521 112.407845 115.178474
95.68043 99.3719 89.52901
61.442356 56.900986 38.74369
72.947205 50.264694 30.527807
113.37109 73.654686 41.901836
153.68604 107.060326 57.07996
116.49221 78.89573 51.100407
116.3966 78.9697 51.18485
115.65368 78.203285 44.72966
74.52514 45.218124 26.032232
139.3122 84.973526 42.545506
110.93225 77.803825 59.640118
143.88399 118.876175 87.11583
143.7053 118.697044 87.001045
66.150764 56.249546 53.10087
63.272194 49.071846 19.516405
70.85975 48.56313 26.44054
153.45639 114.64112 45.48665
152.54744 114.05503 45.40093
88.78021 74.51277 52.49457
80.7178 61.558067 43.246918
72.42964 54.239574 39.45863
106.50362 77.69766 51.69399
106.88232 77.88471 51.978897
92.00885 77.6531 58.2126
91.99416 77.75753 58.107132
139.39119 99.79366 70.01117
96.091324 94.30848 68.23919
104.91629 78.289 45.348095
105.534225 91.284904 70.09875
105.00232 91.20665 70.11355
138.42052 92.94002 57.73144
175.38976 114.46837 68.64514
69.28533 65.894264 58.37233
121.475365 89.69882 59.970085
121.855965 84.86941 50.082127
134.38857 86.97248 45.573566
95.71973 62.512234 24.283323
95.085335 62.0526 24.237526
28.932405 47.447613 72.64638
59.70466 70.94956 80.32726
59.68348 70.77399 80.031845
53.281624 56.538124 63.13256
53.189487 71.200195 95.24568
51.35463 59.182686 79.66794
59.30694 59.484833 71.512
43.455845 47.168427 54.98663
39.560425 40.821487 46.221798
34.711113 49.238068 59.99625
12.474203 27.604406 44.273273
12.527575 27.706358 44.45952
19.742455 28.565836 54.9571
23.387556 22.842165 23.16371
23.978666 23.50002 24.09372
59.439728 39.2531 40.466667
79.951485 49.15002 36.42051
58.719963 40.075287 35.511963
75.49928 42.102108 24.405449
71.69882 55.58647 54.045643
125.296234 82.230804 63.98489
125.45573 82.432655 64.14458
48.45743 30.303885 27.973333
76.25298 54.206684 50.4005
65.78358 34.932945 28.661024
69.24611 46.103767 46.362396
100.10404 107.156944 112.25975
67.98385 63.473663 69.174416
76.92649 81.96545 89.51447
91.16773 95.87996 100.22574
91.05708 95.7801 100.154434
111.49828 95.00715 56.69028
90.172714 90.126686 88.3641
90.15177 89.94497 87.95053
124.058624 111.25766 84.356674
125.53716 112.352 84.352425
99.10783 95.57951 89.5857
103.57882 112.795944 125.20487
52.046455 66.9278 76.26609
121.5983 119.72008 123.36282
48.38338 36.816154 24.678068
58.664 43.34199 42.483673
120.43409 48.497158 46.64576
120.86304 48.57051 46.711422
78.35254 53.756752 59.62659
102.16166 89.67652 90.982414
98.74887 92.9661 92.36947
64.57291 64.513275 60.44777
76.077255 79.37353 98.52974
80.31729 59.50342 59.726765
110.643555 100.22427 96.6492
66.91664 59.42284 61.386127
83.56464 102.91405 107.276054
119.91846 125.35985 124.042435
125.89893 79.65897 61.090202
125.789566 79.504 60.942375
50.159847 37.09488 32.068832
126.85515 74.59223 70.39625
126.56866 74.74709 70.38504
71.976074 41.81546 37.129467
119.38601 125.68947 126.006645
62.40294 38.180485 33.130165
87.21654 52.18288 41.231728
46.064655 27.386473 27.756676
45.986126 27.134068 27.297005
64.26245 38.359226 39.60259
42.114433 36.583538 57.186626
42.118416 36.385506 56.727074
68.49511 58.605373 64.16506
52.064346 42.722435 45.8594
46.844868 30.492676 34.491673
34.937004 12.998648 11.177353
54.220562 42.590687 43.46659
76.694496 54.116714 58.184155
52.40085 38.104156 40.24209
53.032078 38.479847 40.723286
83.21816 67.05855 55.967575
53.24746 47.69175 46.628986
104.788055 96.27934 87.57824
120.098976 95.26643 73.32522
106.78547 84.01766 66.33511
126.83938 106.81805 94.6686
122.52441 116.119385 116.75509
83.37059 86.19938 89.88777
107.42616 88.97781 92.16483
115.281395 112.17971 102.876366
166.4948 114.03753 41.26976
30.155285 28.323479 5.037604
30.155285 28.323479 5.037604
33.94806 54.143265 75.86141
32.53206 55.03088 77.93407
32.79865 55.375767 78.450516
30.284407 51.170513 72.38257
30.49256 51.45488 72.83475
27.170551 45.477448 60.17349
9.097159 17.185081 18.485102
9.097159 17.185081 18.485102
6.6852174 12.771479 14.689894
7.4207535 14.195053 16.037487
6.808232 12.878492 14.698667
7.0437875 13.315516 14.933333
6.5292754 12.781643 15.043092
7.015691 13.979555 16.883091
7.015691 13.979555 16.883091
8.25573 16.585623 20.866049
6.8103576 13.611633 17.071383
7.0091596 14.150377 17.971209
12.456927 13.510106 15.920425
