0.0 0.0 0.0
0.0 0.0 0.0
239.18314 247.8207 241.78163
196.86272 204.39764 212.08505
194.87715 201.75555 208.2594
176.48639 186.94295 189.03185
195.2759 218.14774 228.22696
172.66083 187.97237 194.34442
185.81392 187.0834 194.92105
87.51364 97.71028 105.792755
87.256386 97.533844 105.64788
113.95269 124.63248 129.42354
113.95269 124.63248 129.42354
99.5681 102.2367 97.84245
99.355156 102.194885 97.89729
89.73387 93.39049 82.324974
76.831055 85.58934 72.12719
101.621284 105.87474 110.83955
113.73681 130.99803 122.112686
113.78957 131.23483 121.90347
98.63569 96.868355 96.29237
103.08927 100.79296 93.604675
103.08927 100.79296 93.604675
92.68044 102.26647 99.7922
66.14236 75.06859 70.09843
127.03611 119.01752 122.59208
82.01036 107.03671 80.25812
82.109474 107.15565 80.04065
91.80581 105.75138 95.2317
91.775795 107.501656 107.504486
91.472755 107.12274 107.16739
74.99558 80.192116 91.0651
98.04783 94.24779 89.59956
117.6197 115.763985 119.83067
112.55387 115.51813 115.61687
127.17789 130.33188 134.94992
122.14847 133.5696 140.06403
109.767334 119.39498 90.83226
73.211006 125.01098 109.34777
116.394356 112.66753 94.64356
71.915146 79.42772 78.71961
72.00822 79.43376 78.82373
96.29151 97.21363 85.67965
115.60495 93.90033 89.87281
108.87388 101.37153 98.51333
108.6285 100.797554 98.13144
111.09908 90.42962 86.47251
136.65337 115.85523 112.1886
108.85022 124.291374 104.07874
108.85022 124.291374 104.07874
65.22332 110.14104 101.820045
113.63379 112.80622 102.21139
106.863106 110.25615 82.66546
101.08751 85.67098 94.29549
99.06268 117.46056 116.60146
125.96602 96.51986 108.178825
76.58845 114.95718 126.71156
119.74679 143.81181 109.61069
97.33551 127.286194 124.449684
112.055565 128.79456 110.933174
105.36314 148.2933 164.64774
82.45576 139.2152 162.7327
95.80522 103.21308 100.83444
127.61134 154.1933 167.66438
98.497856 141.71077 119.4446
97.34124 134.76875 95.74606
96.91964 113.58275 67.12868
93.92879 122.77911 132.4654
99.52939 98.05325 67.10143
100.01782 98.39094 67.5614
85.44955 111.09058 93.296036
96.94858 117.93815 98.19233
90.90879 115.94084 86.74865
87.64494 131.08061 130.11703
88.0192 131.69516 131.08018
122.679214 109.02084 83.64466
110.4291 105.35737 83.436386
131.71646 94.4807 108.511986
91.41573 95.536674 105.2164
90.67288 95.208244 104.629715
157.28387 127.15009 118.0509
78.808914 82.0804 87.41525
100.30774 95.44785 107.11673
85.3553 91.74631 88.52545
111.379745 133.50995 118.08078
89.195816 127.739914 89.07366
74.53022 109.43473 120.9225
79.43846 116.302216 110.80477
79.52749 116.57943 111.42316
114.22607 148.76263 108.11945
109.18867 97.39094 88.79307
114.50083 128.10968 130.54808
114.61942 100.91774 93.24516
115.02535 100.95365 93.65917
120.67941 106.64494 99.88893
59.1983 81.54289 52.541546
59.32722 81.5565 52.51613
71.23056 81.11707 59.852913
71.12505 80.99544 59.920017
75.88942 119.20846 158.14108
102.68934 108.72497 89.932846
100.38272 139.17036 137.53368
127.397606 129.3746 137.42944
109.524345 108.43856 115.116035
86.45227 117.23916 139.05145
92.862686 113.19844 125.26067
88.96312 84.55111 84.03498
88.59956 84.036156 83.24751
83.39325 131.01385 156.99191
112.615036 115.01575 98.26143
108.71146 114.588 77.10999
110.53816 122.159935 103.675026
95.54949 107.62933 107.33665
72.22589 104.24423 110.45811
102.12288 103.73111 98.00093
96.36348 99.252625 82.33979
78.21073 91.35775 86.65924
127.70269 163.52652 194.29459
101.59314 112.05063 74.34791
103.60167 115.60626 80.83364
104.36977 118.88189 108.90057
127.036575 146.44798 86.355194
126.91245 146.40555 86.246025
90.375435 149.83565 159.64153
66.32757 143.61276 202.49153
62.540012 136.88869 199.53828
62.556465 137.00249 199.66235
117.16953 137.89713 147.6217
117.39732 137.8164 147.0792
87.53067 126.27031 106.025696
87.20966 125.56199 105.48722
96.66052 122.03046 109.61918
96.66052 122.03046 109.61918
91.13956 107.57239 113.87989
91.293755 107.77901 114.15838
41.74458 60.92658 38.05049
56.704346 59.61148 45.56427
96.019516 134.30653 139.64308
96.78174 115.187836 124.04213
130.80943 117.082985 63.996616
85.64449 108.64214 124.13852
100.1927 116.85164 124.57294
103.88748 124.57042 108.18114
103.85837 124.56852 108.19132
81.17001 104.91135 102.732666
81.0517 104.79569 102.362236
115.44875 119.3734 124.45089
115.44875 119.3734 124.45089
110.10875 138.97693 123.907616
97.09076 101.81869 70.3038
134.81044 106.72797 52.570797
133.89204 106.57598 52.67088
89.23384 88.38983 79.49803
91.90734 88.94157 77.16349
91.87512 88.953064 77.0279
93.67575 94.82169 69.0814
124.972374 126.99258 57.91753
92.14187 90.38006 70.708595
92.14187 90.38006 70.708595
123.225235 120.64381 63.006874
129.10889 127.581985 65.01616
78.33962 78.02556 66.20928
78.33962 78.02556 66.20928
87.798004 86.436905 68.255875
98.25991 93.05816 67.154686
50.873013 64.042305 63.37298
77.10834 78.463776 50.79493
76.93659 78.21315 50.536606
83.45921 116.50383 111.93459
98.397255 100.098976 83.27031
94.356575 126.63607 131.0719
94.26785 126.63178 131.05888
119.892456 127.95168 117.63738
122.18107 137.9778 133.49721
107.42233 116.58786 111.51312
107.671364 116.82422 111.69146
104.19032 107.83741 98.265854
104.19032 107.83741 98.265854
103.85499 107.363655 97.72786
58.496685 46.145878 81.65914
82.35509 85.59549 91.16401
82.227585 93.023346 95.32884
97.825905 90.30626 79.35775
77.53032 80.12951 72.715744
72.28536 80.985634 74.47545
42.479347 58.13949 56.99931
42.479347 58.13949 56.99931
75.23598 89.66252 86.201096
65.83931 50.39691 74.81289
65.75159 50.291893 74.85764
66.85209 69.022934 73.309296
66.88638 69.05909 73.32
81.17306 90.61676 88.52113
74.29607 72.4079 64.67865
94.63327 96.02552 95.91318
94.63327 96.02552 95.91318
123.09943 131.46758 99.80864
122.83779 131.17226 99.57183
81.20897 106.025276 95.67996
82.2078 96.94039 96.6158
82.2078 96.94039 96.6158
58.826633 62.70186 57.19564
56.638832 57.535538 64.47034
90.664665 72.64467 56.864483
63.946712 76.745514 119.32957
56.50183 92.52359 128.70572
61.847736 89.275764 128.41249
62.246994 89.746994 128.6991
75.07 103.96695 150.27187
48.92882 73.62098 92.8496
53.483974 74.3342 118.9167
51.28747 76.72462 99.16352
51.28747 76.72462 99.16352
75.212494 103.72289 74.61842
106.48204 112.38193 116.298485
106.460976 112.36987 116.27873
100.15675 105.351395 108.27973
59.819035 74.73953 94.3534
99.431244 107.29942 115.314064
100.51143 112.76012 108.11666
106.19167 113.33613 111.66435
110.27984 113.364 92.78316
84.69392 91.86476 85.96629
100.437004 106.26792 104.23363
154.84117 162.5529 158.15599
154.70894 162.39366 158.08351
145.33136 151.39912 150.46257
73.20269 89.937874 101.66345
74.609856 66.81579 76.04407
71.124084 78.4023 87.8649
90.26229 98.19181 103.661
90.26229 98.19181 103.661
82.12537 88.49803 90.122154
81.822556 88.033844 89.80878
76.746925 86.22728 80.03599
93.399574 115.969986 108.35388
74.28008 89.41919 92.33558
92.7269 112.65765 98.098595
92.7269 112.65765 98.098595
85.41525 100.805046 81.17351
64.227135 75.40506 72.81893
82.8401 94.11535 71.35271
94.34549 109.00808 103.58644
106.17451 128.7468 122.53101
94.06192 120.55125 120.64024
94.06192 120.55125 120.64024
101.52963 123.56762 123.25391
95.014915 123.29541 121.228966
87.77825 102.93342 105.12623
86.957245 101.94046 104.188354
107.4167 129.21027 120.92865
94.14902 108.43621 88.07135
85.93297 98.70559 93.876434
91.11987 116.53871 88.97997
76.45217 90.502625 64.32214
83.53436 111.523964 77.557846
83.53436 111.523964 77.557846
110.85381 148.5012 154.13081
111.34656 149.11952 154.97687
82.16874 105.99996 101.99651
107.364204 144.45497 136.3688
107.48249 144.69885 136.44098
76.30802 76.98156 77.73242
76.3132 77.12101 77.93435
96.01012 106.74959 110.237015
99.67989 102.60281 103.60944
152.5297 136.17479 116.95604
87.0719 84.701515 57.446194
114.83924 111.97593 100.378746
114.83924 111.97593 100.378746
150.29092 135.7891 118.735565
69.42689 66.80733 56.4253
68.78671 66.162 55.897533
103.6782 97.558365 83.47362
103.6485 97.442154 83.00514
104.37617 99.74415 70.818344
113.30101 100.90703 87.25663
103.63241 102.98443 73.01405
133.03064 125.59974 122.60384
109.97258 99.220406 59.706177
109.97258 99.220406 59.706177
90.0604 72.34079 38.487015
75.504906 71.83689 51.011257
93.18307 88.70638 65.93207
124.860306 103.666595 74.377335
119.32394 115.00677 79.93435
107.694984 112.39802 65.89146
105.57784 92.577255 74.34884
110.640175 104.540855 96.8362
113.239845 111.0958 101.40123
112.65786 112.387276 62.97952
99.07684 91.08036 55.925026
78.45883 79.634995 57.770893
78.87698 80.07556 57.856575
83.04237 85.07511 48.88614
75.497925 89.53253 45.05522
84.750175 79.057014 59.133373
102.790306 86.826805 52.4033
71.89667 79.318245 45.81983
109.10789 99.24841 57.092037
99.57522 87.86181 51.498917
70.25238 69.52946 57.069622
69.85917 69.2586 57.00853
103.78871 87.23056 84.32294
119.1965 85.90838 84.616455
117.30208 75.704895 73.3304
101.54424 72.74917 75.883965
101.55201 72.8237 75.88655
77.10268 71.69091 52.2022
77.39895 75.565445 76.663284
77.20096 75.40942 76.92827
83.38434 81.68397 71.00373
71.86566 66.81527 67.30726
85.24665 83.15085 83.56658
85.24665 83.15085 83.56658
65.3899 66.02411 73.122086
52.636482 58.990124 53.11186
51.951893 65.14419 61.656204
33.157272 48.40389 64.48238
55.70041 68.18569 78.15068
43.387486 64.92143 41.79531
58.549625 60.10751 59.720024
58.549625 60.10751 59.720024
53.53875 64.97883 66.85827
51.601463 70.034256 70.82052
36.859917 46.4057 29.890142
23.125502 43.297417 39.903957
46.045864 49.056225 41.914352
46.12215 49.164078 41.98363
51.46512 65.75953 68.43887
46.05657 58.403507 63.390076
46.05657 58.403507 63.390076
34.775764 43.42454 49.655304
34.75822 43.432278 49.64553
37.58316 48.725792 52.798004
37.58316 48.725792 52.798004
34.34342 45.645046 49.444122
34.1552 45.486256 49.16332
40.93338 49.73273 45.194294
66.93863 45.47517 35.382442
66.93863 45.47517 35.382442
66.68635 49.814617 56.07971
38.360237 42.409622 45.783913
38.192223 42.361378 45.75
42.77172 47.209835 47.906998
53.157722 47.179928 47.215916
27.554462 38.806225 39.18756
71.98428 70.053215 58.837376
45.499516 54.463326 58.50542
31.868387 54.601982 44.409725
31.867247 54.66867 44.429237
82.10931 75.59487 56.15648
62.447853 48.82235 43.458763
64.66073 60.899883 42.553875
89.922226 57.098286 51.06648
43.84186 31.36103 23.680689
63.111824 40.735874 38.468918
48.836647 42.44288 49.007942
48.836647 42.44288 49.007942
45.286713 36.04669 29.62526
34.03716 50.926476 56.50684
65.5611 69.75007 64.32045
65.5611 69.75007 64.32045
78.10868 77.714775 69.07515
57.996788 38.66373 44.954
42.541996 58.093937 56.72289
42.541996 58.093937 56.72289
51.82107 76.26651 112.03533
62.141594 44.444225 35.5354
62.127644 44.422226 35.573906
51.839134 49.342278 60.199993
48.504387 66.38003 36.0096
49.595627 58.37115 64.04597
36.008392 30.919256 41.223545
62.208004 54.5977 57.28457
68.3045 52.379093 62.245613
68.37529 52.482906 62.37291
61.35509 48.01095 57.329777
95.43532 80.597145 83.72034
51.106438 58.20141 74.555016
54.117107 50.872116 57.85758
59.975273 48.202377 49.960663
54.844246 48.818035 50.76699
57.1494 45.13061 49.845802
57.105713 45.119595 49.758358
80.91505 70.05422 67.62115
70.39419 61.58309 60.30961
59.004833 55.904095 54.438354
58.71902 54.20545 62.108856
58.97876 54.577427 62.639004
66.10288 56.965187 64.069725
33.224926 34.538162 37.17409
46.010223 49.28737 61.37353
45.661243 49.15762 61.444466
58.065857 59.743958 74.67302
59.746822 55.784534 66.1139
93.4483 84.77497 79.196815
93.4483 84.77497 79.196815
72.534676 67.24427 71.56393
68.99624 65.11673 77.57691
51.03008 57.59618 74.38044
57.05177 52.428787 56.223167
57.274933 52.70348 56.528595
100.89553 97.77065 81.161316
99.98995 96.875465 80.460045
77.56285 76.546555 80.20794
77.56285 76.546555 80.20794
98.62961 102.72959 106.85488
87.95369 116.63956 98.7069
96.96001 118.25249 91.647675
106.73035 127.61956 102.45728
103.65313 102.644424 95.0929
107.074455 147.8217 187.48895
107.073906 147.81386 187.47614
91.41315 104.10761 109.16587
112.64477 137.16176 165.9412
105.7327 161.7308 207.72264
87.90503 138.15106 189.75076
88.279144 138.38428 189.90771
98.55104 99.23788 107.68145
120.42568 135.38718 158.95244
44.000484 52.901573 96.17316
44.000484 52.901573 96.17316
52.95362 63.057156 107.63134
52.876987 62.952377 107.479004
9.43466 9.417703 9.418463
9.43466 9.417703 9.418463
9.898397 9.88296 9.884134
16.659346 16.6379 16.639557
13.288093 13.270168 13.2715845
13.288093 13.270168 13.2715845
10.0498 10.034018 10.035088
8.441187 8.428547 8.428926
11.464463 11.448163 11.449267
11.464463 11.448163 11.449267
17.468746 17.448647 17.450684
19.293514 19.264505 19.266577
