0.0 0.0 0.0
0.0 0.0 0.0
3.8239238 7.804234 3.588389
1.7969822 3.8460698 1.3139036
7.636112 15.700679 7.2438397
129.34389 168.6335 172.03642
145.3651 202.19131 228.2773
146.08165 207.82806 234.09853
117.694984 134.58629 127.13097
114.89672 117.02507 105.912544
95.62099 101.17499 92.98062
95.24318 100.88681 92.711716
20.551428 24.373674 24.605038
46.46877 60.050686 64.45996
28.485027 27.679352 22.886034
28.485027 27.679352 22.886034
52.816517 71.60348 70.252495
59.678688 83.05505 94.85613
10.04784 15.321779 25.250664
69.22146 75.10843 71.519806
13.547996 18.665237 25.029554
13.555482 18.64734 24.979414
153.42818 168.94748 112.012436
152.17537 167.65054 111.268166
126.0439 147.45422 99.43898
126.0439 147.45422 99.43898
35.90155 41.71187 39.477894
35.90155 41.71187 39.477894
82.13186 76.508385 67.287155
112.573456 123.456955 126.22368
112.23928 122.94982 125.85819
41.211674 46.416912 47.088505
41.39703 46.626015 47.267387
41.363537 53.367905 44.75823
37.081177 45.089714 40.739513
36.922684 44.89278 40.597122
40.059147 66.66539 38.36147
125.26739 132.95543 104.957466
36.295853 46.345135 39.425648
34.399406 40.89777 34.23121
34.090847 40.62036 33.80096
68.77254 78.29059 82.90912
29.390205 43.849266 25.412508
34.25312 42.410793 33.662506
34.245167 42.380577 33.665314
45.818817 67.790436 47.91886
31.56051 39.18025 29.913677
31.56051 39.18025 29.913677
29.330357 62.4198 56.83539
44.502964 77.60289 52.098564
45.414806 44.66785 40.62808
42.051426 32.992435 28.991655
42.051426 32.992435 28.991655
45.59252 35.757057 31.815464
44.40748 34.468536 30.033531
42.593224 34.407986 29.831331
45.4954 34.37383 29.933289
36.7569 34.49914 46.282322
37.0487 34.823143 46.775227
64.56546 64.88428 78.76361
46.67366 48.04324 60.897537
36.325912 36.444206 48.61459
39.169212 39.208904 54.039455
64.44432 66.788284 82.69857
64.520004 66.86915 82.76681
55.94643 58.308132 78.46826
41.827938 42.76934 57.300724
49.42249 50.338974 65.403076
34.6388 34.073143 27.637165
33.08718 32.022614 26.779476
49.331955 47.39789 31.423151
49.46838 47.47602 31.452667
38.353127 34.511307 30.174166
36.488342 35.948612 29.550219
38.58032 31.50351 27.26006
40.016415 40.437073 30.42896
39.29359 37.511734 31.357065
39.09876 37.3325 31.260918
50.835503 48.88697 31.116852
50.835503 48.88697 31.116852
154.24574 117.17385 72.94401
144.91895 118.212105 84.89867
146.38354 114.488266 87.55973
142.84299 117.29885 73.892235
128.8601 100.19779 58.143246
129.0081 100.120674 58.242786
128.96974 93.236084 97.002144
102.060745 76.446976 83.64645
101.606834 76.15611 83.10819
114.12945 72.55419 45.20364
68.53626 43.805912 45.236706
68.225746 43.316982 45.02546
81.70317 56.95434 58.751328
81.464874 56.636776 58.677517
67.40334 56.729763 55.62512
53.27932 45.926075 73.114395
73.8166 67.13915 85.14516
48.38545 42.330357 67.45138
57.54866 56.47727 89.22462
57.54866 56.47727 89.22462
45.50086 32.812813 58.11533
42.13654 31.860106 64.0322
42.264973 32.07451 64.13463
43.079147 30.923151 62.51478
40.749065 30.86307 60.645782
52.56211 32.733273 53.330788
45.203407 33.279633 53.34907
34.19682 29.513372 41.541992
52.59291 49.0933 64.28712
58.20789 39.189682 63.49427
83.213 69.02538 118.01181
83.63756 69.42915 118.5087
50.39313 38.518013 55.40155
58.1296 47.67904 66.17994
60.138607 45.224735 64.11962
40.210503 38.293358 55.39972
42.541485 31.7045 45.702316
40.43411 33.336166 51.272808
40.280685 33.23448 50.94093
38.583088 77.818 78.32116
35.04129 39.714832 47.40931
49.587257 82.197754 76.02952
25.791134 50.861588 46.698532
23.915394 26.295149 19.20099
23.793121 28.847668 28.206879
76.74154 70.45852 63.845524
77.12886 70.699974 64.11942
43.406933 48.50472 45.277878
52.207035 57.15904 50.85141
49.923775 52.060394 49.971653
0.0 0.0 0.0
35.020546 42.024837 34.90709
35.020546 42.024837 34.90709
61.46343 64.55915 59.382954
61.309654 64.3927 59.28634
49.15666 46.06211 52.346577
35.218536 41.822327 31.87383
28.398277 30.852932 24.085543
35.14773 39.94912 31.009514
35.14773 39.94912 31.009514
60.76427 60.803417 57.17089
33.259632 36.80973 30.40631
47.512478 43.085934 48.203526
48.75702 52.387436 43.06515
36.44128 42.39387 42.12344
42.615837 51.87266 43.108974
42.615837 51.87266 43.108974
61.094433 63.78236 57.622467
61.216938 63.933796 57.690384
61.665432 64.441826 58.082462
41.808758 55.069557 38.989357
58.2569 49.3419 35.829304
27.416018 37.88046 31.808016
27.496334 37.99817 31.943232
27.57833 38.02363 32.027252
27.815346 38.203213 32.25242
47.19249 49.151123 54.011658
55.380226 62.025345 66.63155
55.211323 47.665157 37.72871
45.56246 30.44682 20.694012
39.777916 25.059576 20.893442
56.85921 39.600513 43.98413
58.55447 40.327824 42.931026
46.10816 51.26852 35.134476
53.438477 66.83125 63.93933
53.57291 66.96101 64.02304
39.58406 39.99817 39.078915
54.722202 60.580788 52.83917
50.922802 53.53127 48.475864
53.703136 66.66087 67.64352
34.347202 22.046007 24.441984
72.56293 62.32108 50.93485
76.891335 64.649956 53.54359
106.73522 80.674866 59.995632
105.5526 78.80786 57.922802
70.080666 60.420345 52.154865
70.080666 60.420345 52.154865
67.0416 85.06913 84.23557
65.01661 95.43617 87.2578
38.125313 48.692997 38.45859
38.21534 48.82256 38.464325
82.53361 85.81971 73.41337
82.65572 85.93111 73.50207
28.650656 36.333126 37.447483
28.643286 36.250546 37.344822
48.374336 33.48487 25.238537
48.224655 33.35562 25.14391
49.10621 37.53466 37.546204
34.146835 24.461752 25.03205
36.98351 32.540356 30.34217
54.75312 40.829617 35.93703
54.575874 40.753315 35.77359
215.83745 177.12653 155.64633
82.10894 56.10804 54.513412
207.32155 173.74544 150.55984
114.62009 79.51864 41.440853
108.60492 82.90947 53.379913
100.4483 69.644264 38.206722
19.33878 31.750858 30.099384
37.538483 38.607105 30.2006
47.511074 40.41317 24.993761
44.95095 38.26006 28.888023
72.7245 70.68403 63.844902
77.7098 75.4327 69.0494
37.535675 38.904594 32.6358
109.57342 107.81979 86.40241
117.96959 116.367165 94.64867
114.472626 112.43438 91.897964
121.5517 120.020355 98.75616
121.10625 119.53786 98.40787
68.500465 54.58843 42.090847
81.319756 65.145546 42.061836
75.25928 70.52854 45.97259
75.20181 72.54293 45.67822
83.26672 88.12227 58.980038
83.516685 68.383224 40.592052
83.516685 68.383224 40.592052
81.42931 75.54456 49.66582
81.33648 75.46955 49.632133
68.12594 74.90132 80.01977
53.29121 49.20528 37.83184
51.413757 45.347942 36.23257
51.413757 45.347942 36.23257
50.432625 45.061523 36.505928
46.317646 36.136696 31.003159
46.429195 36.346344 31.16243
44.076496 36.465847 31.583788
44.076496 36.465847 31.583788
57.768326 50.240017 47.029827
57.768326 50.240017 47.029827
61.164185 56.459644 60.283882
61.227776 56.550724 60.34615
41.253353 46.677517 48.222122
47.091507 59.024796 55.1188
38.270313 35.227932 55.050568
43.565308 38.04515 34.24419
58.890205 56.603752 55.070454
82.22903 81.58488 74.03333
69.08414 71.96261 74.97419
60.684692 55.431263 46.51478
79.25861 80.98511 91.43122
79.25861 80.98511 91.43122
76.93735 68.25796 56.093224
49.191788 61.551193 63.64773
54.027214 73.11389 68.59295
53.823807 72.54694 68.12515
45.018597 49.125584 44.601295
50.511814 71.352585 70.66274
50.511814 71.352585 70.66274
63.55899 93.78735 95.751205
36.79515 62.01454 59.06519
81.14828 77.63342 55.077003
83.33504 78.30657 63.510334
76.13213 77.414185 69.23893
76.13213 77.414185 69.23893
71.654045 57.79406 38.928417
88.675766 82.55127 68.435745
74.09786 79.174515 67.17834
59.52 62.714245 51.34521
68.53065 70.71429 63.085194
68.62644 70.833984 63.176468
75.01891 79.047295 70.4499
80.584724 84.53883 76.81843
81.3031 73.87831 75.346306
71.56367 66.7677 62.35609
71.63654 66.814255 62.407322
30.472279 53.679703 54.194244
31.928532 32.913364 38.948845
31.928532 32.913364 38.948845
61.01353 55.395588 49.48838
52.327473 40.102737 39.56948
52.327473 40.102737 39.56948
62.498714 47.234406 53.94674
55.86802 52.18715 53.499374
55.86802 52.18715 53.499374
61.001442 67.02651 62.006783
10.287001 11.018247 13.215416
10.287001 11.018247 13.215416
46.23292 47.671593 40.514584
40.40771 39.807198 34.538677
41.245827 41.841274 35.601334
28.922451 34.33028 35.409973
28.922451 34.33028 35.409973
38.287468 45.138218 47.043667
34.76969 40.999454 40.32303
33.599697 39.428883 41.589443
31.391687 36.16968 40.743176
33.997154 44.21756 50.194244
64.298386 58.527332 49.49337
33.253548 40.724346 31.7045
46.423813 53.805367 42.9977
50.55131 58.308132 47.097122
49.465847 57.838898 48.442997
37.392544 58.194984 41.96522
31.334957 40.449898 39.681847
31.334957 40.449898 39.681847
33.179665 34.68863 32.30825
33.146366 34.60141 32.2438
37.069595 40.14937 31.423971
0.61513567 1.2400577 0.6919448
61.867397 65.10375 62.229023
61.867397 65.10375 62.229023
104.295654 118.52219 120.2328
100.96152 110.60714 110.99739
112.06523 149.93672 68.17459
97.487015 135.40518 91.43029
95.65685 105.08356 83.89239
95.75877 105.30638 83.76462
94.02557 141.85893 62.291874
57.798347 39.306847 31.238928
57.798347 39.306847 31.238928
74.53536 54.127575 42.93372
55.93134 42.603672 40.14169
52.413445 44.784428 41.437927
54.15237 45.589638 41.232143
54.15237 45.589638 41.232143
38.796825 42.326187 42.227814
38.796825 42.326187 42.227814
97.62223 107.8895 97.52343
168.28603 198.43098 214.78989
111.97848 120.18259 121.89699
22.184927 26.4768 34.65479
19.526941 22.005302 27.049751
51.488617 54.977543 52.999023
43.741734 40.481636 33.911766
43.741734 40.481636 33.911766
39.280605 36.82985 34.23452
41.485847 37.122894 33.684692
54.90085 55.084843 55.806572
92.01388 64.922646 82.67023
27.027136 21.424946 27.586946
40.20068 24.58063 35.03427
36.873672 25.338545 36.37512
25.740915 20.573534 27.962843
25.711283 20.560589 27.946936
30.191439 23.09026 29.243021
80.96425 114.03525 64.29975
63.56858 96.893715 53.85952
130.29562 159.7514 114.11447
166.13689 155.4536 156.42108
119.300766 133.10886 111.592094
119.04367 133.05849 111.23577
125.38716 132.96498 117.799164
112.093925 131.59116 105.10854
137.52 139.77249 132.23074
117.87921 137.56937 108.17522
117.87921 137.56937 108.17522
108.394844 137.92366 102.73472
48.676895 58.88627 46.256317
50.914066 43.491463 35.633656
57.20762 44.32981 40.060745
57.20762 44.32981 40.060745
46.62816 30.214949 32.635567
56.79515 56.09607 50.458904
52.849228 52.121414 44.458477
53.161182 52.456097 44.63962
46.08258 34.743958 30.12301
42.60309 31.874376 27.833828
42.54542 31.895353 27.85956
49.70095 42.535988 54.736626
39.012398 36.524837 43.80244
31.46413 27.221264 28.03474
50.8989 45.68789 50.545033
57.61677 56.81558 61.126873
57.61677 56.81558 61.126873
36.15116 32.73725 40.491463
109.88182 119.35754 100.7098
56.11654 80.50815 44.27815
56.11654 80.50815 44.27815
57.870907 45.903656 58.188747
175.15327 71.51778 105.696815
128.3853 92.38786 95.00901
76.62418 77.91399 51.644962
93.86907 103.05692 81.045815
95.35403 103.1206 79.37769
98.64761 117.95976 82.618256
98.25639 95.840614 86.97676
92.350395 104.44155 84.006744
92.350395 104.44155 84.006744
128.26958 126.00355 99.57841
90.45298 111.75366 75.12387
90.253006 111.81917 75.00503
139.21167 139.34595 109.84202
151.04031 180.33559 119.9166
143.33305 180.96413 117.71623
39.0131 41.16399 36.504524
52.377575 73.03723 47.146835
42.815075 49.30174 36.17631
58.145313 78.39321 53.55244
49.448338 58.453526 43.681652
46.74263 51.25577 46.362915
46.74263 51.25577 46.362915
56.827236 66.59287 49.814682
56.909584 66.90522 49.92697
60.26154 78.35558 59.613968
34.525967 37.538757 33.39621
34.24649 37.294292 33.09412
90.4412 117.2438 82.34588
90.206566 116.87633 82.047646
96.38498 94.7447 90.00519
94.89102 143.90475 86.28911
91.35098 106.72443 82.34178
92.82887 109.26517 84.27908
92.82817 109.447716 84.39114
87.31433 85.166794 80.5448
104.661766 77.293396 84.68259
55.432705 43.21491 44.914925
51.8904 42.86872 48.12461
92.109985 75.12469 80.446
58.884163 62.840183 94.01166
81.02546 86.18828 116.58266
81.02546 86.18828 116.58266
63.1112 73.83632 101.20298
92.53096 108.91941 141.20547
52.99805 58.784504 76.652565
56.64925 58.289417 61.474304
61.55361 75.528854 100.90873
48.27472 59.4685 80.04881
29.190346 34.189175 45.600437
29.190346 34.189175 45.600437
81.54238 110.697716 143.80649
81.544174 110.69838 143.80942
51.48148 59.298813 71.73784
51.630653 54.91894 53.74228
41.761932 56.326496 64.60383
42.393326 61.81597 71.95052
42.52238 61.98842 72.10675
45.52772 62.70555 83.69635
54.56589 59.188007 78.089714
42.568348 50.175373 69.029785
52.96144 74.49435 97.95403
40.45949 54.701576 71.03505
52.74154 65.58114 84.52542
43.727657 54.33839 68.85597
43.55447 54.05903 68.54035
49.04386 63.477932 79.087456
39.96304 51.8387 69.32763
56.287548 74.41703 88.540665
42.787273 50.769768 57.069675
122.148705 156.26201 122.8123
83.259476 112.46939 55.678143
109.44686 108.24817 92.30603
80.68118 94.11471 72.67424
130.60399 148.67825 115.61346
77.63537 97.44347 55.57907
71.616035 108.91945 56.822872
88.996956 118.17732 70.38424
69.704735 99.81383 55.243256
83.092674 122.91906 60.257133
116.79659 153.97961 96.05747
87.661064 116.075676 127.26142
89.577866 122.578445 138.05096
88.3304 98.84396 106.68423
154.54834 185.44946 198.14153
153.81694 184.4984 197.07018
95.78782 104.41956 109.138374
67.16524 74.52557 79.05587
67.16524 74.52557 79.05587
75.48803 84.82981 89.83188
104.57166 116.23889 121.3249
122.38623 132.0547 136.08539
122.38623 132.0547 136.08539
68.82342 77.33496 81.65842
37.10886 40.930794 43.508343
37.174633 41.017117 43.614433
11.686253 11.670189 11.646327
11.686253 11.670189 11.646327
6.5116577 6.4861197 6.46027
7.8579617 7.819908 7.776123
9.422606 9.402488 9.376598
