30.727499 36.33146 36.668724
30.600737 36.16748 36.495255
29.062737 40.187748 38.5111
38.935974 44.9123 55.325012
50.531277 76.31064 97.690186
22.613543 28.742607 34.002857
96.7321 101.23031 94.418976
67.45528 68.521416 84.28853
39.435467 44.865593 54.053707
38.953754 45.913498 56.62432
53.05251 56.31571 62.731735
74.504745 82.00387 89.276276
37.55523 49.317272 58.617134
27.870197 41.349148 49.890835
27.565084 40.54574 49.33155
149.48106 147.04947 110.834175
75.01999 58.736526 93.78001
52.51018 52.428375 44.554214
11.40433 8.697927 18.899124
53.58471 43.32897 62.162506
22.972363 13.823307 11.160571
53.66633 51.34224 41.36969
51.36002 45.993736 32.065777
28.090097 21.95661 11.702073
67.645874 39.606358 29.058498
55.87941 24.812437 22.446707
39.75458 21.051865 18.593735
59.230125 47.841362 32.946293
31.694887 28.916168 17.861261
23.017872 25.510916 18.860157
16.048641 17.68807 14.95707
35.56923 26.637678 22.187931
42.194103 37.070568 31.216213
36.35965 29.110271 20.76094
35.23611 32.369415 30.776325
73.88006 11.138093 98.02285
54.954582 43.56803 53.713406
66.360664 75.7345 59.569046
53.799446 53.39926 57.39963
41.404144 45.43943 47.672962
70.31755 75.820175 76.60405
78.3263 80.2514 83.5941
70.21087 76.1427 79.47112
49.521328 50.185535 44.090466
34.073513 34.280884 31.62257
38.768677 42.423122 37.489452
41.808105 58.516167 49.616028
36.405067 36.28153 33.120037
36.961678 36.50511 33.474434
36.67121 37.2468 33.06854
35.065315 34.97089 32.292862
36.144634 39.456013 33.236298
32.31589 39.214924 32.390972
123.911194 115.95974 97.316536
127.6082 118.91027 95.68512
135.76573 128.82147 105.869
128.99345 122.24781 79.56997
101.703636 94.1064 112.4515
96.77273 93.682724 82.01833
135.83215 127.040535 92.267525
124.70327 119.84035 108.579735
124.04017 119.22948 108.38443
118.49986 111.06955 90.68374
117.17024 109.53165 89.126205
136.6105 121.297005 93.45988
98.75882 92.46274 68.55118
77.11304 71.87637 56.843575
91.56656 76.9298 56.35495
75.33837 66.86523 50.66467
69.47029 57.85168 45.777153
117.28577 141.41078 164.5321
119.44753 143.66522 167.58029
113.909904 121.980194 88.3684
61.306217 64.58424 48.342514
61.570244 57.53174 53.122524
70.89885 86.06992 74.022385
70.882355 86.05334 73.85988
74.615295 80.55394 54.706585
87.0994 78.82008 81.85251
113.949425 129.39981 138.88641
99.73072 109.684105 115.793274
86.86614 85.680885 75.563705
72.84864 67.96112 63.950714
84.072685 78.85481 67.9567
94.21622 69.58913 69.40331
106.29747 90.94141 91.433075
87.30733 84.36767 80.26384
70.05444 60.81787 61.17614
66.87812 57.792446 45.122894
65.43749 61.54224 54.976692
60.985813 53.998528 47.095165
107.65712 111.95486 96.87462
105.23492 107.21677 88.386185
107.15071 110.51101 89.60635
82.026436 73.55053 59.20838
79.74528 63.57614 51.841362
82.27139 67.547676 50.93054
80.657486 66.02837 52.915524
80.60497 80.45546 60.124737
118.577156 112.76398 108.47821
100.792725 90.80525 70.78158
89.60156 89.64901 76.54989
83.68466 77.50438 58.50493
82.181206 75.83971 57.81041
55.527866 49.912666 44.395576
44.69581 36.299217 32.96361
47.977615 49.61354 41.36748
32.771717 36.476 27.18959
65.47812 61.864117 52.71525
65.943344 60.15753 69.5017
57.87379 56.9415 54.254444
82.26062 65.15025 50.801197
55.25242 47.899216 38.555595
62.413174 55.216675 43.741318
77.03335 63.7064 53.06808
16.4339 14.825426 11.622293
32.469093 34.95624 30.211424
32.645233 35.112484 30.33146
25.399263 27.053892 38.457394
33.208477 34.37356 28.984156
29.617228 28.027452 21.769047
32.03952 33.98176 29.860985
39.986366 43.871487 55.652603
18.240995 18.223215 31.97181
29.42082 32.27591 29.402119
37.05288 39.779366 42.94878
22.398066 26.852142 49.67591
27.12409 35.751358 55.937817
73.62405 75.26651 61.650208
32.65076 41.49203 59.737354
32.966373 41.84459 59.910362
42.978996 52.190697 49.971348
81.016304 89.88061 96.67867
58.279224 63.26458 58.407
29.04468 32.87987 45.113586
28.903915 30.342422 41.11368
74.355225 84.31828 86.23096
33.026257 41.575035 38.104008
61.68899 69.58885 67.237404
34.84468 38.97752 44.74003
29.4655 31.510271 25.526762
31.222202 34.297836 28.262829
21.777338 23.50281 28.043022
25.237034 26.014278 27.25113
40.06504 32.371902 38.8105
40.338276 32.801567 39.109165
32.498386 34.040535 30.62644
37.082634 36.92796 38.265408
17.161585 26.343529 58.763428
44.288162 45.859695 45.427914
47.555595 51.207924 48.638878
54.978718 45.876923 33.539566
54.36619 45.4585 33.29664
39.90198 33.02036 22.88761
56.777523 48.275173 35.251495
53.90198 45.225334 33.174667
52.012253 38.609398 32.039246
38.285675 40.33533 41.66218
39.04689 31.001934 23.31147
53.266052 44.41695 33.059143
75.55099 69.26182 59.68862
90.33404 80.79115 69.78719
57.80442 49.79696 35.04551
90.64883 85.80249 72.79558
69.02496 56.861076 47.51672
69.36711 57.22082 47.71939
76.88153 67.46246 53.63427
65.678764 57.19438 45.870106
65.227455 56.849564 45.408382
137.75597 120.266884 98.384796
66.28945 50.18056 39.29627
65.108795 52.043575 38.912113
72.38434 63.206448 50.97568
56.57973 45.90898 34.80175
55.89581 44.310547 34.38019
61.539013 49.89765 37.809395
61.290924 49.83602 37.381298
66.55707 53.920315 35.54095
36.15145 34.61382 28.494242
80.06412 72.49765 45.523262
37.893784 44.292492 42.223953
38.158085 44.4035 42.210594
19.572363 22.368402 43.898758
31.985537 40.626072 49.166836
39.235405 58.361446 66.22734
23.971535 29.26679 36.224964
43.63473 50.764072 61.459328
31.184063 36.193092 52.68457
31.831598 40.671486 64.41087
23.059696 27.14095 56.709076
33.464394 39.455734 70.29562
33.18618 39.392536 71.09507
58.737724 56.30069 62.570427
60.727222 58.692307 65.667435
63.8503 70.40774 58.334686
85.57015 88.99806 88.37245
28.378534 31.25463 49.748688
34.7415 39.471397 60.491295
86.23906 93.62736 71.18876
115.63639 103.51709 91.81197
144.5533 136.40765 79.83206
94.76472 80.30161 75.79115
137.13976 129.44257 117.53993
91.10677 82.07849 95.66624
128.6139 135.79291 132.1568
110.06725 111.72593 105.57992
86.1193 71.725105 66.09673
58.605526 29.74878 72.61234
119.18784 110.28125 95.75375
119.78038 105.4702 93.076096
118.31202 111.120865 102.44219
116.91359 110.477844 102.370056
117.05684 126.98738 110.64035
129.9298 134.34897 127.39069
106.500786 104.90705 94.68798
120.617226 122.76223 106.72455
140.62376 133.60056 118.932014
126.22312 120.50834 108.29074
113.19521 112.76573 100.39558
125.222015 125.98351 110.731186
121.537445 113.56223 101.32169
53.28973 46.39171 51.13192
136.068 124.30354 101.95495
52.06771 40.570797 32.376324
39.619713 37.41962 42.737907
15.19263 17.71285 22.94362
46.611794 47.69019 52.023308
26.392906 29.650023 38.80479
50.380653 42.302624 47.650024
19.5193 20.894241 23.29894
60.540855 64.02828 70.73063
35.10152 17.904192 20.781944
19.401842 17.951544 60.688255
9.244588 6.6982956 59.12151
9.182865 6.6165824 59.239983
51.802856 39.95173 33.937447
57.528698 58.013634 47.737724
29.45767 32.288254 41.82994
21.113588 22.752464 36.954216
38.40654 41.013268 44.322433
45.79871 51.89157 56.320312
58.131737 67.27379 75.014465
25.784615 26.854445 45.9474
23.522156 25.577614 38.16444
2.5277753 2.7361584 31.99825
25.327131 26.886135 32.52584
24.728512 26.111746 31.898756
24.49028 25.976416 36.165268
43.101982 47.5392 55.271763
13.164717 14.270751 34.780193
27.610594 29.475725 45.94832
50.95311 54.074898 57.944817
18.009027 21.90373 14.968493
37.19659 43.922894 31.267342
28.64118 36.64072 21.46163
26.208199 33.31101 20.020544
27.437126 35.41603 20.361677
