1.0 1.0 1.0
1.0 1.0 1.0
50.648182 52.076588 54.439747
50.648182 52.076588 54.439747
169.8005 184.05579 206.67445
29.0201 28.504614 28.784927
22.451752 35.20434 46.313313
29.338966 41.454292 50.997646
14.258756 20.044718 21.001036
166.81929 154.5436 153.8222
166.6673 138.27565 114.482864
131.35973 113.4067 82.678734
148.39493 128.08177 112.30046
159.21074 137.39668 116.32023
106.056625 100.915085 53.02344
139.71846 111.58661 80.37695
140.01384 111.76709 80.51798
118.84151 103.09801 78.34744
134.7356 117.41852 84.899734
113.16522 104.5611 74.600784
133.85234 115.80606 72.12695
133.87257 115.62973 72.056206
131.33643 125.33572 72.93236
135.16682 118.30282 73.12949
118.36919 104.42685 68.702835
129.99063 113.94253 94.31788
157.69125 122.83958 78.54976
154.2421 128.06726 102.50946
138.67902 116.55484 76.95881
154.13025 147.46191 103.52612
155.95335 125.966576 83.69069
152.15642 129.03488 90.4373
151.81764 128.99944 90.026405
144.54839 121.8665 72.565384
157.30865 202.81802 194.23668
99.42158 113.844284 69.07899
99.42158 113.844284 69.07899
129.08426 132.49731 99.148605
150.60826 133.24966 91.79119
120.436874 107.44238 83.27029
126.88684 116.79284 88.72722
121.09075 117.07569 91.20481
163.53592 137.87964 112.16513
101.799095 99.16602 78.942665
143.18146 114.09245 92.067314
122.13322 105.47557 86.668846
105.24755 94.211494 78.72039
159.30559 148.16809 131.24713
151.00969 126.43047 104.540245
170.76332 146.08266 125.165596
131.3136 109.10737 87.913055
91.842735 82.96338 69.97877
141.31995 121.62808 106.18114
178.64804 154.89601 131.31322
153.88388 135.144 117.59767
156.89098 164.92087 165.16032
17.07781 40.054886 54.472885
36.03295 45.77278 50.386368
32.279842 45.94968 51.14098
33.41927 48.629776 54.785397
54.01144 81.76106 103.49271
31.451797 60.668755 78.736916
25.808134 42.20048 53.856525
22.756542 38.741623 46.876766
30.502306 55.12187 66.91734
27.369421 43.683815 52.787468
21.655432 39.537094 47.40793
22.995245 35.586143 37.98235
25.649595 44.619045 54.40642
27.873753 50.544952 62.22529
33.95274 46.912918 57.517136
27.245245 44.896442 55.07955
28.132132 44.376812 53.706127
32.844566 45.480087 50.185276
36.804417 46.780643 48.815525
36.1286 46.02062 54.557945
77.16127 59.40124 46.95674
94.10902 75.5507 61.10398
69.638016 52.878788 42.70194
122.99482 104.26469 94.3183
143.7654 126.71436 105.5354
137.3816 120.04335 97.55955
142.861 112.93005 102.50466
138.95518 111.64192 103.939186
155.59668 131.34428 118.71225
173.8352 147.935 131.92502
144.28558 121.815056 104.41409
118.57578 106.241196 93.09042
134.19554 125.34151 116.404724
101.34146 89.3272 70.248116
132.33925 108.24355 92.687584
164.1365 133.55739 106.158066
160.22401 132.49637 106.94549
156.11453 143.31313 120.02184
128.938 124.44262 118.855064
168.40651 147.45218 131.28474
137.79364 129.7885 103.87281
145.6607 158.58435 167.65195
145.6607 158.58435 167.65195
157.56915 161.57008 151.9952
157.59532 161.61948 152.0617
133.71036 135.0386 130.17883
47.47312 56.819668 87.32541
47.44596 56.75259 87.16522
37.507015 42.993927 64.62474
39.623657 36.116505 32.40435
100.064865 79.96446 63.81802
94.74068 73.88561 57.34118
94.74068 73.88561 57.34118
72.27985 57.85883 42.63538
125.74567 101.93104 71.974014
40.439747 27.935324 21.880625
44.142628 34.350548 40.01073
53.98729 46.66075 33.692337
53.804367 46.554367 33.582943
49.19248 39.920826 34.222275
27.364056 23.803238 15.734278
34.512146 28.226088 21.66866
21.304651 39.10375 21.562181
18.404678 34.949867 20.91061
59.4686 46.238045 37.97157
148.1905 133.44437 119.70401
147.0973 138.54123 112.363396
93.74002 85.2154 60.476227
86.75894 83.39056 57.86768
93.72279 89.18396 62.624317
93.63628 89.224815 62.58798
146.3451 146.26666 131.79651
154.9317 135.10464 102.85732
81.7428 87.58661 61.715874
115.85149 121.34608 81.0772
115.97486 121.460884 81.13255
91.90501 89.43236 57.47552
102.14023 101.170586 74.79566
102.14023 101.170586 74.79566
80.60252 82.05475 56.379543
100.9342 86.09565 65.04486
100.60168 85.95015 64.83727
175.45613 152.69633 122.36213
148.62982 130.41895 97.59537
148.61942 130.33214 97.49788
154.02551 130.39587 93.73338
154.08633 130.45758 93.86984
79.45806 86.835815 49.172333
79.4341 86.746895 49.11801
160.76027 164.30347 156.62729
99.27815 97.452736 65.61617
154.78615 120.50122 98.41273
154.56464 120.30328 98.21432
104.08148 95.545334 69.981735
137.35223 131.37305 114.67685
183.49467 167.28723 148.95415
56.567642 47.593346 30.945868
97.85643 63.87667 48.748116
31.948692 45.61349 55.55112
36.461258 47.33812 56.604218
36.478912 47.402042 56.706882
31.78361 47.536716 59.033752
42.948032 62.94455 77.96987
17.516663 36.35695 53.846027
137.619 103.045845 93.94996
163.8337 147.46638 133.6135
133.64682 137.61227 113.06647
133.92242 137.73338 113.12112
152.14626 135.9688 115.252495
152.18913 136.06021 115.361374
155.19286 121.7042 108.06783
159.69455 125.968605 109.24402
141.54251 126.88491 104.6729
110.226555 108.67615 81.33826
152.01186 129.951 107.98974
164.52359 132.20952 96.73221
175.92958 141.59293 116.11255
145.75702 143.40219 141.74864
146.09631 143.77048 142.14215
148.307 129.68439 105.48164
140.10855 129.213 127.28521
111.78493 81.54001 62.40016
136.19035 136.90944 123.33219
99.59212 103.78564 75.02532
131.34207 114.837036 86.90958
124.129875 84.18546 80.76069
45.30865 39.8553 46.383263
45.286106 39.831295 46.339767
12.817031 23.63039 27.109867
13.043919 23.029608 26.945208
15.8947 27.42346 32.406796
15.859302 27.303661 32.23042
15.024854 22.39018 25.38985
20.86495 21.07216 21.188053
15.115327 28.56397 35.25744
14.390793 25.082047 28.992657
18.462626 30.044907 35.45787
25.160421 39.747692 53.196857
29.458576 32.97844 34.825172
18.207495 22.31143 24.259556
18.210035 22.311617 24.26299
22.904726 24.648653 28.744822
21.820185 23.028385 24.654678
22.370129 22.219591 25.763086
22.376059 22.21625 25.75339
28.46832 28.701893 25.829317
30.197327 46.35276 58.422474
30.197327 46.35276 58.422474
26.237902 45.64343 55.882744
34.1688 47.906467 57.388485
35.40755 48.765957 61.0876
35.376812 48.72284 61.03408
27.878601 45.266945 55.11001
27.82216 45.182922 55.007908
27.405668 45.85916 57.845226
25.915318 38.310627 48.8481
25.81397 38.150585 48.63806
27.462343 44.97039 54.799473
37.102146 52.953728 61.682262
34.772453 47.14625 53.57993
34.772453 47.14625 53.57993
23.05705 47.778336 56.289165
37.06854 56.50466 64.97957
28.742516 56.780926 68.851295
29.408209 52.716297 65.07621
35.399452 53.638626 62.077763
35.399452 53.638626 62.077763
26.726982 44.10464 54.388626
36.568913 53.11043 62.44728
25.436453 49.00141 62.357513
33.227642 45.068398 55.13933
28.245575 53.030407 65.593765
23.544624 42.92172 57.891544
23.544624 42.92172 57.891544
38.93843 42.163715 49.610527
38.917717 42.182877 49.614292
23.58153 47.19874 64.971756
181.21164 181.20866 181.20702
111.22147 110.638016 124.519585
111.36905 110.78836 124.695724
177.49007 174.07805 171.8103
171.36278 177.71065 181.77292
74.78813 73.7146 74.698975
168.72826 165.63147 170.22943
169.4525 166.33006 170.94238
225.4879 225.48569 225.58713
196.68213 208.01163 215.3402
196.62582 207.95645 215.28766
188.83911 180.64127 187.295
164.08035 98.073715 98.465965
164.3562 98.22237 98.45858
144.66 92.66339 85.81929
144.8455 92.78738 85.90633
214.95096 150.60027 137.4084
61.874554 49.30724 73.99854
44.17073 39.390697 55.84358
50.267323 39.604877 46.46173
62.635284 47.848194 59.432217
58.98757 46.091885 57.95147
73.723076 60.07913 78.99271
94.88764 65.442474 107.27471
94.88764 65.442474 107.27471
61.034363 61.704998 79.94893
58.865467 54.012943 69.970345
50.83586 47.79354 64.14978
37.36608 35.697796 47.637405
37.469357 35.949352 48.092968
40.59424 36.44629 45.11269
55.585106 54.03267 68.58958
31.941677 50.78728 77.46545
38.17459 36.696198 49.42991
58.27829 39.49355 40.11928
7.0 6.0 6.0
27.963284 35.91136 45.6471
22.158728 36.60582 52.26431
45.572395 47.803192 58.23503
26.97924 33.630062 45.762943
51.306957 42.978016 49.055355
51.306957 42.978016 49.055355
61.70241 52.78469 50.451187
17.157833 33.121258 45.93749
29.7902 42.46898 52.029278
21.002495 33.743267 43.34132
12.452316 27.605913 44.912918
22.924543 37.24515 48.337883
21.671202 28.65402 33.087555
21.542082 28.602476 33.14997
22.92859 43.439228 57.46917
28.307852 42.054226 54.99256
28.16287 35.891544 46.896584
26.182499 35.854736 45.318066
23.880672 39.6431 53.052532
33.242516 43.92704 58.283375
30.044153 37.71658 47.147007
29.868715 37.62168 47.03446
72.91913 46.954575 54.42704
29.74788 37.990726 46.153267
30.498259 35.923695 42.56336
38.786434 52.246094 69.74054
51.287422 50.327763 56.51238
32.078987 47.008144 59.240116
17.060112 32.855583 46.40576
17.000141 32.762993 46.303474
30.863726 43.481216 54.871162
25.209612 37.881332 48.276924
25.136602 37.737385 48.03648
35.677605 40.34424 50.721333
25.30771 36.359913 44.819386
23.611137 38.667248 50.941017
23.611137 38.667248 50.941017
25.18151 36.53855 41.34014
22.237902 35.436733 43.00692
75.18754 45.501083 53.700996
26.378178 36.96837 46.333317
26.653173 37.121777 46.47044
29.7122 31.462296 37.464413
39.590096 47.194077 55.482582
21.055027 29.894981 36.028713
21.055027 29.894981 36.028713
25.12813 41.042316 53.498024
27.73616 39.61415 50.513653
26.167624 38.75066 50.575314
26.167624 38.75066 50.575314
27.232677 35.172615 42.74576
34.059124 47.0876 59.77702
25.539118 40.62347 53.15986
34.774006 48.47717 60.447845
125.97025 122.709 131.00867
128.53535 106.221565 95.28959
128.64297 106.30837 95.32227
126.28083 113.2428 110.74614
117.30315 142.85625 186.92935
117.35116 142.90637 186.98022
105.89418 149.00885 198.53902
110.699165 152.8528 199.43523
105.56614 134.65463 160.88016
105.32357 134.29242 160.45406
106.9469 150.1167 200.124
44.171577 37.964745 37.20109
46.010544 38.709045 37.46154
46.010544 38.709045 37.46154
57.417767 48.847485 44.13717
57.011864 46.937675 38.285538
64.923935 53.289635 50.122482
65.42963 53.73371 50.579082
59.002495 50.039024 46.89225
75.01944 62.493835 50.300133
70.190216 59.659573 45.692055
54.41621 43.48668 35.40162
54.346355 43.418472 35.324516
57.95994 46.895313 35.58374
67.694786 57.86886 43.694454
68.58548 58.60996 44.193184
137.71936 113.84014 86.7428
112.48795 108.158775 53.86415
20.209095 26.880013 27.715355
20.202034 26.874176 27.710224
98.341606 92.01681 71.699776
101.70778 95.71663 56.315712
143.13571 116.70655 105.383736
103.14489 87.07692 80.02951
103.97519 88.09363 80.974205
150.98367 163.62987 162.65858
151.23747 163.77928 162.79039
121.848236 148.7051 133.1815
147.42398 156.39357 123.01727
134.92511 145.86514 136.95778
135.38608 150.6794 149.37436
145.38562 156.09654 157.43146
117.25894 130.13081 70.865234
117.45288 130.31886 71.117165
160.06929 162.0152 159.66267
160.24011 162.17493 159.81473
120.1729 125.62309 114.2917
120.35572 125.957634 114.6479
126.53172 119.83407 112.49868
32.76817 50.35017 66.47774
32.592495 46.981926 60.231266
23.776926 44.936123 57.032528
23.787188 45.00513 57.162918
27.335625 52.184334 63.88331
28.47364 54.126717 64.23908
25.131096 50.699257 61.056347
171.71474 145.78583 98.97025
145.96442 155.17416 158.27998
180.01892 142.19812 100.33162
171.70604 134.7604 92.112175
169.79665 145.73503 110.719826
149.7492 163.40007 158.72255
149.21771 162.79015 158.12314
175.15703 159.06401 121.96512
134.81622 107.9655 83.97373
134.68231 107.76996 83.7557
152.9918 153.20415 144.7155
133.23518 148.99991 159.79097
133.35883 149.1237 159.94135
93.40346 80.88815 53.85869
148.57423 149.62328 143.558
114.61133 162.2461 189.17163
177.20444 159.0361 123.354126
177.11664 148.79317 112.29274
177.07507 148.77759 112.275375
148.67441 146.95692 144.13307
122.140366 105.31647 90.30291
125.55597 103.9165 87.81496
118.01478 99.23772 82.41772
157.56882 153.53484 145.38255
158.60257 154.7605 146.59518
151.85422 89.63637 74.23466
135.856 84.53432 84.20796
127.166824 75.66518 68.17073
60.05126 37.11382 32.223923
57.759132 38.382603 34.449917
67.47143 40.246754 24.858973
74.03512 51.64418 29.852665
57.39178 36.445583 25.666023
56.979664 36.23089 25.663858
58.568115 38.565903 30.211494
41.554745 28.281445 26.736301
41.511627 28.25852 26.72124
57.15835 38.9558 34.233997
53.860477 36.259884 32.22411
67.82381 45.14437 35.57197
71.48809 47.65755 39.706318
40.14216 32.335247 32.83313
27.664188 24.626154 22.779562
43.266804 32.996517 31.877941
45.062653 34.469498 30.049002
67.48404 45.06882 34.055923
67.65416 45.1624 34.09706
48.44968 32.947563 31.18617
48.277443 32.874977 31.095367
61.380108 43.39983 36.344707
127.50193 118.85125 101.439186
34.342686 27.699257 28.273489
34.207447 27.622246 28.226652
127.00979 104.61081 71.28172
150.2805 111.724724 81.276596
149.72246 111.1793 80.604546
149.31622 109.90096 74.86801
149.17102 109.724205 74.85398
145.4848 109.33473 75.50508
159.18848 117.54703 68.76393
97.51751 94.117256 58.23131
49.946148 51.788692 46.13938
21.741714 31.771042 36.160656
28.494917 35.06981 39.223167
27.878412 34.48428 38.81788
20.441395 29.414564 32.844
29.634956 40.576447 47.542225
26.419788 38.188335 48.674637
26.327904 37.984325 47.70213
23.413012 31.599792 41.144276
23.401997 31.593721 41.141216
31.375635 48.235077 60.36947
31.375635 48.235077 60.36947
28.983902 37.80432 47.393852
29.016335 37.8111 47.391403
29.28714 37.937393 47.59085
27.188133 34.736454 43.076973
25.309217 32.533184 38.766994
26.398325 32.50499 39.03573
26.374365 32.477642 38.993267
26.692007 31.82974 35.90383
22.769394 31.151808 38.893147
22.802721 31.16254 38.93509
32.522312 41.74115 51.592545
26.949915 33.57489 37.902607
29.767088 34.157646 41.246895
32.097626 36.14611 41.56058
32.085293 36.141357 41.557003
29.854311 34.549004 41.287518
30.655338 35.17059 42.037186
30.067738 33.936028 42.070984
30.05917 33.922565 42.03968
31.796602 36.33073 43.489597
50.487526 52.706127 55.32941
30.258286 43.631615 52.00579
30.258286 43.631615 52.00579
32.93457 47.773632 57.446857
32.86754 47.69323 57.353466
28.64291 46.286716 54.799236
166.89752 166.45744 142.70866
125.26341 121.42012 116.31529
125.31011 121.496796 116.48376
147.42986 152.3029 133.12955
96.97072 65.77909 48.37587
74.59461 52.537235 31.341837
86.16833 61.89677 41.12667
86.16833 61.89677 41.12667
101.59415 75.753624 56.8384
101.23941 75.52749 56.729053
103.93641 105.338356 113.00673
72.50019 77.8617 78.953964
159.13185 154.85403 134.46013
123.104126 115.25683 107.964745
123.104126 115.25683 107.964745
146.87328 154.81416 160.70537
111.201 108.67812 95.63566
115.520615 102.70999 83.10544
133.48386 120.4389 113.84457
148.96568 165.7589 169.90703
149.06721 165.94365 170.2009
124.450905 112.13811 112.1165
114.30823 118.48696 112.21192
114.43674 118.46347 112.06571
115.1993 111.79994 85.55305
115.1993 111.79994 85.55305
133.56227 127.284035 114.58026
129.1069 134.61232 131.72562
108.45679 108.24755 103.50593
142.42195 134.39626 126.40826
120.161644 111.86763 103.09024
108.57663 101.40694 90.86335
96.98583 91.76182 82.52067
96.443184 95.78512 93.42487
114.896255 120.90778 113.24708
102.95307 103.9638 100.89884
102.95307 103.9638 100.89884
107.85935 102.90463 92.24393
107.85935 102.90463 92.24393
57.79067 41.559074 53.478863
45.408443 41.003387 34.76111
45.164658 40.82847 34.66287
51.302013 54.086002 77.132744
74.99101 71.272736 67.06218
74.80554 71.2282 67.17464
49.470863 40.950996 39.187584
59.224957 60.235924 46.102146
53.364338 51.29533 59.65416
52.356853 44.766853 42.298298
79.9606 83.52128 83.33261
95.66428 96.364624 91.630295
95.66428 96.364624 91.630295
76.3328 79.31473 70.4252
50.559265 45.295094 42.787094
67.28568 59.88204 48.733288
50.484184 49.07188 41.648514
50.560486 49.156326 41.731453
50.96211 49.719074 58.112972
89.006966 90.051735 88.808556
40.87394 43.720627 34.32913
40.898888 43.739975 34.3457
36.052532 35.731453 39.590332
85.29566 86.109116 74.70848
47.778103 42.797215 46.241528
47.966766 42.804558 46.09518
43.52598 53.013603 60.259933
85.24783 71.315384 54.85191
84.80107 71.016335 54.46079
157.20033 164.11334 148.02754
157.14084 164.08347 147.94107
165.88707 175.08948 165.16551
149.37747 131.63364 88.283844
149.72914 131.8455 88.894844
111.15134 37.37639 32.886086
107.08304 31.569149 32.00805
36.343628 89.92036 130.05814
107.72651 39.152607 32.270992
107.6736 39.145924 32.263367
115.3248 21.904114 22.367163
115.78031 24.255978 25.3344
119.740776 24.285398 24.36881
119.7951 24.288269 24.371588
122.07061 24.744022 25.110714
126.05837 25.3778 25.752918
126.02631 25.373 25.748634
126.51473 25.937723 26.551733
126.56779 25.945208 26.55079
126.49087 26.312653 27.09419
126.161644 26.242609 27.04533
129.33223 26.791187 27.385662
129.29382 26.777678 27.37526
129.91777 26.388157 27.24661
128.96846 26.483149 26.891264
128.93881 26.473875 26.878977
129.00912 26.17878 26.90496
129.07292 26.18358 26.905102
127.54001 25.245623 25.397335
127.44549 25.231735 25.384062
123.69733 25.597486 26.30578
123.76285 25.603323 26.315289
122.087364 24.798956 25.838495
