0.18604651 0.18604651 0.18604651
0.18604651 0.18604651 0.18604651
90.980515 118.974525 116.68526
115.87171 95.39499 84.04814
74.03881 90.7947 81.63385
117.78009 106.976234 106.26244
148.14339 116.501686 93.28662
151.87218 156.49794 110.12796
139.87245 74.31362 55.449
76.97534 101.92342 141.02272
76.97534 101.92342 141.02272
54.089455 67.2936 112.353966
69.46896 80.79261 116.50143
10.926484 19.149683 53.155037
10.862683 18.907001 52.558113
69.64831 103.28659 141.53674
58.394764 81.31888 126.586876
58.354446 81.24582 126.65292
80.700554 74.547 81.12278
73.20953 69.24633 73.98995
77.42521 65.362656 65.06592
62.397644 57.932095 61.245358
102.92735 91.62118 82.92595
102.92735 91.62118 82.92595
75.932755 74.63176 78.80857
52.097 65.277664 89.65807
63.89948 69.06765 90.63423
152.08774 140.351 113.84234
136.06247 149.15114 146.27634
119.54743 115.30026 122.23182
131.23149 137.36781 122.20494
118.62559 122.82823 127.231285
109.01433 107.04047 129.63931
187.14256 161.84836 80.23837
135.73985 150.19872 143.3603
159.12968 178.37123 167.25569
159.08012 178.64163 167.38719
117.67679 78.286 73.39081
126.07418 134.18533 96.52152
163.21167 150.45152 134.99487
130.85118 163.32428 165.34813
145.6943 174.98409 168.28409
145.6943 174.98409 168.28409
151.67482 184.23985 175.67181
169.20004 179.70695 166.01247
168.67644 180.24818 170.30893
155.8202 177.9057 171.49214
155.8202 177.9057 171.49214
124.55228 126.527695 130.59549
153.2131 171.68704 173.45723
180.87543 148.03914 123.23756
181.21364 148.7766 124.06043
131.15645 115.67671 113.576164
126.74052 103.37523 91.26229
127.53693 109.73784 110.20994
136.96774 109.79618 95.088585
123.02422 108.1659 101.701675
112.15425 101.48315 104.38518
127.5705 102.39104 85.93849
130.86356 132.42638 117.14086
126.036644 104.95614 95.36187
136.6726 115.35817 97.593765
136.2105 115.19354 97.90363
81.93516 69.95762 77.32206
124.505714 100.74255 81.55743
108.87964 96.005455 95.98062
95.48758 95.69168 97.51398
95.57515 95.77351 97.59631
129.55885 109.75439 103.19219
127.79162 96.5166 103.898026
87.41332 73.58887 77.08655
86.734474 77.71198 81.95805
0.18604651 0.18604651 0.18604651
0.18604651 0.18604651 0.18604651
114.89996 69.21071 74.5471
41.286236 40.33277 60.155727
48.133034 71.212105 101.90669
48.133034 71.212105 101.90669
21.797174 30.04108 49.850315
21.72019 29.92187 49.576527
43.564335 35.290775 53.08198
26.930819 32.266193 51.70846
50.447445 46.801025 62.225597
30.808165 36.07599 56.649784
31.10863 29.928473 51.402565
48.01683 36.16455 52.178474
48.17179 36.345905 52.476997
39.92656 34.913353 68.14787
44.765606 43.482967 64.447014
44.645985 43.32201 64.17419
26.824001 40.59884 84.74409
86.177505 104.306435 147.83867
86.177505 104.306435 147.83867
3.687908 1.2348787 8.641957
145.03865 126.38196 120.29297
188.50487 168.65775 132.1698
188.50487 168.65775 132.1698
71.296234 61.98832 64.55158
137.41226 122.900246 100.73761
142.80852 144.99281 140.25824
104.434975 105.74187 107.877525
105.15504 106.217384 108.240005
118.93903 118.42278 123.90127
118.872986 118.35488 123.84886
86.45693 82.8045 87.62587
80.01668 97.860596 98.48843
94.73416 82.81089 80.15876
94.6365 82.98455 80.28932
96.999084 88.032616 76.41419
75.3545 72.13212 69.465065
127.41029 110.73075 79.817215
94.463486 85.08856 72.77851
81.47412 78.16689 74.153175
95.49582 90.61643 79.403076
109.21904 77.906876 64.291664
92.42225 95.870895 90.723785
78.598045 75.97299 74.885635
60.747425 48.36725 55.498264
117.35524 86.56161 66.199104
117.35524 86.56161 66.199104
61.296818 44.15718 47.02782
78.68526 69.80148 64.494415
61.7627 61.127983 55.62819
49.963764 56.31301 61.554646
85.89989 80.15534 76.285416
100.8803 86.83486 91.36681
68.78315 68.07895 75.654915
101.70675 74.72098 55.728146
111.370384 113.03731 96.41738
115.343994 121.09453 104.37804
74.64882 80.8048 78.20326
107.82808 71.52504 53.78139
106.83155 87.40496 80.92485
129.89685 130.07277 104.89071
130.83742 130.54662 104.90678
68.884636 55.600445 53.988117
106.68814 72.33887 52.471977
130.36574 90.02999 50.099907
136.76398 103.02662 55.81367
91.450966 73.002884 46.055843
79.40374 66.33902 57.92855
102.02899 66.86653 52.46134
103.3163 103.65843 85.81676
102.19084 95.2538 75.16769
130.35 114.13505 81.63959
130.31622 114.08379 81.5508
125.42215 117.36381 92.24689
130.15977 120.31989 96.487144
72.038246 61.69538 61.417866
72.32933 62.051918 61.781494
83.89734 94.974625 105.92827
98.98039 103.17679 116.32698
70.648254 71.140915 94.80952
70.63377 71.10937 94.77869
158.95915 113.556816 30.900143
172.66641 123.74645 31.892952
92.37222 83.04592 86.56622
152.59642 106.91167 41.440533
152.87375 107.04814 41.62324
86.132805 84.07722 96.75469
85.700966 83.81729 96.62694
57.469093 76.44943 86.16493
47.372528 54.709785 58.940434
48.85914 54.54962 58.320404
58.15213 50.904606 48.398254
100.968025 93.27545 88.14884
105.61128 97.83288 92.19413
85.049034 82.34065 81.54294
101.38423 86.246765 77.40805
88.59861 66.66371 50.38428
85.99324 78.30279 72.22399
87.0816 84.13347 79.471054
74.27933 63.01897 68.57403
90.52025 79.78414 81.67434
139.47086 105.30709 96.31461
139.83658 102.26446 105.32291
154.13768 127.39941 124.25385
111.3632 95.373116 88.46919
129.69513 115.17422 123.98304
120.55133 117.05954 122.66488
120.503395 117.002525 122.611206
119.86804 126.27441 128.89328
105.10207 100.94589 113.02876
97.31926 97.542 114.41845
101.03129 65.35215 81.51543
101.97756 65.66011 81.74054
97.715706 84.24312 93.264
102.49926 98.072876 105.84675
114.48141 106.399254 121.83473
114.976845 100.179924 106.25816
115.02565 100.241356 106.32566
149.1245 141.35014 158.49863
82.132675 72.945 93.66628
120.73222 115.15116 129.55873
106.25173 102.97065 115.9834
114.96185 113.46953 134.6835
114.86832 113.38214 134.6052
111.39673 98.90073 104.20632
112.90433 99.47519 84.40091
115.13408 107.59113 105.13689
103.10792 92.62737 79.61385
104.0548 82.6696 87.636856
120.56543 97.28784 90.056305
100.17743 99.46881 150.02655
0.18604651 0.18604651 0.18604651
63.730568 72.81265 79.27836
0.18604651 0.18604651 0.18604651
0.18604651 0.18604651 0.18604651
111.43906 88.08877 98.85146
111.121124 108.36465 114.74457
111.41942 108.596214 114.99449
108.94278 91.34759 102.57224
88.24046 89.64734 99.58211
133.39507 108.54939 110.25332
104.03496 77.14336 88.57209
103.937675 77.018974 88.44482
125.94421 111.309494 114.36837
125.996864 111.28957 114.31763
151.47932 113.31663 100.10975
151.47932 113.31663 100.10975
171.73506 132.18219 106.569534
154.15402 105.39155 88.67832
170.10733 160.14923 151.22478
170.15878 160.14574 151.21213
147.88876 85.770706 29.416693
167.16049 103.42929 37.58428
104.45382 101.154785 110.827415
99.30518 96.12069 100.88492
70.61225 70.180435 90.41506
89.8139 67.347664 75.20175
81.341545 68.866684 81.82504
107.31309 103.86776 112.127144
46.127296 49.97746 64.61837
53.24013 61.249004 71.19329
47.096874 58.1288 78.90494
60.0894 68.025246 82.876175
65.18171 76.328285 86.36256
71.71583 81.276344 94.06258
64.26759 71.330986 82.544876
64.26759 71.330986 82.544876
59.233093 59.718483 65.10381
75.81951 69.66235 71.38089
53.795082 66.92937 82.283325
44.000637 45.253826 63.632065
63.80286 63.14925 74.35223
81.86478 74.775345 88.92299
54.49036 63.0689 75.7235
53.779324 62.543476 75.774506
38.232353 47.623394 75.56161
39.032196 52.41389 73.3265
175.547 106.19969 37.394024
175.00615 105.74339 37.302605
181.48431 116.15369 30.511246
161.89009 86.43347 28.154936
160.5769 91.68021 31.103148
141.74164 89.24888 44.606846
141.70897 89.29014 44.690994
56.386116 63.3036 79.651596
67.483116 64.07234 79.32724
101.56926 97.45629 121.02647
92.88178 86.3596 103.19989
77.003975 64.48592 76.5243
77.009384 64.49508 76.53848
91.64971 89.5713 105.55511
88.41567 85.02629 92.69135
56.816174 41.354015 66.30684
43.265938 34.706295 70.85743
57.52884 51.88084 82.492966
66.46892 50.352737 77.88691
86.233376 87.21932 98.22996
69.65955 56.325836 87.52344
76.343506 69.5712 90.75663
26.103477 32.43972 57.620895
26.047762 32.38051 57.555027
33.808826 26.718151 45.46593
81.72899 76.24791 86.99235
66.39833 38.676586 50.47422
48.081013 45.966545 51.511272
48.081013 45.966545 51.511272
40.295567 26.495028 44.956062
105.59389 49.726414 105.05842
124.29799 73.90782 77.048294
124.44647 72.86299 77.98804
61.54378 24.680614 50.452698
90.44854 32.51099 69.58275
90.36136 32.473507 69.54006
98.93717 42.53904 73.53108
123.13936 72.98261 100.915924
115.00944 68.75576 83.59626
114.96509 68.776924 83.600365
35.47404 26.183292 25.889534
58.717285 50.401825 45.51326
58.71216 50.400475 45.499233
57.5791 37.78093 56.54771
62.94714 29.539576 54.26502
62.94714 29.539576 54.26502
40.99834 28.845037 34.32145
40.99834 28.845037 34.32145
29.559898 20.941605 26.89897
29.614035 20.96068 26.956192
87.54485 27.518488 50.901493
80.39333 18.600214 46.99643
151.92291 72.34113 137.73047
26.897415 72.01987 141.69556
24.912561 14.0551815 18.89109
104.0217 75.35501 55.45874
142.09947 114.61529 90.367966
142.12683 114.66914 90.439415
114.80291 97.54182 82.99806
150.0025 148.52943 127.899124
104.88811 106.98437 89.90188
134.00821 126.412636 107.682755
134.00821 126.412636 107.682755
151.34123 129.90009 110.50658
150.69217 122.57517 100.50247
150.69217 122.57517 100.50247
154.83545 131.2742 110.31915
133.08168 129.29689 112.03547
141.26515 105.26094 88.94535
141.98871 139.22537 125.03583
125.72988 127.91662 124.362144
117.26436 109.53178 95.91341
122.50992 117.93735 90.46736
71.95257 62.780396 41.36179
72.14553 63.095726 41.5204
120.903 121.40988 94.539345
137.02397 129.22096 99.05276
130.60187 125.06495 99.30646
149.87093 151.737 103.4742
127.84603 118.73254 99.57737
128.80046 104.447266 85.68668
128.97144 104.73172 85.97494
137.87227 139.31209 105.68834
135.76897 138.99205 103.09825
135.83347 139.04642 103.1581
139.05742 135.54294 111.62215
107.630714 109.80289 96.347916
126.400604 128.73772 108.94189
144.12093 143.3266 116.05391
131.77902 147.09807 152.66638
131.75665 147.06952 152.62169
109.49972 97.2795 74.615135
173.60152 160.87117 137.49031
133.17325 113.42641 78.698494
133.24309 113.59917 78.82163
101.36541 91.88094 73.253365
103.72223 106.23646 87.32525
122.38946 109.3213 81.21193
83.36378 86.874596 65.70754
141.22089 142.96313 116.16037
127.57625 116.045135 89.40376
122.93434 114.51364 93.212364
129.17865 126.99474 111.41103
134.57903 105.75809 84.66501
138.1008 127.706856 104.40534
138.23062 127.898125 104.36641
148.7028 169.16234 172.97827
148.98367 169.57967 173.40665
149.03476 169.68622 173.52477
120.11467 165.14267 173.56982
120.11039 165.00159 173.41057
117.39109 180.90132 195.04898
117.52341 180.96167 195.0763
117.228096 110.2092 96.18896
159.45657 93.484344 79.325096
160.44214 94.07854 79.51022
152.97276 103.70885 98.552864
178.43684 101.40211 94.22088
178.46072 101.42082 94.318596
154.28517 89.74951 84.32806
142.16087 58.403305 65.118935
114.1648 63.42024 75.43826
114.1648 63.42024 75.43826
140.68848 70.678215 70.785675
118.494514 34.806152 56.353836
159.27025 85.17004 86.29848
159.16139 85.02397 86.199104
159.07803 84.8852 86.081856
115.78246 110.61087 125.55574
115.73248 110.54886 125.490616
133.19615 115.0662 95.23917
119.215195 143.00243 140.30342
123.27724 120.735466 92.47118
