0.0 0.0 0.0
0.0 0.0 0.0
180.92339 213.20638 211.30334
46.731667 38.628654 23.381105
178.36621 75.053185 30.803026
87.19472 75.39403 56.408844
44.789555 56.123085 29.669828
53.39043 66.79758 27.763159
151.38312 118.7453 55.790146
132.13553 143.04288 122.57318
108.44342 128.15434 92.480835
193.8469 198.1149 185.04395
192.75987 197.01825 184.08156
113.39284 126.11609 93.89256
143.46373 142.00095 97.75861
113.18757 124.45622 90.456535
110.49008 108.87826 88.68543
151.49043 195.18373 192.02354
151.49043 195.18373 192.02354
85.75455 80.40232 58.34499
120.823814 126.704796 106.72882
161.8468 126.09408 112.5729
130.0454 139.88272 90.91631
137.22878 136.41998 133.09412
137.2287 136.41998 133.09404
134.52509 135.47925 109.48451
121.833885 123.80658 89.26422
153.85075 167.81883 153.19504
153.84436 168.02264 153.66548
157.96689 186.87012 180.10565
164.5217 176.88115 166.64398
172.34772 130.49992 93.69401
172.34772 130.49988 93.69397
119.965225 133.56346 113.7581
97.214676 99.38225 95.96558
96.319664 98.36913 95.10918
103.46807 109.52876 99.45709
103.46811 109.528885 99.45709
97.32318 100.99107 81.06954
149.20752 130.59041 122.38806
123.17248 111.329346 107.029594
123.172554 111.329384 107.02967
104.19879 114.53378 80.32547
103.965546 114.12328 79.93267
145.20068 149.77245 138.62419
121.20776 130.12233 106.26822
124.243324 139.52806 100.03323
124.62174 140.03268 100.27477
135.107 133.01091 117.13999
134.25043 132.17978 116.615776
142.00253 123.60649 95.14245
131.04398 122.93907 105.5066
125.31745 122.16078 104.09491
124.988815 121.97151 104.08424
122.170105 113.959694 107.59017
136.09471 130.57361 113.20772
100.92295 59.489372 23.396555
181.40971 101.64822 49.33831
125.2065 175.37367 171.66429
135.39256 156.01881 136.58531
127.812904 107.689705 93.58811
128.30196 108.049706 93.89098
162.19551 158.43271 157.46167
128.60933 119.91619 73.6643
128.60933 119.91619 73.6643
98.00767 121.21321 90.63288
109.575905 124.7159 84.6805
109.575905 124.7159 84.6805
123.98747 135.37474 116.47298
125.13703 123.025566 103.28086
117.37004 115.807014 90.92014
119.8817 121.13016 92.8459
119.8817 121.13016 92.8459
113.77252 109.14691 82.09554
113.772484 109.14687 82.09554
119.7679 141.9459 74.014145
100.139084 101.93824 66.49012
100.139084 101.93824 66.49012
113.719574 110.70365 95.93318
122.32184 142.90967 140.21555
109.12802 102.96827 73.60171
57.81812 57.963886 40.027184
118.37541 127.4518 117.42413
95.94073 70.11925 62.194206
96.684525 95.97563 80.13323
102.224236 94.33009 76.99996
97.14762 106.857635 90.107475
97.14762 106.857635 90.107475
137.65051 117.49806 95.05445
138.35938 118.23451 95.78525
144.55109 122.72578 102.83033
118.384895 103.179985 76.44939
111.39628 105.30279 80.463806
110.9077 104.822784 80.0573
137.18144 116.91777 88.768135
106.45737 103.75506 86.945076
137.19666 110.02774 88.24289
107.97309 96.41975 77.63134
78.33988 58.406715 39.13577
121.63063 109.57824 88.66287
101.5388 77.699936 55.060375
120.31164 107.38114 77.729294
120.31164 107.38114 77.729294
106.80706 86.9107 81.08827
106.87305 87.01071 81.13553
93.42631 83.43334 68.437805
85.822464 76.17986 66.91801
85.5062 76.14169 66.83089
122.398605 115.11356 98.172516
119.563614 93.10475 78.69847
146.70503 141.51976 112.84373
126.898415 111.62546 90.99581
118.59828 108.877884 88.997734
141.94994 121.80441 96.47514
121.20772 102.23163 84.4414
110.31638 88.00636 68.64683
117.684326 99.33831 83.99862
118.568596 103.58566 72.67718
95.34902 94.18456 65.69188
140.029 106.15991 81.655525
122.00869 114.001976 96.75118
138.11423 124.92374 93.07812
111.642525 97.05793 81.76043
126.30066 110.62913 82.072624
144.9009 134.67754 101.73111
139.25739 130.76427 115.64201
136.08974 120.64388 92.81435
145.93959 121.2417 79.41635
174.94342 152.92433 123.10601
124.18595 113.68717 87.399086
136.92754 120.76774 91.406746
145.26991 115.4303 82.751854
144.8798 115.40493 82.75395
121.11376 129.1632 104.94939
173.75363 157.71771 155.37407
173.75723 157.71828 155.40695
136.53177 124.53651 91.39288
117.74846 101.791725 82.39474
142.09155 127.0211 85.11554
113.33851 95.23957 65.387344
167.88312 134.41945 97.78744
168.11104 134.63391 97.962975
116.24873 99.26379 62.93366
125.03117 103.860245 73.38241
177.93275 144.31468 118.15809
122.549034 108.42326 76.78738
121.662125 107.809746 76.5068
160.45496 128.86 100.24637
147.51248 135.13068 143.26332
147.66074 135.40054 143.50688
107.13573 74.35408 75.98376
110.25707 77.83922 77.74123
110.18235 77.72246 77.6102
99.239136 76.269516 87.072624
99.34909 76.38183 87.25392
116.1997 87.96673 92.11289
116.817055 88.18773 92.08851
90.122055 61.49893 67.762726
114.940254 89.87138 94.166824
100.26249 80.54113 82.33321
100.26249 80.54113 82.33321
88.97487 78.07879 91.39976
89.11001 78.20875 91.93437
89.09068 80.77486 107.22933
109.65462 87.46681 101.562744
158.55655 109.1799 125.976135
88.80326 79.83238 97.35336
82.45618 72.502525 91.3879
93.42739 88.95094 107.01972
49.759087 77.46689 94.16801
49.759087 77.46689 94.16801
128.97392 116.975266 85.51719
129.19417 117.01249 85.22728
62.284733 68.04979 80.127945
58.666824 66.63114 87.34353
78.55591 75.19705 89.77221
90.333374 78.68788 89.08073
98.231346 88.74293 98.15529
49.69555 53.98546 53.79224
71.19243 71.635056 69.17781
37.880432 58.78082 81.852104
46.244507 74.72507 95.94156
42.246777 62.601025 72.05124
42.21365 62.543266 71.96187
38.922672 53.278725 63.214516
38.927494 53.25486 63.12577
109.06496 124.203415 65.346214
106.571594 110.706024 94.19279
86.32476 97.244194 53.69571
107.52023 104.50735 65.10515
134.11037 128.36649 89.75308
132.43149 147.1134 136.45297
132.43149 147.1134 136.45297
122.83329 126.65264 93.66544
122.83329 126.65264 93.66544
118.99111 128.83966 98.78347
90.5891 110.61356 90.05125
90.530304 110.43923 89.87111
121.27011 115.57788 84.77422
134.02908 140.009 101.69409
134.02908 140.009 101.69409
133.00209 133.03078 108.11087
106.40248 149.45923 146.75601
141.92413 146.8014 111.901535
141.92413 146.8014 111.901535
119.542 110.26956 60.909515
119.287895 110.047966 60.428047
142.76738 142.93295 114.21025
126.08238 134.27019 70.7922
126.08238 134.27019 70.7922
130.40813 125.84108 91.52999
128.38913 151.72578 153.62459
146.89375 154.73108 111.81907
132.37029 116.06109 93.90343
133.39047 114.5486 90.58227
129.7093 133.60443 101.65821
93.56239 103.016396 63.84831
93.56239 103.016396 63.84831
102.338 102.52908 64.654816
102.338 102.52908 64.654816
87.394936 101.21353 43.95377
87.472694 101.33436 43.897224
159.17102 152.02382 130.96393
142.07716 136.40872 94.47949
127.218506 117.75261 94.10882
139.41742 139.78995 116.04161
126.86992 113.322426 84.51347
116.98578 108.38099 83.942825
116.98578 108.38099 83.942825
157.69576 179.2021 165.54935
158.02797 179.52707 166.05615
97.41635 90.22977 63.40908
97.41635 90.22977 63.40908
141.89015 148.35487 148.90576
136.34381 114.237236 105.54192
136.34381 114.237236 105.54192
124.97704 128.17065 48.834873
113.379326 112.67157 69.13885
113.07203 112.43449 69.49257
89.17986 83.3052 84.3201
88.96266 83.09562 84.19674
147.29568 158.64572 132.72934
147.29568 158.64572 132.72934
144.14311 128.81508 122.0484
143.84886 154.58235 144.17169
144.82927 157.65161 148.78754
144.94247 157.75497 149.00798
110.27399 77.23399 59.01359
117.550575 108.62905 105.457245
155.12143 164.97156 165.16031
155.05295 164.95662 165.23929
121.81085 103.358345 92.193855
138.39291 114.78639 96.61819
138.39291 114.78639 96.61819
131.97676 127.86921 127.61696
154.33131 166.63 162.1484
118.29334 98.23582 90.416275
125.32551 139.37514 111.747314
103.62775 79.45717 72.82681
113.4516 69.7287 83.021416
113.614746 69.93358 83.29042
94.97427 64.53568 52.324047
154.77165 169.03537 185.3563
106.68362 79.61522 77.79801
127.611664 85.72479 92.66374
121.32966 91.77323 91.462975
121.40418 91.78647 91.552315
122.099655 99.63778 76.91777
91.60586 68.373634 58.72874
122.597595 104.69279 83.51157
122.597595 104.69279 83.51157
163.58827 182.9561 159.50383
150.4032 141.2726 65.95199
150.5884 141.43694 65.893745
123.871346 139.65802 151.07283
120.17248 137.95409 152.72328
120.40766 138.40865 153.2743
111.32634 111.845345 71.978546
68.377075 62.376995 88.618065
68.377075 62.376995 88.618065
88.21985 69.62158 90.70855
98.22084 103.06891 124.99621
98.860245 103.89983 125.65995
135.3855 118.637344 107.40386
139.71278 121.876205 112.198555
140.38043 116.89205 100.90011
140.38043 116.89205 100.90011
107.17939 91.50838 85.80812
121.73941 111.27252 109.27564
120.18216 112.03959 107.03663
120.18216 112.03959 107.03663
99.90679 67.01047 65.030106
70.01628 48.82796 77.51904
93.33922 69.12608 97.73254
93.49565 69.313416 97.80125
86.84246 73.553024 101.72985
86.84246 73.553024 101.72985
72.26375 60.002686 78.52952
79.65687 80.82792 81.257904
79.766556 80.91955 81.13494
80.90888 79.1445 91.52043
91.80998 90.1424 116.76347
96.4821 87.18769 84.81409
92.84665 83.479805 78.36795
92.8018 83.48992 78.32025
90.72574 74.21874 75.66323
84.94034 67.16568 74.52027
95.34061 68.01786 76.36641
100.53699 82.644066 94.49242
125.280304 97.829025 106.05061
125.29916 97.848465 106.08918
66.787186 70.93808 77.333725
94.68188 91.447174 115.35886
94.65659 91.4542 115.36866
80.42121 66.88687 59.994507
80.43476 66.753006 60.029556
84.71566 82.56401 83.028175
84.71566 82.56401 83.028175
104.76849 89.66951 100.01395
111.04591 106.08436 107.0482
110.96823 106.1626 106.94966
70.93773 55.257744 64.47321
67.16833 63.507153 72.416985
57.446537 45.651848 53.831833
57.623756 45.786865 53.91311
93.60969 83.14572 74.39474
89.82571 69.13245 76.69101
97.32954 76.92769 81.131226
64.44875 50.240597 57.964676
82.034454 65.22186 78.029755
69.865654 74.27138 78.039635
35.95602 57.47238 47.210762
84.65134 81.69812 92.72594
86.54283 68.31927 70.22412
87.08049 68.73408 70.305954
41.52845 38.25067 51.69057
41.555634 38.227913 51.587482
88.621185 75.45409 85.197525
69.912674 53.718983 75.17828
69.912674 53.718983 75.17828
69.87423 53.660305 75.30251
29.150782 30.821558 45.87253
29.128853 30.79872 45.827328
28.647385 30.055002 44.734234
39.727634 40.27185 59.72222
36.85945 41.15667 56.442745
36.897305 41.190533 56.501026
44.353485 55.981506 76.40533
44.353485 55.981506 76.40533
119.15212 91.39126 91.29488
116.02399 107.1739 123.655014
107.89086 83.5437 68.26533
128.44926 74.60376 64.270584
128.44926 74.60376 64.270584
164.32744 54.616444 30.645054
139.15019 64.44409 37.400032
108.7892 57.41007 43.879524
136.58218 48.584953 34.111664
136.58218 48.584953 34.111664
65.940254 62.067566 76.03868
50.602932 50.091274 65.85586
56.456734 62.37261 61.89193
56.7095 62.708233 62.21282
64.13774 68.036705 76.0435
64.25869 68.06693 76.28521
49.76233 54.38055 76.7419
60.20065 63.807137 87.36155
36.993282 38.2841 51.697765
166.03152 53.423622 43.7564
104.982574 64.3308 51.828274
104.88146 64.417816 51.89276
107.40157 64.97993 44.633278
172.24948 83.357635 63.852734
120.82986 90.3943 63.39667
161.34468 79.06496 61.60957
126.62392 91.23945 79.746796
187.31985 111.62664 76.88474
112.17212 84.52181 73.81622
147.6784 89.659874 71.59329
147.75763 89.614235 71.557014
170.1053 80.882095 63.588985
34.919945 36.76 60.428757
39.03813 36.752804 47.81184
25.31488 27.08436 41.850246
25.2988 27.09337 41.879208
22.938793 24.93662 42.632328
23.12419 25.106962 42.790108
26.689821 32.04955 45.322548
23.039 29.992256 39.437176
29.217915 31.908962 43.600006
122.42749 68.12229 55.632015
78.84353 41.091038 33.334835
78.85499 41.089695 33.336456
48.787853 60.47724 86.44239
47.797455 51.489136 48.559784
46.460922 56.207207 71.23032
160.16457 109.01229 72.66671
115.60862 68.72831 51.124348
115.60862 68.72831 51.124348
125.31318 48.590603 36.649796
32.986843 31.167023 42.610912
29.718113 33.790737 31.876007
29.736012 33.79078 31.877943
107.393 62.556465 50.783943
107.74771 62.879208 50.964478
124.233246 83.49601 63.589893
147.18333 93.89485 67.36491
171.597 113.066025 54.18986
186.34021 124.98337 59.85866
128.39209 46.480083 39.500515
27.76948 26.337996 36.465862
45.037655 57.1786 68.364075
28.469732 33.670498 45.145092
29.393236 35.61297 60.9791
154.03952 76.46341 47.20958
153.94449 76.40888 47.172752
114.07737 62.550735 46.182194
171.23044 100.46894 67.436104
171.23044 100.46894 67.436104
142.2104 59.286274 46.927177
86.62241 41.069424 28.918207
96.76766 49.311325 41.37423
97.02363 49.465782 41.55587
128.45125 75.40118 54.799984
124.50257 79.29366 62.191124
117.143906 79.35582 67.734474
147.46713 81.00407 69.39659
107.91078 63.543427 58.2502
138.3679 69.02983 50.021217
138.3679 69.02983 50.021217
54.047733 54.765053 72.721985
100.22028 57.447884 63.66959
62.432354 55.390705 79.8949
62.515804 55.417774 79.85621
164.90636 103.94484 69.77276
112.34855 70.70989 56.41655
143.33792 85.959694 56.392326
143.33792 85.959694 56.392326
47.194286 56.524025 89.54263
47.242847 56.625927 89.72724
50.07156 55.511497 88.10842
49.85463 56.681484 92.93101
46.049904 57.44318 82.114235
208.32552 128.4821 96.906906
208.30307 128.40663 96.8798
59.349453 32.117393 49.796192
49.717163 30.300142 21.904812
168.58981 97.45274 61.790974
102.3035 65.11629 47.41054
102.15193 64.98783 47.341354
166.49908 54.987278 42.016754
158.50502 67.42232 51.740913
185.77861 63.449028 51.5243
185.85 63.39667 51.517662
136.27672 86.18263 66.35368
145.43895 61.553898 48.327644
128.85483 64.15422 45.161926
146.93895 91.48352 70.01422
145.54868 100.91311 75.954796
118.91256 64.18488 46.38462
145.47586 90.44982 66.74882
152.09583 98.49242 60.84582
151.75092 98.37601 60.7434
142.83563 88.47396 57.847557
142.83563 88.47396 57.847557
159.389 88.76581 69.00375
153.87099 88.50012 62.656036
148.62787 81.96725 60.372097
133.88463 88.221985 75.387825
142.60577 95.94986 82.20693
157.7711 93.82179 79.08598
172.82448 97.85214 77.24431
174.73933 108.63217 77.86052
154.14323 103.08918 70.464874
152.00072 93.68717 71.02999
151.99774 104.50375 82.83171
172.21408 124.85641 94.920265
171.43208 115.78781 82.19472
122.27296 81.09902 61.302197
117.07997 71.3474 55.30113
156.4642 114.31287 93.087006
117.55393 69.24099 66.03319
125.00004 123.54303 99.15078
135.1972 135.09506 106.662636
133.35878 134.06985 105.85423
152.37044 139.29204 123.11534
152.29962 139.34238 123.071556
157.65833 139.62794 128.51328
116.74233 99.92417 97.286705
103.79295 96.06488 90.30714
136.35033 136.44188 112.681206
141.79144 150.22649 107.59471
141.45697 150.03781 107.37878
144.44315 158.43082 93.158134
61.435555 17.880552 10.896199
61.4107 17.85554 10.89122
198.13312 97.26841 47.830765
198.21922 92.2698 41.173817
198.30713 97.21665 47.17208
198.03256 91.57701 40.796387
197.96017 95.20851 45.593487
198.11285 95.10898 45.16892
197.69203 93.5356 43.69065
195.98486 89.9075 39.96021
196.25249 90.227715 40.00261
198.14612 91.8442 40.84578
197.96349 90.629326 39.821835
197.65529 93.64351 43.51462
197.45816 88.26585 37.379723
