0.0 0.0 0.0
0.0 0.0 0.0
14.657769 14.644227 14.644726
21.084497 25.81903 33.690308
25.571205 29.543905 34.592266
26.679438 30.479507 34.901176
24.570599 32.177975 45.18988
21.77131 25.776194 40.963863
113.448074 110.16946 93.54783
15.634569 22.776587 37.36037
192.02495 171.81557 201.08214
93.525375 102.19611 97.92691
108.00795 99.55777 101.254814
106.886635 105.637886 111.63432
99.78749 90.609055 89.36643
74.15 83.69191 72.11861
74.14936 83.68764 72.11718
98.71037 86.1799 81.19123
93.59177 95.01582 91.266106
110.05809 108.99829 113.97142
111.724236 103.43735 90.80146
130.0026 91.03393 91.21155
99.14612 101.30257 103.99936
101.30374 99.46411 77.179756
100.37823 98.866356 77.21511
123.14836 100.74373 101.276085
92.815895 86.25859 91.23396
116.20129 109.59519 81.946434
120.61308 101.20057 86.99829
115.06543 100.488525 100.64615
102.03386 80.04041 78.48571
98.70381 85.37238 82.00449
102.81304 55.298717 86.28785
102.73974 55.267784 86.18592
108.50111 92.923416 100.45121
118.1165 83.88785 74.7015
116.84693 83.07266 74.307625
129.7345 104.2165 102.18892
115.29822 72.40802 91.03218
114.81914 72.15374 90.82142
101.70916 93.64116 94.428116
126.786064 108.0293 78.037315
100.57174 103.17035 99.09765
100.143196 102.730576 98.67623
98.94911 96.91853 76.33097
98.70242 96.38051 75.77256
140.86005 114.177444 105.46404
132.04091 130.56276 120.156204
120.733284 108.04156 95.532005
119.63354 105.954636 92.22452
119.63354 105.954636 92.22452
140.47697 123.36832 117.15424
140.47697 123.36832 117.15424
151.06831 178.36034 174.33707
89.06376 86.033714 88.055275
89.06376 86.033714 88.055275
92.14893 79.67602 84.187775
89.80688 78.73674 84.602135
93.59982 94.07035 98.18685
93.59982 94.07035 98.18685
107.199036 95.32545 96.19815
137.00082 104.39893 101.65463
75.0654 69.20987 62.95467
77.90047 77.66433 56.58079
84.40485 73.49348 78.230225
64.2876 60.53015 58.43275
64.24964 60.37919 58.125515
118.74469 104.173164 93.57277
97.090416 113.99355 106.692375
97.090416 113.99355 106.692375
87.48814 94.78314 97.0536
100.3098 110.472916 104.87744
99.74772 109.7922 104.19498
139.44081 144.93877 96.98051
143.99223 142.91447 102.40079
145.12363 142.4145 100.5103
145.12363 142.4145 100.5103
134.54419 125.74341 90.75902
175.03429 152.51172 86.52769
176.7849 152.8308 114.03674
123.80809 109.50203 84.47302
132.10873 110.74644 87.07862
132.24936 110.71511 87.23899
113.69918 120.76782 85.339775
110.29854 114.30449 80.274445
136.38654 144.48656 87.14177
119.17587 113.28282 82.811295
147.06754 142.83157 83.385635
141.68147 132.19711 111.4763
115.249214 120.12074 107.94946
86.51614 112.17573 107.01653
86.28186 112.37972 107.43735
138.87488 129.73361 117.29444
139.38774 130.0623 117.29024
105.70795 107.37238 96.515785
49.5598 60.916965 118.31718
108.369064 112.94651 96.50727
121.0206 124.19163 92.898964
157.0716 154.067 147.28757
124.210266 127.146614 103.460014
106.240234 100.573845 72.04715
109.49537 92.25371 75.88211
110.442764 93.10492 76.18432
108.149605 102.91543 72.057594
180.06068 158.7306 104.41447
180.06068 158.7306 104.41447
116.50495 141.40068 52.45538
155.43475 129.44778 87.54173
118.73111 111.81639 70.44779
118.73111 111.81639 70.44779
140.36023 151.0922 120.95912
179.47844 177.96529 150.76454
150.38033 150.9315 85.88689
114.40028 113.48714 71.63507
145.44907 137.57866 65.17509
50.76422 49.294296 52.808163
123.7361 142.33086 144.21275
79.83261 65.445045 59.048397
80.55492 122.31397 118.60699
76.26582 62.32402 54.237812
76.26582 62.32402 54.237812
77.84466 146.35313 152.72972
83.6815 94.74725 101.03489
123.61458 142.30527 136.59953
75.40759 75.57812 76.14751
125.556595 139.70905 131.35841
146.4634 154.153 132.68813
138.14516 108.27003 95.19077
138.42662 126.44152 110.33767
99.3722 81.04141 75.915215
157.31094 124.308304 114.63008
134.93956 99.58471 93.342834
106.16393 97.296936 67.754845
128.81796 109.44355 74.635925
128.81796 109.44355 74.635925
115.09219 95.85121 81.92395
115.016464 95.83243 82.10581
145.48311 93.80884 87.22174
142.54501 104.49676 91.28407
119.4691 99.11415 69.08371
131.1625 87.79259 78.99722
131.18646 87.705414 78.92997
134.03226 97.33168 84.40766
145.35556 125.14537 76.321205
145.02965 125.07634 76.417534
122.88439 147.65253 61.198647
83.02238 76.03956 39.34697
66.75934 65.43788 36.882217
107.93168 142.99821 197.02773
140.9703 134.5593 97.31183
88.35799 71.5186 61.646973
82.233574 93.45413 87.884964
84.40916 133.28154 134.12206
79.15734 94.59893 85.925804
107.32003 108.446365 88.162865
107.122665 108.269066 88.14804
82.8227 88.01714 81.445114
82.50987 87.432 80.537025
96.461044 105.12879 91.358765
60.83571 60.85795 57.21789
151.4964 148.21614 141.61122
151.87926 148.47783 141.81183
101.26917 94.283676 79.59074
97.39448 92.26137 69.28457
97.36953 92.23347 69.27512
117.09234 96.46732 88.572525
116.66625 95.64416 87.99765
107.05531 93.66967 86.830826
83.9784 74.175766 62.923237
95.18667 88.590164 74.182755
95.27783 88.73164 74.2155
92.311935 80.18984 70.262085
118.76582 119.762405 99.61825
118.76582 119.762405 99.61825
87.55353 77.52994 62.225697
87.32801 77.17291 61.96543
73.85157 65.54854 55.96454
87.35117 72.800644 69.60281
86.580505 97.26069 99.66076
102.30649 86.21575 58.80784
102.33856 86.34159 59.111225
99.1088 85.209015 68.04016
77.515434 75.91679 73.48336
77.515434 75.91679 73.48336
114.909195 118.1866 94.47373
115.18656 118.667175 94.90449
85.367714 80.75919 73.31297
85.367714 80.75919 73.31297
104.93321 90.82865 73.205414
57.51992 54.3067 60.491127
57.496223 54.738525 60.763542
46.695866 39.808445 51.561867
51.131363 53.00342 58.503635
51.52345 53.47092 58.969208
105.4762 110.26318 108.10755
100.768425 123.18507 151.91147
199.26169 208.05083 210.38692
199.25075 207.9326 210.38806
120.943016 139.49547 140.18564
91.46048 83.033714 95.417786
102.26636 111.544266 105.384964
102.26636 111.544266 105.384964
84.685814 88.87199 95.29886
74.738884 69.138985 66.558556
140.6728 147.99886 125.36579
87.14291 62.408516 48.61789
61.34929 55.71796 41.39091
61.34929 55.71796 41.39091
57.00335 54.958126 42.233677
57.00335 54.958126 42.233677
66.239876 58.197792 58.70417
76.80221 68.59865 60.570847
76.41664 69.60691 61.321632
55.050533 53.674698 47.7907
87.16579 74.8851 71.988205
73.45549 76.27099 67.78489
113.486496 116.413864 113.1155
111.55146 99.896576 76.57409
129.05705 102.375336 83.736885
86.96258 75.23428 56.93674
86.96258 75.23428 56.93674
117.87209 107.856735 97.451675
118.01725 108.025764 97.57805
91.44016 95.13514 95.82427
104.03788 75.75973 57.45524
173.9938 184.59615 188.48375
101.33902 101.843475 95.72513
50.578724 45.234497 51.360477
87.04423 79.79751 77.9309
90.147896 77.42384 74.01892
43.530113 53.872524 71.24469
111.91141 133.19832 122.7139
111.91141 133.19832 122.7139
107.32481 111.51401 102.650215
97.69056 107.8077 99.98639
77.28945 81.31087 90.42538
79.324234 81.87505 87.30781
89.62213 97.15531 109.58535
89.62213 97.15531 109.58535
100.2031 116.461044 124.87416
100.42071 116.59921 124.95171
72.98482 79.07349 80.90079
105.734886 100.356804 102.30385
67.9119 76.148575 98.712975
88.35085 101.046974 87.77024
87.18988 91.948685 67.857124
86.992584 91.58935 67.66903
64.48051 69.07103 93.06069
61.352814 60.060085 91.01981
65.51461 54.433712 72.62324
61.580757 66.17259 93.13058
61.580757 66.17259 93.13058
70.919426 69.12512 89.87858
86.80738 88.4237 83.67495
72.74558 66.56572 65.80909
73.17534 67.024734 66.262794
78.85503 67.52566 77.61629
114.18364 119.97819 128.80147
89.83471 85.547295 91.088486
89.42338 84.29779 89.79312
59.07623 48.948895 77.01297
119.60802 124.16425 122.5846
119.50727 123.938416 122.28018
83.98717 91.97601 104.421165
96.582825 119.593155 137.5978
90.20217 96.39437 102.38072
152.13374 157.37709 168.39636
89.349785 102.11778 119.36597
76.99095 87.285355 96.92509
76.99095 87.285355 96.92509
134.00984 120.196754 103.7902
75.18368 87.751785 103.48375
153.94145 131.92302 83.43728
153.94145 131.92302 83.43728
103.77316 96.38207 86.883995
103.77316 96.38207 86.883995
159.70677 141.92459 100.99426
114.166176 102.55577 57.15157
144.79932 144.18303 109.061905
78.64879 78.67263 75.835106
132.2835 137.86058 127.932465
143.54256 158.65813 154.98885
143.86989 159.05083 155.35869
165.8058 173.00656 170.89618
165.8058 173.00656 170.89618
89.46807 93.83556 91.33393
106.12341 93.62541 62.776337
96.90346 92.02787 90.37277
100.17719 88.86162 77.88072
100.17719 88.86162 77.88072
99.7072 88.75702 74.93967
107.32298 98.471596 86.30524
97.75727 81.17313 77.97516
93.67901 77.860405 76.663506
105.92573 162.4695 214.87712
105.92573 162.4695 214.87712
111.462364 137.85378 115.17384
144.1981 184.29198 159.48535
128.90567 137.13564 117.33567
149.286 121.12316 100.40816
131.11122 106.77787 87.34052
94.675125 86.922455 79.32309
100.85545 86.77651 78.40973
134.19989 119.92958 85.602425
124.6268 108.52705 95.88004
99.07484 92.061935 78.48115
152.91058 117.37587 85.25107
122.84262 147.35054 111.44202
123.03453 147.81842 111.63486
149.62344 152.24252 128.33264
118.629654 153.63792 151.45299
140.88454 140.65063 95.10809
140.25795 141.77014 111.73268
140.03917 141.69087 111.42737
117.1438 120.66009 114.88322
117.1438 120.66009 114.88322
137.24355 162.3866 165.3309
102.73164 94.575806 85.740486
102.64166 94.35702 85.77627
77.124344 72.46443 68.032646
123.88574 138.81839 121.014465
120.1082 155.25249 207.90749
119.75659 152.02127 76.51661
127.43799 171.16248 168.5772
90.43735 84.49925 84.03278
136.6252 164.89388 142.2031
136.6252 164.89388 142.2031
143.64195 139.02127 112.98835
123.038025 103.78514 94.87759
105.21882 100.72819 99.28261
105.97373 101.50307 99.91736
69.46419 70.58296 69.5788
69.46419 70.58296 69.5788
79.08717 81.07502 61.687668
79.069565 81.0557 61.806557
90.39116 103.8969 112.3108
146.76062 134.09694 131.754
71.809944 74.02563 63.04651
54.11251 52.123665 40.96985
157.8522 170.43895 148.21532
157.8522 170.43895 148.21532
154.43628 163.5365 125.31265
164.45947 184.02812 137.06975
103.191696 103.88019 81.57345
103.191696 103.88019 81.57345
140.64522 146.69295 129.31177
133.69177 178.06815 124.13667
98.04416 108.13974 78.08642
122.13118 122.39177 124.09248
79.40962 71.1289 71.198326
98.83457 101.376625 110.029366
95.79576 122.5072 141.9361
136.6299 152.12341 127.19099
153.74263 113.90207 114.10709
137.89914 166.80452 175.2465
116.3944 144.88307 162.48114
115.707664 144.1684 161.82448
152.20128 193.90004 211.40952
65.64184 69.46044 66.5727
137.4438 178.01714 187.12819
139.59879 146.34227 138.6412
139.59879 146.34227 138.6412
106.04041 102.768036 91.71693
106.64234 103.22202 91.76868
117.016716 101.94219 105.57477
107.942375 101.24605 87.83863
94.03261 89.92886 82.380615
78.82074 66.54979 61.87502
115.28767 94.572556 78.205734
115.46586 94.81009 78.3037
81.65446 65.604416 63.543976
81.65446 65.604416 63.543976
90.36861 63.67655 56.072346
84.88888 70.78154 67.544655
123.290985 101.126945 90.90923
68.019775 69.42844 71.374664
134.3706 114.563934 89.25627
134.3706 114.563934 89.25627
92.75271 77.430115 73.822556
122.45777 96.79408 108.21543
122.10631 96.49312 107.8051
108.01215 78.485855 80.76572
82.78774 56.836388 55.916893
93.57227 70.74312 68.93425
92.539345 61.3299 55.234676
89.941696 68.120705 83.248146
84.38706 60.21828 56.953957
84.38706 60.21828 56.953957
116.610085 82.9402 66.61151
117.01985 77.904526 64.36429
145.1217 111.13343 115.71539
145.1217 111.13343 115.71539
116.309586 67.94929 62.45513
235.21173 178.8402 173.13464
235.37029 179.23322 173.3077
106.6835 91.46475 94.12619
126.098465 79.16711 62.54843
135.27676 108.821526 93.881645
97.43297 101.06636 87.14455
88.13011 79.03485 68.19897
87.84786 78.857056 68.171486
76.76903 66.14711 44.920315
76.76903 66.14711 44.920315
103.21914 89.47281 74.24494
108.77235 81.41073 82.31475
110.90378 92.4727 75.2155
110.68856 92.11137 74.87017
97.51305 76.49593 59.645187
97.482216 76.58325 59.716286
104.964325 78.41493 75.77687
85.52434 71.74544 58.989735
79.75727 77.767105 66.66871
79.75727 77.767105 66.66871
65.47434 64.13802 58.659695
203.50563 193.8557 201.47708
115.085175 94.64173 81.183784
94.05485 76.47687 60.73129
114.87213 91.80752 79.11254
63.197113 62.90303 48.99501
63.07769 62.881577 48.98724
198.30495 128.24982 103.941765
98.91401 78.817 72.56012
99.89497 79.37759 72.566925
32.955666 33.996685 61.190697
131.3876 112.55417 81.96786
122.87313 104.786995 96.788666
70.003494 73.24009 73.7449
31.710335 38.096794 75.05845
31.710335 38.096794 75.05845
30.282501 31.941376 48.657127
42.69241 44.27174 68.87045
83.27655 104.04237 125.55086
29.029936 40.04558 65.52723
61.07965 83.4196 101.00232
46.551105 54.425232 68.59159
29.063578 30.427477 43.142624
31.088703 39.469994 54.54608
31.088703 39.469994 54.54608
22.50524 34.88938 66.3768
0.0 0.0 0.0
6.276871 6.268532 6.268995
6.276871 6.268532 6.268995
10.693407 10.684854 10.686066
0.0 0.0 0.0
101.23083 96.94547 91.265755
0.0 0.0 0.0
0.0 0.0 0.0
18.27705 18.260584 18.262829
10.98881 10.968496 10.969922
10.98881 10.968496 10.969922
12.978618 12.949144 12.950748
12.613044 12.589986 12.591625
13.147933 13.120884 13.122702
13.147933 13.120884 13.122702
11.203742 11.187135 11.188239
10.189878 10.179223 10.180399
10.189878 10.179223 10.180399
13.3099785 13.290271 13.29166
28.734497 28.700321 28.704847
16.442337 16.417534 16.419565
16.442337 16.417534 16.419565
12.191411 12.165681 12.167392
11.137028 11.117355 11.118247
13.127905 13.115609 13.117
11.314897 11.301211 11.3020315
21.302994 21.28186 21.284676
