0.0 0.0 0.0
0.0 0.0 0.0
17.848967 59.37587 115.76798
0.04771013 0.06784799 0.08426865
23.68382 40.27529 44.923634
78.959114 42.61868 36.681293
71.73002 45.513878 38.70219
60.510483 42.58046 34.241764
70.888954 42.978672 32.455593
31.973835 16.11812 26.380634
32.09643 16.196037 26.433578
45.43769 21.116207 28.536215
75.139885 52.527157 71.07102
106.377495 48.042946 30.53719
106.36227 48.054893 30.54199
56.125015 30.702948 41.488724
58.490345 27.862753 40.759968
74.95532 72.11747 134.28268
218.99188 208.78299 182.11653
218.6341 208.41539 181.82135
74.62063 78.70255 120.244576
91.26154 97.84872 139.14389
175.226 91.245766 73.11501
123.73388 101.91407 124.23187
166.35464 106.0642 110.42246
100.04991 124.63875 132.20326
139.22281 87.776825 114.114075
142.95757 85.01158 103.4439
154.3135 107.15111 119.99574
123.931465 95.13223 120.27446
192.16039 119.37414 76.31293
177.96024 111.99076 87.16536
152.4225 107.03064 156.85005
108.42159 114.83857 130.41943
108.13465 114.34906 129.7293
71.00004 77.42802 94.40138
71.440834 81.71107 106.42322
71.44065 81.71096 106.42315
72.23036 98.52034 131.73384
71.98715 98.04771 131.10101
39.49926 17.433289 34.80216
32.480312 47.88022 64.46772
26.263777 28.13039 36.17153
34.652855 32.981415 40.177055
28.077303 29.485619 32.11415
34.909595 36.273556 43.612328
34.640263 35.95601 43.266556
106.66166 72.286224 42.05738
47.82699 52.178535 60.769604
27.797575 32.08434 39.716446
45.625103 49.922226 58.880726
37.73229 42.762894 52.25378
41.824425 47.259087 55.930313
38.877693 43.035656 50.175285
38.060234 40.78978 47.43697
41.677868 44.356094 52.340393
51.201595 53.4845 60.705223
44.445522 43.464973 45.475117
89.26378 118.057205 174.82703
25.204374 31.227507 64.20986
96.53142 127.22469 165.2689
74.767334 114.87708 170.06258
100.04006 82.5918 61.784042
100.13422 82.67047 61.837994
64.76755 60.452633 160.78603
101.27186 93.7193 121.5989
101.3767 93.48378 121.38168
61.775234 43.294994 52.772747
136.46631 75.65058 82.24407
195.86285 125.92201 86.91855
32.80999 39.673824 75.87517
52.93771 36.37031 59.17301
61.996353 45.177883 57.903713
30.413404 29.471796 54.05233
34.859795 26.03432 45.8494
87.53549 41.99816 29.187016
57.477028 51.581398 55.772312
17.652243 23.413765 46.160706
17.559927 23.404526 45.94742
35.549892 29.740229 53.513046
38.329025 28.55076 62.23606
47.76304 21.923779 24.05399
102.950775 60.18142 79.41055
61.529034 35.972645 41.538887
61.549965 35.975677 41.48468
65.79772 25.739038 37.05572
89.87936 95.05688 85.84839
80.94619 67.33755 54.309826
81.703094 67.97694 55.13577
135.19257 93.4941 74.38089
148.4836 140.06691 122.70389
148.3265 140.09366 122.89198
74.03216 34.733734 32.426323
93.354904 53.614494 47.448845
103.941826 99.81439 96.36847
103.51511 99.27334 95.90884
189.41492 137.20099 107.538994
167.96362 126.99574 106.98845
170.59457 148.19467 134.12148
127.93558 90.22119 84.200005
115.19835 118.40958 118.90783
129.22148 87.37504 79.87066
128.92378 87.03162 79.550865
132.78253 112.57916 107.43256
125.40918 87.157425 73.35858
105.11603 72.62568 69.04851
121.957596 75.02017 56.817135
82.061386 45.369736 41.022266
82.97384 46.9555 41.203976
110.53196 52.64109 50.16179
78.47227 39.478508 33.060307
128.1929 40.507957 54.917572
81.14158 32.858315 51.17738
160.14693 107.56209 90.51204
160.06334 107.55376 90.489876
23.836227 18.748348 57.820095
13.050128 22.20524 42.136093
44.030098 26.877802 27.68281
82.944275 29.860407 21.165361
105.18207 37.029846 27.50572
77.96492 36.001118 31.837814
129.29637 96.078026 56.275723
68.98405 53.493088 44.546608
85.913925 61.410408 53.81537
26.156303 27.67007 33.992565
29.210005 27.182072 63.427624
22.53138 31.100328 49.39666
18.651125 24.26302 38.80898
18.021654 25.226498 46.031612
62.930202 51.818146 57.525063
63.728355 32.177704 49.209644
93.55866 67.91465 70.38356
68.433975 56.93677 64.30427
73.72652 54.912918 58.81728
73.70302 54.914288 58.804684
63.992783 53.374176 61.27233
64.52398 53.72482 61.602547
61.730015 46.294273 48.76311
54.002636 44.154716 47.00635
23.246563 23.050959 49.98145
78.16886 68.55271 82.64474
59.415894 50.538128 58.053665
47.44675 42.757225 48.44213
47.741238 42.96283 48.631638
80.406044 79.12299 122.72016
47.51283 48.290844 97.87012
154.7271 92.08889 78.98073
90.850914 108.56198 157.63
62.42214 75.76188 111.28013
62.39157 75.66845 110.99852
46.52907 55.65235 74.90003
23.941319 58.52557 95.01166
25.898987 50.506695 88.1956
25.942257 50.576347 88.26991
41.82226 66.46065 104.28929
41.71771 66.15609 103.9232
67.64639 68.64423 83.83951
64.24234 54.6796 68.74763
80.59154 79.15547 92.7573
58.238552 37.85077 42.18348
81.366196 55.345448 61.54217
69.18085 63.837418 76.596085
67.50193 58.76495 70.68887
67.83276 59.16926 71.36244
49.73229 47.47829 70.17604
55.895775 46.770004 52.79956
39.695515 35.942436 29.954311
162.91902 112.873436 118.058174
162.72089 112.736984 117.89657
141.86282 94.86351 92.60417
53.516438 75.1938 64.61186
53.096684 74.89065 64.37168
69.05262 88.81378 87.82067
144.90361 104.06662 102.47523
39.671227 51.415604 40.8813
67.1537 82.44675 106.805405
68.18655 90.75668 114.49302
67.98495 90.637375 114.52596
93.19871 88.87917 121.091774
93.17908 88.871414 121.04497
95.23888 66.560394 62.693203
99.02306 98.03194 139.10408
57.58093 73.422066 109.725395
85.72431 77.04009 77.02696
153.40688 68.730736 38.88177
80.16684 99.89314 114.48154
68.20719 108.38857 146.3614
96.44365 79.52304 85.124794
86.84359 99.71594 118.08806
86.48208 97.34072 115.49367
97.52986 58.45256 46.23451
116.82432 138.50456 150.49663
22.80057 33.627304 27.040493
22.786676 33.67393 27.096033
87.94298 83.50648 80.50868
81.96413 108.41994 97.907394
114.76957 134.38972 136.82869
118.72168 140.99492 141.76025
118.67144 140.93944 141.701
74.469376 90.35718 100.98033
61.62388 67.28428 62.526184
103.97687 149.87062 154.9429
103.9712 149.88715 154.92886
106.112236 142.9398 143.00354
50.490383 63.432133 61.849075
45.820744 65.099174 64.51799
45.87015 65.17579 64.60161
22.732325 47.976685 39.215923
34.296944 56.701252 60.147427
34.091125 56.549713 59.9795
53.4295 73.41387 56.086002
109.079575 116.19975 98.51099
89.70425 72.46065 66.616295
72.99996 72.90573 65.885704
50.53766 64.559494 54.823307
78.01602 67.435814 56.27222
66.79422 74.844025 57.542133
66.73142 74.71302 57.417267
86.245445 73.81833 63.837563
60.669132 77.38634 64.431625
60.392292 76.483925 63.639397
85.365944 118.37558 121.28078
16.244144 23.971489 31.632719
37.127357 39.63936 43.34967
55.339527 47.46353 55.966366
47.024433 52.027534 42.84258
46.771877 51.638565 42.432747
32.333935 38.383343 45.454655
56.962395 53.060196 63.86741
56.306976 52.149265 62.90469
37.315166 49.28662 63.222454
35.446064 38.257027 45.982895
106.37862 85.54556 59.994335
54.291817 60.914288 66.95994
58.012955 64.07532 78.64257
126.110504 116.620705 122.83399
56.922623 59.40756 65.75142
56.937458 59.354866 65.7084
82.21683 66.64044 65.17875
66.15453 54.38226 56.20163
65.82136 54.050274 55.862354
92.11119 79.80256 77.11397
83.317696 68.639755 67.81685
75.01195 54.448807 56.687286
68.243744 55.624924 55.603127
72.48418 49.6591 51.141903
79.075356 57.99343 58.604496
79.045906 57.967663 58.58039
96.03688 79.37219 81.37674
55.43145 44.52077 47.52604
74.411705 64.05377 64.92984
88.36688 56.214733 57.836334
103.81854 87.7206 85.09921
70.53127 48.828827 50.620125
93.752106 67.90595 70.14681
78.495834 51.74131 53.87733
89.9524 59.165108 61.4657
75.81425 56.969975 57.245914
75.70349 56.870728 57.14692
49.234436 48.34357 55.699917
48.49226 47.609116 54.971813
53.673103 47.965103 48.742466
34.400917 40.37468 48.47468
34.404022 40.370926 48.4592
47.211773 48.41582 54.883358
47.387634 48.587536 55.106537
83.77672 49.820854 60.932766
37.44545 32.285465 41.647297
75.19308 72.17583 83.97214
25.243387 28.013245 36.34256
45.597893 51.8066 61.975857
45.5238 51.468548 61.659065
62.254356 65.82713 78.3907
79.51196 83.70681 100.38211
79.89152 84.06406 100.72976
153.53928 154.66719 173.9236
153.64102 154.78076 174.06778
51.80483 57.96492 63.54578
51.689236 57.973114 63.762135
49.65152 52.68144 68.406075
49.56079 52.686058 68.453354
47.318237 52.10657 67.202065
61.563644 56.612003 74.07471
49.44722 34.233677 56.836155
84.096176 38.322098 68.60767
51.246994 17.765997 32.506767
59.08766 33.71287 44.90227
38.759285 30.818218 46.98304
38.94702 31.069038 47.25306
54.225777 56.46418 69.75925
72.13555 65.74005 81.43971
39.565952 41.586884 52.860912
39.71926 41.773396 53.023495
53.332634 45.904617 46.237865
58.41387 46.554874 49.0969
58.41387 46.554874 49.0969
146.43474 91.82876 45.09051
88.93623 82.463715 82.52517
42.866688 47.19979 52.398895
114.586235 40.20044 35.79732
51.978706 36.82695 36.09636
66.855064 79.17135 191.01837
112.85673 88.94861 63.720993
97.7002 24.518171 19.039734
109.38161 28.258942 23.684723
109.48724 28.245876 23.696886
85.00657 85.30366 131.35408
107.9738 141.70992 158.74294
142.00711 105.11542 88.64423
142.03032 105.095345 88.63871
83.151505 90.970116 101.71951
63.57678 61.99852 77.424805
59.744125 58.290195 70.487564
34.31582 39.253166 51.514744
34.354977 39.30196 51.57891
60.762676 64.31019 73.941536
42.738712 43.674004 57.946625
93.19037 100.07947 120.38006
33.486267 34.651703 46.95579
35.73817 40.10993 52.61244
41.03165 31.444115 41.870438
44.095997 40.951965 52.482117
77.99679 60.5648 73.020645
79.89834 54.284058 55.871162
79.83291 54.222996 55.847378
67.279076 44.554153 46.94601
68.619255 40.002922 36.78949
74.89552 38.068497 30.051716
77.533615 41.67801 35.375835
70.580315 48.141758 50.548702
71.15973 48.419575 50.58371
38.603523 49.483597 76.87982
38.159946 48.981773 76.23022
95.10646 56.0083 48.829876
107.79079 61.586235 55.479736
119.98961 78.5919 69.96889
118.974846 71.30048 62.47573
105.73117 62.96889 63.02104
118.09589 62.14302 59.840195
91.30048 53.045002 36.59172
91.35923 53.228123 36.815403
107.05746 50.933525 50.100147
107.13822 51.039986 50.14569
129.72641 78.17374 57.653072
120.094376 68.24 51.86481
108.09315 47.458225 40.76542
115.790504 61.175106 57.837814
31.689524 31.941969 56.215343
44.69833 42.578983 68.74853
35.48977 34.36548 58.039845
35.55675 34.41795 58.177128
46.561443 32.734634 79.97001
53.10022 38.582916 81.30669
59.022915 35.460644 72.2697
30.245264 45.21798 62.033382
30.276083 45.36205 62.109783
36.364285 47.703056 62.414234
46.972427 33.274677 74.578186
47.20268 33.43751 74.557076
36.736835 36.29402 53.66668
44.68317 38.191383 82.73752
26.475332 31.750334 63.634342
67.05453 45.9358 67.7133
67.60789 78.03587 104.46555
30.364466 43.369987 70.55451
38.754414 46.710636 72.05215
28.993721 42.306435 59.122414
27.90938 44.029125 57.67693
28.055325 44.323757 57.87661
28.207695 39.281315 62.349056
26.487135 40.07178 59.36721
93.89448 49.799416 46.719948
93.926125 49.857628 46.763325
33.544987 45.419792 75.03894
25.858746 36.36425 54.91212
48.846294 25.15327 89.20174
48.45848 24.949728 88.808044
26.673428 28.391497 69.31495
42.207947 49.730953 83.003105
32.605545 32.650654 79.14692
44.224873 31.993721 86.814896
45.404705 43.03046 80.15703
18.95218 34.44065 59.412106
32.128513 30.419287 48.935654
54.155582 37.205456 58.39976
44.95348 38.054028 64.28366
29.447508 28.988993 49.6508
27.792305 24.138222 44.69313
35.784943 28.424158 57.439137
35.76282 28.415857 57.402107
40.77852 32.29871 59.00314
49.00639 35.065357 55.70681
48.866722 34.710888 55.189434
124.42838 63.94839 58.328484
88.50616 37.64625 65.48753
70.51175 27.89794 35.543724
70.32643 27.84366 35.494785
94.02295 35.189613 52.068066
94.4068 35.33841 52.22545
75.811325 23.354902 29.941643
71.11422 30.618788 69.58104
58.375763 28.89599 66.2039
58.419575 24.315313 25.68725
58.347794 24.31903 25.684544
26.480421 23.73615 36.245117
45.213215 25.368074 39.22379
19.177343 32.889458 40.500305
36.358727 41.30871 51.56285
33.967518 41.6962 52.117977
37.467827 42.581326 52.414524
42.848568 43.099644 57.81367
42.812515 43.14876 57.873146
32.2213 40.323723 51.700638
45.317696 42.753944 48.620846
46.84431 49.78639 62.0358
46.908478 49.85326 62.132736
51.50738 58.432747 75.943016
63.210438 61.21213 76.51669
63.082066 61.034756 76.28049
38.669964 40.91046 51.163593
44.62723 48.62875 61.70385
42.345554 36.376053 47.417877
56.452778 59.74427 71.70948
56.274605 59.576565 71.46407
83.30279 60.057022 17.712873
98.30441 68.97585 46.41611
72.35176 49.325165 38.395466
59.12895 50.345196 36.763435
156.55167 74.50763 52.26298
34.123894 26.856184 15.4546175
44.913025 37.679203 27.02021
98.28817 102.92992 139.9089
90.29312 101.9236 170.55527
156.0183 118.488396 125.801186
116.50886 49.06543 39.119457
57.422245 64.33989 175.96489
57.26663 64.30279 176.40796
108.946915 79.19131 53.63142
54.44711 28.852863 25.952614
54.41806 28.824028 25.919268
76.52889 35.800644 37.83803
76.271065 35.683964 37.812626
56.893284 28.23736 25.060883
59.683064 56.82641 76.37176
52.40189 30.527554 28.248007
37.199467 36.866035 75.628204
37.17875 36.835037 75.583275
85.17843 39.974667 38.682343
141.31224 92.47104 94.949615
140.83525 92.17727 94.9118
127.12664 77.90689 94.195206
75.93955 33.542244 24.515032
75.43564 33.518208 24.454113
76.33372 45.503376 39.08997
76.32935 45.50341 39.12014
46.530476 19.241547 18.06377
64.925766 48.332024 37.487675
38.54553 30.32383 31.319355
36.522755 27.230286 30.199827
44.727634 34.4042 41.610306
49.536396 33.424915 41.134037
52.064133 37.812336 46.88592
51.346676 34.663647 42.33657
88.423004 25.513912 41.38327
106.57826 45.468258 67.5032
52.254753 53.45967 87.73749
52.318523 53.47977 87.82002
95.35703 83.44762 124.60042
66.36342 49.988125 68.93313
42.49103 41.80786 78.47613
84.12108 71.79404 72.79476
36.232487 29.937168 72.81493
36.267315 29.954239 72.84608
3.2109783 3.8209608 24.318453
27.700819 28.349922 44.62402
44.129597 52.43668 71.59692
74.21058 35.18911 98.46923
74.14277 35.146416 98.332924
68.41669 70.630264 94.826805
59.77711 63.368362 88.17626
35.96373 36.80999 50.343605
54.786964 55.297302 74.0751
53.166264 49.290916 60.659462
69.56487 43.082066 39.885956
34.104008 29.805695 31.394024
34.06785 29.76643 31.343353
57.749794 61.333176 48.88971
57.814682 61.52871 49.005703
52.965645 54.262405 53.241726
53.604027 54.741528 53.605545
26.276047 38.90801 36.500053
81.315315 21.797033 71.06103
82.74983 31.52095 82.235664
63.331047 58.750515 39.800606
34.05229 27.424915 20.372478
31.665524 40.68956 44.138657
62.70775 54.042946 56.371468
37.17348 59.471905 47.91555
18.008915 27.608973 27.334223
18.101988 27.708145 27.387924
66.4832 39.435562 47.634487
68.51701 37.92551 45.013138
68.78231 38.21549 45.247356
91.45844 61.722507 76.497055
98.45422 73.29705 116.7224
182.06575 109.563286 119.92667
182.45203 103.99318 124.49302
174.78177 87.76022 57.772095
163.04861 125.54513 137.43423
186.42932 93.50016 59.276913
170.20052 95.16948 96.86932
163.89679 106.72951 63.272114
163.91223 106.80039 63.28969
88.60136 64.58162 136.2061
84.77343 64.125374 140.86961
132.40706 84.85373 138.34885
101.57989 83.01523 133.76253
115.6399 71.82327 91.97391
73.9581 63.829586 164.6871
73.732796 63.64986 164.68343
96.80721 72.03367 111.975746
72.49619 28.896856 17.970804
72.49818 28.894583 17.970877
5.9832187 4.6058683 3.7530046
3.846548 2.6636112 2.1883864
3.846548 2.6636112 2.1883864
4.110722 2.93457 2.4109857
1.9290483 1.2130355 0.8532246
1.9290483 1.2130355 0.8532246
5.769425 3.95146 3.2337146
16.195316 13.581941 9.917067
14.496517 12.148977 8.906312
13.713739 11.323613 8.426179
15.826843 13.305425 9.945613
24.771193 20.269768 14.643943
13.203363 11.056119 8.345664
23.554152 20.081274 14.948753
23.554152 20.081274 14.948753
15.004475 12.679057 9.562345
17.964235 14.957054 11.24714
15.022448 12.292071 9.284023
15.022448 12.292071 9.284023
15.673391 12.875167 9.761738
19.583204 16.72554 12.437908
19.583204 16.72554 12.437908
19.247284 16.367208 12.295391
21.885561 18.525425 13.655491
18.63261 15.231766 11.375834
19.322098 15.676387 11.780396
29.01559 24.403046 18.20636
18.368183 14.861814 11.270562
16.717566 14.258111 10.608395
18.229204 15.498683 11.557003
20.366776 16.843012 12.761738
29.989101 25.454077 19.216284
18.769857 15.949547 11.851564
19.028366 14.156844 10.460969
5.5497494 4.4654083 3.3511856
5.5497494 4.4654083 3.3511856
29.059908 68.85369 122.91801
29.059908 68.85824 122.90906
