0.0 0.0 0.0
0.0 0.0 0.0
139.29599 99.89805 100.45049
96.911736 65.880424 86.19409
70.162994 68.90796 101.380165
17.503881 16.48133 21.374344
22.361076 21.412786 24.262587
24.775803 28.39312 34.692207
107.919655 108.97357 107.46093
77.17527 71.61748 65.448814
66.86323 61.983166 45.25902
63.545364 57.721836 42.491714
80.84571 80.16221 79.434395
104.39522 100.61774 99.76343
99.580185 91.38048 78.75797
86.220634 81.90969 77.251785
61.068703 55.072582 46.300766
67.85378 59.951385 53.901825
77.29358 58.447872 48.670967
143.58994 144.06656 146.14674
66.41546 55.376705 45.115536
72.90775 68.52507 54.305172
92.84597 84.33779 81.39155
12.319226 12.554227 12.651143
45.550137 35.37251 32.405075
45.62665 35.44918 32.478916
76.99989 72.856094 68.83958
85.54673 73.48144 67.390495
83.82589 59.81419 50.107826
92.41221 77.130585 73.01772
89.135254 78.574104 76.20799
95.45778 87.65869 80.3594
121.58879 108.72367 97.13195
150.64507 155.85353 168.33302
64.74261 92.602425 101.04872
78.16493 82.74816 89.94535
108.088264 111.91022 116.302185
146.26778 143.56702 143.1781
176.46675 184.89836 202.28964
133.23521 139.44646 149.74548
47.93749 40.17726 35.511276
48.470474 40.6867 36.002728
196.36926 199.43565 205.528
123.936386 128.40869 135.54726
123.49077 127.97944 135.13033
191.21046 194.11916 201.49062
83.455315 84.23065 88.28666
125.76421 128.3789 134.5322
128.9154 130.71008 129.30989
93.965546 93.744545 92.47781
89.13651 87.62387 78.89217
137.07484 138.72514 135.85646
110.48741 109.556694 105.31765
99.34325 98.81356 91.93361
80.681984 80.60741 72.0954
152.54967 154.91383 148.20291
89.24381 89.10856 83.91992
72.5998 72.751205 63.110394
71.53519 71.66714 62.04893
94.62807 92.45495 91.46407
68.58013 67.48652 59.325203
50.911945 46.418137 38.956787
62.079506 59.346024 54.656544
147.86171 147.93587 147.01569
118.709984 118.0815 114.75624
88.87938 84.9732 66.384415
117.88945 117.035034 105.233795
80.423325 73.70458 59.654865
82.240875 74.70983 59.350483
122.06891 113.02071 106.66772
129.9912 122.51363 118.97341
144.41489 136.7169 132.97577
177.86778 179.56813 183.86716
177.87292 179.58202 183.88295
167.23253 155.77995 145.05774
141.47919 138.59293 138.03545
135.11014 130.46649 128.61066
107.88284 106.04646 95.71549
107.63929 105.800766 95.43067
107.554855 102.67438 92.45768
133.95715 128.48112 121.930565
133.95715 128.48112 121.930565
83.56246 84.22661 84.94257
160.50493 179.50424 178.23952
96.05438 119.15697 113.552704
75.48453 93.260544 87.88976
75.598595 93.30774 87.99449
89.96518 107.348434 106.30097
86.0225 82.93854 65.390076
103.51385 95.690216 85.11952
65.97446 61.00928 51.24009
66.26951 61.163364 51.34697
94.394585 95.417244 88.11794
62.35321 62.50126 52.617054
71.706314 71.0933 64.33339
71.68859 70.969475 64.1738
94.95904 84.21093 69.83144
71.10536 67.30009 60.76783
70.60814 66.7833 60.236523
52.420654 50.34445 44.427628
57.864746 57.077145 52.632317
110.602264 126.77192 115.02643
110.57117 126.62151 114.91111
171.04164 168.61537 154.48627
172.62602 170.20515 155.95737
48.566185 37.42233 28.041588
49.539436 40.82038 34.400253
52.086376 43.15854 36.10898
51.86842 43.028793 36.035137
40.432556 33.87167 28.267988
52.634518 41.424114 34.487045
52.86008 41.654186 34.713917
35.488358 29.360079 23.864695
91.995804 87.58737 82.65529
92.05805 87.61538 82.66022
47.647995 36.508022 28.857248
43.53199 32.71093 24.810835
40.75514 31.290592 24.85321
42.756924 35.04851 29.376076
53.231224 46.29804 38.836636
70.95726 60.464336 52.0429
41.882736 28.859503 22.83134
41.915512 28.886774 22.848227
46.042637 30.964863 21.445091
53.134098 32.749897 21.75068
47.311516 29.98542 20.951593
46.174847 32.402557 21.975561
46.513687 32.614117 22.105097
103.51269 80.620514 60.810417
104.26804 81.33606 61.4088
45.823 29.284037 21.846182
114.78409 105.86128 100.27848
165.4204 166.74481 167.16547
218.02339 222.03467 224.88463
109.12576 103.71785 97.723045
55.826725 50.32919 46.336113
110.64259 111.68544 111.24858
81.95537 73.90838 68.98458
82.01374 73.96387 69.04615
102.12728 99.27318 98.36706
102.447815 99.57662 98.65162
122.68874 125.22781 129.97488
107.37199 96.67155 90.38252
108.297935 97.41226 90.94247
97.42611 99.5934 101.10321
74.79138 75.07426 79.852264
75.11821 75.44179 80.23469
163.14201 156.81561 151.7512
112.44604 101.99203 90.49644
112.10363 101.70149 90.2671
103.17285 101.90314 103.67579
61.350483 52.335327 47.09938
61.174797 52.13153 46.868996
98.337006 79.93403 72.86328
46.0053 31.861181 23.815922
29.120096 19.36501 15.459199
31.590519 23.774754 18.450966
43.92207 28.777271 23.015629
54.769405 36.833282 28.51547
54.80706 36.847233 28.503304
135.66415 133.3446 128.75471
86.36124 70.63452 59.88803
86.129166 70.40576 59.69572
81.758865 65.683235 58.159954
81.74748 65.68555 58.153606
188.62738 158.93507 125.803024
115.63352 91.42438 71.005875
115.374504 91.22079 70.86878
131.55595 102.41525 80.90487
119.06351 102.15964 85.438225
45.435127 36.58821 30.301186
145.28697 126.43985 109.62954
120.28792 100.44483 82.80675
120.03425 100.2381 82.64584
50.329926 60.585377 71.98149
32.564873 48.402298 50.867527
32.50084 41.80863 47.28928
24.733007 27.41719 32.57321
24.663153 27.34592 32.5075
51.02596 64.30743 73.87828
21.573997 47.02423 42.34718
9.655705 15.271083 13.54615
77.888664 54.766834 35.73988
61.93455 46.29442 30.577303
61.706944 46.12466 30.428572
19.415146 15.04505 14.017464
10.291168 15.971261 15.107562
11.03325 19.835274 18.19698
10.469163 17.233112 15.582441
31.130428 24.492395 15.059471
52.958466 41.609554 24.759283
25.68261 20.018513 12.936228
66.44834 58.19761 39.680458
31.011642 20.43282 7.8144536
30.699917 20.220684 7.726033
23.800398 13.679831 7.2638974
23.716856 13.7025385 7.3305016
40.94247 42.621983 57.160793
41.047726 39.03928 49.243496
40.97084 38.891914 48.951332
37.234844 30.629694 35.811306
38.73285 43.13405 59.534874
37.771187 34.586952 42.044525
63.291485 56.971416 76.926735
10.614118 10.1120205 8.592931
8.534193 8.351688 7.0752044
126.244286 119.742714 112.025696
125.07526 118.61328 110.830605
60.32122 81.43533 66.44325
114.5044 132.8508 124.95946
114.13069 132.54642 124.63541
49.26799 58.996696 34.74014
40.63719 45.872772 27.533983
40.440212 45.7017 27.419027
48.368786 44.32814 36.72614
41.19719 48.015522 34.42831
41.16352 47.962032 34.40146
40.181404 39.459564 31.68691
64.55082 60.012955 48.409325
64.344086 59.831444 48.288177
41.726818 41.601845 30.479809
41.86218 41.912155 30.5279
31.884727 31.663048 25.76353
35.224564 43.662838 32.343037
66.555954 60.30003 54.271187
48.616005 51.50136 41.90518
48.765053 51.739616 42.107353
61.201225 58.047882 48.374973
139.25938 92.83139 70.63352
137.9453 91.89905 69.93869
61.472992 42.391075 32.99596
27.338001 22.638767 19.766205
45.332127 33.039436 26.041483
45.153503 32.921543 25.93817
89.369995 59.599697 48.09718
88.77648 59.234478 47.795258
49.758915 31.320118 25.129065
28.96093 20.979128 18.083649
72.99586 72.38478 57.525856
71.85038 83.406494 64.855835
71.76615 83.24465 64.5537
57.581184 55.640602 36.05491
86.19509 95.39564 79.976135
86.71135 95.977295 80.47593
63.447662 68.30255 60.189163
97.91006 111.16069 95.91042
97.053024 110.40146 94.96785
164.66678 142.69955 143.3638
164.64716 142.69583 143.41095
113.87193 102.61265 110.595764
108.40334 107.61863 125.3744
135.51573 113.180405 104.64396
161.04767 135.38147 124.97839
86.23967 82.4914 87.37529
183.49098 154.99092 141.91483
225.5224 228.338 224.29956
130.46533 140.27895 145.25923
148.6976 168.42989 181.17264
129.09094 143.74438 149.20102
94.034874 99.48254 99.80328
212.72 214.37141 216.03818
212.77621 214.4206 216.0816
106.73757 111.622406 116.02659
76.54269 85.06398 102.5268
156.58313 148.91179 147.24696
156.23358 148.69435 147.24843
85.229126 73.64868 82.85562
85.69577 74.22929 83.66829
93.787445 88.13494 102.19577
118.11768 120.48212 143.42197
89.98442 105.52848 132.09346
84.80407 82.8315 95.73715
95.36491 89.46407 99.862755
79.069176 66.67852 67.76977
72.14962 56.888714 58.654236
71.99759 57.011852 58.907017
119.2275 110.9936 122.43219
107.36008 95.88457 103.1309
107.53425 95.994705 103.22682
107.60887 95.60053 105.04783
66.49376 57.948185 59.584435
73.65403 63.964863 66.61002
69.60038 52.80302 52.033722
85.39595 79.98595 86.71407
85.84582 80.47147 87.261856
133.23087 125.14742 132.01248
133.51552 125.35835 132.10971
64.03262 85.463234 101.91819
95.769615 119.51573 135.03635
67.62193 83.41373 90.726456
38.822582 38.3229 44.52937
38.676266 38.09073 44.21313
73.60914 87.80155 93.890236
72.93387 87.01022 93.026695
56.161686 64.867424 66.72068
34.064034 40.05003 42.292793
39.377438 43.348907 44.835957
21.650515 24.74549 25.162786
24.403975 27.740192 28.567757
37.59529 38.82982 39.466908
32.077774 32.61847 31.494074
30.985893 32.904606 31.14312
49.42941 56.068123 58.60368
44.399254 52.700912 54.98301
44.581078 52.936386 55.25488
92.74009 105.897156 110.436966
92.74591 105.900566 110.43491
35.46355 40.62749 40.66588
38.897785 44.493866 45.26888
38.55643 44.13001 44.897945
28.924429 31.999844 30.96177
86.44876 103.8391 108.57961
45.36228 51.29998 50.765785
51.9496 58.831184 30.201647
31.919813 36.701595 22.12209
45.335903 47.88321 28.249266
19.850798 17.574156 16.023129
18.247746 18.082232 17.022446
14.717327 16.044052 14.34141
14.682767 16.011642 14.317495
18.781204 24.35751 21.983847
16.462399 23.6352 19.99528
38.844765 88.75409 80.9206
41.342667 93.75367 84.78388
64.90869 144.0496 128.14171
65.008705 144.25514 128.33658
29.920757 34.592037 26.784193
25.082285 31.135252 26.314978
46.841568 83.4967 72.82929
71.07463 92.53173 104.76311
41.116844 53.523075 61.97708
44.158012 50.37403 54.7704
44.109505 50.291534 54.60562
37.385357 43.677208 47.981907
33.86438 40.0053 44.45301
41.714916 52.15303 60.071587
43.167507 50.57001 56.678886
12.532935 13.214705 13.272131
33.99811 31.667715 31.116793
32.35987 30.17254 24.979074
60.32856 62.74738 53.282146
60.666298 62.856987 53.409954
31.256187 27.265629 24.108978
64.27465 52.334488 42.471943
64.05863 52.20238 42.29961
48.436596 43.723465 38.53991
11.784193 10.993707 8.627386
11.713709 10.930407 8.559104
79.176 59.995174 48.905865
31.890968 25.629694 18.664778
31.976452 25.690895 18.715387
50.1706 37.98385 26.302391
50.27381 37.92102 26.209251
59.978237 45.861233 39.506714
62.882 45.844975 35.157753
35.85625 30.374502 27.05213
45.59104 41.166615 35.54054
27.72766 23.076883 17.849014
55.14469 40.48841 30.803703
43.897472 39.672016 30.397734
47.04227 47.358086 37.419445
37.45448 30.733166 27.641966
39.0805 31.1277 27.6191
31.62938 26.344557 22.783827
67.88452 63.045048 54.58281
64.72682 79.11706 71.47949
33.82468 45.750683 39.832336
119.16305 118.54909 113.51007
107.46969 100.890495 97.855934
128.95522 157.70757 147.52974
129.0353 157.7768 147.6008
168.01384 170.39339 171.18707
80.24266 81.68219 82.83837
34.098385 36.95537 39.670704
33.84508 36.69913 39.42228
187.65671 210.69693 164.44609
120.43245 125.07925 124.34214
80.43046 52.639397 39.02428
133.17023 139.0162 139.7511
133.33417 139.19592 139.95522
113.27958 163.16956 146.61165
113.81062 163.56964 147.06744
105.39071 105.549614 105.58748
98.03126 96.11108 92.27082
108.18969 109.01091 107.50152
108.000626 108.84613 107.34261
137.8808 158.66016 152.80286
126.40025 131.65271 134.99161
126.30973 131.5999 134.96486
204.4882 206.64825 207.78917
78.69845 79.44829 79.95516
78.57169 79.31057 79.7929
90.80606 92.490295 92.74984
90.16242 91.29814 91.262375
98.65046 105.8819 107.50436
145.33733 148.44519 150.27328
122.95736 117.691 118.11679
93.793945 90.771866 89.27853
68.44252 72.0323 70.50834
67.93581 71.28928 69.866425
93.82809 96.8069 98.77989
93.91263 95.24947 95.06839
120.68224 122.5462 124.00378
71.88237 74.29898 73.130844
164.98935 174.63138 174.49942
87.21748 88.442154 87.79473
126.72268 138.12817 136.26065
126.7607 138.55537 136.56361
55.8423 50.6201 43.90062
43.844505 49.990665 47.91221
43.8498 49.944042 47.878223
68.30973 66.745125 64.76768
68.36197 66.790855 64.809944
82.26096 81.94719 80.04117
124.89663 124.395004 119.63122
125.4388 124.915825 120.161896
67.27192 76.45338 70.97184
126.2393 126.264 120.29604
125.838684 125.8937 119.93292
81.764786 79.22692 76.51652
119.68093 131.57967 128.5074
69.4871 73.66834 66.98752
56.710613 54.276115 50.2854
90.54075 92.42637 88.98647
90.41462 92.31 88.877495
90.1458 97.793526 92.45726
90.09172 97.73112 92.38672
85.63415 91.40691 87.16745
29.953377 28.555853 26.751625
29.908642 28.512428 26.722258
87.541275 76.54301 64.43025
86.79442 93.45925 82.94241
87.577614 94.373245 83.74318
72.34057 90.316605 76.17978
64.19268 54.63158 46.103474
62.116478 66.812775 54.794945
62.279526 66.44535 54.551132
41.5118 64.347176 50.717537
29.945457 29.329767 24.1835
29.95322 29.338736 24.195616
86.30465 89.33029 78.7714
72.23978 68.25482 59.079453
117.51106 113.24082 98.32337
54.80858 59.243027 48.63798
54.71654 58.953693 48.420025
97.96628 94.33281 80.337265
51.22855 60.059998 67.4786
21.065397 20.851637 20.07426
21.141178 20.926945 20.15943
57.273075 59.590992 60.849327
47.714287 46.58732 47.32295
47.918137 46.78739 47.553967
68.0837 57.396946 54.215385
43.332912 46.824154 46.539436
43.017307 46.476925 46.17254
58.830082 62.89548 64.937225
50.89595 50.372562 51.009388
51.039597 50.538074 51.191315
91.40009 88.888245 84.24082
83.705215 86.49135 89.46575
46.940895 44.982903 44.737938
60.90214 60.598175 60.477135
61.005768 60.690685 60.561203
50.3219 52.452015 52.419918
54.170654 56.409008 56.472885
53.659218 55.847233 55.879745
116.341095 115.849014 114.51463
39.53718 80.39873 94.83753
63.053547 118.88918 145.44362
67.10746 110.91945 135.62953
69.69294 112.588 137.21361
64.05234 96.69257 119.66929
44.666508 76.20878 94.238304
44.72467 76.50514 94.64868
14.627648 18.87765 17.18434
44.56272 28.27575 16.611023
24.883102 26.371408 19.910425
11.267883 14.30365 14.064191
14.982641 16.936596 15.850273
90.78807 121.96166 127.07022
34.99549 52.83197 52.11239
34.423695 51.893173 51.138557
26.6266 34.220318 33.600746
21.905706 27.40324 24.284718
43.22577 61.31592 63.413994
43.555172 61.789227 63.927574
20.865063 26.680775 26.691683
27.034771 31.567127 25.07704
34.26269 42.700756 43.48521
148.14154 139.92422 136.11853
148.13022 139.9097 136.10698
24.43067 32.865585 32.162785
46.399204 60.73002 64.45427
25.339785 30.837948 28.903503
18.3498 21.56288 20.379536
19.757132 25.779001 25.858297
63.397785 70.11962 69.37298
121.17312 123.04872 122.277534
70.61732 78.75965 81.1952
70.30449 78.42039 80.876076
67.88677 80.78755 73.11721
79.587685 72.98301 67.16305
79.87146 73.2029 67.27827
96.22808 93.55916 87.11354
97.38168 94.69708 88.18235
158.60153 166.45059 157.13007
144.52544 141.54321 135.51778
144.35667 141.34628 135.28099
112.249214 115.01846 113.794
33.001312 30.404552 26.448605
32.73542 30.235735 26.358297
48.93455 52.48343 41.457836
51.18219 62.070484 49.47666
50.902035 61.814926 49.21586
55.912315 81.915825 72.706
38.499634 51.96979 44.12529
43.06996 42.80449 39.812828
153.13577 153.06712 146.94084
115.35206 115.423904 110.48102
51.26783 54.409588 46.31645
52.12335 44.84272 35.8949
52.17249 44.785713 35.852737
100.70495 98.7598 94.45201
99.92243 99.71166 98.569016
99.16452 98.84529 97.6438
57.008705 89.21854 68.59644
32.536083 32.499317 29.003881
31.954899 31.935757 28.519037
95.243706 100.39648 94.46287
87.691154 94.04138 99.526276
117.35394 130.2167 136.97992
75.18434 103.59692 88.68655
74.770874 103.15392 88.27255
59.25855 51.913048 42.840572
75.60761 73.75708 66.79416
88.666985 80.33365 67.188225
137.3035 142.54427 126.74402
137.92726 142.80165 127.17013
138.30212 143.01001 127.456154
138.8607 143.26453 127.876236
72.86832 101.33396 81.43135
72.00199 63.98222 54.42574
79.57945 63.571587 50.919445
79.95369 72.50781 64.641914
75.48595 53.92333 44.06136
87.18429 77.23778 64.468636
102.15927 100.49686 80.22011
145.0997 157.7747 153.00572
144.57536 157.20012 152.43565
106.13053 98.301186 93.722885
65.788864 66.57982 58.699287
97.68371 99.97493 105.20815
64.02056 52.39076 45.428204
109.92947 100.84057 86.40843
63.27979 64.536026 66.36181
62.93418 64.192154 65.98867
74.0998 68.80465 71.39553
173.24245 164.30186 147.50865
24.787497 75.715546 141.55292
123.61469 116.20752 118.568016
124.29767 116.72456 119.0246
102.7531 104.05166 95.23852
137.97766 139.6074 141.37482
138.1309 139.74875 141.51091
42.07657 29.613646 24.826359
152.10678 156.80386 158.35368
151.1769 155.9872 157.61601
93.05354 120.743965 138.98505
202.01552 128.77428 66.524704
212.32657 135.9562 71.37403
208.68748 134.98065 71.29117
207.75226 134.11763 71.001884
208.06792 134.61008 71.23164
209.13054 135.7284 72.19305
209.4454 136.207 72.415825
209.71628 136.11758 72.044106
204.26532 131.6212 69.87288
212.31488 137.59084 72.63536
209.98123 135.99234 71.869835
210.12366 136.2243 71.97446
205.62953 133.50095 71.061516
201.60799 130.89023 69.828354
206.13898 133.00446 70.67658
206.31114 133.26054 70.789856
210.55286 136.28755 72.13557
210.68587 136.50583 72.23254
205.56277 131.98395 70.00624
209.38766 135.40445 71.80732
209.62157 135.82478 71.98573
201.84114 130.24197 69.17522
203.17412 131.17825 69.56792
213.69876 138.36742 72.9002
206.36124 133.76343 70.955894
206.21523 131.87088 69.68565
206.61731 133.67029 71.0129
205.797 133.68864 71.06367
207.36229 133.7562 70.76642
213.03409 138.62875 74.790695
205.26033 133.5461 71.08973
205.26033 133.5461 71.08973
203.56424 132.11731 70.20117
204.17989 131.20705 69.63153
197.51904 128.11307 68.486626
201.65514 130.1362 69.189896
202.85153 130.68843 69.37823
194.46329 126.008286 67.16693
204.57568 132.60452 70.45317
198.73401 127.5064 67.75661
198.4678 128.74088 68.60746
212.23375 137.3993 72.56299
212.3499 137.60446 72.65398
206.11993 132.83113 70.098854
