0.123893805 0.123893805 0.123893805
0.16279338 0.16279338 0.16279338
33.691803 38.71243 41.01258
132.95314 149.26549 158.38641
46.916622 52.750328 62.987186
63.10104 57.699924 59.883377
56.49034 47.45379 52.88461
62.466373 70.28611 65.634705
59.50354 61.064793 59.610466
36.002422 46.371296 47.665565
62.175644 68.28018 71.56845
192.18156 215.69354 231.30188
33.73436 63.75225 72.20892
183.62381 211.92485 225.75128
46.984993 40.676723 36.68407
62.437477 43.699654 34.42582
53.00966 44.868336 38.651596
63.905426 60.16522 55.228397
45.30369 31.304155 23.220701
34.68411 31.503155 27.148134
49.648518 28.229973 27.585533
48.6359 38.85402 33.154484
65.80839 34.424202 21.672798
65.77811 34.5359 21.765371
58.925858 38.413353 36.247364
100.52258 96.47507 64.16606
51.735245 41.164177 38.35637
156.20473 35.65987 35.57595
152.41759 43.34594 43.57784
144.18091 37.666565 37.642784
179.38696 130.29077 130.29904
102.96587 30.177221 30.121662
140.797 44.919468 44.982918
68.79315 115.5025 146.30823
70.00358 51.8783 60.51666
69.76937 51.75606 60.30658
53.764065 46.920547 71.175026
50.958176 32.589035 38.93732
52.887302 41.42651 46.160984
60.291958 38.472836 45.006733
97.158905 74.772064 84.43682
51.98984 33.644325 34.909695
60.89415 41.549595 47.42728
73.70242 46.914543 53.72143
70.88061 44.838055 48.905388
64.958176 61.449326 93.27607
72.84155 51.259983 63.308388
60.506348 58.977184 82.5167
80.12297 75.80454 72.1496
116.34202 79.86087 75.401886
63.863754 48.66749 66.29219
80.21858 47.404926 55.932053
85.735435 61.48111 61.587032
63.182453 57.448864 77.45356
91.87872 44.483456 44.533897
73.78357 144.77242 220.5549
78.86556 87.00727 96.21316
83.16818 94.238976 105.05121
71.42912 90.47622 114.79727
56.635204 80.99111 107.867256
56.398037 145.81096 190.00462
100.77472 136.57475 159.36107
44.79565 49.99673 53.73998
47.34621 57.223778 63.340786
59.126472 50.846058 57.844555
61.797153 58.829704 64.64163
67.10335 75.81701 80.71616
34.74725 43.022045 46.91897
54.374413 47.052097 45.75002
31.675491 39.107002 41.783688
38.032475 43.61289 51.061676
66.63613 59.015274 64.51366
30.82601 41.48988 49.60627
69.512085 75.179146 88.11097
81.49519 116.01047 137.18715
50.36895 62.841824 75.06476
55.659447 61.872643 76.985146
43.053715 36.97018 43.19042
44.592342 54.350864 68.215546
54.57853 67.92451 80.18988
37.45968 35.245594 45.20681
113.94763 123.04621 136.93658
113.30211 122.23338 135.99716
58.173836 85.23551 86.50215
68.11358 90.237434 113.54179
71.18653 71.37064 77.89558
46.590305 63.604694 81.5025
53.899345 54.322353 61.27707
54.040707 63.681686 72.604774
53.809505 63.389805 72.273186
52.097923 54.34625 68.69557
27.744402 39.1162 47.376297
71.93559 69.949715 98.93482
124.88449 149.47607 183.76291
43.234127 48.0384 65.852325
43.01893 47.907963 65.567795
79.357025 84.83455 152.83128
66.97691 63.439976 128.0885
39.24517 61.959293 150.98862
64.50392 45.56864 114.771454
64.3446 45.335552 114.303925
53.509926 42.117584 45.283955
60.76318 82.318855 102.410194
49.819237 69.943016 90.11662
48.000114 48.89588 54.229397
19.481993 31.568256 47.785225
91.17691 81.06195 204.0129
93.250595 89.17595 190.3384
47.657215 39.746517 100.66156
0.16944979 0.16941132 0.1691035
0.21119662 0.21108119 0.21085033
47.334206 54.37776 73.56895
50.914467 60.050865 66.61216
75.53371 96.14233 112.80677
64.07414 78.393456 87.639786
63.660294 77.92609 87.14094
42.485264 47.023586 35.44844
42.92293 46.23055 35.796383
42.098923 43.22147 27.036438
65.33417 60.46764 48.23963
120.20623 127.64713 118.405075
91.91566 81.901 49.731857
60.32878 57.087955 40.06718
42.80431 46.083916 34.343403
20.86999 23.590689 18.294806
87.86929 112.642975 92.81893
67.04429 60.26968 47.748863
102.849365 119.1394 95.620316
172.46915 171.57437 157.67387
95.84036 109.71604 93.32716
122.18088 130.0261 114.10058
121.729706 129.51259 113.67476
126.501656 107.76502 87.89908
112.143364 124.03601 106.80119
99.61058 128.93279 106.36652
39.054253 43.317623 31.297615
40.352406 30.81012 20.38992
78.23205 86.44209 99.86064
77.975876 85.65717 98.90731
65.71178 90.86752 101.95294
72.0252 87.780106 103.406425
90.73751 137.6017 154.02994
78.491 92.92751 108.73378
82.75975 102.53859 121.553406
38.691536 80.19208 101.99042
38.60781 80.0444 101.7843
79.47245 102.41793 119.747284
61.93636 103.28665 121.23432
62.46795 103.88261 121.863754
147.39943 98.16337 65.82705
63.545902 71.301 53.480877
48.505424 47.21647 30.588495
48.768566 47.453983 30.87226
115.09026 108.3888 90.93178
49.453827 42.25225 34.10708
49.76787 42.41843 34.40227
93.25775 103.66914 67.87345
79.64875 94.502464 79.36764
158.41132 92.608925 63.019855
141.57018 97.33763 79.48345
0.1414775 0.12620239 0.13870719
108.81874 104.63459 95.834435
92.78734 32.586533 30.694536
92.32031 32.586224 30.692112
172.86694 114.49773 112.2045
47.889572 39.332165 25.889458
147.90088 94.04186 70.88095
144.39122 88.96868 66.69346
122.33905 86.77603 64.471954
108.449715 72.860565 45.99373
185.97069 119.54313 74.39919
38.021893 45.024586 68.22316
61.54448 52.885918 67.26991
85.88434 97.97449 118.949135
80.19669 65.20135 60.495228
28.67095 31.131704 26.262138
14.901847 22.801693 15.029665
88.19527 96.80185 74.8095
54.02905 60.701576 46.920086
47.888382 56.959213 42.562794
67.17557 77.797615 58.152676
49.030857 68.32778 59.162407
185.83147 127.21193 54.149055
116.0638 212.55032 109.94179
115.83097 212.17256 109.7222
67.599464 100.04671 48.76822
44.67326 83.01708 31.362947
62.622395 126.90404 32.031437
53.53986 78.67241 25.528896
53.84025 89.01851 30.541632
54.0055 89.15756 30.88007
47.918392 87.36614 19.463371
52.901924 92.5389 42.949097
58.545017 84.70477 32.897346
169.97522 180.72809 149.73186
51.983456 94.87637 45.673183
42.70258 45.64067 20.104656
64.25144 78.14448 25.155214
63.905655 77.79792 25.02247
47.11878 86.83694 27.816929
68.16071 88.72043 31.788689
33.725048 67.97819 11.095383
45.04821 74.55787 19.32955
48.676876 82.84498 27.227972
48.670914 82.83794 27.268873
40.571682 59.123817 26.621315
43.178375 81.53601 25.285532
43.251095 81.679955 25.337784
55.012466 81.42486 24.442593
146.54294 245.809 109.608
145.799 244.50809 109.05891
51.057945 88.059135 36.38384
60.27368 97.84351 54.049557
34.73459 63.24571 21.505617
41.48511 70.647865 27.992998
39.325626 78.2823 18.610504
39.309082 78.22393 18.638285
38.14059 62.49727 30.015276
59.180416 117.16337 32.04302
58.938824 116.606346 31.931858
40.86864 75.13732 20.944094
41.04548 75.510506 21.229357
139.9604 103.3546 76.089264
11.165217 17.146133 9.290458
49.896305 56.329205 40.290726
100.39238 95.8504 93.05237
58.622856 45.752865 31.592382
57.517815 62.375797 51.722164
57.5743 62.446285 51.762833
46.729897 52.61912 29.219816
45.896038 50.717777 43.461678
77.07172 66.181496 39.676605
82.22574 57.59831 38.420162
79.90588 66.45044 44.91212
66.70619 48.19719 33.23813
81.816124 62.631935 45.06591
82.04448 62.888573 45.15602
84.32397 71.68938 58.103962
84.82247 72.12097 58.49996
125.54848 97.61112 56.18207
79.566025 67.59685 55.19438
64.390114 50.960445 41.72143
64.817894 51.203194 41.800694
42.16345 64.646904 86.81931
67.252556 50.194958 41.699886
123.623665 133.24852 114.520584
80.03736 65.36387 44.04575
58.28965 74.79973 90.687
34.10654 42.4075 44.121624
35.73836 46.15883 46.144016
35.813812 46.19796 46.211697
70.3062 39.31897 37.783916
24.81439 25.779146 23.673298
142.8551 188.25783 208.9867
41.839745 13.657176 12.6722975
41.839706 13.646364 12.666718
71.55075 67.00508 47.464333
65.01489 64.936325 44.677567
64.79192 64.797226 44.53763
75.03047 17.076414 15.724702
165.29247 88.38661 51.734898
58.90827 20.51443 19.726818
58.980186 20.504194 19.716122
95.24702 27.962255 22.516737
53.077953 15.32347 14.311196
76.72605 45.24163 49.34829
72.0726 35.977837 50.294266
94.5803 28.15102 34.205772
94.59488 28.07907 34.156944
59.0005 18.852327 17.813082
90.93567 67.7399 46.156136
49.102577 15.113852 25.851135
54.99569 12.7486725 13.197615
54.95602 12.731128 13.177183
35.666065 16.181532 18.240824
66.093155 22.393614 30.572027
54.325817 19.667833 22.349596
42.427357 11.87903 11.399577
47.99373 13.201039 13.136937
48.182453 13.275875 13.2148905
53.55506 19.21743 23.763794
46.09492 9.826433 9.2666025
43.131474 13.487764 14.808234
64.22878 11.703886 11.488611
39.117123 8.726241 10.594998
48.252327 11.249019 11.48888
35.948517 8.511351 10.021932
35.8636 8.538861 10.015891
37.105003 7.9618697 8.417122
42.488342 7.679107 7.805579
64.55821 24.861755 41.09704
57.318855 14.9606 14.719738
62.446594 23.752213 30.504848
61.5469 26.136244 26.578184
57.35171 17.263563 12.009927
79.13609 24.150942 23.159523
38.82555 34.611275 37.427933
20.502039 19.66591 23.096268
20.325972 19.495651 22.953405
36.977108 36.033897 40.13463
20.104963 19.48938 21.778992
34.726166 30.632782 30.435284
20.327703 18.120085 20.719007
38.103348 31.615852 37.616814
30.54798 26.313698 30.827011
29.611927 23.277683 25.100424
40.741516 26.693459 27.268835
31.325203 24.985147 29.960407
32.749905 27.546402 30.664948
32.6536 27.598768 30.68207
28.383417 27.407194 23.770643
35.9192 29.328741 27.83663
31.811966 34.45679 25.070642
28.354252 16.765564 21.77876
24.092613 22.952675 20.568373
20.568064 19.91262 21.95502
21.879608 23.305426 19.553482
21.8808 23.301308 19.550596
36.089382 34.211735 42.66699
5.066064 3.912774 10.792728
5.0652943 3.9123125 10.78534
10.212351 11.558369 17.267334
10.576683 8.778069 8.168411
10.625664 8.7912655 8.179569
22.468641 21.528088 26.252443
35.627125 36.414852 54.71135
30.53128 30.87322 38.87945
119.164566 45.94498 56.044903
12.605502 12.651943 16.139477
12.61516 12.665641 16.141632
39.698498 38.181187 36.917007
39.418278 37.928894 36.672066
29.927471 21.926779 23.519585
39.62266 33.14444 35.38234
34.81316 32.555176 34.15637
27.889803 25.56868 30.353174
81.785416 78.655754 74.22809
31.729204 34.782917 39.96614
32.11701 34.759754 40.012466
20.580992 20.465256 21.896076
20.62424 20.532396 21.932705
16.63105 15.982878 18.40658
52.386032 76.01023 113.20916
43.51208 48.02497 51.7424
49.237747 56.719852 61.677147
49.359024 56.917736 61.91039
20.256098 18.316622 21.492958
73.311424 70.41189 81.67534
20.128742 20.822739 24.273027
28.922201 18.28057 20.647211
41.532974 44.30027 47.78107
118.179726 123.53632 125.79865
74.72436 32.69665 22.099808
56.78238 46.036552 50.45152
42.55237 41.37449 41.506157
39.857906 40.77822 35.053867
39.736668 40.603348 34.91539
26.369757 25.81489 24.401655
43.800037 43.100155 42.994305
43.80304 43.050903 42.94748
28.594921 30.912659 29.010466
30.559484 29.079414 25.708773
30.5419 29.050327 25.685148
35.099155 41.93178 42.67622
20.744633 22.872952 17.801039
9.262639 9.66641 14.155291
9.207541 9.60377 14.121739
16.991074 16.953058 18.357561
37.569874 36.30154 31.47476
77.373375 127.08907 136.43828
77.254364 126.903076 136.25659
49.638977 76.65894 66.18415
49.8823 77.08184 66.63863
63.02043 61.9354 65.214584
29.08888 45.42728 66.72909
29.235437 45.62555 67.00008
42.023857 61.490803 87.35356
68.4494 83.22247 96.1312
51.801884 69.34737 92.349945
39.266987 68.547905 99.43336
36.78288 60.636246 81.07514
64.06137 98.05587 127.346016
50.292114 80.77603 109.13794
39.089725 50.68234 66.35083
97.32909 135.66426 166.51793
35.538593 58.362988 76.264755
93.93113 84.85202 86.635895
66.55533 49.56741 68.225586
66.4045 49.8556 69.36379
71.450905 84.81212 138.192
61.15587 68.91147 98.9893
48.826626 44.803886 58.541092
62.36106 61.299923 64.35944
62.13155 61.103153 64.30358
91.56591 78.996925 95.86237
75.75071 71.508965 92.92243
51.668297 36.109734 40.498463
77.28861 76.35656 70.433205
31.352406 22.611465 27.579338
67.88438 71.34159 53.38961
67.41308 70.81131 53.281494
76.32409 75.40196 74.16518
62.536514 60.39088 86.13559
62.35448 60.309387 85.946365
211.57315 225.99931 225.216
125.67687 32.848595 33.223816
0.8421316 0.24782608 0.28056946
0.85317427 0.24955752 0.28383994
23.529589 13.828165 13.852174
12.739323 9.271258 9.241785
7.9354367 7.9225473 7.9060407
9.669296 9.655406 9.635398
7.3242784 7.318238 7.308157
16.155907 8.814736 8.722739
15.6229315 8.716006 8.6288185
11.045133 10.62778 10.591574
10.21616 10.204925 10.18915
53.345325 53.341248 53.32701
52.21262 52.20835 52.19396
32.593613 32.58411 32.566948
37.132473 37.122395 37.10858
21.889496 21.87476 21.855099
22.138823 22.12397 22.10404
11.056099 11.03359 11.0113125
9.186764 9.165295 9.1390915
4.694421 4.691458 4.684994
