0.13207547 0.13207547 0.13207547
0.13207547 0.13207547 0.13207547
18.951704 19.57589 27.420437
45.57284 37.98234 16.605068
9.205001 22.779638 51.98059
0.13207547 1.1226416 10.075472
6.791409 7.616547 15.465478
9.930289 15.781349 37.752003
70.63783 97.19436 125.24858
74.91647 104.763565 136.42941
76.22483 106.71794 140.43304
52.87615 81.23852 114.87168
51.37285 84.41092 121.3782
71.52605 96.95274 129.11604
80.68526 110.038574 140.09505
96.54479 128.61826 157.31116
96.54479 128.61826 157.31116
73.78736 89.552475 118.685135
90.421646 117.30598 147.83528
98.91651 127.80034 156.4279
93.18384 110.01424 136.3107
98.75422 122.76035 151.10135
81.29346 51.369095 44.05936
81.36705 51.44377 44.135246
63.321964 40.90428 34.89727
109.60874 74.95396 54.76031
77.99775 55.903614 47.492153
90.56432 61.99186 55.58595
62.171856 38.963768 27.780766
52.05748 33.464016 25.834028
51.71101 33.053764 24.602396
51.595634 32.957924 24.516197
83.63379 57.340374 47.809944
66.95872 67.90149 74.50192
77.912964 72.676865 76.33653
90.01035 61.753506 53.609325
87.853485 76.6946 80.7136
73.440475 52.051804 43.20421
69.576515 47.865295 40.82693
88.08332 58.54258 44.67244
86.371765 55.657623 43.737938
86.371765 55.657623 43.737938
96.22174 67.51102 58.417976
67.48372 44.185173 35.363667
66.10177 40.841877 27.425322
72.4333 48.466396 39.861538
39.069836 45.497414 58.769787
38.905495 45.321297 58.54429
63.72562 71.456795 87.765945
100.6873 84.81771 73.817
93.16142 77.051346 65.339874
100.09342 80.99625 71.01402
69.03277 59.183796 53.543247
69.3324 57.786232 52.91672
86.832275 70.2111 61.087368
76.44903 61.503048 52.538113
73.764946 60.09284 51.502213
62.37577 50.15249 43.327682
70.01453 55.956 47.235348
67.9386 54.004757 48.082443
80.464226 66.15904 60.060654
74.64969 61.799175 55.536736
77.61655 62.195442 51.397186
101.414345 84.52755 73.82785
78.490486 62.881866 55.01586
81.3089 67.289825 59.445652
109.37231 92.39965 81.5918
103.35018 82.469025 71.16568
113.4396 107.68313 98.34922
97.129776 86.07952 78.935135
114.91568 97.61993 88.10177
97.643265 83.65695 78.291245
113.26407 94.90295 86.70992
97.11538 82.73159 76.89877
97.16647 82.76615 76.90053
96.12786 80.62302 73.30368
101.9846 83.22483 71.44573
48.27847 48.737144 52.994408
86.27442 72.48247 66.51415
57.590874 44.486477 39.37673
57.88362 44.732094 39.572174
126.51365 97.95838 84.22232
114.16514 94.578354 81.22057
99.78089 75.77329 62.444523
99.40671 75.496704 62.24875
114.98084 90.428246 76.55677
115.01086 96.80974 84.4444
114.295204 96.283104 84.11033
89.6936 74.07739 68.49733
91.06483 75.50225 71.59116
45.831314 44.429077 51.082066
43.205 47.805058 58.985264
64.46456 64.72145 70.82468
100.86233 89.95354 86.13721
121.613914 110.149605 102.34087
50.042034 56.218315 66.93338
50.178284 56.365337 67.0655
47.080982 44.924194 51.907413
71.88913 60.794 62.742485
71.84258 60.745117 62.69227
70.40829 59.478878 61.55698
72.421814 60.734013 62.47316
106.07317 82.72546 71.08687
106.29679 76.98865 63.323093
106.11354 79.07827 68.85102
61.71097 56.626358 61.065285
92.063614 75.8329 70.14857
65.17311 43.756054 37.287567
74.64063 63.957966 72.36976
67.70463 63.2452 78.98514
44.33428 46.23973 62.343754
84.493614 84.18129 78.68843
92.15324 85.05464 77.96765
113.20421 97.483345 93.82138
113.06704 97.4674 93.7399
89.1537 78.160255 73.66518
92.00284 80.02187 74.01966
86.33532 76.60799 70.32422
86.73777 76.88529 70.67394
90.973114 87.77792 78.78699
87.604774 74.077644 69.094795
80.361244 68.936714 61.292076
79.0415 66.21719 59.34647
91.86467 79.8903 75.11045
93.00693 86.83353 79.14781
90.16129 79.80547 71.92423
90.162254 79.76995 71.887794
93.75 77.32167 68.37707
82.948074 68.20838 60.317455
91.36367 73.672104 61.00814
95.958885 78.80097 66.3605
116.17887 92.34701 75.83236
115.459595 91.349434 77.52496
115.37202 91.31925 77.51282
116.451 92.200615 78.780136
33.842754 46.727123 59.4775
33.817207 46.695232 59.45137
55.99161 66.095634 78.24374
55.992695 64.96485 77.78486
67.75493 78.66305 92.790405
67.24245 78.410126 92.090126
50.723953 61.24428 74.09476
80.40082 91.020744 105.38921
57.226124 65.756386 78.98176
57.075512 64.95421 77.18555
42.44774 50.102062 60.383995
58.816456 64.4363 76.42265
48.48923 55.72082 67.91827
42.15495 31.013233 29.278301
51.94039 40.857155 34.956085
57.58958 43.165764 36.210094
57.412296 43.05798 36.12615
67.11688 75.83295 85.49812
110.40658 87.70158 73.362206
53.10536 61.99549 71.21277
40.52083 47.98539 56.936466
48.64076 58.168224 69.58983
89.12452 66.951706 53.63074
88.81224 66.707756 53.41522
51.49637 59.80819 69.24098
104.096466 70.50973 56.77075
71.42465 46.33378 34.81378
72.84547 83.36613 95.322426
72.74382 83.271996 95.22387
46.448864 55.38955 69.92374
64.38045 77.26465 90.428955
38.316288 45.388756 55.571796
43.544205 56.10419 70.21293
54.493237 63.106194 77.64948
63.288864 70.7083 81.341
62.970486 70.31846 80.99933
63.65854 80.27655 94.592834
63.55126 80.17223 94.48907
86.40061 101.37047 109.73978
66.328186 53.591835 48.49094
72.35741 64.3602 62.70404
76.61283 64.28581 59.49165
76.64702 64.38675 59.62648
53.986725 45.5508 43.514694
50.509933 41.122517 37.750374
50.42236 41.06867 37.710094
61.189888 50.86392 49.815037
44.43054 39.446945 37.42578
131.94827 126.77872 114.13158
132.11066 126.952705 114.3094
65.42582 55.981133 48.770287
48.480087 48.33307 48.882786
48.336033 48.25121 48.73397
44.051846 37.369553 31.927324
40.51386 45.812363 56.440723
18.900234 24.939806 34.727543
36.57714 41.506638 52.34
46.114002 51.90537 58.865753
26.326723 34.846302 45.243614
35.4899 41.657955 49.52058
61.06249 39.65704 39.61012
59.93342 38.82493 38.912296
102.50897 58.633118 46.197235
46.164345 46.87565 51.447697
46.27851 46.991276 51.57731
19.92457 31.149942 46.192894
51.682335 53.21306 61.554432
51.50196 53.036358 61.397396
51.95742 55.1236 63.37285
50.339455 53.46068 61.80677
50.460636 53.55356 61.8764
115.851105 115.727 114.530975
95.94298 79.31825 69.1537
105.53765 87.83879 76.07697
117.53628 99.4623 91.011604
117.05815 98.972534 90.51762
100.452705 79.61471 68.25735
96.45625 82.848976 72.5892
123.2409 102.43254 91.387505
109.04638 95.392555 87.33737
116.47203 103.11717 94.871346
121.84509 106.725914 95.646355
99.85895 81.52985 69.35657
111.12945 94.2452 85.587746
85.72341 60.673943 54.248665
86.28189 61.3405 54.883827
67.134285 56.32284 56.250626
112.669395 100.498245 97.33106
140.81229 128.42056 123.429535
140.69699 128.31549 123.34033
153.53812 119.38308 90.06533
121.04179 91.365715 78.89539
121.02801 91.33991 78.8716
92.34376 105.84655 121.38942
63.83741 58.858616 62.86968
130.63579 97.388504 79.42374
151.74178 113.44389 87.75075
151.72917 113.29742 87.48022
117.176285 87.16918 68.6747
146.95267 117.09405 101.42286
147.22513 117.444275 101.818
137.06241 111.54784 94.301636
89.78356 66.55373 58.94035
114.119095 84.15896 72.44686
73.56929 48.178036 44.13955
68.88813 44.460594 37.43751
93.85048 70.50647 66.171814
93.990486 70.64994 66.308815
77.77772 56.221237 52.693146
85.978004 56.102146 45.378487
84.38955 54.748497 44.182335
90.54988 60.789364 49.6676
95.03327 62.967358 51.66714
99.968445 67.76361 55.742527
86.77584 52.086617 39.57305
76.74453 33.52471 25.775255
98.568794 64.65362 52.021957
90.18463 65.7495 59.67603
70.807816 47.923443 44.817707
92.7126 59.49925 50.16184
92.59467 59.385124 50.04183
78.00192 49.840374 46.139088
85.72483 56.75121 56.161297
63.420937 46.03715 46.882244
132.25948 88.36375 71.910126
132.17148 88.27997 71.86454
59.185257 29.598389 30.31441
70.0531 38.872307 36.299675
69.88057 38.669643 36.237267
89.984886 57.033936 47.99549
90.81074 57.704334 48.401985
82.940895 51.172024 40.220196
82.931335 51.18225 40.269787
102.57969 65.18784 50.326973
61.984974 44.280388 44.456505
65.64526 45.99716 44.37239
71.55623 49.914845 45.583237
62.80318 49.6499 51.233677
94.289825 75.4659 74.48693
68.471695 57.711346 58.25163
86.96602 61.467648 52.230297
89.21252 65.25079 55.046585
89.31679 65.31216 55.08328
89.03327 65.64097 55.980003
119.56587 108.13087 102.11162
79.484344 64.17712 61.614082
79.13087 63.78544 61.229004
120.45517 112.971695 114.96514
120.01457 109.454666 111.27158
60.894306 86.58474 77.24412
61.01098 86.812195 77.38838
53.43655 72.9158 65.04024
53.550175 73.00743 65.14084
81.45863 57.12402 48.236057
101.104065 61.569504 48.49478
60.278133 37.99119 23.88725
44.03085 51.489063 60.319626
30.661629 48.066414 58.89514
104.34768 94.9434 91.45471
141.65945 142.40466 148.5324
45.13838 36.41096 45.130657
59.639507 43.47191 46.99115
46.411797 34.854527 38.34501
46.400024 34.753716 38.228584
71.532684 85.23978 105.726875
63.304516 52.631535 58.852062
61.288754 52.44111 58.43126
70.10732 56.885246 61.35903
80.131744 69.1284 73.51449
79.87423 68.87498 73.28598
72.88938 60.261604 64.37869
73.151695 60.3142 64.31153
79.010475 62.552597 59.727917
70.957214 57.72199 55.493614
89.98088 74.807526 62.978294
82.75242 68.780136 58.02446
80.74616 65.8744 56.322384
81.00572 66.00789 56.35077
69.21585 54.495533 48.60365
97.871346 57.13458 56.685425
98.32464 62.174778 53.274586
84.603355 53.431873 37.04792
83.18588 45.934338 36.185005
78.071175 44.144222 38.297752
112.27434 73.66685 55.473286
85.09676 50.226208 38.641636
85.74862 55.311695 40.037693
85.7414 55.211845 39.988937
78.23122 47.401737 35.11897
62.201996 48.015778 45.859325
54.666805 36.20692 34.977627
54.7763 36.27421 35.021538
71.9396 59.311195 55.303307
104.85594 96.10427 92.37552
46.242443 39.181374 39.986935
101.49428 92.25935 90.4621
97.407875 88.446655 87.11947
52.23347 51.066624 52.120262
86.90975 77.7472 76.707085
86.05819 76.91276 75.87285
156.08536 148.57054 144.77939
68.69093 43.265068 35.787193
72.80694 59.941895 64.93534
53.400276 56.79596 77.963684
53.295666 56.730965 77.930786
60.480087 57.993153 73.2189
43.724285 52.771164 78.78356
39.44398 47.814785 73.163506
48.331398 55.59142 79.10933
48.181164 55.49662 79.05498
54.05122 57.70208 82.76591
49.91426 52.510563 74.35102
49.976124 52.55648 74.39352
42.001003 50.79959 79.818665
41.622932 50.817207 77.201454
43.607323 47.323135 66.3046
46.030766 52.424736 75.91948
39.75142 52.064075 79.88633
67.99912 49.65303 43.068
42.264694 27.930956 21.00192
67.47892 37.690056 29.544373
54.683296 35.594048 29.452078
58.662548 32.827057 27.254967
58.20383 32.55076 27.078144
61.00914 36.3673 29.948822
116.6537 87.99215 80.16522
73.29412 27.947237 26.274378
73.212265 27.944315 26.273127
85.65658 49.35849 32.55748
99.82259 57.69377 35.77254
66.89163 32.64543 21.883703
67.89372 33.24257 22.214476
132.4069 74.758934 46.026215
132.33127 74.66359 45.97608
70.29458 51.97779 46.759518
69.733635 51.691433 46.671566
69.43413 51.532894 46.611244
68.52025 51.00839 46.434757
74.06036 21.153072 25.898521
92.35381 49.396477 40.56224
84.10427 40.76674 35.087704
84.25201 40.859283 35.172775
95.42695 48.719902 38.807564
131.15779 87.13454 65.16914
131.14055 87.05635 65.09438
133.52187 134.48088 136.27802
98.28936 49.536274 41.1992
89.21164 48.451912 40.36083
90.253044 49.124187 40.653908
88.926155 47.84225 39.635124
92.31495 49.642803 39.94068
104.36271 60.43313 48.43129
89.6408 54.592587 43.25359
99.08453 63.80861 50.060402
101.650566 65.03469 49.75071
109.94093 72.23969 53.78878
109.86112 72.09376 53.70784
93.67683 50.559944 38.21844
100.15992 64.749 50.150566
99.03005 63.73543 49.377567
89.290405 47.05873 36.813744
106.054726 79.45759 76.38504
104.98414 67.848305 62.125854
106.29717 70.39543 56.559025
105.90637 70.135666 56.35657
46.31253 29.265236 30.522625
46.201996 29.202663 30.454166
91.04988 63.726498 59.554142
92.0349 62.985058 56.044456
90.18835 59.666306 55.04091
62.66814 50.149483 54.35106
49.99445 33.951035 28.753048
75.92674 57.011898 55.452873
75.69544 56.771706 55.322926
64.463264 32.67123 25.066498
60.256763 41.384495 46.484932
57.88212 39.679287 45.142136
71.108406 34.512024 26.017073
71.054016 34.49929 26.016613
74.91572 44.82898 37.106777
71.56554 39.372475 29.252129
65.81349 35.0508 26.990524
47.966312 31.49282 32.21481
37.362373 23.932083 27.162172
47.537235 31.156454 34.756763
47.744656 31.272415 34.78661
71.38036 43.549007 37.750294
55.290115 40.391636 40.005634
35.24925 15.309776 15.443855
52.243153 37.364044 37.70784
42.92553 34.301052 38.421856
50.344547 33.73752 34.33766
50.65207 33.899776 34.391132
39.837242 29.607323 31.723785
44.41217 34.628986 38.012566
36.539238 32.78899 40.670227
30.855276 26.190933 31.133162
49.63145 35.244614 33.670815
47.541325 36.01294 36.265404
63.633663 50.79617 49.68421
62.930958 50.133537 49.038948
62.95187 49.33186 48.739105
44.92841 39.534355 42.115463
60.253883 48.580772 47.52513
60.780975 48.944775 47.795876
71.5551 52.72729 49.017365
36.97387 29.865503 29.261772
89.9649 68.937675 64.14092
39.994114 32.362957 31.648272
40.369175 32.688137 31.97917
66.05986 50.85945 49.70546
42.72028 33.9775 34.95759
42.769035 33.978336 34.90278
30.770287 31.176115 40.88892
41.5733 40.952873 49.023502
41.549675 40.944775 49.054268
52.786232 25.648397 22.180372
68.054474 39.106236 34.887085
56.123142 30.54287 25.926199
60.24616 42.185215 35.886875
60.025547 41.963184 35.659878
80.63972 50.10774 38.889088
80.26544 49.736393 38.63216
72.487434 46.93922 40.22913
29.955961 34.94127 54.11233
52.68818 37.66472 36.18154
52.918266 37.829395 36.239605
48.170227 32.236977 26.211138
48.302807 32.270496 26.245283
55.8582 37.959843 28.937176
67.78368 40.66092 32.42453
27.651403 40.742027 60.82284
40.7136 37.17102 42.213642
78.92511 56.65591 50.50409
78.64439 56.271538 50.23305
57.90107 39.988728 36.312656
68.568375 45.660713 39.575054
68.95262 45.936634 39.748955
92.39677 62.25384 53.99186
41.136585 32.432125 30.852688
41.219696 32.42824 30.813784
29.52396 32.57251 44.888294
38.793537 36.545834 39.881615
38.82405 36.559402 39.891342
147.05481 122.478584 102.66146
66.9259 54.864166 49.208633
66.788445 54.824093 49.188137
32.876564 31.611204 39.279263
106.16768 94.02429 91.51937
106.10732 94.0339 91.552765
141.98848 150.22249 157.21786
141.73396 149.95847 156.93901
69.63011 45.526466 34.72057
69.51503 66.472786 67.53381
87.57159 76.62043 76.062904
77.091 67.76929 67.4424
85.942856 72.31111 73.08207
71.181335 61.671898 62.023293
93.16881 76.1934 77.29633
94.59 76.985054 78.241486
94.63082 76.9573 78.20546
58.10152 55.628986 53.172024
60.10457 56.42336 53.953457
76.54387 70.38445 68.98585
54.486725 49.3726 47.476456
101.07434 87.76824 89.0996
124.618675 130.1772 131.63525
125.465355 131.10365 132.55219
142.1261 147.92946 155.03836
144.60457 151.35661 159.04233
135.18442 138.40053 146.25768
151.42812 156.11111 164.64322
104.17244 101.548004 107.21602
104.73885 102.23213 108.053764
149.59384 156.8423 165.18208
149.37727 156.71991 165.11443
118.25338 113.15871 119.08871
101.15637 98.435425 107.88178
131.46255 134.251 142.96628
105.2121 102.14535 111.51177
104.426575 101.271706 110.64226
94.26912 86.36475 91.75597
94.51878 86.62172 92.01557
142.10411 150.79897 163.07744
152.62198 159.28247 170.69954
152.68045 159.32756 170.73367
92.00096 87.70446 97.11926
144.74411 149.65579 157.90236
144.96815 149.81445 158.03214
142.39868 142.30043 149.40787
164.00777 171.55426 182.49666
164.38512 171.8349 182.73376
3.3197947 2.4611788 6.747537
3.3472617 2.501962 6.5656204
3.3486392 2.5031307 6.5676656
3.395642 2.5450408 6.6713142
3.427659 2.56633 6.6970277
3.4309986 2.5697112 6.700117
8.89272 8.105067 11.850225
3.663842 2.7918684 7.1364584
3.6548254 2.782643 7.1356235
4.340708 3.4780848 7.709843
8.700451 7.9062867 11.622057
7.7105107 6.919728 10.566831
8.803681 8.0414095 11.466229
7.5103106 6.737477 10.074303
7.355986 6.5861163 10.015069
10.809734 10.064994 13.234346
8.852981 8.107614 11.254759
6.635206 5.8726416 9.02083
25.1365 24.49207 27.547337
8.53448 7.777175 10.817248
8.155159 7.404074 10.551344
11.940641 11.16259 14.837577
11.940724 11.162631 14.837369
15.047003 14.347303 17.668976
13.226749 12.525965 15.792662
14.751002 13.894348 17.034397
6.498163 5.6939387 9.393472
6.5040073 5.6991987 9.401862
