0.6793457 0.6588524 0.63801426
0.6793457 0.6588524 0.63801426
0.24561404 0.24561404 0.24561404
0.24561404 0.24561404 0.24561404
30.209415 37.840958 113.09358
34.377728 40.79882 114.565155
17.311615 26.127863 77.25289
31.889643 36.88742 89.25558
87.11216 95.08331 136.89818
16.542442 26.513062 52.97112
18.048647 28.07753 56.4127
26.014633 29.81962 48.309467
115.205124 68.23596 95.802155
33.850723 36.384968 52.123035
43.361065 32.610012 34.46499
43.887344 32.948708 34.95683
57.117405 33.890026 29.482685
57.117405 33.890026 29.482685
55.324944 32.064774 25.032751
68.27568 32.080097 19.324638
94.70574 100.38811 104.00364
94.70574 100.38811 104.00364
157.26822 112.66169 68.18865
119.47587 79.672295 50.11239
91.01774 62.541985 41.637325
30.71045 35.5249 41.623497
133.32716 111.01003 70.05761
126.3783 90.0213 56.050793
154.69344 129.8806 91.32031
64.088066 62.214012 48.03164
118.221825 113.33586 127.47005
118.68494 113.90623 128.31947
69.2971 39.002567 48.2979
96.355934 79.6117 74.49843
113.62714 103.64334 97.52068
110.530495 108.68448 132.85138
114.384705 87.80005 61.557766
138.24538 130.55519 122.464645
138.59323 130.86992 122.70298
176.09875 151.43362 132.94733
117.45526 82.5511 63.63273
117.45526 82.5511 63.63273
22.265417 40.447292 54.37589
146.5681 108.90611 82.913734
163.02731 106.44105 59.668545
163.02731 106.44105 59.668545
117.446526 55.16904 31.54386
117.446526 55.16904 31.54386
60.614685 27.226385 26.378342
56.048954 22.750593 12.871524
115.68306 93.7121 108.902664
37.08753 18.585995 9.135907
37.08753 18.585995 9.135907
36.988815 18.631157 9.622309
37.023098 18.852448 10.70344
46.018272 25.17268 21.252203
45.321075 24.666513 21.784533
45.680878 24.925802 22.064276
40.815674 29.681376 26.272121
119.78779 90.03624 64.84563
153.67766 132.94089 111.32058
153.67766 132.94089 111.32058
107.13595 78.328354 49.972534
145.41083 133.78001 133.83272
111.59055 96.06248 93.27266
111.70677 96.18747 93.36865
133.67314 108.900406 69.9517
157.36244 140.98843 127.23535
151.58078 138.51834 133.5599
167.92876 161.00847 176.84717
167.92876 161.00847 176.84717
166.32115 159.42313 175.47058
164.83559 158.00609 174.6577
119.68137 113.263885 110.83264
144.95012 131.69812 106.73401
88.06891 103.449165 123.73543
105.86854 108.321266 118.87914
94.37677 85.44626 83.56757
108.47717 108.92017 100.95644
78.497246 81.40496 83.66184
78.497246 81.40496 83.66184
77.64928 80.28495 82.59699
94.631966 99.64081 108.53708
31.642956 19.165632 24.47717
46.842335 39.459053 59.053436
46.742126 39.37294 59.044052
87.34176 65.00004 81.74446
87.180916 64.890526 81.585
77.56098 51.654255 42.07025
78.02842 52.073357 42.402092
141.9718 122.44683 119.95744
103.52379 74.48449 60.463493
118.03601 95.67609 87.59806
75.52283 46.810963 38.98659
75.52283 46.810963 38.98659
75.19421 46.56447 38.829964
74.703094 46.527237 40.09768
58.020073 27.95369 28.932123
57.361794 30.71562 29.86256
57.211483 30.647245 29.782923
56.791466 30.60419 30.118248
111.1921 97.28365 119.56577
112.15824 90.735 106.28085
109.69111 85.51609 79.62223
109.69111 85.51609 79.62223
148.50188 148.81479 142.88011
163.12921 156.23132 122.988815
127.625145 113.258865 112.934265
135.12239 127.22964 147.08075
89.86367 83.096146 93.274345
81.12277 65.73473 51.86662
95.65809 89.997665 107.21873
90.81529 85.59891 101.87053
90.47813 85.185165 101.357544
59.358578 26.733242 16.234276
63.835938 35.751553 33.5534
57.345898 32.610165 31.79656
56.64468 32.34337 32.0465
76.27419 34.601776 25.352448
30.087069 15.84199 39.2894
81.43473 43.51651 22.827013
81.43473 43.51651 22.827013
56.39175 25.784225 18.959856
230.20999 196.85318 152.11124
88.19432 50.801388 37.535664
32.47732 35.428406 75.81636
20.767525 20.326515 37.157166
32.96744 35.939823 72.45001
21.178925 27.268406 72.99916
16.281008 20.919405 49.796715
16.16728 20.761702 49.647896
28.730713 42.60779 88.74148
20.760937 21.183138 40.16862
22.6926 21.725197 33.910633
22.6926 21.725197 33.910633
29.608135 25.588179 31.564735
29.477936 25.529993 31.872252
24.313032 20.775187 26.03888
24.662186 22.67632 46.331688
24.655405 22.69597 46.34858
140.42982 129.08891 112.97659
19.5167 20.34222 26.258944
15.018003 15.954302 18.48483
15.523558 16.855015 27.782234
13.109859 16.353674 24.791466
28.562284 27.500536 35.479965
63.660805 27.453651 22.790585
63.660805 27.453651 22.790585
230.78519 202.87003 178.2964
230.72163 202.8274 178.25021
229.65659 201.89769 177.444
128.94223 121.23669 111.15161
93.296295 79.25416 81.590935
105.89248 107.672874 116.32188
105.89248 107.672874 116.32188
105.54424 107.065346 115.53581
76.970276 70.692215 65.59174
88.832146 69.55175 59.819466
88.288666 69.07615 59.58515
90.30154 90.717766 92.34659
90.8246 91.02666 92.33586
145.2383 131.99023 120.08546
123.713135 97.53639 44.452694
113.48713 66.01911 32.102352
113.48713 66.01911 32.102352
113.551865 66.251976 32.8043
156.91849 138.87915 97.90006
147.86688 126.75757 125.40462
148.5645 127.38405 125.44273
174.61676 140.69632 128.31065
173.17245 144.33249 115.83383
153.11633 117.68391 105.16659
104.61821 81.89343 73.67195
104.48188 81.74853 73.42611
59.10101 30.169579 17.466942
149.13974 95.523056 67.49931
154.65886 120.53727 105.2632
121.93557 72.25335 51.03723
121.478775 72.01746 50.961273
106.84126 68.81889 60.865585
69.66939 37.368805 33.539303
160.57515 132.15222 100.480965
121.828125 91.529495 70.54807
131.22324 108.38075 104.16249
98.96652 98.67525 130.42595
100.88596 69.96614 59.841187
93.27258 56.48353 42.009308
114.22129 74.93396 49.63652
91.2378 72.94507 68.21574
115.03321 93.90803 83.07948
130.75078 95.30449 79.37612
99.09749 82.10231 81.82
99.188995 82.37148 81.513985
91.069374 69.39753 65.756454
91.069374 69.39753 65.756454
66.44859 38.94166 29.135332
92.373245 75.12369 69.25577
140.46916 97.776566 76.421745
55.211636 68.2897 84.79124
55.211636 68.2897 84.79124
140.4351 91.72228 46.168545
86.019615 35.14491 16.778595
86.793495 39.303875 23.119781
41.166706 25.063587 10.525512
104.845894 51.149353 22.746878
88.153755 47.024094 23.089827
41.12564 18.62047 11.743162
84.980736 44.173985 30.118134
85.89125 44.571323 30.34517
114.38646 63.842873 43.577682
114.38646 63.842873 43.577682
96.22933 50.39868 35.238644
97.2596 50.86417 35.36022
33.25944 47.969086 104.335175
33.25944 47.969086 104.335175
41.623535 40.792923 63.68846
97.94488 78.999 106.02892
84.2465 59.394585 95.92526
84.2465 59.394585 95.92526
95.0326 69.84777 48.36961
75.033134 69.58964 79.349
123.03969 98.3182 73.25676
123.03969 98.3182 73.25676
23.660769 24.425076 37.558685
22.777216 30.974718 49.935684
22.789972 30.946028 49.85674
37.15525 26.722898 20.073507
65.655174 52.87547 44.37455
65.655174 52.87547 44.37455
54.786945 43.64215 37.85804
46.134605 38.942734 35.24711
48.261204 32.816746 21.976671
48.261204 32.816746 21.976671
135.44408 98.49985 85.84632
135.44408 98.49985 85.84632
138.09013 108.08703 92.964455
36.15211 21.009806 14.914656
36.15211 21.009806 14.914656
98.22053 74.254234 51.89596
50.25994 44.12633 41.443768
53.21972 38.66847 28.725657
59.154526 47.26174 34.778214
59.116028 47.221138 34.709835
129.74113 88.598366 62.140083
17.59967 20.444878 33.467785
13.455183 13.681223 23.481537
15.076496 21.890331 37.13579
15.05765 21.871944 37.148853
15.171264 23.998507 43.57259
19.717918 30.757872 45.55451
41.67425 52.76557 69.05451
24.990461 28.81372 41.239716
24.596989 29.945454 47.019573
24.596989 29.945454 47.019573
43.26105 35.533554 32.079597
59.589214 45.4078 45.31851
36.023903 35.389145 38.25975
33.20095 25.998852 21.26109
44.709034 29.802 19.654984
28.192484 37.320732 72.34521
34.177853 32.33697 36.007893
154.27312 86.99701 29.971155
27.944496 24.547537 22.019344
27.944496 24.547537 22.019344
60.23129 47.291237 37.79453
60.183826 47.265034 37.7763
109.989845 101.37302 92.731674
101.01746 69.55041 41.699764
25.735119 22.00272 17.291082
156.29388 161.33276 183.48407
174.58952 170.91798 173.5794
174.75993 170.99176 173.4232
73.231514 48.30487 30.203785
151.65942 165.2031 191.27058
70.51651 63.29407 82.13357
50.05332 22.816671 24.701218
50.02122 22.791925 24.677048
50.087795 22.843178 24.727419
64.279594 25.28097 25.361105
84.49943 55.53145 48.166283
84.49943 55.53145 48.166283
89.62369 61.483376 52.377846
85.76817 58.71133 48.26967
73.766914 30.365625 27.677048
14.098866 32.11526 48.339962
9.186202 17.425076 28.834175
9.176664 17.45051 28.877882
23.019268 41.18513 61.2758
81.38267 73.50383 69.21719
65.69314 57.651382 54.978893
48.93534 37.679 29.470736
49.424767 55.065002 71.210106
35.09021 54.300083 66.90117
34.793686 54.13633 66.69804
167.86632 163.24887 194.44753
167.86632 163.24887 194.44753
167.21646 162.75696 193.77205
135.81955 70.59626 182.89926
135.5016 70.25818 182.84758
44.10515 54.80495 62.157013
44.632805 55.13338 62.35716
99.94185 59.321766 29.580633
54.699684 55.15939 57.03298
61.91213 44.91887 38.97204
66.23397 66.04957 63.85984
66.23397 66.04957 63.85984
157.93546 165.55478 172.80629
65.22068 64.90937 59.821728
156.5653 142.49437 130.2997
156.53961 142.33472 129.93307
104.57351 74.22366 52.24799
149.4423 104.715126 62.222668
43.34536 29.495174 17.497892
142.14177 105.72512 92.916534
116.754616 113.35728 111.42335
86.51831 59.198 46.26852
196.89447 195.3873 125.7296
111.48621 93.739525 73.59025
134.06577 115.77005 113.24178
134.10454 115.84712 113.38217
105.03543 114.16314 126.13748
111.91971 92.772 85.65663
140.59932 103.926796 59.951122
147.86597 100.19712 47.661495
86.97579 55.402744 35.998314
129.66946 111.41837 92.2201
158.66502 151.14207 133.58727
142.8809 104.50337 57.54478
143.98158 105.563354 58.222477
151.20007 126.8585 90.9124
151.20007 126.8585 90.9124
145.0953 113.186165 105.049225
116.46886 80.73837 72.96269
103.87129 81.30602 113.0832
134.40971 70.36712 44.670498
134.40971 70.36712 44.670498
74.872635 43.67195 31.187237
192.17816 161.20969 110.59148
192.1405 161.17345 110.55106
116.882866 103.76258 118.63847
121.14702 81.94013 84.3169
130.16399 92.622345 93.26021
75.02 57.034897 42.00701
68.45648 58.82529 66.23125
88.35762 50.094307 41.392822
97.895386 64.810234 50.02057
146.99203 113.94576 93.23351
151.4107 123.787025 98.39428
151.4107 123.787025 98.39428
100.23642 55.240406 46.66073
79.48878 64.635025 59.301617
120.684555 72.31721 61.695396
73.66747 56.42557 49.74952
138.44801 104.95676 73.70114
75.3025 47.566536 48.693443
138.94476 123.735275 90.34199
138.94476 123.735275 90.34199
122.84938 106.988205 77.82115
121.33701 105.21642 76.636826
138.42055 91.03256 58.995823
121.02409 92.88589 74.957405
75.30621 56.086876 46.278057
75.91435 52.769287 33.173946
75.91435 52.769287 33.173946
108.47506 75.910904 48.69321
83.9764 58.360798 47.35348
99.50138 54.03934 31.07914
99.50138 54.03934 31.07914
78.898415 53.84513 52.208763
77.77423 53.154217 51.582893
144.45534 109.97924 63.463417
121.292076 61.1736 24.193901
76.76205 51.451775 57.524094
65.62629 91.50303 90.311195
74.71424 56.26059 50.311
101.1351 75.1944 50.918907
112.91703 108.81751 95.44802
111.977974 108.062706 95.141464
123.086 120.45886 105.52463
135.37195 125.16885 105.731636
47.424347 38.71516 27.448135
82.33586 71.33655 70.441124
130.58156 127.78859 96.107635
89.65234 78.49272 60.87999
88.530914 77.50578 60.203247
77.60036 76.47851 64.75416
52.569065 48.297173 33.83429
99.97143 90.23439 67.92316
83.28894 71.246765 62.075615
156.63223 105.70061 71.60384
39.858997 22.963955 27.672718
67.75676 40.977516 29.632193
67.75676 40.977516 29.632193
65.5508 35.876007 22.291811
65.048225 35.814945 22.215084
110.78449 66.29798 55.295486
113.825516 80.28614 75.38141
73.92764 48.84609 36.37949
74.59289 50.024746 34.966904
74.59289 50.024746 34.966904
142.0984 81.49847 73.1962
142.34283 81.6795 73.23604
86.51613 57.935074 30.80472
86.51613 57.935074 30.80472
109.429405 64.54382 46.765953
132.06741 66.4956 50.680725
102.6271 61.90374 46.040718
102.88486 61.866543 46.028385
96.865776 54.49751 40.315292
91.787445 61.813183 54.376274
160.76094 118.94025 85.07565
81.89815 56.306404 43.134644
156.16364 125.44357 84.59097
156.13867 125.445335 84.57171
77.868576 48.009155 36.17019
121.479126 78.51969 55.957253
91.47686 63.575844 51.557995
91.350266 63.358692 51.320847
105.37294 74.57998 45.13522
110.67077 75.15257 41.645676
2.028461 2.0179653 2.004405
8.475255 8.45185 8.426951
8.475255 8.45185 8.426951
0.24561404 0.24561404 0.24561404
13.409905 13.370489 13.324753
13.409905 13.370489 13.324753
13.159427 13.134644 13.105493
15.795066 15.770781 15.744579
15.795066 15.770781 15.744579
8.211369 8.187811 8.159695
10.765035 10.745154 10.718073
11.783919 11.757258 11.729871
10.108596 10.085191 10.058799
10.108596 10.085191 10.058799
12.130928 12.101433 12.070865
14.379912 14.354172 14.322646
11.564239 11.537232 11.504711
11.564239 11.537232 11.504711
11.206504 11.178847 11.147859
9.57052 9.549605 9.527886
9.57052 9.549605 9.527886
10.470428 10.446411 10.422432
10.470428 10.446411 10.422432
9.289052 9.262162 9.235961
9.521987 9.499349 9.475293
10.677239 10.644603 10.614035
10.677239 10.644603 10.614035
7.047039 7.028767 7.00904
