0.0 0.0 0.0
0.0 0.0 0.0
0.0 0.0 0.0
12.125508 11.611213 8.234178
1.6792837 1.6690578 1.6577635
55.003307 55.02574 55.046196
78.34844 86.76455 49.171906
95.67293 102.74792 73.696075
121.76058 134.83191 118.42577
143.38335 122.08511 99.63085
124.076416 111.4072 89.628
130.32047 105.29248 88.679794
147.15349 150.33424 151.65736
127.59051 117.07891 107.42705
143.12901 114.883446 95.11192
152.14749 157.24965 162.16595
104.14006 96.32016 90.57123
185.60043 154.40868 130.60724
127.12261 86.24252 65.21311
123.397385 76.24857 48.31283
109.770454 78.680405 58.275234
139.55484 96.74476 73.132935
162.70615 156.11604 135.2267
151.42278 129.20279 112.03444
164.63559 138.38559 119.51918
162.8633 135.76297 115.71042
162.90959 135.84717 115.74771
132.90013 111.744965 96.12856
127.748116 108.826416 90.56059
127.76308 108.5433 90.35877
156.52243 135.26999 121.251274
178.79817 169.76399 155.10876
178.80016 169.70879 155.2673
95.59239 76.523605 57.257427
153.12367 127.48479 102.18371
152.8025 127.08069 101.72197
180.02823 155.89215 130.14067
154.69978 122.42165 104.2647
112.86162 89.75494 69.88268
124.273506 97.56212 74.96388
119.36142 92.47807 70.72283
109.429535 83.68529 64.10094
147.95549 120.43549 96.59997
148.28592 120.73158 96.8373
150.41565 119.51251 95.770706
150.41565 119.51251 95.770706
110.493484 83.00926 64.270805
134.41072 109.057945 90.158066
135.88895 110.540855 91.595795
31.776659 37.486824 51.895706
31.776659 37.486824 51.895706
44.518826 52.88767 78.65517
44.56395 52.950752 78.73601
34.66173 39.72202 64.32753
55.063644 46.24303 60.015415
54.43661 45.36991 58.330585
57.412292 58.53261 85.04105
57.412292 58.53261 85.04105
43.043804 39.83542 54.522182
43.043804 39.83542 54.522182
47.547466 47.670025 62.7819
44.045483 44.45467 62.683506
160.46988 137.96729 110.551636
153.09961 106.63782 111.55596
166.61935 124.087654 134.22269
171.02396 134.03389 133.04741
171.23921 134.13248 132.96133
160.78358 124.87383 128.79747
161.26537 125.39876 129.28119
160.55388 138.1306 129.51007
159.67938 137.48148 128.7969
160.32199 137.63385 129.08405
159.71759 130.30316 122.6601
172.69063 129.08725 122.91804
32.236263 44.46444 73.07789
31.035715 45.834045 94.46149
23.71805 37.93768 77.1454
27.768772 43.910767 91.43809
31.674654 42.14596 73.22502
29.70233 40.271366 79.6544
29.660206 41.049755 84.23942
25.164478 38.82738 78.41758
26.635176 39.54009 79.42165
22.999289 30.38548 51.939816
40.418243 33.57657 37.221867
64.83038 43.41748 35.61274
49.253155 37.41743 37.783577
32.83842 28.88889 40.54889
32.83842 28.88889 40.54889
60.95233 43.645096 54.511242
82.87124 50.33308 27.166922
82.87124 50.33308 27.166922
48.286987 38.498577 42.63095
26.54711 39.775185 78.47853
127.72878 85.88533 63.28938
115.75158 77.73469 39.649826
119.35343 88.440575 63.068172
131.81944 108.5873 88.836845
95.93035 87.32901 68.84198
116.17877 114.85638 113.535965
105.75351 74.0144 58.549706
70.37973 66.28078 65.40848
69.305405 65.38253 64.916466
127.35099 124.888535 70.560745
133.2181 103.342285 74.09844
133.2181 103.342285 74.09844
119.43961 86.06919 57.113705
105.39754 77.80123 47.269382
104.518166 70.660965 44.520706
110.360855 78.75275 55.08211
109.817764 84.37302 60.06456
121.21113 84.43056 59.93839
133.01578 101.968864 78.496544
149.32957 142.10597 96.59493
111.25992 84.823715 61.9535
131.54507 94.48026 64.87866
99.24161 73.906845 53.818886
168.38991 138.55052 111.685135
112.96088 81.47945 60.103073
129.15364 95.8896 68.08771
135.3342 102.8665 75.309525
140.9539 108.31532 76.230515
130.45935 93.69231 65.21871
134.28307 109.09102 84.23555
143.73718 118.28831 84.294106
142.18773 117.426025 99.036224
143.15353 118.479294 100.12144
90.94795 67.22441 62.257732
153.41245 123.449936 104.51083
115.058815 79.69653 60.254173
158.24837 128.99629 108.12556
159.06696 131.13466 116.07819
164.06929 134.22787 112.03658
139.51674 116.7822 105.34
139.51674 116.7822 105.34
143.0983 116.44709 98.19948
120.36798 83.908066 60.653084
120.13955 83.78994 60.567665
123.48204 91.18121 67.65751
105.9591 76.07646 49.97955
105.9591 76.07646 49.97955
173.46957 147.42104 131.27798
173.18716 146.96312 130.9966
139.41016 114.835724 92.07815
158.48962 153.47232 121.69261
152.06277 171.8957 160.68845
20.81975 23.803978 31.196684
15.993539 22.417582 37.13604
15.941036 22.349104 37.011295
126.539024 104.395454 106.182236
126.37754 104.22792 106.016945
129.72995 116.80474 123.39347
114.83105 98.02666 94.96602
105.03388 94.32209 95.59905
132.93365 121.621796 122.85933
117.06471 97.50936 98.851036
139.89204 126.02885 124.64443
138.31781 125.62505 122.9273
138.44383 125.75117 123.01582
148.39444 138.04156 131.90726
149.02005 138.69643 132.56476
85.18702 85.627846 87.5523
127.65405 132.94434 127.84442
154.34346 139.52971 111.98321
154.00961 139.24797 111.71179
144.0259 142.67027 127.63467
92.85689 68.721405 51.22558
92.85689 68.721405 51.22558
138.55246 122.17623 97.96301
138.97899 122.43427 98.07158
138.99756 122.27035 97.83384
94.77925 96.32026 81.55627
164.57117 178.83348 189.13496
164.57117 178.83348 189.13496
164.49725 184.80174 196.80331
155.8369 170.09355 170.82997
134.08852 112.88736 87.87678
133.67812 112.579926 87.631714
133.46881 112.42175 87.50616
121.28129 98.08379 66.78215
91.27101 73.17236 54.902115
97.33995 76.79955 60.698414
96.32062 72.38009 59.28536
96.22125 72.29517 59.257477
96.396416 72.44902 59.303062
136.86105 131.44582 126.12765
109.54879 77.94348 59.50926
74.57062 61.991505 56.67318
74.644585 62.0523 56.719067
109.75656 84.790596 70.475784
94.57646 70.98688 58.757835
135.87114 85.92715 70.87719
164.54655 142.55144 134.63365
164.46144 142.54152 134.95528
175.04192 151.78047 142.40883
133.56934 92.106735 71.77671
134.17424 92.44846 71.85572
100.726494 72.58862 64.88329
100.75677 66.439 56.932335
114.661934 78.417786 69.8228
106.51155 78.969574 66.84962
115.11955 84.932236 63.128918
115.11955 84.932236 63.128918
131.91275 109.59453 109.148605
139.26395 117.35374 116.68422
47.82265 56.818935 72.724106
60.255444 57.864315 71.510735
127.52004 133.99745 156.83882
81.02391 84.78922 105.468765
64.29319 59.49308 76.450195
75.14698 77.16575 95.68182
77.50137 78.12866 98.72853
67.527016 75.94541 97.77406
74.34346 70.219475 94.643364
67.69709 64.76735 86.74552
67.69709 64.76735 86.74552
124.87027 88.94974 62.650845
113.92415 89.2095 67.84936
114.040855 89.294464 67.86757
109.87342 81.82758 56.473038
124.58069 95.26104 72.079315
114.3137 84.43859 62.283833
136.07835 101.29452 78.345085
109.13461 80.314865 63.33308
114.10561 84.97207 63.51628
114.03836 84.92109 63.475937
116.95584 82.34972 61.27208
93.03012 63.608925 49.001728
95.80296 68.49186 47.12373
142.4592 120.069954 85.62495
144.87932 137.84799 119.99975
144.30347 137.12444 119.22741
157.3691 175.3719 178.82988
149.71347 125.40074 106.16509
150.30632 125.95396 106.58919
88.65125 57.645554 36.14321
75.28226 47.680405 26.473392
60.035816 33.862892 26.010582
60.240486 37.220036 27.478022
69.85567 42.489265 39.4972
34.739925 45.362892 68.819244
30.593203 41.967796 65.99079
29.931065 41.442867 65.432335
29.865538 41.372913 65.211334
28.689968 38.43198 62.076057
18.751526 26.422567 48.801586
30.600224 38.372047 62.087555
36.51821 42.852108 68.079414
31.136446 40.84239 64.81629
68.228325 53.757427 46.43386
94.96953 114.54793 89.73433
77.55459 69.616196 70.0524
146.86436 109.266945 118.02147
228.21123 163.436 206.22868
65.81029 65.39189 70.88863
146.35342 158.90338 155.21489
146.02554 158.64133 155.11249
158.60678 144.34381 135.22838
197.22879 168.26949 146.81822
198.22568 169.51521 148.01003
68.63675 55.432743 40.549095
44.768368 32.34951 23.825804
86.14942 70.68468 51.804947
74.40415 64.28627 50.715405
96.9478 82.108055 66.85592
100.864975 81.9477 65.90547
81.66071 65.70126 49.422314
81.6311 65.67089 49.39891
81.69505 65.73499 49.446938
107.54083 80.17001 59.679077
99.90196 61.423584 35.33257
118.25244 61.649014 44.662952
118.2823 61.60862 44.63075
153.28429 136.7362 107.215355
204.51053 167.41942 106.22889
130.72156 110.52661 97.113556
130.72156 110.52661 97.113556
138.48479 118.34962 102.34615
110.0056 65.00555 50.510685
92.14199 72.31563 54.422264
87.48957 67.526306 51.315475
87.45391 67.50082 51.307083
106.23092 120.8835 149.12718
62.546654 64.175316 73.29055
71.60633 67.059425 75.611824
71.60633 67.059425 75.611824
71.74588 67.15852 75.67755
72.04889 67.42969 75.866554
77.97344 69.84941 83.21861
63.45345 69.07926 78.39876
88.89088 94.13528 105.88324
93.09524 95.92389 102.907104
73.66575 74.28699 78.90604
84.51068 87.574936 95.168396
122.35363 122.58919 129.34926
88.69195 86.09198 89.481026
87.83384 85.2352 88.64103
124.674095 105.91066 89.90695
91.77208 93.0642 69.78236
141.09035 128.93494 100.34804
141.12862 128.96306 100.36762
165.33424 138.6388 101.67547
137.37999 124.42247 51.704315
161.49863 134.07428 101.82158
162.17873 179.85983 158.0577
145.62556 122.28439 62.504326
170.48392 134.18106 88.859276
170.56711 134.25356 88.94511
145.15115 134.68121 101.593864
145.08302 117.50555 81.52467
151.04965 155.33653 134.1542
187.15639 199.2764 193.40445
187.18112 199.25584 193.31345
119.60633 117.00097 109.088165
140.29274 134.2531 116.579315
112.626884 190.67953 223.27223
129.26755 110.4593 79.561714
129.66011 110.842285 79.84722
185.80484 200.73917 206.19113
140.14922 130.25829 101.97843
171.59071 166.04222 148.89124
171.5866 165.76297 148.4473
138.15338 116.24985 82.028595
155.3198 136.44984 127.56965
168.87668 172.76704 178.98117
123.580025 93.85592 80.78678
172.70955 176.68906 179.57637
172.24248 177.01892 180.56741
104.53607 58.43605 34.81044
75.37322 39.68376 17.423534
97.52076 53.05042 28.37963
77.47293 46.18722 22.964083
62.516685 37.204212 20.317053
147.24599 99.23555 68.558556
174.90283 155.46011 138.58415
169.50447 149.59041 133.56598
155.68777 132.85974 115.97599
158.16164 126.85607 104.02864
157.8723 139.00752 122.447296
163.392 146.94266 139.95844
145.43289 156.7121 132.33897
108.018166 74.6829 49.58664
108.31807 74.976906 49.819595
114.754524 79.11661 50.533016
118.562675 81.3171 52.793446
165.3633 139.05795 107.88965
165.31975 139.0633 107.779305
125.69755 94.19887 68.444595
126.432846 94.859436 69.02844
104.922516 75.34005 47.358414
104.87246 75.26882 47.313187
87.95264 60.421043 33.498272
87.40232 60.04411 33.161987
128.37672 116.17303 87.63797
116.70544 81.52198 56.553722
48.421806 38.258904 44.98672
48.33191 38.19119 44.985092
54.42481 40.238197 46.903336
48.49476 41.371437 51.744812
48.909035 41.53246 51.67959
94.94841 62.778183 42.74476
95.060646 62.855564 42.7849
67.591675 42.16911 34.42216
74.68275 45.26455 40.749645
62.143925 39.722935 35.2065
68.27803 43.640213 38.261295
68.27803 43.640213 38.261295
68.01394 43.484177 38.201668
108.636345 61.176434 42.689358
112.318634 64.37418 39.776505
106.98036 61.517197 39.125103
106.9012 61.487843 39.17389
99.3197 58.053776 38.75763
98.84412 57.7617 38.64662
99.63253 63.07387 45.86991
56.875458 43.172516 47.2443
56.699226 43.003716 46.975883
73.320816 45.449886 37.658627
77.53739 49.161377 37.45162
77.557846 45.685287 33.379883
77.80449 45.81171 33.399826
73.195465 45.120674 39.600426
66.812935 39.95874 32.28653
43.075092 32.66921 37.209858
84.27401 47.710266 35.090862
71.35048 47.43447 41.74364
71.34621 47.48265 41.813442
78.97548 48.197598 36.865944
78.612434 48.08547 36.911324
66.022995 47.953754 44.816696
80.304184 46.67343 31.470493
107.1484 61.9853 42.548943
76.022285 46.054638 34.236263
24.746592 30.625254 49.146725
24.803316 30.704212 49.294872
33.06049 35.682693 63.335926
35.951263 38.32596 63.32901
31.664478 37.931828 76.06929
42.91438 46.391685 90.66895
42.942818 46.413612 90.75025
23.556623 30.966473 60.705635
21.297262 30.555403 49.96098
109.99089 103.237686 102.92873
76.63955 73.6774 79.30499
129.55292 113.77854 123.638176
129.67583 113.90257 123.77528
128.15613 121.90349 131.46953
144.66992 114.77844 96.255135
144.6332 114.71093 96.19791
99.79563 82.447296 75.6597
100.26282 65.82123 47.900234
89.26933 61.353024 47.549706
131.27844 101.90013 79.72243
131.4679 102.111824 79.85974
100.21189 72.80108 62.762363
100.471405 72.89881 62.724155
128.36589 106.60587 87.8112
127.994865 96.61055 87.89174
128.05972 96.6978 88.24802
142.11717 114.848236 118.55083
129.81223 102.2033 97.90156
115.479195 81.514145 68.63177
122.72721 85.15639 72.38258
147.49165 113.2933 102.79304
147.32942 113.14088 102.60994
147.6511 113.44318 102.97431
133.58125 105.756615 85.53658
144.19002 107.07621 79.01501
119.585625 91.44999 74.15959
119.43437 91.26287 74.04151
84.090866 57.77676 44.85648
74.786476 40.20157 21.667734
76.04101 39.01287 21.33547
80.94928 38.82738 19.766788
80.72121 38.765568 19.757122
89.110245 49.34595 27.312576
83.886345 48.718815 25.894537
88.03571 45.456196 23.05179
87.996284 45.417786 23.03429
87.94638 45.361977 23.016636
80.96139 47.644535 27.605618
83.73275 49.81761 32.46851
80.65318 47.969017 25.594118
81.12475 48.43422 26.093916
152.88995 117.454926 104.701614
152.65497 117.27015 104.58074
185.53954 149.5556 130.89891
127.27259 90.683914 63.760227
127.33231 90.71093 63.702583
127.18849 90.76089 63.89652
88.89214 65.853325 50.125153
105.31151 72.08094 49.73194
133.35887 85.385635 54.190224
136.53496 96.07621 67.4624
141.22258 113.87363 93.573006
134.11691 91.389854 73.137924
187.18987 141.96175 127.99924
187.25722 141.86513 127.71291
132.00198 101.067 86.50758
152.96088 94.443275 58.23611
147.18285 89.01399 64.112946
147.09834 88.74888 63.91524
109.04818 74.51582 54.15456
108.89352 74.596405 54.386803
103.16544 63.433304 40.334606
111.75738 92.884514 78.215256
111.6858 92.7905 78.13156
108.57621 77.66845 62.359993
132.81003 90.03516 73.59692
132.52783 82.96434 59.336388
142.61534 99.077736 76.72014
142.47624 99.014854 76.6716
170.93849 130.09102 107.1367
149.54076 111.17877 90.9828
149.32 110.9709 90.85979
116.66311 79.945465 61.245674
116.66311 79.945465 61.245674
135.48901 91.73606 60.423687
143.00168 98.45935 74.95075
143.0465 98.49725 74.94648
121.052246 80.54233 60.295483
107.391335 76.72634 57.55698
103.32306 67.817 55.545685
103.32306 67.817 55.545685
125.009415 83.78653 59.991604
35.124187 29.407917 25.176588
82.50839 50.889957 36.24751
68.1688 41.414734 27.57789
68.12586 41.382732 27.565731
104.93813 60.329872 44.459503
76.22634 43.09183 27.381308
75.86299 42.887516 27.253408
159.6566 108.05718 82.40324
174.51968 126.631615 107.422516
133.83134 86.28302 67.578804
155.03633 99.63335 68.22487
169.5264 118.07153 94.47817
169.5264 118.07153 94.47817
148.79335 95.25183 69.39977
145.08165 93.92425 63.93447
144.9182 108.09148 80.94073
145.59789 109.053215 81.76262
126.77584 83.51638 61.439102
124.70742 96.37851 85.727005
125.95111 97.34198 86.53439
133.77727 99.54833 77.246544
111.65522 64.53505 50.283833
89.868996 59.874035 42.739674
82.30016 54.87948 48.237995
100.37281 61.516586 48.846867
119.35368 73.565575 58.205177
128.19984 81.402374 72.18218
98.070816 64.264145 56.46276
111.50066 73.56502 50.32962
111.27111 73.44236 50.19302
86.265465 62.616604 57.61055
106.320465 79.01842 68.81883
136.3658 114.436455 99.74089
143.14651 118.912346 100.91763
130.9303 107.06344 90.873375
147.38797 116.07321 97.185844
146.5141 118.3312 100.49644
146.51353 118.34412 100.529816
184.86977 167.93707 155.18091
173.15562 156.09915 141.49629
167.22192 147.12755 133.84747
166.44643 146.35693 133.07005
146.67801 120.44129 103.18859
195.37622 176.86656 165.60399
166.37083 138.43086 126.11915
182.6187 155.15186 145.67796
144.59961 106.5175 90.7239
157.7527 126.39372 108.50829
193.40186 175.47888 162.56918
150.2823 121.66895 102.118996
133.64235 106.67175 92.609024
169.26471 136.95905 116.41031
163.65527 135.74623 117.918396
130.43799 103.107956 88.70752
130.4335 103.10399 88.74781
47.876526 42.593204 50.64255
132.41722 101.91372 77.635124
132.52956 102.00036 77.6862
130.54237 100.24613 74.263885
214.46657 184.05663 141.7903
215.17323 183.69571 141.65024
215.15262 183.67308 141.63568
212.61447 182.61778 141.50824
214.45512 183.40613 142.53276
216.718 187.80576 146.39484
216.75172 187.84601 146.42308
214.5873 179.36574 136.7994
215.17206 184.92271 143.56903
217.8862 188.5876 146.78368
210.40369 176.21358 133.61671
212.97223 182.78668 141.7645
213.82184 183.52834 142.40059
227.11641 202.07184 159.59065
225.45549 199.9589 159.33568
225.68762 200.08202 158.85974
225.53969 199.11314 156.94867
224.0957 198.3165 158.11319
225.32957 199.06339 157.51831
225.32957 199.06339 157.51831
226.0109 199.99974 157.53714
226.37088 201.83775 161.585
225.49115 199.51526 157.50484
225.50325 199.51273 157.49843
225.9361 200.41356 158.37718
226.48941 200.01212 157.94653
226.61748 200.8893 160.13614
225.58786 198.79167 156.46404
225.89902 199.85562 158.2674
225.89296 199.8602 158.29039
219.56659 194.11075 152.65445
223.2296 197.32768 155.94113
223.24104 197.32881 155.9357
228.93289 206.09972 165.32722
