0.11111111 0.11111111 0.11111111
0.11111111 0.11111111 0.11111111
30.553816 72.397316 175.67795
21.258772 19.031084 52.16461
120.50557 96.669556 109.17857
144.57689 121.02224 106.00658
141.6125 119.23093 106.58953
140.00505 115.25731 94.611565
141.85832 112.741646 114.52847
3.3352478 3.3352478 3.3352478
165.06784 123.9867 82.88785
159.8248 156.33545 103.673805
159.6274 133.0505 97.43818
158.74359 132.2588 96.74394
162.37598 142.38635 98.926445
141.73161 138.60335 109.8499
134.14429 154.67903 141.44452
163.3647 148.95656 121.59332
182.72775 189.5943 167.1538
154.6739 181.1934 161.82912
154.67325 181.19347 161.82874
138.54488 117.458435 98.192986
148.93567 136.96742 127.53961
147.87027 136.03244 126.74398
175.54803 161.18507 153.47797
108.526245 111.30876 93.79581
125.2422 107.28509 96.68404
111.93139 111.51232 94.83911
132.97115 108.014725 77.631195
133.36655 101.88739 69.51437
105.30663 82.35631 66.98639
105.30663 82.35655 66.98674
122.15615 83.38809 49.361702
121.32554 92.38847 66.27931
121.051865 91.75926 65.601746
117.84827 87.412834 63.925472
142.33246 132.57018 128.76859
142.74837 133.54344 130.09088
157.9095 146.8271 134.52026
85.36595 79.00679 185.19531
187.0583 139.19667 87.35961
156.75114 99.57056 60.09656
156.19322 98.957634 59.515316
173.40543 121.62695 78.313736
140.28654 112.92697 79.044975
159.05441 112.09639 77.0683
164.04369 126.67499 82.94228
164.04369 126.67499 82.94228
174.1924 120.21063 74.58525
92.29936 72.88377 69.41437
103.24325 87.53282 96.72097
112.73155 63.39439 55.97981
110.94956 65.74457 79.51434
131.92662 82.53502 91.06492
134.92488 85.10265 85.35822
187.06078 141.06436 109.097046
176.43091 129.11745 84.64637
116.519356 73.85063 51.591618
131.49043 121.951584 92.60495
143.08653 163.46506 100.983086
124.97111 91.39979 58.84172
119.14979 78.91071 47.565094
150.81802 114.84186 68.4725
150.60509 114.67119 68.38478
127.3476 91.23681 55.330063
127.10889 91.10509 55.24993
135.81805 99.02482 70.577835
107.41029 69.03825 44.26319
118.372665 81.014656 54.287178
122.22514 89.75094 62.838417
121.96516 89.49732 62.555103
17.917467 31.39599 49.953842
89.13186 89.31774 84.38781
88.77263 89.086845 84.0086
35.47233 45.91503 61.097084
30.021235 31.461918 42.510406
30.108187 31.536062 42.59367
54.015526 64.97574 87.16165
53.126392 63.600216 85.94228
38.740776 44.784912 63.096176
53.982838 59.583855 80.141045
58.198586 57.515804 74.66454
121.65929 142.5025 142.44643
123.84743 143.88339 148.93181
123.68466 138.95468 145.19946
123.017265 138.09517 144.21617
65.73061 146.92192 144.89174
80.39004 156.20645 167.99335
80.35927 156.11101 167.87769
41.28474 86.473305 84.1722
40.14331 87.2218 88.75352
55.06523 100.09503 117.97908
105.42572 151.13106 135.0442
47.165203 73.49902 78.54518
47.041424 73.66966 78.73291
56.91743 131.02666 144.25783
53.7131 97.92025 119.04678
53.101505 96.44354 117.7672
97.20767 125.01198 142.64491
96.83542 124.81527 142.47758
112.66158 145.15945 146.71028
103.07982 155.26573 160.94803
66.255745 102.73712 113.94337
36.231968 81.92074 93.07418
36.257103 81.96439 93.11954
144.1611 145.75136 156.89871
139.81294 142.67206 144.88263
166.1509 189.78795 181.59541
133.60938 173.99593 149.94653
199.91138 169.33173 88.2682
161.93164 115.408035 84.12552
115.276 208.88646 57.614834
171.35188 172.75293 108.82178
56.746483 128.83841 100.2428
34.76542 78.85147 89.49965
47.201756 108.8081 113.66813
84.435326 81.95541 78.53975
80.07421 82.2066 82.51281
97.99788 87.452034 77.07603
77.62928 95.40539 97.71874
129.90257 203.70969 126.422066
138.5709 182.82936 189.75641
154.59145 190.33865 169.53606
151.61278 180.53352 166.56947
131.89209 200.62524 170.45753
75.921364 86.364 139.13652
90.746765 101.25307 141.41827
114.7185 139.98302 179.33542
108.28585 94.266846 116.7027
132.20819 143.82056 175.77277
135.03755 135.20784 164.19998
135.23318 135.62657 164.19612
130.70639 123.0165 163.51361
84.48841 82.272415 134.57352
152.86201 166.8994 179.36024
152.87587 167.195 179.308
44.63666 34.528194 88.62406
79.709206 98.23287 113.50644
23.662247 20.156677 22.482107
125.19744 104.67972 128.9433
158.3712 186.0811 193.32365
144.5558 166.57257 175.46268
124.10126 102.157684 123.489
141.81197 161.99745 168.73093
85.972015 53.959934 107.21265
79.457115 44.571915 81.14596
79.5677 44.491993 80.91214
133.52162 122.55844 151.6101
31.10843 34.46237 74.93776
31.080027 34.447823 74.89111
55.760616 72.43372 108.14763
64.58748 114.09506 162.96661
68.3335 117.09736 180.7979
68.29128 117.0307 180.78621
61.340366 47.978416 56.61574
177.28053 157.82161 140.60728
146.20528 134.56746 106.45085
145.92143 134.03644 106.16848
199.7619 204.17328 182.6873
153.70488 119.008736 96.445526
153.80713 118.701996 95.79476
168.1706 144.801 134.51859
176.48099 175.87622 227.92162
176.4835 175.87788 227.92244
168.10258 150.31279 176.45868
141.63725 124.82679 150.09319
141.55931 124.63454 150.45189
158.7311 149.63893 204.44577
164.11307 141.00748 149.56332
151.9317 151.99728 214.43192
141.29417 118.86268 169.69597
171.64687 140.57787 170.29173
172.08351 140.8205 170.65804
172.15086 152.48837 177.39157
178.81102 166.85568 200.45175
178.9558 166.69135 200.91673
177.54045 132.70042 158.30103
149.81284 132.01657 150.34528
123.553535 175.31053 147.20183
156.5993 159.35982 155.26706
112.84339 111.74067 122.016014
112.809975 111.74474 122.11261
157.64638 181.28078 185.00348
162.36612 189.37027 200.54271
180.35022 143.05931 99.68257
173.2374 130.12144 91.52607
197.58963 160.07982 115.362885
140.24823 137.48357 132.36794
81.59033 96.34795 70.693954
81.62061 96.19698 70.611145
150.00815 178.9486 132.79811
106.74224 118.522766 108.71874
198.03056 204.8876 195.93964
165.41019 195.18588 163.98055
165.12357 195.32324 164.67084
159.19518 151.9962 127.81735
95.72313 112.91267 78.365395
74.02757 99.59367 68.46157
124.56969 119.55768 78.13516
124.6714 119.79852 78.2523
72.237854 106.49541 60.351955
99.32693 112.823166 71.82178
111.92516 126.03812 110.03297
161.07578 180.40462 169.45667
160.84471 179.84354 168.59245
129.45123 143.62263 111.53847
100.37549 121.01079 84.66548
100.45123 121.24885 84.76205
34.025585 40.21916 48.14926
34.082012 40.26497 48.199978
112.1148 110.86772 70.99805
104.91608 116.175476 78.98966
118.69713 106.20548 78.49352
114.56064 165.69754 147.75098
213.09854 171.86815 135.42645
147.27245 186.09482 197.99756
173.58319 167.55315 145.34277
101.242065 106.20638 80.5738
93.519875 104.76546 80.04024
87.55329 110.00118 79.52816
113.046295 126.20475 110.08494
129.90762 129.61807 114.621796
155.8104 152.6795 139.20425
134.84058 168.91866 149.91809
96.51702 90.559456 92.27183
105.4787 99.11821 96.877785
78.05427 62.486458 82.59221
86.40974 71.83668 94.6714
108.81457 57.497425 34.72908
152.88673 100.853035 62.454956
143.81085 172.25491 190.49117
150.01242 157.57164 140.52002
147.86345 150.91043 142.53934
161.09761 136.78822 98.11491
161.41138 129.53271 84.12103
161.18779 129.26556 84.10509
119.46543 132.24207 75.49603
95.09002 128.42084 116.05357
113.99781 147.04535 109.230225
80.99391 108.95001 78.46707
75.63057 94.21471 75.41044
53.069305 73.85864 57.28972
51.366055 57.430904 81.176796
57.53707 45.80935 69.76138
57.029343 47.945942 71.14808
89.9505 80.50536 109.63269
103.71119 82.831665 95.73378
104.52071 83.3727 95.85965
81.17151 60.912804 78.16987
93.83319 59.223476 39.537804
49.5039 35.86177 75.772484
86.73367 59.139168 68.835175
106.29428 65.09684 46.104774
69.602234 58.052353 68.87385
81.64286 59.809246 60.435707
81.78467 59.905354 60.381786
68.52931 53.872005 70.722466
119.20558 89.7594 85.70008
88.938 68.266884 77.01062
123.71498 83.58929 67.95638
126.46578 86.69479 74.44709
116.50546 74.04745 59.75564
119.55893 75.63224 62.06976
100.03596 67.17882 90.55242
81.26159 61.062588 86.93745
81.27357 61.05702 87.02479
112.743805 73.6509 61.1109
68.77061 68.11985 188.26407
69.95739 68.414825 189.15027
139.13573 135.88089 139.25829
160.1218 39.528023 98.31053
114.65305 108.30427 186.91078
165.18164 146.00497 143.69316
191.80257 74.36574 158.01038
108.01751 46.39672 171.7356
79.21536 71.119606 142.13646
79.546646 71.23924 142.92262
193.35732 187.41632 207.07115
65.46916 39.28885 123.297066
108.42439 100.01949 166.12639
85.299255 82.81155 137.89902
85.55796 82.87058 138.25157
176.73413 169.57988 159.41618
110.34642 96.21244 118.48844
106.40278 83.58915 94.80959
109.51939 112.31367 97.03627
106.96599 111.86863 98.91541
103.533554 104.68693 95.14812
155.90486 157.20224 133.99286
158.18324 154.31548 138.68515
122.81004 101.69862 79.648636
108.75985 91.28714 70.945175
108.709305 90.99398 70.56628
144.00397 142.0495 127.32745
153.93246 142.72539 121.59517
156.3578 137.16339 106.949356
23.252855 42.264584 19.70621
23.214808 42.223648 19.671087
142.67534 162.31429 158.59666
111.21843 108.84301 93.78324
105.15243 126.49004 76.36734
105.16538 126.70008 76.843216
165.57414 184.69998 173.5141
165.30399 184.41847 173.16263
126.01079 143.059 81.83706
195.18518 183.88622 150.33925
195.1141 183.53958 149.90985
107.08904 112.78488 73.670876
110.62319 91.42133 64.732735
170.53401 141.35074 131.91075
110.64133 121.645645 97.31276
100.481064 99.2531 75.17519
100.51365 99.460945 75.25762
196.52486 178.07156 99.261314
181.52551 123.9583 76.75815
204.20242 195.21227 146.23576
194.58017 221.28746 226.59631
128.6401 114.06516 92.60756
202.49959 179.01302 155.1078
152.00986 141.45088 92.15097
188.19525 169.93066 123.254875
188.21007 170.235 123.66211
174.54575 132.51678 91.20186
80.13377 107.51357 98.128624
93.60798 75.0675 83.08629
93.55772 75.0127 83.02816
136.75647 154.90205 135.2807
172.32843 98.30841 47.111286
172.24763 97.83911 46.788532
141.56822 131.14703 90.027954
127.0826 143.11699 97.21505
126.99307 143.07362 97.21964
70.40354 97.65991 79.257904
152.87434 118.47623 81.9441
127.76016 94.1187 61.21432
103.654205 73.45043 54.55528
103.4826 73.44114 54.56934
150.64749 95.077934 89.343704
129.23318 88.65685 68.8184
128.81143 88.38349 68.639305
174.3702 109.993355 102.74412
205.1282 150.60175 139.08351
110.98681 70.816765 54.64018
107.57376 43.59127 41.004456
73.2124 34.30921 25.514376
143.20618 84.17739 78.266045
156.75302 86.92241 77.75011
173.20547 104.531746 101.357315
174.1367 110.7854 100.78328
174.07053 110.5008 100.47744
193.62163 169.1846 150.95308
192.65483 168.84604 150.47362
170.29312 112.33243 109.8051
130.90247 84.521126 63.507973
141.27458 94.85185 79.58104
151.695 111.74377 91.98333
132.55252 80.757935 68.9575
126.355125 68.34051 77.12051
125.19333 70.73367 79.446045
129.77057 62.183826 56.908764
175.578 106.49488 100.97703
109.16817 53.0361 49.918964
108.6178 52.587543 49.458195
132.47601 65.06001 55.872494
125.25397 67.33817 54.731934
108.66938 65.25428 55.415833
109.89244 55.24314 51.74401
181.84795 112.48625 78.57463
173.88815 107.03338 92.6958
163.78654 109.689644 96.35067
108.29692 68.82115 66.49123
210.86156 127.19671 95.922585
196.0997 124.60467 91.72706
174.84074 109.648285 73.56969
190.15564 111.40567 80.21188
199.16426 92.539856 72.14756
117.161896 50.987225 50.53352
217.54668 141.62643 62.29344
32.73308 17.726782 18.77193
117.842766 71.99314 89.889725
135.37437 76.27078 104.5126
85.73841 54.672237 90.469505
122.472885 72.19061 134.40475
136.42088 75.99088 123.43153
106.167885 69.43818 61.01462
120.529 72.43146 122.35429
128.74544 64.68386 129.13715
132.75153 84.58278 72.38826
114.48148 75.74927 107.922935
122.268974 79.58048 108.33688
134.86658 81.7327 138.07066
120.28648 72.97135 79.68299
124.33793 62.763298 140.97327
113.180244 61.189606 129.52013
113.69765 61.315025 130.22107
146.98573 75.73075 67.5039
143.48242 91.128654 123.4331
104.92168 61.23242 63.762287
120.559456 82.06902 131.27551
82.77698 44.596596 101.141815
107.225426 61.387566 153.81186
77.011 43.527744 50.507275
153.90779 105.046364 84.68185
122.52454 71.34865 67.311226
145.66138 80.759224 64.31026
150.37169 90.87977 64.33152
112.07818 78.743385 85.25143
17.124651 16.673838 16.169277
4.6524644 4.5679827 4.4859023
8.084586 7.977966 7.109336
7.9559317 7.771547 6.921714
6.211327 6.0986843 5.9100876
148.92268 110.171265 78.92011
156.73204 104.10979 57.88635
147.58376 106.46272 69.80016
155.30273 102.944374 57.310326
142.58653 110.89021 82.06276
155.71867 103.088486 57.40438
155.75258 103.10749 57.4104
151.56004 104.02805 64.69625
151.57268 104.03624 64.69887
148.426 98.368385 55.06875
154.99829 111.89735 72.76775
150.99924 100.07491 55.876495
151.53436 100.34649 56.063248
151.54929 100.35227 56.06753
152.42157 109.70464 79.85544
149.03502 112.40521 84.44504
151.93634 100.69716 56.31781
151.95227 100.70297 56.32202
155.34576 102.87061 57.280495
149.6845 100.41896 61.868176
146.24228 98.67223 67.21787
152.01233 101.14206 56.72396
153.61394 111.20346 72.77847
154.9969 102.68449 57.15671
155.01 102.69288 57.16082
152.76967 101.55367 56.704643
150.17297 99.548386 55.66277
147.59238 111.039055 73.185776
147.59232 111.03899 73.18571
155.36891 102.992 57.39084
153.34479 101.70607 56.90083
149.22101 109.75526 77.73075
149.22101 109.75519 77.73071
150.83577 99.96143 55.76577
150.83577 99.96143 55.76577
161.51785 107.08455 62.603626
233.69876 224.16252 224.43195
233.69876 224.16252 224.43195
30.547758 72.37615 175.73796
30.547758 72.37615 175.73796
