26.635029 49.622093 57.40998
26.584692 48.9564 56.53979
146.10187 189.90836 158.84029
141.28833 164.42433 117.98586
158.72548 183.02838 91.98369
123.246574 141.83942 144.65645
138.93466 134.35497 135.1522
139.55121 153.2817 123.92411
111.95238 73.2531 55.367035
117.665146 81.13568 63.30583
112.86671 72.00739 71.611435
112.70461 71.86247 71.51696
166.75592 73.65188 57.885082
198.78333 214.31801 210.08481
182.28017 109.56719 107.89683
184.60904 109.504135 108.94173
184.41357 132.07915 127.22907
186.56328 143.77876 142.93532
191.44911 134.25104 126.57099
158.72374 106.79626 139.82768
152.13416 99.79333 137.90465
187.88704 128.1146 126.89008
179.798 110.37378 118.33638
94.2145 138.18243 61.45075
106.17884 134.11165 69.47217
117.591545 85.5648 97.01315
169.16667 147.12709 148.08241
98.42955 137.97217 64.00207
155.57567 115.27767 95.07795
167.05708 103.33279 73.628395
172.94107 118.92955 103.06262
183.84811 129.11829 118.91596
172.99586 124.92433 92.49228
177.10155 147.58632 109.36192
200.88846 171.13763 105.57067
155.47575 118.66167 95.65623
165.40552 109.32442 98.29452
140.08318 133.41759 95.3566
125.89269 128.93727 89.8018
150.3654 132.35802 92.25016
200.42987 179.32202 120.408134
135.81648 158.0151 85.46869
152.52348 108.25788 118.952705
114.286476 101.03338 62.674496
116.77712 150.54414 74.09317
156.61438 187.7557 153.64482
162.03055 130.27702 84.373344
151.63568 185.65025 155.40063
169.46619 194.50815 156.77919
173.258 103.96847 104.456726
162.74234 142.03719 126.74842
162.66971 147.08078 143.56468
151.81377 129.42291 110.693085
166.00577 125.81735 123.37726
172.03664 127.712006 90.34312
157.41911 131.56544 133.25418
151.49196 133.78343 64.44162
166.06773 126.33583 93.66308
150.76343 155.177 143.11665
186.61426 160.86758 89.21298
182.70972 156.82898 94.41346
165.58002 149.17004 81.6072
136.09013 122.49348 66.804306
135.50664 121.73581 66.283
135.98271 181.86258 189.16286
113.45716 137.54936 59.52642
144.88182 143.25462 123.87519
142.79094 158.80344 149.6321
161.55316 93.54653 105.17852
128.50119 138.17145 88.38193
71.3641 139.31018 47.44053
194.56937 151.56502 136.71678
189.15015 163.27115 125.67341
181.12111 143.47826 116.66678
190.44781 160.73592 126.74125
187.49326 126.97575 133.23538
184.18852 134.19069 112.214615
184.01088 136.97032 119.70015
187.9189 110.749725 112.328766
96.45303 126.607956 66.20667
98.3566 127.33366 67.55208
100.15504 125.77712 68.20679
182.23222 105.188736 113.43237
180.18483 128.44847 103.980644
187.75713 127.17515 117.666664
190.73462 142.94923 124.922264
175.49173 149.4265 133.78712
176.85095 130.81366 132.43901
182.46423 161.9577 129.57327
194.32344 121.337135 122.92324
185.84637 162.47054 147.37791
186.78908 149.26125 115.81224
186.87813 127.73005 108.15318
191.16905 160.35834 124.55251
181.26593 141.69775 117.1322
185.55664 153.0786 139.15787
168.08916 143.85541 141.43999
197.9626 137.11948 105.72179
153.01326 117.57219 82.15797
180.98859 138.52827 123.13753
178.42249 124.41727 135.18819
188.87236 149.67221 120.71972
182.24646 140.02467 138.13829
197.39682 153.40488 126.94575
186.88388 144.38237 143.38313
199.15742 127.33377 125.833984
185.79669 132.70407 139.60121
185.9439 133.84595 136.00076
123.216354 160.14754 69.96336
175.02414 141.60176 140.5175
155.43433 152.13112 85.3766
154.63818 154.38867 86.36247
183.89737 127.14862 135.6059
142.66644 148.97064 90.578606
183.97836 127.18461 135.79865
185.40454 131.50838 139.863
144.60687 169.96281 160.10318
185.52032 147.4912 123.61839
190.99837 148.10938 119.81855
186.73277 132.78038 111.57676
184.43944 126.438576 94.45977
189.5749 148.34518 115.45684
185.07664 122.87921 109.420746
175.47543 120.1683 87.20461
178.00967 127.20331 111.4626
179.46532 131.37541 124.46923
188.94608 149.86823 121.24146
178.03088 124.97369 131.67722
177.62122 127.0 122.91607
181.21614 130.60568 129.99478
183.77484 112.29615 105.48815
155.69113 156.81506 143.87009
141.31029 148.55914 93.13199
142.06937 149.83214 97.91172
185.32637 162.2606 120.6023
165.11513 154.95248 102.24451
152.51924 156.67656 101.19385
178.40248 157.20483 133.9626
176.03958 129.25505 121.30072
189.41759 152.91519 128.05653
182.77365 169.13884 137.46738
178.78833 156.96141 132.2693
181.76712 140.8915 120.6795
185.23984 154.18819 131.12894
157.92444 147.33604 114.39106
84.72494 155.69221 55.003044
126.60329 141.73875 99.592735
152.121 167.27637 138.949
140.41629 148.68536 96.385956
120.97989 139.50685 67.38389
142.48315 139.91846 98.39628
122.03305 138.69722 71.92411
171.71983 144.80844 121.91835
118.61568 140.97945 72.6197
167.93564 150.22516 143.79832
128.24603 128.43346 88.106544
146.15189 131.29169 76.721245
142.61046 112.58534 81.84073
180.97098 152.28365 77.72592
200.07904 174.11449 98.46097
124.47151 93.59393 39.928463
182.29735 156.30354 73.893234
131.90215 92.56621 73.99804
166.61905 141.31224 115.02294
178.87257 123.981514 125.08285
177.005 135.00424 121.99706
170.81844 152.82584 120.09785
189.30441 138.72244 129.47684
146.92673 160.14917 135.04903
97.44651 129.26799 98.12829
170.60622 166.75462 140.06088
163.00435 156.01674 143.40259
160.84975 136.29245 120.97575
163.64699 141.65938 120.909004
176.28137 135.71733 115.61416
83.97652 120.26147 61.458687
128.55263 151.86073 95.60905
85.59393 167.34029 76.54175
158.03795 130.1346 104.38443
170.86258 151.51381 97.23777
152.31245 133.60469 99.45858
125.46119 133.90878 94.31887
129.56425 136.93716 98.45314
117.62698 129.47815 87.03371
185.63731 167.37465 131.28006
173.91531 148.75864 138.41585
163.39084 174.55132 177.0798
155.73615 123.20091 137.40193
167.04697 151.77463 124.253204
184.4164 115.97043 137.56915
158.67253 134.38846 118.271255
151.78886 138.08655 115.972496
153.79822 137.43369 116.76832
111.59633 125.974236 98.894104
90.61481 151.58545 88.75223
88.4364 145.24907 87.348335
135.03795 176.76572 108.43955
136.23668 177.01653 109.38726
136.14764 178.89813 109.037186
177.84258 183.19395 146.44695
144.25267 174.34724 116.83073
150.98174 156.53871 83.00468
162.26646 115.70896 85.57436
138.37486 152.14764 72.076645
135.86366 150.65004 68.69244
138.5823 148.59448 70.108505
135.32724 152.0461 72.351814
205.3254 174.273 141.2569
198.53555 169.49391 133.10861
212.11763 177.62209 143.97575
176.177 114.799194 89.02164
189.32616 112.96728 115.53957
192.11623 120.08676 114.78376
175.97119 130.64807 99.888885
200.11296 137.22266 80.87921
191.36867 133.0361 122.59219
180.47304 131.06686 115.57969
165.22961 112.2631 107.9439
197.38411 219.71254 219.36943
171.76865 177.4626 167.05785
173.10503 179.98282 170.61676
196.19113 186.37062 187.76636
192.80486 182.82909 183.62263
167.6259 145.38585 122.43042
174.63753 158.17688 132.51436
192.19417 179.8379 167.52206
191.24266 176.43651 165.14873
190.42737 195.22842 173.70135
202.51837 167.67656 149.62024
156.46281 144.9388 122.42814
169.91498 147.14644 114.646774
167.10677 155.0836 117.6346
134.42955 141.87726 88.24255
153.55077 151.43759 100.84105
153.57219 117.6908 75.92172
145.23712 204.39041 202.70091
161.15329 180.54599 183.11067
160.54501 194.92444 194.7606
164.77376 173.48587 177.4251
170.71559 159.16101 159.6496
157.4663 175.20679 176.02979
152.49315 158.71451 139.89302
181.66808 143.1471 148.28886
195.64482 140.702 138.62405
179.4851 150.28865 151.53523
97.00163 84.68004 116.73386
121.551315 87.7643 130.16808
94.41889 64.387146 99.223854
111.6409 95.10557 145.26299
123.42564 101.31398 140.17319
75.165794 59.74766 150.0111
116.542725 72.5661 139.77104
93.00609 74.20994 129.09926
117.899 69.43814 153.42488
56.631226 42.534138 175.60197
56.922047 50.4626 107.04034
73.13003 66.83377 143.47359
48.829636 43.385193 130.13481
75.41466 56.482494 148.00566
0.0036964559 0.0 0.0
245.33116 246.65526 214.09251
200.5437 168.49304 173.14156
161.86008 177.34508 176.20297
212.56937 207.71027 209.58829
189.83855 168.29094 144.9887
243.49173 231.24408 216.23712
208.71754 199.71635 234.00055
210.97815 217.65526 227.30386
192.70798 194.52881 241.84018
