0.36842105 0.36842105 0.36842105
0.36842105 0.36842105 0.36842105
173.84395 208.22702 45.903194
173.6147 208.1021 45.80549
186.41913 217.09018 62.18746
2.895246 2.8892152 2.883537
125.34696 134.0731 128.3562
84.97623 92.104675 71.23594
90.9545 118.85961 102.4644
93.26543 143.35652 147.55142
88.71789 114.17622 96.34324
71.74123 146.55498 65.84344
69.90926 94.36529 80.13745
69.60456 93.23661 79.2072
69.50846 93.061676 79.08141
102.74659 92.93386 71.17536
128.60147 81.740524 81.87167
46.485275 59.891094 51.900337
71.87508 84.85605 73.89521
71.95634 84.92583 73.95974
78.52354 86.30941 62.92438
94.624725 96.6024 79.796364
128.72913 132.69502 63.1286
0.36842105 0.36842105 0.36842105
42.2305 46.303493 68.68221
53.14325 60.114624 32.409893
56.85507 56.79425 30.650963
45.148926 61.05083 30.615015
26.160128 42.718082 22.570919
41.874763 50.513943 29.31156
45.733356 58.37445 31.896147
31.098215 58.573505 21.483747
54.418507 66.313675 35.17583
107.54304 92.431786 83.50395
108.27581 93.1111 84.08486
78.48132 71.4411 62.99965
85.62849 69.9552 52.826286
123.31156 136.34097 81.78615
123.32656 136.38968 81.83235
123.23375 116.101074 101.02671
138.4967 121.79053 92.90555
119.390785 96.13628 78.91463
119.390785 96.13628 78.91463
142.81865 116.6418 127.246086
110.64716 96.20802 91.4523
110.53309 104.53403 93.827065
101.90065 79.726585 73.645874
102.731865 80.91463 74.760185
107.08157 92.45786 85.55318
106.93214 92.19122 85.345085
105.57519 104.5105 79.30087
122.25595 117.566536 101.11846
109.65159 96.368385 82.31806
105.17904 87.180176 62.77835
104.66361 93.18456 59.629974
150.25827 135.51045 101.87116
115.761986 109.83134 106.553764
110.034225 101.37379 96.529564
138.95363 131.09605 134.7229
139.00925 131.00795 134.45117
134.57687 113.00184 78.768486
143.59943 122.64231 93.06916
143.72063 122.71354 93.2507
124.42626 106.23124 84.93159
129.72142 127.88714 132.13428
93.92329 88.168076 90.86595
115.18946 108.37124 99.009476
71.85005 69.1382 70.8813
131.15155 132.89023 122.13561
125.712875 122.04175 117.68711
125.6649 121.99483 117.521736
138.64735 133.4261 130.41342
111.4106 124.67454 118.69498
111.760414 125.02142 119.1987
156.28192 155.83932 162.9444
122.870415 123.405426 154.5688
72.91404 101.95994 45.760494
73.01649 102.02561 45.79022
153.92735 200.6125 147.0553
131.3773 141.72842 142.82143
99.50051 136.1769 96.17536
145.4953 174.72963 206.2247
181.24228 177.36317 177.92348
206.67755 193.75893 174.75513
206.84335 194.5816 175.6299
215.73763 188.1981 120.96699
223.99417 183.44753 103.20336
204.60483 187.31058 147.16315
219.04495 199.11205 104.3441
39.07472 62.32789 32.21268
84.901665 74.06622 39.8369
85.33975 74.28219 40.013237
93.544914 118.76899 72.5856
93.74009 118.948 72.79613
96.7901 104.84747 73.53755
117.607025 95.54445 64.691025
184.334 189.67915 133.23022
32.751175 21.582432 70.97721
48.05506 31.289122 46.20062
43.862663 29.251253 43.15668
31.028156 24.851425 38.295662
60.186325 78.140114 88.826164
56.60679 39.11427 41.539707
56.78137 30.540531 31.181274
55.783638 29.777372 30.882128
59.820763 32.43793 30.768837
86.90331 52.124607 46.44412
87.03716 52.203476 46.503956
46.600056 26.656054 33.889687
46.75227 26.756462 33.939026
71.68319 39.8441 38.420856
71.44776 39.673286 38.320213
57.276043 32.79895 36.123943
88.758965 55.553375 50.786106
56.351425 31.021812 47.92532
14.454731 7.490758 16.208097
14.450736 7.489035 16.202538
14.448895 7.4882126 16.199875
14.529331 7.6024437 16.251253
52.40343 23.993853 28.030897
84.95779 81.759865 36.32883
62.191845 93.90633 36.59387
59.922188 107.19917 41.771694
62.983707 108.128876 42.439262
79.48645 101.26006 49.861725
58.620655 107.089676 51.517624
51.41287 35.968906 88.87935
57.098606 101.62054 42.196857
42.127113 64.24381 32.77941
46.857338 40.784264 38.51457
70.42818 79.03301 73.24957
73.00744 123.6214 73.88436
44.831062 72.37829 40.465775
44.47568 71.42164 40.1577
63.12547 50.73414 101.365326
73.58729 80.194824 76.87645
73.8421 80.372574 77.730064
47.957355 63.675476 21.43566
60.617874 56.005795 36.4812
60.954613 56.42313 36.78168
52.759243 52.469845 30.514412
52.91181 52.537045 30.675203
59.72952 66.164276 38.378407
58.662243 57.391838 34.068336
75.452225 75.43421 43.189224
75.57335 81.83435 45.23551
65.84751 61.624763 37.630363
66.06665 61.903706 37.825657
73.483086 65.44705 45.286068
72.09775 62.25376 41.751175
114.989 126.03086 108.07425
146.1362 129.856 121.60366
72.9861 75.14356 52.21969
72.8398 74.989975 52.1474
157.25082 143.91765 141.12163
190.34602 170.2314 166.66525
194.55428 185.29073 186.21307
202.18628 177.15182 159.2016
201.76378 176.90758 159.29805
220.6763 115.10765 46.285675
203.9847 193.40468 195.9621
186.89368 165.26053 159.71338
188.9438 187.6991 188.87758
153.34215 125.60985 115.715385
171.78093 131.86952 137.23888
172.6839 138.66745 139.4328
161.2019 133.50478 120.799576
161.06943 133.30537 120.56998
144.06657 110.2722 101.8701
131.44847 100.443886 89.89783
88.07225 107.77189 63.331688
90.819664 114.45136 65.1259
100.77405 143.77895 51.23915
105.640785 131.22177 74.33623
98.38338 119.02295 69.96381
104.32076 143.54863 83.371635
89.27506 115.05334 62.119164
214.72662 215.8954 157.53857
94.90801 109.91209 68.7464
113.74095 114.542336 67.436676
219.6953 167.79088 90.08596
218.3102 167.1041 89.56665
148.78383 108.754 76.0896
148.83928 108.803535 76.112236
153.80643 99.708176 83.7984
153.87148 99.73751 83.78665
148.42023 107.59469 77.178925
144.35925 106.67935 62.266094
139.85915 92.306076 67.71413
117.62496 81.91502 70.4191
138.77502 90.90421 59.241344
138.68295 90.83529 59.279724
158.86913 104.53755 88.297386
165.08458 114.93793 75.82256
165.34705 115.18742 75.91894
130.13972 84.589325 86.83404
137.0768 104.60804 87.646736
165.79417 113.59422 73.33901
166.043 113.83964 73.43644
115.79151 75.23829 60.80087
125.83466 81.615875 71.6266
143.6163 108.57456 108.18766
143.95888 108.83165 108.451836
172.4348 136.6032 115.04065
151.0891 132.92155 118.577576
114.851776 110.80345 87.82977
172.2222 166.33043 149.1761
159.58522 135.57703 129.76723
159.2619 135.15295 129.27577
117.78505 100.10162 34.05655
128.68828 115.12375 52.6678
178.08783 164.28223 150.84215
96.65519 85.65085 72.7435
128.0583 123.05122 114.947136
141.25185 142.6291 124.449524
124.63209 109.0038 96.26179
108.77103 94.97063 69.042175
147.31927 135.3419 123.76891
138.45163 118.78266 110.3192
138.45418 118.627075 109.99064
142.15923 110.44604 103.092026
142.00043 110.2796 102.89936
136.04475 116.1548 108.9402
135.7775 115.76774 108.3338
130.50995 104.87876 104.777885
119.38385 115.80815 83.262024
121.6006 109.2222 85.81234
156.7934 119.731476 102.69009
152.28563 124.02933 90.33576
152.57578 124.40175 90.58055
136.82605 126.26186 117.84379
136.11465 125.536736 117.08862
139.19405 107.42274 104.046364
139.14627 107.366035 103.95731
148.87387 122.039986 93.70708
137.43452 116.58881 96.0643
137.53145 116.74213 96.303764
124.38174 105.30972 90.68699
145.4877 128.6973 118.89321
156.48935 122.8479 116.529564
156.53012 123.05494 116.8461
155.45905 123.94784 117.63252
167.20743 140.31583 120.32221
167.43275 140.69803 120.81023
136.35675 98.395874 93.69784
125.4014 103.19095 144.6839
106.09481 83.47584 77.19756
69.07069 71.954185 82.8445
68.714676 71.842575 83.04605
51.426144 43.99906 103.50376
79.34367 75.70861 73.68135
79.18429 75.538376 73.54895
64.75854 74.06391 100.80784
64.74816 74.08474 100.890465
49.274475 40.89967 98.785835
55.639294 54.69165 89.070724
38.465893 43.693375 68.899124
74.77549 70.944824 76.941925
75.1322 71.1781 77.1248
98.71691 67.62786 75.238014
98.33764 67.27745 75.3631
96.8696 70.31994 83.57041
78.13495 62.805687 99.7798
68.80099 54.65018 97.620964
37.89548 31.833216 59.95328
57.21675 42.745575 40.571312
53.504974 33.41651 32.3777
58.23038 37.9852 33.590343
81.20551 49.17822 47.521305
80.81085 48.806587 47.317276
55.54257 35.09242 28.738016
105.82045 52.830944 126.957
85.7677 58.09418 64.89826
45.453674 34.44447 32.6326
95.512375 73.288536 53.54288
95.61607 73.28642 53.5755
41.127663 22.416079 26.9823
100.04276 76.74824 54.040295
79.17818 85.48625 54.993305
87.46405 77.460014 73.5428
87.77835 77.7229 73.74315
59.16467 75.080315 63.897636
81.942474 116.081535 91.84124
81.558975 82.85166 98.58212
117.25035 128.694 124.38154
41.258457 60.098137 47.01312
41.522125 60.364662 47.203594
45.172462 72.42689 47.634125
64.96475 107.17309 79.66984
64.983864 107.204025 79.81274
57.04433 64.75564 43.5186
41.656837 71.44106 46.43703
41.679474 71.40801 46.291195
50.617012 79.96899 53.314106
120.03168 120.9014 97.78458
126.85949 165.15747 153.1066
64.91624 97.675285 76.91753
105.18887 108.40731 73.257835
64.75838 93.03105 41.85072
95.8105 150.00282 121.29523
122.641014 126.11008 93.485664
78.74236 107.29265 81.4375
149.1105 129.27103 91.6472
135.30905 128.85933 94.8613
101.08521 100.489075 70.38628
110.804276 117.78191 49.269386
124.10773 116.9279 94.86075
78.882324 82.346176 44.49663
60.75791 53.570957 33.490055
102.814186 76.18265 48.40578
139.83623 153.41087 121.89529
113.41659 121.25423 94.47012
95.87218 101.774086 77.551926
95.84645 101.76496 77.571075
31.82135 41.79907 25.0159
39.570957 52.41463 22.73739
39.657974 52.429276 22.759634
57.822174 70.41518 42.236294
59.410282 58.315163 38.766487
59.332157 58.245106 38.6046
66.222 45.702732 27.727169
83.32249 63.872257 45.598488
29.380718 33.43805 21.255522
59.08435 52.263863 27.872375
29.245497 57.434563 13.936678
29.145128 57.43198 13.6560545
33.16698 47.882206 19.42861
32.771774 48.991425 19.145128
32.825855 49.240562 19.183153
40.547382 52.32605 34.010418
40.59923 52.378174 34.00223
70.482376 77.465225 45.348293
73.23884 77.11031 42.250587
58.300636 62.515 50.759594
58.33208 62.490406 50.796795
149.09653 175.7765 126.478424
76.643135 167.7592 67.53317
42.523575 29.010416 90.845825
41.746357 47.893406 30.130678
0.36842105 0.36842105 0.36842105
0.36842105 0.36842105 0.36842105
0.36842105 0.36842105 0.36842105
33.891293 25.26304 8.177514
38.805138 21.957159 15.785283
54.349545 32.692356 20.628054
38.076206 30.814928 11.412789
37.85828 30.702185 11.355928
21.707512 19.711937 6.705357
35.179237 25.996162 15.418664
60.265705 20.663572 72.80976
79.426575 74.838425 56.31563
69.66087 109.98849 101.66859
91.15934 96.78055 87.60655
123.846924 154.19055 146.38867
116.29825 127.498474 114.83925
145.06955 153.6011 141.66705
114.14736 69.83255 131.39095
121.19611 75.532036 46.037907
89.53164 71.41635 61.359924
79.91412 79.49158 62.573975
70.69181 65.67274 54.940712
59.74769 68.0609 55.214207
90.51688 93.903076 79.43065
96.077576 94.47854 82.49056
96.34234 94.767586 82.70551
52.68848 50.53313 37.624256
52.885338 50.750626 37.7921
53.796837 56.123745 45.30698
72.460526 63.3358 56.755207
74.0802 64.48559 57.419918
77.7386 142.70425 54.854282
77.21503 141.74475 54.477093
48.6743 31.292841 54.803963
47.364937 35.54946 47.169174
49.64924 36.312263 65.18229
153.56995 109.120575 128.8602
153.0898 108.7312 128.5961
137.52643 97.30925 108.33623
138.0601 99.65006 112.15829
138.09615 99.584236 112.39309
108.82029 84.046875 80.48539
123.2769 86.13029 79.55886
116.12665 86.54766 78.0408
99.19369 77.519424 76.658714
88.93699 69.93076 58.811832
102.30721 80.460915 96.39466
97.68237 79.096214 97.20685
49.567863 30.798481 60.820488
49.44882 30.73085 60.765194
45.9469 25.776825 58.601776
45.852562 25.726072 58.427124
50.273182 29.62786 71.85444
58.881462 42.63389 71.303925
51.344418 33.79292 63.50145
50.43002 36.51543 71.49726
47.663418 44.45328 92.14509
49.60718 28.17352 58.883224
36.578594 34.29429 76.939224
81.51899 57.193962 80.2204
81.402176 57.136044 80.066925
40.43284 26.610903 66.11709
39.078907 23.369596 57.807095
39.101543 23.391094 57.65257
48.25247 27.673794 110.1113
60.515232 32.71973 83.35354
60.382206 32.74475 83.256775
51.7128 28.668625 110.49565
50.557644 24.938166 90.65421
23.970356 11.9933815 18.62128
53.179474 29.938047 34.98324
53.1214 29.925634 34.976074
44.33995 24.15112 24.756147
49.370655 23.715382 31.19169
49.345787 23.693687 31.184797
108.32221 66.27937 47.959038
91.32409 80.51006 50.958843
95.126175 68.680214 56.54065
70.02201 58.779175 64.541
89.36619 65.32115 63.837013
83.747375 68.92595 51.455124
41.802395 17.952185 19.730734
41.83486 18.06105 19.81904
104.744514 65.572914 82.585724
43.27017 29.52385 28.091362
91.80087 59.827576 58.19494
32.62445 19.76774 21.734844
64.55075 53.94533 46.212093
44.814182 28.330906 30.533716
44.777294 28.412085 30.555647
43.229755 33.325344 27.61987
57.78728 112.7558 74.171715
34.835995 24.526785 86.536575
47.697132 36.214012 111.56869
37.70798 29.631344 87.3347
60.207237 37.976112 93.4467
49.455982 36.684444 103.74393
33.64646 24.925282 71.35244
33.47208 24.876371 70.8575
46.88072 26.565163 104.72885
42.93938 37.891094 60.809563
30.423128 30.722118 78.18825
30.600328 30.782543 78.73042
42.347668 36.86815 89.902725
42.32315 36.859062 89.83674
37.546524 31.95661 64.48571
32.58909 34.587643 101.19302
40.271812 34.837444 85.047035
36.938755 29.619713 67.598175
36.7648 29.570606 67.45125
46.576443 28.24205 116.29562
34.72999 27.788572 52.168037
34.932568 25.337837 102.12245
34.942394 25.348293 102.143524
25.631853 26.740915 65.50446
30.538887 31.929512 74.52283
36.236607 32.436325 67.92344
41.361256 31.252546 65.17689
41.26347 31.174421 65.07041
28.368069 29.357182 59.042294
53.75701 54.791393 54.109455
44.820957 37.82178 103.263275
44.798912 37.80228 103.24119
55.383343 18.548637 81.87825
39.241737 34.755913 60.7639
39.024593 34.666393 60.98974
48.70657 16.006187 75.29801
44.64039 16.775532 73.07875
44.58768 16.756853 72.984726
31.766996 29.58349 53.218906
56.7462 19.190712 82.54085
143.74675 114.214485 227.01042
144.55595 115.59234 227.44498
81.00031 184.60205 150.1599
35.332745 35.9337 59.9319
46.245575 24.6931 69.15895
46.246826 24.67865 69.20066
33.889412 37.26132 60.646893
31.50415 34.559875 74.53446
31.685894 34.774475 74.78231
153.08495 112.81528 86.39548
42.59093 35.900806 52.565163
35.701324 32.87602 69.54735
35.763824 32.924187 69.599075
98.861885 60.28258 77.793274
99.634125 60.664043 78.067314
67.42931 42.373905 70.1669
67.49213 42.445175 70.308
64.63185 45.128407 45.70105
75.15296 41.910206 57.287945
87.6779 56.417763 80.149315
88.10397 56.6297 80.071976
160.40315 153.1472 148.46938
53.412163 43.00035 34.20555
87.814026 82.4906 53.330944
87.53755 82.24941 53.077343
99.46765 89.41295 55.844337
141.47838 116.15014 95.109924
99.152374 84.49291 58.488293
104.793236 88.745926 75.07801
102.85025 63.3033 62.06669
135.97882 112.72231 108.91929
136.08333 112.80976 108.9711
69.49095 53.894188 42.80792
69.420815 53.787907 42.750587
112.92168 88.763664 80.5645
112.88988 88.68045 80.60734
37.31207 36.628876 24.908796
4.91976 5.464599 2.0323465
56.17352 53.872925 40.925125
53.228657 51.377544 38.513668
52.71217 50.474937 37.177082
43.239506 41.69502 27.544016
5.565202 5.9681625 2.2465148
53.226894 49.632126 33.026863
53.15057 49.561832 33.012806
52.991814 50.199093 31.649162
52.993576 50.199207 31.654253
51.64842 47.470356 28.85824
2.8907034 2.3903117 1.5807488
2.8907034 2.3903117 1.5807488
23.388315 25.071978 23.887962
32.793274 57.3107 35.157307
33.289356 57.99072 35.66972
26.138275 32.998943 17.7547
143.4745 185.70132 137.1618
51.526825 42.468906 56.18382
165.909 147.81728 140.3222
52.523888 44.191418 16.71922
98.689735 68.04934 75.81301
131.70767 142.35182 101.37805
131.64153 142.1942 101.11404
18.239075 37.27295 91.63667
63.2872 76.14035 51.518482
68.64999 45.18378 63.07225
55.246162 35.526157 51.255325
35.03501 33.85487 33.284737
66.44514 69.723526 113.98731
96.0589 75.756615 69.04625
96.23524 75.9057 69.2099
18.319 22.999725 40.32272
18.367403 23.049538 40.47212
25.415375 33.059326 24.39035
31.652569 22.057606 26.02749
38.297894 43.977207 38.497375
180.7827 180.55138 178.80557
31.245575 42.31563 40.550594
168.08067 178.36145 145.48575
21.252153 29.566141 51.90762
21.386553 29.813519 52.38385
110.52659 90.87249 87.59794
88.541 76.45152 65.439964
88.495926 76.452065 65.50286
