0.0 0.0 0.0
0.0 0.0 0.0
16.280577 20.303171 54.43275
16.280577 20.303171 54.43275
106.16796 104.8217 122.52794
43.77427 56.506844 91.28681
33.172382 48.21561 90.75994
34.635033 40.75018 79.36882
41.955738 50.553314 82.550606
47.005383 66.749 86.16768
34.252956 46.464645 86.42905
46.405987 65.8659 87.68029
52.242123 66.44163 99.13774
43.007057 54.453564 83.6912
77.87908 82.96475 108.82199
71.198685 97.8567 104.920525
64.585106 88.081436 99.95595
58.230255 63.163364 97.471344
59.910904 61.353386 73.15442
59.75873 61.12017 73.0567
101.45057 115.14732 102.80381
68.793015 82.677795 81.19826
91.59294 118.32773 98.200745
84.824165 101.634964 86.183426
85.42477 102.34822 86.62915
53.404705 64.90032 80.13215
55.38193 54.293728 68.993904
94.16012 100.075516 95.01689
79.208626 93.792625 89.69084
70.71443 77.31664 82.04227
69.333496 53.558376 73.62979
69.333496 53.558376 73.62979
42.331078 34.669567 56.70075
42.331078 34.669567 56.70075
28.793514 31.404135 54.325233
28.843763 31.203814 54.08222
68.538666 53.8763 85.93731
14.051888 7.060157 21.658731
43.298717 34.295437 55.88931
34.853565 34.297222 55.76789
21.998253 29.558802 56.358196
21.97295 29.5366 56.36871
61.566677 60.144833 96.54002
65.30716 37.960262 61.38546
65.33432 37.968887 61.403385
53.349464 84.04148 121.16711
53.349464 84.04148 121.16711
57.123806 82.29259 125.22976
52.57919 76.843834 109.81233
65.00407 84.249825 123.86311
73.82687 86.70328 122.40342
27.37737 52.941162 93.84932
56.025837 86.367676 91.74637
73.67726 85.28728 88.72074
42.35221 45.602104 59.188667
41.94936 44.49986 65.97801
50.436172 56.047756 80.31639
46.47794 51.58945 77.13977
70.22381 68.23842 89.51504
70.10966 68.216354 89.44961
47.54462 50.16504 73.62776
75.15353 64.91376 59.672596
79.35235 49.733643 33.592194
34.914967 62.516823 105.20695
81.62598 52.922985 26.720491
81.72113 52.961655 26.754026
85.34219 128.28065 147.8613
85.82249 112.412865 131.63518
85.82249 112.412865 131.63518
95.58129 113.3268 92.68906
84.699036 93.5959 67.3556
90.57398 59.38799 41.96497
85.48218 59.854206 37.557804
84.21251 67.81372 46.722557
95.214615 53.862152 36.144085
89.34102 70.3526 47.371418
94.74441 67.59836 57.2912
86.078835 66.815506 49.780827
87.99601 45.087776 31.807413
102.707054 67.43157 47.716393
109.37612 74.681435 52.221455
92.744545 69.117714 48.113647
78.411194 34.740807 29.10032
89.732216 65.15342 44.21992
89.480934 65.2217 44.45239
94.969315 91.603775 82.93884
112.908806 82.42519 70.274734
112.908806 82.42519 70.274734
87.0077 82.57391 75.04227
98.42819 104.19726 97.59031
96.51429 103.13546 96.97545
90.58065 97.88781 91.74936
90.41144 97.76956 91.505844
40.959587 42.779366 50.71732
108.36094 98.516106 84.69444
73.76721 55.231075 68.48172
85.76051 72.130325 83.673874
94.376335 93.23571 91.290665
94.64636 93.21472 91.67698
81.61144 89.32901 66.28278
81.61144 89.32901 66.28278
95.46343 66.79836 67.760765
63.294014 47.014435 48.837917
79.425835 82.411194 83.27003
100.57338 74.00267 74.25527
95.396576 88.27049 64.62627
53.531292 72.690414 67.359695
53.334282 72.54091 67.22609
124.048325 98.77962 74.30278
108.58842 93.90681 72.24194
108.58842 93.90681 72.24194
75.005135 56.67199 48.46536
72.58631 54.528297 45.720848
97.28828 79.14408 65.31137
98.05585 77.24626 63.501354
126.8453 117.98396 104.17466
115.09626 94.29779 70.544266
97.2799 90.32876 76.77776
83.517715 65.40374 64.12772
85.36475 66.47784 63.419174
74.30645 50.895473 59.351673
143.76436 98.35677 86.01354
151.72708 109.69423 89.322914
116.31076 117.48774 117.39651
113.609726 114.87231 115.24629
118.449326 82.13158 75.24034
110.89672 84.239235 81.450714
118.3845 83.03628 72.59854
100.19651 61.439808 55.934925
128.99504 73.82017 61.155773
51.46411 27.57484 44.231895
76.45909 83.229576 96.42127
59.111904 67.41953 80.07202
88.90602 87.461975 88.76846
91.047615 84.31864 83.811295
71.03429 71.00228 64.12819
83.24205 78.06899 66.97534
80.03275 54.127193 43.3366
74.878334 70.27908 62.569424
76.19095 87.79547 89.18129
17.337135 46.983997 90.8154
37.920315 69.272095 89.31596
67.83425 55.070065 68.83999
77.50267 82.82748 95.7103
60.912617 52.8861 62.469208
26.625124 41.32869 51.865
23.2299 39.35 66.11614
34.65196 50.597755 75.002
42.025124 43.848003 48.192196
34.04362 35.381218 44.493477
25.717178 20.446508 24.914648
43.753777 62.783035 68.24665
43.753777 62.783035 68.24665
83.24761 90.669 80.21215
68.26119 90.18888 76.870026
81.373985 82.157875 72.97149
93.70313 97.10659 86.49864
93.70313 97.10659 86.49864
71.20888 99.0438 97.81287
71.910194 78.636566 83.437416
98.02627 101.6949 94.40395
98.170525 101.96351 94.53022
96.8727 84.744835 80.70991
97.54508 85.538345 81.262474
117.65926 112.19152 96.60759
117.65926 112.19152 96.60759
184.87227 108.962654 117.19248
57.734425 61.96415 79.033
76.20118 43.51158 49.54893
80.25057 88.23856 88.059265
56.973663 83.680046 86.05267
56.973663 83.680046 86.05267
108.54619 104.32712 106.55207
108.418 103.77747 106.399216
87.88371 86.619354 97.76454
134.43303 107.0727 92.90039
134.15834 107.30018 92.765396
105.54091 89.71322 94.271095
104.781395 91.85966 94.29576
104.702065 91.890625 94.3284
91.91269 87.642944 79.27188
97.90028 113.11746 97.553566
77.53949 94.14234 123.765114
103.51265 99.74968 122.646225
120.773415 105.68899 92.432144
123.478584 104.43938 92.35791
100.838455 89.01037 90.14387
100.70118 88.951355 90.22206
143.03033 111.06878 102.22737
125.03197 105.88521 102.295334
137.68228 107.63325 96.616714
73.01073 79.95759 74.74237
73.06839 79.8748 74.77997
111.76469 53.12548 40.927406
56.42459 35.785744 47.93457
98.5119 46.227085 45.316677
93.263794 43.716644 44.40841
93.2985 43.77188 44.487026
87.97288 40.21878 46.77755
95.39868 44.999607 47.069458
95.55702 45.022346 46.827976
21.555275 17.82402 41.14437
60.248432 36.74487 43.22288
60.378048 38.729366 45.59957
84.06775 37.521206 46.666466
61.49581 33.598892 40.54602
85.61989 43.82274 45.14854
134.4917 55.71586 56.570953
42.376976 21.790663 42.653244
82.633606 41.824768 42.781612
49.635887 24.028297 44.600784
67.94804 38.940804 48.59348
67.94804 38.940804 48.59348
35.915825 37.699608 68.87245
106.78614 85.20805 77.965004
103.99294 95.37381 108.17651
104.10827 95.238914 107.9119
108.71971 83.06682 96.27035
108.254456 82.91878 96.52088
118.3655 92.772484 92.20638
118.3655 92.772484 92.20638
83.122734 76.83125 79.242874
83.576195 77.18314 79.321526
112.341194 114.78945 102.77926
60.61889 69.364006 80.54829
47.54879 55.81575 77.354416
41.110477 52.98453 83.5067
41.072487 52.841198 83.30702
44.4691 46.482254 82.14102
44.4691 46.482254 82.14102
44.1531 46.04077 73.72769
49.09077 74.92994 83.47452
33.807983 55.747612 63.863647
48.83767 71.55071 80.60417
92.70171 111.978584 91.42406
44.15898 77.17873 92.8727
90.24665 90.14017 121.73827
73.53963 71.366714 116.34302
74.02519 71.83631 116.846825
25.213043 42.252174 77.09661
30.37067 39.51643 64.18318
34.227512 43.60146 72.766785
39.21878 47.76322 85.11821
39.667286 45.588024 81.271736
36.85392 50.87099 87.90866
37.56807 58.229794 77.08436
30.093264 43.875694 70.39384
50.581573 77.3036 93.51254
85.040695 52.47541 64.97584
81.0315 53.631752 59.92281
104.88086 69.3516 79.74612
104.88086 69.3516 79.74612
129.91586 80.176796 66.187775
130.40242 79.88118 66.033714
144.13393 111.14248 85.996864
85.90028 86.538956 103.294975
128.70392 107.905525 85.423874
116.57673 110.83396 92.32042
98.05431 99.813614 76.851814
113.92634 90.286705 73.823845
113.528656 90.21223 73.74409
76.304886 74.48774 67.33938
97.92516 83.227264 89.628334
95.46775 82.87744 86.07146
96.606804 101.00228 102.12149
96.606804 101.00228 102.12149
76.78054 100.61443 102.58895
129.4815 98.743515 85.7242
146.28418 122.58656 114.0696
139.16104 142.60606 134.54224
142.20128 120.49405 120.0077
142.55766 120.63849 120.076126
160.76236 114.77616 110.60232
147.22879 107.63981 95.68632
174.70845 99.251785 90.13507
112.66173 98.189415 89.265114
113.40335 98.690125 89.88746
107.07199 86.917786 82.27595
86.80342 100.93692 119.454636
96.181076 125.263824 156.04536
95.79013 125.47373 156.66002
87.2882 88.9273 98.863754
104.15948 124.72812 155.91643
96.67074 115.69533 146.6728
75.46219 97.71522 156.81671
136.8315 93.69415 81.36365
122.26736 112.86119 105.06867
122.271454 112.9212 105.21169
100.22234 76.02131 81.17762
100.22234 76.02131 81.17762
89.207306 62.789772 77.981186
77.741516 60.807556 84.16568
86.715256 59.897434 71.8361
82.37209 58.11151 83.12409
108.77858 95.65784 109.505775
128.31015 94.08756 87.65574
71.14604 86.71771 117.510796
59.213436 91.16999 112.916466
207.92659 125.59483 175.27263
57.702778 47.216892 82.54893
75.4057 59.994938 91.99202
75.30207 60.039524 91.911156
28.811653 23.309872 46.54312
11.705132 14.316179 48.837597
103.32666 72.65727 93.09291
103.69665 71.383965 80.16297
84.93054 69.61668 78.04815
80.96287 70.03197 66.34451
80.864006 69.9984 66.33628
140.5515 62.88357 59.20499
110.748 82.73582 111.883286
97.96069 73.24747 77.56746
83.17726 69.80638 95.51761
131.9509 71.45018 76.90527
132.19002 71.60631 76.92391
30.966679 49.402924 63.23343
41.237633 30.404919 48.357414
42.187492 25.365751 46.79405
42.0964 27.21978 48.677513
56.602425 58.640163 62.301105
41.35581 39.162865 54.694225
37.00759 29.021847 51.805023
36.747612 29.352459 53.368603
34.032215 41.282574 52.95688
56.381504 67.95916 81.975945
61.79925 76.62669 92.159874
62.2624 80.6278 100.42787
78.53977 73.624695 82.330574
76.36297 73.42666 80.97441
47.984676 56.833214 72.94234
23.840128 45.355667 71.62994
66.465004 56.771633 58.001816
23.582289 48.654526 72.568214
16.981754 30.52074 55.433643
16.933144 30.436243 55.379723
20.623522 39.80449 76.670494
33.75082 70.770424 105.80549
33.75082 70.770424 105.80549
46.556736 71.05306 116.67534
38.941235 42.298077 74.289345
47.997826 56.350105 87.355774
48.30228 56.6366 87.678406
54.33047 44.61971 61.883213
66.397865 90.43681 98.42238
102.956345 134.56204 121.82277
80.109726 83.88735 87.70777
110.45178 84.33899 90.665825
109.18749 77.116646 82.29483
112.35866 77.74537 85.11119
98.01832 83.99301 90.28892
98.01953 84.14943 90.43824
90.130325 110.7294 115.29615
85.979935 100.9211 100.25043
91.8598 98.7139 95.92773
91.8598 98.7139 95.92773
81.4958 87.97748 93.6521
81.4958 87.97748 93.6521
90.832184 93.083534 84.69718
102.25439 95.58186 100.78888
93.44123 104.91967 92.78956
88.230576 84.989204 86.28275
96.67206 90.63482 99.82808
81.583786 74.42452 88.62858
121.17969 111.1381 104.65274
78.635605 70.100746 82.91194
98.36914 110.11411 111.25378
71.300285 57.971916 62.25809
120.10624 104.12847 108.69262
107.9257 84.71593 90.97748
74.13008 82.5067 86.392624
70.07637 75.30039 87.63432
62.45852 66.4695 74.86482
62.386707 66.43161 74.60645
111.35289 115.20952 119.30816
91.314964 82.91593 84.183464
87.47848 100.33699 85.72865
67.10887 116.348114 78.68233
107.28988 97.30531 92.490486
76.396576 79.06639 73.54918
76.50966 79.14708 73.63179
64.541016 86.97124 75.054634
64.541016 86.97124 75.054634
78.21076 86.00021 78.545616
85.426834 97.460724 87.81971
74.452354 82.00495 86.00595
74.44555 81.97434 86.05389
67.98072 92.67562 83.23607
51.54697 58.929615 62.658947
51.600643 58.986885 62.659443
83.984245 86.0747 102.34654
83.28115 85.32869 101.55118
27.32705 23.396757 50.14009
27.32705 23.396757 50.14009
77.92192 56.89526 63.980507
48.862186 77.266075 58.452957
48.862186 77.266075 58.452957
91.711365 91.48749 90.745476
55.33482 65.25371 58.66308
61.541233 65.33803 66.659584
61.541233 65.33803 66.659584
62.685352 67.275444 64.37067
84.44754 88.367424 70.23183
71.93233 96.09615 72.48575
71.71711 95.998505 72.466675
83.761406 87.526764 75.009834
82.80506 61.5928 75.47633
65.17969 59.718746 61.802353
65.54276 60.110584 62.2907
62.090878 59.72035 59.546295
68.272415 67.57573 63.961296
85.171486 90.49908 92.839134
58.95613 53.28824 92.95684
58.704277 53.037384 92.60528
82.71244 68.349754 124.088135
79.05054 66.03692 113.49358
85.5016 45.30068 60.512653
65.093765 42.432503 67.31137
52.498505 41.539524 66.89544
194.65509 101.40403 121.675766
85.77659 58.48307 67.800644
75.33984 48.462757 92.38172
75.271385 48.380863 92.380005
119.30317 97.26768 101.91454
103.02035 67.66205 76.9418
77.38054 62.6361 99.36169
54.995224 33.12655 62.554775
79.411514 48.090023 66.54871
51.584568 73.44494 59.25663
37.356308 23.80677 44.264397
86.0618 51.83621 70.47038
86.17355 51.924126 70.50488
90.042336 77.228905 123.40713
90.042336 77.228905 123.40713
46.82206 30.72883 55.81885
87.30306 64.4855 87.480576
117.96294 78.333145 115.573166
74.396255 66.370346 123.95581
104.67755 105.467995 153.9105
79.433716 44.40866 68.186424
59.47591 43.13193 69.14269
71.07534 65.62156 102.07773
70.73129 65.37288 102.273415
101.73646 58.501923 81.97801
126.20777 71.05253 93.037704
103.6067 33.178474 56.790306
103.6067 33.178474 56.790306
96.54483 50.097576 56.10082
109.90502 75.90363 84.64864
109.7999 75.75859 84.54273
68.41846 65.33956 66.403564
69.09953 66.00449 66.79116
135.99387 62.926052 57.506485
132.70047 60.130898 58.21069
156.31589 75.62748 73.193054
124.98838 91.8237 102.27751
116.51457 68.700676 76.19394
156.43175 73.15103 67.12637
156.35153 73.13339 67.137314
132.85695 82.90146 93.291374
112.86144 73.61147 86.60663
135.36642 99.75731 102.78956
124.20249 67.77035 73.600105
106.19558 73.12908 90.815575
125.67299 83.423416 72.27466
126.143906 83.62573 72.41643
144.67107 71.34473 71.8737
102.85431 69.79611 79.28079
120.25025 96.73802 105.02823
103.64597 99.28079 114.40784
112.7294 85.9778 97.37972
79.2706 33.44027 36.141552
51.31358 46.645725 74.38118
142.18823 84.18172 73.868996
113.22776 75.8887 79.98528
74.41611 60.184498 72.800606
99.58792 111.1422 132.56885
99.116356 110.68881 132.33221
100.36518 80.52288 98.85257
106.08827 104.82131 115.571526
114.69287 119.20182 120.67702
94.35249 99.67477 104.72748
115.242584 102.403496 109.27901
115.09319 121.5201 131.28728
115.09319 121.5201 131.28728
94.21155 97.51126 110.79622
4.8893085 4.765966 4.7985387
12.086137 11.776692 11.855453
13.2736635 12.848717 12.965752
14.5940485 14.050464 14.209622
16.70859 16.076408 16.271097
12.256557 11.863079 11.978938
12.565538 12.189308 12.294904
12.565538 12.189308 12.294904
14.31757 13.86511 13.993906
14.31757 13.86511 13.993906
16.28325 15.747648 15.897291
16.28325 15.747648 15.897291
16.327833 15.801176 15.9466505
27.168852 26.290272 26.569958
9.323627 9.095938 9.150677
9.323627 9.095938 9.150677
14.030613 13.5756235 13.712296
25.038061 24.20873 24.460905
25.038061 24.20873 24.460905
17.946936 17.273912 17.482182
23.4902 22.658018 22.914896
23.4902 22.658018 22.914896
15.901889 15.3933 15.533179
23.440342 22.590698 22.85456
14.690556 14.189308 14.315432
14.690556 14.189308 14.315432
3.5492516 3.5205631 3.5208125
