0.0 0.0 0.0
0.0 0.0 0.0
17.7658 32.47153 67.60287
72.90367 65.55975 37.866474
53.30014 46.359505 54.214542
79.6999 62.13482 38.2434
229.28111 182.28146 94.2304
97.11234 82.20123 47.23189
79.2053 66.729225 59.548046
134.9355 141.68604 142.558
148.82367 193.89995 190.4189
115.78745 141.67401 142.04538
72.989624 75.62229 109.866745
92.254715 111.57722 147.73373
124.27935 100.36773 81.634155
194.92322 175.46217 163.09818
146.37054 124.489426 106.09288
146.37054 124.489426 106.09288
181.18744 159.85222 121.91511
169.40039 146.74086 107.848145
169.40039 146.74086 107.848145
137.22723 103.92822 78.22131
149.01805 130.04973 136.32567
206.75351 193.8745 188.31914
147.37302 144.91327 132.17119
112.76099 111.3597 101.45552
217.49597 229.97838 238.96953
183.87791 153.20831 140.94977
193.02377 173.07893 148.85669
175.3214 143.39137 150.74304
180.52917 150.71783 135.75911
172.69386 144.16881 115.26173
165.78616 139.11188 117.59151
161.93398 140.6031 140.47142
161.94534 140.57903 140.4464
169.22319 152.85727 128.1058
88.300766 108.04092 138.15886
88.67672 108.428345 138.56035
63.29779 85.402534 155.07526
123.53559 100.61367 81.24461
177.87067 157.48524 147.02153
177.92192 157.60553 147.12048
42.7638 60.10823 82.5464
42.639126 59.918945 82.33272
73.47944 89.568405 116.56504
187.16776 159.54382 122.69708
187.65698 159.88252 122.922935
167.24904 148.94173 118.967384
151.25136 134.37717 112.45857
151.99825 134.833 112.81972
210.25389 220.20561 228.66023
205.68936 175.4175 114.22116
190.65068 178.88954 148.58028
178.42447 160.89482 139.36092
166.12308 141.4727 125.856766
194.73009 204.63823 211.62225
122.727425 99.33977 80.411896
135.71056 110.73361 85.094406
161.43864 154.38875 139.57475
100.64731 80.94651 51.67006
162.57397 139.1858 120.670845
193.16885 174.63968 144.27101
167.47655 138.25703 122.6031
141.02557 140.1457 132.58755
222.51233 197.37799 165.20158
164.25934 139.34415 133.54668
199.82727 198.80151 195.68646
171.80386 149.60313 148.54793
165.44612 135.73914 119.61301
169.51762 137.85512 120.48195
169.0197 137.64523 120.44401
200.10631 186.48203 115.970474
161.66035 142.24524 117.172646
162.08525 142.71571 117.68153
131.61423 122.26705 110.55388
146.22668 135.30492 106.066765
191.26701 178.85336 158.07738
217.34352 186.0899 112.9702
156.51198 121.538925 95.49554
112.58129 93.36569 76.82043
49.33938 84.043625 118.39698
65.65087 91.461075 129.04965
65.59946 91.282364 128.82536
132.34604 137.61893 148.15146
132.90485 138.49228 149.32556
57.70264 93.87681 122.5222
144.30527 174.79224 183.20831
78.45536 107.97725 134.5894
53.616688 97.14731 118.37231
53.616688 97.14731 118.37231
63.207104 85.47169 154.92125
108.53638 94.864555 91.45806
173.4377 154.79642 122.39314
176.95227 169.76971 147.37152
177.86154 170.68173 148.14456
176.76154 155.36572 153.77034
167.50885 140.76266 104.30833
163.63028 135.27841 136.41522
163.41162 135.34674 136.52087
153.74007 134.82266 139.8001
163.35246 143.20053 134.9343
157.0449 135.19226 118.740974
152.8646 101.211685 84.5724
169.08768 158.513 160.57831
182.3328 143.26036 104.70757
142.64915 131.00525 108.157295
123.00341 96.246414 77.58517
56.80844 77.842705 141.91972
163.74638 140.72511 129.87195
185.85919 164.9754 151.0258
166.4377 175.17578 194.75871
181.77736 194.57933 195.08853
184.02303 205.82564 212.34622
205.8383 221.1171 221.57361
127.50877 101.65781 45.37364
86.91483 66.96574 43.010258
117.96777 148.5228 157.9794
181.29434 197.47028 201.58301
170.21254 185.16031 177.74359
167.74806 164.13853 135.13419
76.43582 90.25076 89.290504
167.05768 174.28502 172.87141
142.64943 156.43805 150.71281
182.43822 183.12428 178.13345
144.59013 155.19691 155.04366
198.32556 164.53818 143.5482
174.5793 151.28322 174.45735
175.06078 151.86267 174.9292
166.79834 186.2398 187.36067
169.44048 160.45685 156.1233
162.74576 170.55925 167.13278
177.65596 150.32457 135.6051
177.63626 150.27457 135.5775
167.35117 156.4408 161.65448
218.8743 185.06418 154.91985
140.66156 125.72856 110.58497
174.9361 162.35947 162.21404
172.52028 147.04863 104.17821
179.64883 168.93124 174.93315
149.1432 173.00987 181.79486
149.22202 173.19728 181.97263
63.336754 63.721317 64.461784
63.336754 63.721317 64.461784
177.68756 162.85092 158.18243
134.9828 129.01022 126.08474
204.02505 175.05215 179.92787
203.96844 175.01115 179.90572
175.12056 132.53125 142.10223
129.18216 119.27449 114.78025
130.72014 119.11258 120.413185
130.03418 128.03928 145.5738
131.93007 121.91797 113.26964
131.93007 121.91797 113.26964
147.0542 142.06183 142.76118
119.41061 120.42936 135.28189
79.22629 76.02698 89.25879
139.83194 123.27363 91.09249
160.19798 114.38323 92.9173
179.72606 131.5462 108.79403
140.9706 104.9249 79.67045
141.35774 104.920044 79.56438
142.24544 107.991776 86.20186
125.80347 97.86201 80.67335
46.06598 65.08478 67.02831
0.0 0.0 0.0
0.0 0.0 0.0
115.31024 115.4258 106.95642
139.47945 143.36084 133.82774
167.71819 167.28194 129.71588
167.7035 167.31091 129.9419
173.92545 164.44405 135.38997
158.4863 158.26004 133.57295
154.36357 140.72296 132.05283
137.36969 138.61806 119.91421
158.08008 165.5997 158.88644
150.75719 133.86707 119.41291
150.90292 134.15503 119.57738
96.75327 105.36913 130.3254
130.84189 115.9619 130.48155
130.92877 115.97267 130.43962
139.66713 129.9899 138.75119
131.53716 132.13838 134.93077
121.38652 127.493614 146.99585
168.16238 166.99812 164.01385
168.1338 149.81752 150.72202
143.84604 143.04648 146.29341
143.96852 148.57143 150.97752
111.256165 118.52193 116.943146
130.30112 128.7277 125.780914
129.40662 127.98841 125.169785
139.6002 130.4863 130.23294
145.41997 133.21658 135.73169
124.00709 125.629295 126.09002
136.21321 128.41632 130.31192
84.6728 78.2591 77.0244
138.81004 95.941536 83.28663
138.81004 95.941536 83.28663
137.59836 95.84392 80.22981
151.091 115.41946 98.8093
88.170296 74.80398 73.657455
88.02115 74.70515 73.62867
147.64003 103.273 98.67503
129.26364 91.3216 70.768974
95.70522 86.02776 117.47901
95.55549 85.91472 117.3328
142.0955 129.83276 144.10568
124.09582 124.15326 126.84419
112.561005 119.01155 140.00775
84.53426 85.94373 111.825554
65.88343 73.2898 92.18153
80.71455 104.45497 117.17092
74.97674 71.41417 89.87807
64.572365 75.46781 101.01374
82.06179 77.68416 101.671585
82.06179 77.68416 101.671585
103.49644 106.80053 131.28954
103.49644 106.80053 131.28954
82.74481 90.64226 135.14253
69.07883 82.886444 117.68976
177.06003 169.23854 164.94447
126.62186 118.74728 124.218925
77.06073 80.36588 101.3223
112.18137 123.4704 159.15988
116.413345 91.775276 96.29759
136.04843 103.721 101.99181
123.802376 86.051025 82.26055
123.81338 86.04429 82.2681
116.54695 96.09104 87.05878
143.08833 100.46676 94.75045
142.75739 100.24767 94.7423
131.22171 102.14179 95.967224
119.57804 89.16027 91.30719
118.84893 88.74055 90.976585
86.34435 111.72131 146.53223
101.14187 111.51351 134.4283
77.61857 101.987076 126.63928
77.63783 102.0244 126.671745
105.5269 127.27175 155.3599
83.433044 104.70209 136.53677
83.29176 105.0011 136.90802
118.081604 118.64359 122.2308
117.82928 118.468475 122.15138
113.59993 114.815605 116.61117
102.36201 126.66896 141.44365
102.32802 126.636734 141.43277
151.34897 160.32672 183.0515
203.84494 194.42802 182.30167
204.3344 194.84541 182.70503
90.90771 104.08153 50.748844
160.46738 130.45348 150.59583
198.38194 218.70656 243.11528
198.38194 218.70656 243.11528
119.142334 136.11285 129.85367
78.33389 71.36138 85.02228
73.59938 69.377945 90.473335
90.38586 81.98531 107.897255
114.42255 108.4722 127.46989
173.28761 186.34894 157.26709
149.12018 147.5803 126.196846
146.41695 145.35962 134.10118
119.31635 116.187996 106.05537
197.92702 215.12193 187.90935
153.76776 153.05338 125.25386
170.98755 169.12523 143.92043
181.73921 192.83801 168.97675
166.58195 160.67471 164.25359
199.65663 190.25217 197.52338
136.4652 131.6103 130.7127
134.9395 127.867645 140.94992
142.74294 126.88037 136.42592
133.0023 133.3557 128.35767
107.85387 121.1822 112.41542
164.19304 141.82349 146.22481
164.0164 172.01448 184.71548
93.98559 123.7154 122.91366
133.54698 135.26024 147.30804
131.73573 125.658356 133.36119
131.85081 125.76717 133.74802
126.31874 128.9653 132.47964
105.739914 120.73839 115.47521
133.03995 125.13818 128.55933
150.04103 132.15431 140.08083
172.97322 146.59735 153.09601
173.38597 146.96945 153.4504
113.04773 121.58822 124.96374
151.66101 133.32947 144.08218
143.04535 124.58948 142.07758
118.65632 109.13412 123.63588
118.65632 109.13412 123.63588
161.40807 146.80864 161.27626
110.065 102.88711 121.73585
170.71584 142.07605 141.59358
160.6661 107.21047 89.550476
160.6661 107.21047 89.550476
121.26149 111.620094 91.27966
130.16501 130.45074 109.6914
126.84932 126.89126 116.16603
151.64958 147.77779 170.38425
128.80402 127.59268 137.28734
130.50912 129.5581 139.0139
113.41937 111.032425 122.67241
113.972626 111.5202 123.2434
137.34622 140.1544 152.58258
162.16196 178.19666 203.50975
184.33789 175.65698 168.67268
190.61563 197.27829 213.2835
190.61563 197.27829 213.2835
122.484764 88.62213 108.35821
120.81804 111.21591 123.64242
120.336006 110.67515 123.0323
167.90292 175.9121 185.91962
138.04663 135.06198 137.11398
154.52612 130.47874 120.13963
149.47255 113.73044 102.98966
172.85469 170.563 175.73999
172.83276 170.54237 175.72879
136.77809 129.96378 154.52675
146.45454 133.82246 145.2985
128.16681 134.25867 133.74364
128.35497 134.3613 133.77199
195.65053 201.39072 209.4735
131.19293 131.12038 149.49683
150.25029 127.07279 128.9717
136.98532 126.26059 141.77171
124.085594 103.03794 104.010414
130.29 119.480385 130.63768
123.83288 110.26067 121.66521
111.96382 115.63023 142.34004
143.66298 154.5067 197.35892
98.90497 87.42286 109.96472
99.02146 87.43108 109.98496
99.93958 104.03039 143.16548
97.19786 99.32313 134.44467
96.58533 98.68396 133.71388
57.44796 50.3561 74.08509
87.10937 78.944435 93.39146
74.857544 69.65142 84.34517
64.19775 57.918434 64.9182
63.988724 57.728325 64.73189
62.386013 56.77152 64.863655
98.91961 54.115356 40.554077
98.950195 54.15291 40.60831
118.50615 71.598404 76.34239
97.38327 54.638187 60.780758
124.91702 69.50188 81.47326
139.70738 87.8913 93.72515
118.62166 65.561005 68.79615
173.667 132.17696 134.86275
115.60044 77.60208 37.77457
84.04444 92.25832 125.729034
118.36749 110.24254 109.45117
118.44201 110.31068 109.63012
70.94761 64.18462 101.83119
65.25335 87.76533 158.86572
65.41495 87.88448 158.91339
90.74 94.73827 140.40312
90.98414 95.02839 140.9029
78.15103 78.80476 135.30339
63.7434 82.10819 150.77704
86.997574 97.61407 147.25621
106.51335 96.59139 123.516174
96.8225 96.471886 129.86765
96.8225 96.471886 129.86765
0.0 0.0 0.0
0.0 0.0 0.0
5.320777 4.529564 3.3783774
5.320777 4.529564 3.3783774
9.712507 8.14449 6.209609
11.230127 9.286749 6.936839
11.0910015 8.622406 5.8865614
8.415302 6.446159 4.40426
8.415302 6.446159 4.40426
8.5274105 7.9149113 5.1270657
8.582543 7.2547183 5.19935
17.544521 14.837771 9.991033
15.548555 13.266818 9.119939
15.548555 13.266818 9.119939
24.071854 20.36526 13.253035
24.071854 20.36526 13.253035
14.486765 12.303391 8.17707
13.620878 11.460921 8.021889
10.436917 8.1018095 5.72723
14.120056 11.981988 8.119156
14.120056 11.981988 8.119156
18.431631 15.475291 10.100908
16.002663 13.4725895 9.280953
13.474666 11.396859 7.879082
13.474666 11.396859 7.879082
16.998709 14.4102125 9.791957
16.998709 14.4102125 9.791957
14.490915 12.140732 8.454812
10.291213 8.290235 5.7602005
7.6338005 6.6086226 4.4810085
13.207926 11.012374 7.5961704
13.8289995 11.563592 7.818858
