0.03539823 0.03539823 0.03539823
0.03539823 0.03539823 0.03539823
0.68624645 0.5571743 0.5544692
82.385826 81.08626 75.87831
145.37094 137.9587 138.79878
101.97786 72.54454 78.3376
121.56765 94.00877 97.17247
103.24388 79.95413 103.94516
111.85296 92.23917 107.205315
138.19998 96.5889 79.75565
126.684044 97.06446 160.14075
168.83295 138.58864 68.809944
124.8904 103.56915 109.22035
121.2988 126.08405 95.760254
121.78877 126.29891 96.25057
10.030529 3.889941 4.1235075
169.226 194.93636 200.86555
90.392395 20.701473 28.99231
105.00947 82.55087 123.95049
105.72736 83.68737 124.79012
205.42802 191.07161 198.09932
127.61 173.1797 175.22534
160.2173 88.0143 116.06407
140.17209 123.74031 102.51973
139.8509 123.0713 102.02303
162.49066 177.47208 131.00873
208.1531 185.68007 139.28867
149.16142 123.635 111.78382
155.43733 153.69412 126.52611
127.84384 88.25026 89.18229
127.853615 89.35201 89.54508
145.53809 145.97887 113.78301
149.18936 143.40634 126.02771
149.84558 144.6968 117.63837
149.61842 145.5038 118.1824
137.7162 132.62488 114.25911
135.96437 155.6476 133.50465
180.47147 170.22081 156.99602
180.44936 170.15721 156.94617
168.16374 165.93175 164.04375
126.03799 149.74062 141.6512
180.73343 176.78212 152.21042
180.70332 176.65486 152.1693
173.29053 170.63531 167.15013
200.26874 191.8857 164.522
136.87039 162.5506 108.84697
183.5306 173.61789 171.02226
99.965645 155.04065 172.81567
179.18936 150.5377 169.48355
179.15833 150.51088 169.44603
170.12973 175.77509 198.3585
179.45369 168.70236 157.61668
157.42351 152.1462 168.97987
168.8564 174.99072 177.60889
201.03787 200.36342 181.1341
177.3061 176.74452 166.9672
178.7562 183.55836 174.67871
170.37431 158.42223 170.87158
215.24628 195.34691 173.7506
196.2314 159.04352 114.78649
196.03076 158.58665 114.489044
165.94362 182.18831 177.72145
154.1121 158.98798 164.44005
152.8586 158.32133 164.01704
154.81984 160.90918 151.02052
153.82382 163.1797 136.87047
134.11563 143.40997 115.16261
117.047066 134.29424 134.71565
128.9706 143.8113 135.42567
174.76225 146.54199 87.58511
174.79031 146.53017 87.61023
131.19499 118.06523 148.97507
170.07892 166.79541 137.19797
169.55992 165.49323 137.25648
182.55775 156.1819 166.16763
200.44016 130.94029 85.548096
191.42633 167.60173 144.54442
191.31985 166.92282 144.602
171.41338 185.00658 162.00467
159.01762 137.47772 158.41075
158.76482 136.55238 158.99521
168.17638 159.01225 168.08803
168.049 158.45314 168.50009
191.66777 171.90756 170.60892
156.35236 143.12552 140.99178
197.92902 161.58604 135.37099
197.84816 161.5632 135.27956
172.64369 147.7058 120.30823
171.99203 146.58276 119.646866
192.02806 192.39386 157.66179
161.21483 138.72914 154.77687
133.77954 123.72667 120.49816
158.98732 144.96692 139.02408
203.47162 204.66585 216.71976
175.79797 174.93991 170.65286
175.30394 173.82768 170.61815
105.035515 198.54987 171.76149
207.79684 198.20462 194.74692
130.25192 146.75635 149.47684
130.33488 146.84929 149.55266
194.63219 150.58012 107.66051
183.75052 188.1969 135.52089
0.03539823 0.03539823 0.03539823
160.79974 136.25351 134.6655
187.26448 141.75005 115.284386
171.44275 174.67612 158.10596
191.51968 193.40434 182.93721
186.25722 194.56313 198.6294
201.67902 208.20749 202.05121
218.52422 209.23921 191.07625
172.33226 190.58276 172.39653
203.2474 185.10616 153.53539
192.85648 192.89883 192.22688
194.09317 215.76195 212.82965
218.78227 183.17499 155.83278
118.29014 93.34811 71.30618
174.42451 145.36928 134.52046
234.10202 235.61522 191.56212
161.8998 142.3781 105.81941
162.12292 148.73857 92.83947
162.15878 148.76126 92.83545
139.88396 154.53368 114.30185
139.88101 153.95424 113.81841
177.04204 154.4465 167.86594
158.86931 149.97716 185.1443
135.16254 117.904625 157.23994
150.19148 116.7228 148.3451
149.50624 115.98647 147.04962
106.7887 101.31901 138.74564
146.98598 147.16702 156.85262
162.53993 174.40508 152.78595
177.76242 145.7764 162.88326
177.87259 145.89578 163.09993
230.32175 230.89148 238.81815
197.31859 155.3369 171.15883
196.42354 154.74054 170.69019
123.586235 118.14453 150.92422
131.67921 113.40449 159.73506
144.1668 117.69158 134.008
114.56386 131.43599 134.25099
133.83174 121.98849 152.733
133.85872 122.014336 152.79631
172.0742 150.18604 174.37311
105.08398 119.53306 138.18437
119.7548 102.56417 135.59276
119.7378 102.54245 135.5804
153.24184 135.21239 145.84604
145.12575 122.95668 155.03477
121.949295 114.41106 157.00456
128.70816 106.21938 142.05202
128.71535 106.21622 142.05847
115.6216 109.67902 154.26917
192.63914 169.39368 159.96994
205.34312 210.49345 202.50694
134.335 123.62233 131.73804
148.12842 152.86919 155.20157
185.335 179.47162 142.8215
185.99973 179.716 143.77876
179.32855 148.90741 119.267456
129.81628 123.91873 155.51154
179.59435 178.53178 170.85378
179.51729 177.79434 170.17583
151.04834 138.10426 124.54604
149.9597 136.8829 123.88086
173.47371 155.35399 162.57008
184.21347 177.9677 163.81903
182.07098 172.80511 168.99937
177.01944 143.47618 143.84601
188.11314 145.6961 137.14186
151.89462 129.89334 129.88174
150.96452 128.88101 129.16733
130.27225 94.19616 130.4053
120.303825 134.88268 115.99536
151.69482 106.72176 107.90617
152.37068 153.12083 144.9884
151.31229 152.17938 143.86676
150.78598 151.51196 143.20825
155.64714 148.08205 147.44252
160.44386 137.089 147.3258
160.44386 137.089 147.3258
122.75302 93.43583 136.35278
141.45775 117.85597 153.87526
141.4577 117.85597 153.87526
149.3052 110.87444 130.22835
157.45422 144.90761 125.340034
155.69595 163.40067 154.9561
169.13158 171.56668 145.28241
199.91545 168.3684 111.91664
162.77254 149.40167 135.81195
162.74162 149.51695 135.92294
136.00603 149.63988 136.32079
181.9772 157.21062 133.25954
178.76457 138.65614 114.72999
178.76457 138.65614 114.72999
152.30692 143.42354 139.91425
192.59721 182.5077 199.4427
179.94911 144.1031 128.83128
170.74452 160.32303 153.69127
170.06755 159.77629 153.6221
181.26784 178.00835 155.31584
180.34224 176.7975 154.82854
180.12915 176.03984 155.21269
180.16226 137.2404 138.36523
194.27388 169.65866 170.48927
173.67975 157.88086 143.54164
173.12022 157.37141 142.50157
190.28702 152.72513 155.61502
190.02261 152.58542 154.8135
153.22093 124.63006 151.8971
176.6912 177.53317 164.06519
158.86371 129.83275 165.25127
219.4805 217.52704 195.58264
153.22186 150.6039 151.86281
32.62175 40.930748 59.38594
32.601578 40.889477 59.319046
35.79279 53.292614 64.45473
55.303783 58.442093 78.92854
55.303783 58.442093 78.92854
80.42254 86.91572 103.25819
163.6216 156.24191 177.26433
62.999496 63.27569 88.28732
47.617886 53.358273 70.24118
47.617886 53.358273 70.24118
78.956985 66.517525 84.79866
91.513504 93.21768 104.633804
73.68988 68.1142 109.2481
77.67604 77.41798 97.36287
123.381226 113.74297 124.59319
146.54134 120.09124 97.90246
127.0313 109.52931 120.29412
136.90996 135.66469 140.46416
116.89025 127.552574 123.47799
165.78479 147.76283 132.91576
157.37384 144.27306 153.8923
133.50992 124.9355 136.13672
119.95088 119.05051 123.22093
122.028755 121.51057 104.93095
120.65409 119.78943 103.38347
101.38803 95.66627 109.1778
157.14491 153.61227 152.52704
150.02307 151.38606 165.42099
149.47482 168.30502 171.03369
125.448425 126.55497 122.06373
125.448425 126.55497 122.06373
126.99007 135.36423 153.2001
124.446304 111.093636 157.89604
119.19535 137.05661 103.763145
118.70986 136.61726 103.54883
127.40967 135.37424 164.21158
164.0815 137.16483 118.13355
164.08154 137.16483 118.13355
138.55211 108.207794 118.83932
104.15118 88.17023 111.2142
109.72787 118.211655 130.44016
139.82455 125.29895 122.93705
111.07204 88.11852 118.58013
109.41906 109.340576 118.3216
100.77022 107.38598 111.50114
135.50725 116.61383 124.09947
100.93187 93.46253 87.5275
133.91425 121.60467 162.15419
164.08838 158.04305 167.63408
156.37056 122.09951 165.26302
105.12296 105.32554 95.659424
121.45538 92.682 138.64954
121.64269 90.222015 116.58844
109.10724 80.63612 131.73189
151.3749 108.85075 174.58574
151.3749 108.85075 174.58574
156.32217 142.45558 171.33408
51.24257 54.85203 54.464813
112.8113 106.08915 129.24171
122.17506 114.98659 130.60185
122.17506 114.98659 130.60185
82.85767 70.566414 90.20918
83.60115 70.967575 90.94439
98.477295 79.51567 108.99633
98.477295 79.51567 108.99633
118.80573 86.88569 62.06697
121.193184 95.553116 127.904976
142.58932 147.17996 122.607376
142.58932 147.17996 122.607376
141.19685 150.88437 113.17618
137.98717 151.49635 112.43421
166.90887 137.64041 147.74313
166.90887 137.64041 147.74313
92.83924 73.80875 91.14635
80.64849 62.01117 44.01426
79.982185 61.559994 43.987633
83.52576 64.3095 41.117905
80.048 59.60923 44.4948
60.665184 40.64022 83.75229
60.687134 40.63682 83.77675
105.561424 91.00483 157.02774
242.17807 241.51073 241.16408
246.67422 246.44287 246.95464
200.32608 199.58905 219.18251
200.16962 199.14282 218.98964
146.28554 106.01364 136.80473
76.45454 83.79121 120.53882
150.55544 132.58017 135.16425
199.87526 197.84145 186.98358
54.12741 61.936043 53.81505
54.11539 61.933376 53.809406
118.70302 78.568146 78.16513
118.70302 78.568146 78.16513
115.1938 99.67052 131.32608
79.86652 75.22924 92.53607
138.4555 124.38637 142.93481
86.73161 83.669205 93.10001
78.510414 80.47714 93.331566
78.73258 80.67585 93.73289
102.39421 75.68451 102.840515
119.11864 107.19276 108.51138
101.487114 87.73119 101.53171
165.31314 182.14604 170.70166
123.82023 120.1659 108.21115
108.432625 122.03853 131.674
75.84624 64.218994 65.60544
117.02721 88.85489 125.57812
141.55331 141.35873 142.93578
141.55331 141.35873 142.93578
89.00634 65.25467 74.444176
114.293236 135.64157 132.78023
106.36302 83.44874 107.071144
110.74147 102.320015 114.910385
110.84426 102.54056 115.056885
141.88129 100.01994 63.62747
128.28056 127.07485 139.95401
120.9651 109.37261 123.71484
104.360245 95.76118 101.902306
141.60838 128.07784 161.62596
119.91321 93.65089 126.92758
95.63678 93.94566 88.79287
132.27371 137.11899 108.11856
155.24748 131.8814 100.879196
127.36322 108.10515 102.647026
128.88878 108.90138 102.232216
128.13004 134.85242 153.50818
127.710556 135.0051 153.45956
116.147316 110.10554 136.19998
116.05 110.247055 136.14221
78.958305 84.50242 95.5455
80.80531 85.09549 98.48804
80.91158 85.04946 98.60197
51.848087 23.815744 103.489624
51.848087 23.815744 103.489624
93.182594 67.89717 52.268116
93.182594 67.89717 52.268116
119.12053 110.33783 103.585304
118.843414 110.012405 103.33006
82.15674 90.349884 78.10936
103.80307 78.62399 58.86548
103.25088 78.501564 59.07242
85.424164 78.45616 93.39043
96.337364 101.110405 88.97249
81.06276 91.63172 84.21459
66.81729 111.69737 88.71419
66.81729 111.69737 88.71419
83.27658 72.827415 91.330025
98.165825 185.19086 148.93527
107.92066 152.79715 115.37187
144.15779 167.16833 103.35383
110.56038 125.862236 99.84364
110.56038 125.862236 99.84364
98.92445 98.33338 72.79005
99.22866 98.67411 73.05623
127.04479 104.423584 124.057236
127.38938 104.542145 124.24872
97.32063 73.48611 66.42065
87.95749 72.903076 75.69363
122.67075 112.940216 126.58109
116.303085 89.45252 107.433784
111.9884 93.07648 115.89126
111.9884 93.07648 115.89126
125.74518 109.91776 109.6643
126.52011 110.17954 110.75848
71.52409 58.113537 54.46845
44.928352 41.957222 59.726513
44.883293 41.926655 59.672836
104.97863 98.606834 146.81555
138.70844 65.91359 94.87298
95.20312 66.99691 89.99957
225.87672 79.23909 98.41573
99.671135 96.62727 133.87924
99.52688 96.59949 133.76926
99.05194 96.24335 133.10785
219.33319 217.771 188.57399
180.9287 142.217 213.12494
170.94566 109.698494 111.57723
216.61066 135.89388 124.05503
216.61066 135.89388 124.05503
178.48975 117.27604 136.5976
178.5038 118.09549 137.3117
238.48622 185.33891 220.10124
209.25455 135.9932 119.82289
193.3255 126.9372 127.83696
164.14365 54.8649 52.320942
187.75847 82.30931 51.668045
159.37999 122.04603 143.77412
149.87163 103.54299 101.41156
145.62187 90.06203 78.0684
145.62187 90.06203 78.0684
164.75647 96.64513 95.98022
164.75647 96.64513 95.98022
208.4281 169.65077 166.7189
191.39363 199.22939 199.7468
191.39363 199.22939 199.7468
170.44217 138.59091 137.0403
171.07698 168.92415 183.8135
108.93392 92.58863 119.78444
107.31777 91.39889 111.977356
125.276 99.878654 113.34784
125.276 99.878654 113.34784
79.6481 70.29621 108.546936
124.38034 73.19627 125.056656
107.09313 94.775826 115.31758
107.12942 94.782585 115.27399
104.63133 105.05306 140.0851
162.02335 176.69366 147.49414
195.10875 175.32349 197.4077
104.42636 114.916336 111.19713
104.22445 114.84291 111.029755
164.83928 148.6336 125.34996
164.68254 148.29633 125.160835
63.630367 63.583065 71.59187
63.630367 63.583065 71.59187
43.910732 38.4686 47.505238
64.2018 53.42621 56.567413
119.1853 112.217415 119.823746
55.815742 52.419407 40.974804
44.950768 34.951538 46.08776
126.56819 105.12544 115.70016
65.66932 55.16567 62.901302
65.66932 55.16567 62.901302
146.23349 120.56301 138.40666
125.71226 103.784515 112.341736
111.74727 87.44186 108.20072
111.757545 87.44986 108.199135
6.837075 5.240561 5.407814
