0.11111111 0.11111111 0.11111111
0.11111111 0.11111111 0.11111111
139.53714 174.02277 193.23322
63.297096 71.877716 72.23155
82.25909 79.947685 97.603386
82.12758 87.82498 58.693714
130.4852 103.71025 58.99189
98.99352 120.281784 142.67297
93.33149 116.0968 167.19789
116.26852 104.90556 51.611668
81.018936 107.52183 164.61786
67.123924 64.89327 46.565475
254.07143 254.07143 254.07143
76.260826 61.22734 35.38036
81.82494 103.974174 160.0514
85.360275 65.969124 44.70461
82.66479 106.929825 165.84737
76.51862 59.480995 33.532547
90.34823 121.19622 195.09134
94.45729 79.415695 35.874023
94.889275 79.78996 36.091236
45.763958 72.85502 40.144737
45.763958 72.85502 40.144737
74.39467 90.09555 64.01782
67.052666 79.3797 42.1525
78.48708 62.32397 38.361877
71.81474 87.079994 48.48406
81.78467 102.85725 64.91642
108.63471 103.1462 65.61863
60.355297 60.515873 50.2201
60.26643 60.472744 50.229393
103.15988 97.68693 56.276455
103.15988 97.68686 56.276352
108.381996 91.432365 47.01507
56.76657 51.457706 26.24276
60.70781 65.46286 38.14272
60.70781 65.46286 38.14272
79.88276 78.459305 44.696045
79.88708 75.69117 39.51201
81.835526 76.88133 39.503204
81.50268 76.63959 39.35662
74.12121 59.222607 55.331905
60.995056 67.55775 42.853592
54.27461 64.389305 31.86689
54.274647 64.38934 31.866924
66.5354 91.50512 109.959694
74.71596 69.8413 34.923943
62.37904 60.287212 29.61682
59.989418 66.379005 26.910889
82.22264 76.70903 48.41618
85.5675 63.873188 41.599625
105.82679 90.66879 42.07686
119.8073 102.01758 49.446846
47.518867 57.65267 26.022348
67.97494 70.25672 46.364452
83.899956 73.62629 45.461987
83.68769 73.3388 45.354916
63.974556 69.901596 34.825745
68.22835 85.84385 34.39209
98.89122 75.44291 39.535786
84.10467 74.00571 44.939503
63.17624 48.727097 31.535679
74.22382 72.09096 24.246866
94.29529 83.12455 57.100773
101.81861 86.91715 52.497704
130.99231 76.979256 38.875626
131.1305 76.783554 38.783974
89.93 72.760376 25.927284
83.69023 67.011314 23.774193
84.119606 67.70562 23.938005
71.54163 52.875835 22.847849
70.77558 53.741123 31.10763
87.2209 60.04017 21.433584
67.82801 75.016045 46.54139
66.761345 55.611458 17.490149
99.17255 89.554405 25.9214
101.561646 91.25561 27.008493
101.66677 91.263016 27.019632
72.148636 65.87235 27.448935
94.15842 71.15922 21.390839
96.26577 65.90782 35.775967
95.72919 65.54358 35.613235
108.03596 89.27419 31.511312
107.97957 89.04445 31.542501
57.25049 45.128098 55.36414
67.49673 59.98726 57.111702
57.684696 45.238758 50.97929
56.799915 74.36772 69.58024
56.694862 74.28627 69.31325
156.3634 167.87149 199.23016
160.30515 170.33984 202.38603
151.57104 162.16681 194.07121
165.73068 180.41339 208.81808
91.216064 110.51671 127.20656
91.09782 110.40365 127.0722
125.14202 141.56422 168.31398
64.85958 80.31815 98.29647
108.28188 114.94591 129.68637
86.829926 92.003235 113.33744
61.722607 74.20687 76.09635
73.97567 84.71001 92.79995
73.95934 84.69894 92.80409
74.06053 77.80302 90.079155
66.86564 69.86348 81.83643
80.229744 85.35332 93.07989
66.02078 71.11487 50.470898
64.20558 69.80019 48.097607
75.598404 74.21161 60.732075
106.876915 98.76392 93.44079
26.868979 50.954746 51.11734
23.082254 51.049046 68.50849
16.17972 24.192043 27.771198
23.392057 34.40375 41.399925
23.39143 34.35039 41.344822
82.80089 74.216965 52.09193
74.10039 71.999374 58.14028
42.40267 59.588486 60.649437
145.30577 135.2672 126.81659
47.773914 55.92791 52.48482
83.64129 87.24401 57.99544
74.89668 76.61177 76.161865
75.91684 78.82971 80.867065
77.79936 100.2224 67.10561
72.25975 73.618355 35.03742
83.862854 75.01152 39.144493
78.07414 81.6817 46.619186
82.33194 82.669624 48.535957
81.87458 82.41771 48.308655
74.4174 67.381165 34.60032
83.68557 80.578285 43.190163
87.83615 83.27934 42.323517
87.53704 82.993034 42.189117
80.82345 80.32648 52.160645
88.43216 84.09036 52.67154
87.15713 76.3271 45.473442
95.382065 108.69023 72.724
103.97626 105.03265 101.22184
88.908455 100.9834 80.46021
88.65483 100.81071 79.91416
75.37918 82.727585 77.720345
75.40918 82.8734 77.49439
65.350044 64.44486 64.22459
61.487816 53.1879 41.53885
60.936855 62.861145 51.725147
58.207916 46.890385 33.52054
58.13666 46.843533 33.49335
60.776596 51.97076 43.508667
78.41712 66.8994 52.36727
97.115425 107.01288 110.89686
109.7311 122.11362 129.59044
60.599518 43.127125 30.559977
79.65991 68.05531 54.84656
79.88551 68.3073 55.104603
93.91817 93.175995 88.50195
94.05041 93.34078 88.46982
70.5975 51.85944 36.280388
91.61999 86.24161 87.80549
88.39258 83.82341 79.72362
78.827866 70.806946 50.35495
47.180695 44.15417 34.692913
84.072266 82.960075 47.282093
62.85286 74.947685 39.105995
75.93337 78.79275 50.16249
76.06213 78.87872 50.347885
75.884605 69.76166 43.292118
78.636696 72.43974 45.39585
78.292816 78.10965 41.16921
66.8632 71.76368 43.720203
66.53275 71.419136 43.400517
77.034706 71.30082 37.78185
94.521515 78.64745 44.57738
91.62761 73.156395 38.09792
145.59756 111.68856 59.543583
90.56304 85.12444 43.688423
84.4378 86.46122 45.687656
89.61097 99.005745 50.387775
54.511486 66.22271 71.24541
109.62218 120.893105 104.68856
109.80876 121.05594 104.797516
61.78735 46.1062 34.179302
62.090607 46.293755 34.285088
11.93435 31.197369 49.450153
11.903857 31.134747 49.370197
11.726503 31.058828 49.534355
129.00554 107.29017 98.553154
120.68689 98.86132 87.66778
78.965294 63.604427 41.739975
113.27419 82.48381 68.915794
82.99265 72.75842 45.623817
115.64874 114.512634 110.1131
81.22821 62.076336 38.04581
157.81123 153.61644 121.427734
30.784983 29.082811 24.516674
30.69998 29.005848 24.38708
92.58842 88.03036 74.87601
101.52071 78.93947 49.939014
101.61755 79.0047 49.91844
88.63638 79.33163 67.988754
88.221664 79.184525 68.19709
88.47344 63.873817 37.149506
102.90323 96.85401 93.25564
61.28523 58.30155 74.67443
61.489277 58.445663 75.03972
30.799255 39.103973 34.88485
37.32028 37.40765 32.841618
53.825363 42.776108 46.328876
50.101154 44.354046 46.41792
49.961117 44.154865 45.96714
51.750977 46.864594 40.5228
57.919453 45.812798 35.376915
68.17787 64.849556 80.353035
29.330027 39.93421 49.952763
29.272974 39.839878 49.824005
69.218636 77.185814 75.2744
69.541664 80.281296 62.765213
90.40556 98.59695 95.40194
90.83862 99.03745 95.74342
98.19907 107.21498 94.21133
26.790728 35.30782 41.544174
26.742064 35.259434 41.469368
55.259365 71.11177 71.60738
55.097744 70.93992 71.65365
89.66339 101.99631 88.84719
24.09207 42.54675 82.98371
18.612051 28.076963 44.971733
18.622215 28.075153 44.959553
22.428606 36.12225 48.573658
24.86501 30.748886 44.489872
29.238026 35.019913 42.290554
46.130604 53.475216 72.22688
26.115322 36.40278 46.490498
30.369675 31.554234 47.83605
30.446672 31.617725 47.933826
8.72271 15.181774 24.370474
13.648183 16.553083 24.353662
31.905981 20.976538 21.920462
23.29459 20.802353 42.139168
25.056252 19.629211 31.693783
21.26267 19.139376 20.412247
21.347536 19.235415 20.51831
66.37584 24.480507 32.484303
43.105785 22.383703 22.019598
26.723753 21.40859 21.014097
26.913046 21.505117 21.119396
45.8656 27.645607 23.69629
60.02151 31.497877 30.567286
40.773216 21.363651 21.992725
26.19688 23.21512 21.946568
34.378098 24.651247 22.959343
30.835804 20.486216 23.373608
44.066902 29.58302 27.815893
43.859024 29.385096 27.680069
17.940058 41.387115 65.27399
17.753899 41.998745 63.15671
14.079957 34.064224 57.018623
17.599833 41.631268 63.489872
24.138784 51.71272 75.11181
24.12862 51.692566 75.08542
31.611912 35.82738 39.179825
28.332567 32.490986 37.54285
37.010513 40.04243 50.996483
66.40041 78.792816 69.19333
69.76406 72.0628 53.159008
73.51758 70.03056 64.56516
91.95809 76.51497 58.920357
94.92067 96.430275 89.61344
97.91051 101.905495 99.455376
98.64126 102.881996 100.68686
91.322365 99.00909 74.69163
103.90055 109.33668 95.72957
57.83765 71.391914 85.27569
57.968708 71.393555 85.45064
60.508286 60.164055 41.50341
86.5786 81.12086 42.979218
89.64404 79.216934 46.60972
84.90584 72.488266 46.26535
137.02763 136.77649 115.334656
137.94295 137.94472 116.58782
92.2979 98.268585 34.932575
71.60638 80.433205 37.8381
89.84583 79.37615 53.621033
96.27172 74.51277 48.85895
94.080376 77.33396 57.33549
93.92829 76.98409 57.130745
59.970413 56.04957 30.851992
71.031815 64.387215 66.238235
104.159325 88.26702 101.141464
86.43125 78.47734 81.24067
68.893135 43.19803 59.10561
88.46209 77.41726 91.59078
82.72546 71.56732 88.61905
88.006546 68.6784 87.15695
86.70224 76.78749 78.00735
86.121864 78.224174 78.60961
85.49704 77.49704 77.93647
145.65051 125.6179 125.28585
145.85677 125.538605 124.97601
129.75104 115.27722 115.41611
102.12949 86.01929 84.50557
151.27812 118.23367 104.05211
167.21397 117.987885 95.06993
58.574806 74.70572 52.676064
114.512535 118.51156 94.54014
114.51803 118.974655 94.76267
127.70767 120.282196 95.16635
129.36006 119.24519 86.22156
156.49721 107.60415 73.52931
144.2929 117.7343 106.91817
129.9411 92.418304 82.97431
168.11588 120.411964 108.28544
56.542816 138.59792 219.46457
135.88622 162.31436 137.9176
115.84851 141.52747 111.86877
188.94138 121.68787 90.57
189.27238 121.647766 90.76156
102.15225 112.164894 115.30792
116.19664 83.45645 86.47275
116.5999 83.84506 86.494255
96.94894 91.785576 97.27517
94.95541 87.31583 81.85297
94.87939 87.20259 81.699425
114.9356 109.92715 113.45858
99.98458 98.04163 106.7704
99.10056 94.57338 98.81739
147.64804 132.88815 114.24488
110.74871 91.30723 85.34942
109.96244 90.75724 84.949425
116.83709 74.86731 72.14206
80.76922 71.687515 71.921646
133.3017 88.65076 81.30625
65.276245 105.52001 77.98489
56.242027 72.39425 36.308064
56.18947 72.39258 36.2767
36.552666 65.064156 71.61007
32.110172 59.8294 67.38137
44.704365 58.33556 27.537664
170.63586 119.925575 110.54692
157.56012 133.66121 114.04428
150.91144 117.82578 105.62601
20.324074 42.734127 48.12218
39.745823 67.491646 79.34085
39.679443 67.34586 79.15831
190.20099 192.38182 197.61205
32.15278 61.44737 71.939674
66.55051 110.53972 74.36678
46.17321 84.07857 44.6871
51.19396 83.46039 49.178257
139.78198 106.128235 67.15107
46.956974 52.34242 32.02541
121.31534 147.16771 111.35738
119.44883 160.34583 173.69447
30.85655 50.53961 58.887775
30.768831 50.398357 58.608116
55.259678 78.48635 81.53384
30.37486 53.922863 66.40066
30.301867 53.72894 66.043304
35.920532 57.949734 68.79553
37.662247 60.59771 71.28585
31.307226 63.56544 74.56576
114.87201 128.32487 107.94887
18.752228 33.23176 40.022766
21.24812 42.763054 47.591618
33.870335 55.222813 61.316418
38.95172 64.93428 66.6776
41.325188 60.275097 68.60544
112.95767 117.56099 108.24196
156.94966 116.87117 98.36755
155.19284 139.44493 104.9528
155.46074 139.72827 105.12754
103.958336 111.78032 113.663635
104.855225 111.71616 113.510864
66.6274 55.69239 72.602516
111.28028 136.71979 137.1415
111.069725 136.52467 137.10175
87.98461 117.805244 133.66638
123.208786 133.8868 149.66583
123.64171 134.09218 149.75446
152.55737 97.95454 89.33417
137.75302 107.44521 105.288605
85.38781 118.967316 170.6751
136.5448 83.69713 75.33657
60.4811 129.7255 165.1892
115.06311 95.89581 101.09141
94.15497 101.40274 95.128624
143.724 121.83789 101.89891
101.594055 181.87465 184.3813
98.78638 103.26413 90.47445
129.46156 100.752266 81.68936
123.57094 114.26065 102.34733
123.48242 114.46175 102.71161
107.873535 85.07822 80.959274
103.51013 89.86832 80.10742
76.449425 47.30566 27.141047
76.89519 47.918095 27.477583
74.204155 64.874794 37.673767
93.87879 91.227516 56.16322
113.06666 97.91893 67.66698
109.89578 81.45353 51.010895
86.21432 85.03655 53.661343
86.41263 85.480225 54.039925
85.940926 82.32857 62.36139
91.46999 97.362816 74.50209
105.18981 80.59312 97.01441
73.53745 93.27391 71.24829
102.04222 94.57244 102.71599
97.89063 86.35937 59.765907
113.353386 103.798035 70.489
96.14383 91.46707 52.429512
95.75435 91.21206 52.21721
93.69201 90.52764 53.404797
87.21352 84.9771 48.385548
103.022385 93.4818 56.074387
99.82282 92.63948 53.267197
88.18762 89.10923 52.151768
88.39262 89.42526 52.449284
109.48938 103.43174 107.66865
127.45043 106.741196 65.44667
86.53749 86.02858 67.28756
108.12552 83.30113 51.218464
103.82578 83.7728 53.89554
64.17923 98.53408 118.356064
66.04905 95.603 112.18136
104.74523 124.3568 143.14362
105.69027 71.443924 74.535225
100.40156 119.1273 132.0834
115.480194 137.14725 150.65233
115.83027 137.37991 150.80757
1.4530423 1.111146 0.8934837
0.98586744 0.7572751 0.62141466
0.98586744 0.7572751 0.62141466
2.1429963 1.6480438 1.216618
3.0786688 2.3431494 1.7979324
0.8562378 0.6781189 0.540518
3.2455792 2.4202173 1.8102548
3.2455792 2.4202173 1.8102548
14.241089 10.6448765 8.000905
4.6241646 3.4643204 2.6561193
4.6241646 3.4643204 2.6561193
3.6235728 2.7212129 2.158765
7.1293163 5.3096976 4.08765
7.1293163 5.3096976 4.08765
20.385338 15.201685 11.388088
16.420565 12.244918 9.353035
19.09308 14.217662 10.694793
19.09308 14.217662 10.694793
17.581558 13.085526 9.843184
17.73082 13.282408 10.0490465
18.358536 13.6650305 10.375035
15.000523 11.206244 8.462371
16.730436 12.504943 9.468463
16.730436 12.504943 9.468463
25.376705 18.924221 14.247633
7.020085 5.258598 4.124234
4.8418617 3.6245475 2.8518171
4.5409703 3.4173281 2.6294208
11.446046 8.5566 6.4317737
