1.0 1.0 1.0
1.0 1.0 1.0
121.46322 138.3804 193.04468
139.17926 157.51941 128.3012
155.09833 176.9714 140.75592
131.96596 125.44691 109.18305
148.45525 136.704 117.0294
116.23687 125.866135 89.626976
125.597565 136.13765 95.058975
112.53887 106.13809 94.73751
175.8016 160.6161 154.25737
119.8176 125.92451 95.46725
168.9395 170.23944 131.62605
176.39124 166.70271 138.51047
175.08423 165.25565 137.0707
141.15126 148.90948 148.25108
157.64821 192.73497 191.99722
160.46898 148.60522 109.301445
143.96532 153.71411 123.615616
147.22603 162.62637 148.99573
147.22603 162.62637 148.99573
142.81812 143.30003 97.85973
195.76125 165.69255 119.63398
167.40715 149.6507 113.94074
163.48175 176.48663 159.34865
133.54758 106.95996 40.00113
179.73438 203.69397 199.2629
163.50894 175.66988 159.28017
166.23529 166.59874 131.86453
189.44618 168.13676 96.34108
159.09209 148.58794 121.648766
164.47305 167.15057 137.46161
163.71725 166.36702 136.8916
163.00262 157.48239 113.952065
163.00322 149.83118 101.68498
159.95206 158.15364 106.409
159.95206 158.15364 106.409
139.17754 139.04817 104.468056
138.73087 138.68471 105.14204
152.22043 137.40111 51.176483
135.33125 133.78783 91.73357
144.21777 149.30672 136.62326
161.54436 136.10663 104.51643
150.24786 141.9432 109.93643
105.025055 99.99005 104.79572
105.025055 99.99005 104.79572
106.1824 98.85196 94.71584
126.95101 122.14454 77.7896
127.03267 122.2902 77.86046
187.64377 166.30544 127.19199
187.64377 166.30544 127.19199
189.84921 183.9776 155.23819
170.63657 173.10503 120.88237
132.58258 137.51051 113.56723
69.62161 95.01889 55.059296
149.3487 152.6374 132.95395
153.99089 141.28307 72.72233
153.57509 140.89285 72.563484
102.53662 91.4853 82.19989
102.35615 91.32255 82.09459
130.40315 116.957016 103.40731
107.86638 100.23352 86.229416
106.47196 91.776184 57.62093
106.7473 92.15541 57.969185
139.30917 117.901306 99.1103
192.08278 169.05568 149.03719
153.20863 138.97232 106.780655
211.64027 199.40767 178.68297
196.02534 173.7904 153.65247
149.22313 125.912704 100.857155
150.83725 126.53952 99.93168
180.1866 177.28687 149.82452
147.88109 127.8891 102.07062
171.47986 155.34213 131.77916
136.09277 125.56292 109.29484
163.2879 163.02667 130.38016
163.2879 163.02667 130.38016
118.74021 105.371735 71.454155
149.67882 141.52199 91.10518
165.6142 142.85115 95.41689
165.54984 142.90337 95.3949
143.3229 119.57964 78.61678
119.8526 118.95315 106.73924
158.47313 160.52518 141.48799
148.57718 152.22797 129.38168
170.57727 163.19835 137.94002
161.83221 161.73074 140.39175
183.33842 176.04628 149.04008
125.27111 138.92842 132.29045
179.10732 195.60574 205.52948
180.59663 176.02623 173.10039
166.2975 171.12895 159.39804
136.78468 145.26039 132.99573
185.41444 174.6715 163.48022
174.17914 160.54169 132.2371
173.03311 159.78574 131.53384
97.37057 116.08375 57.627056
97.37057 116.08375 57.627056
158.55576 164.90135 117.1849
159.05684 169.37468 149.03609
91.5454 97.540886 73.09475
88.69328 79.540726 48.138092
171.36984 182.21556 173.03328
199.56163 200.08069 214.00641
167.48698 178.2017 167.79218
139.53888 168.47107 151.55286
146.14377 143.33698 114.67729
170.7013 182.92157 171.51031
116.55092 105.906136 72.36513
156.13274 163.56429 142.18994
192.75346 171.55003 129.91074
185.53061 186.8978 165.61537
167.78802 159.71165 118.77868
192.1389 205.24927 190.63313
195.4855 201.14578 185.97003
168.22696 160.09515 116.996414
153.77997 154.30519 104.08564
183.36594 181.0767 139.25555
169.132 168.74246 131.30925
183.11903 165.0814 100.79391
173.3236 145.5547 92.17882
178.74263 179.06772 170.35663
168.69473 180.5071 175.83698
181.80281 183.61859 145.54662
185.06812 187.44417 147.70222
177.36513 171.8928 157.05109
169.59471 168.03746 149.64587
203.62886 197.31123 197.26978
202.58649 196.1936 196.19493
169.16064 153.9828 130.91098
132.38269 156.0914 148.15843
133.42552 141.05878 103.85373
122.97293 125.52159 97.38749
185.32932 137.46593 137.03564
163.47237 126.1615 106.94525
125.84157 106.78549 89.83057
125.53138 104.758865 87.08689
125.4579 104.80475 87.15058
119.78134 96.280495 68.438126
108.28541 111.00556 104.85325
126.05378 102.44127 95.09624
107.55313 91.93623 76.0402
107.495 91.85945 76.039474
86.42491 77.356224 63.86211
134.31409 116.4401 92.69336
175.85635 152.8876 137.13635
136.60756 149.08347 156.69598
136.60756 149.08347 156.69598
126.172775 140.10638 148.44228
163.57722 155.06711 133.32637
163.57722 155.06711 133.32637
131.31313 123.24182 106.38733
146.74693 130.46657 109.93417
179.68784 142.44727 131.48602
167.78488 154.13515 120.087456
167.49133 153.8008 119.84583
151.2486 136.83705 113.19783
159.40602 131.04915 125.569855
187.31683 169.95323 156.51248
187.31683 169.95323 156.51248
177.7882 166.07597 137.7303
191.27522 172.30571 150.35324
192.77377 172.11388 151.3493
139.86722 125.485214 71.889824
163.67395 150.51543 115.190056
204.42712 178.18756 165.26059
201.68481 181.58472 161.07404
160.81099 158.81767 115.13141
201.11272 185.02208 156.30426
200.11803 183.95552 155.306
218.86353 219.73819 203.06023
201.02812 179.61992 150.80124
189.03151 180.45734 146.79073
188.2461 179.68478 146.13608
153.79414 145.24094 120.367424
162.70439 156.24872 141.119
162.01974 155.41512 140.30669
117.940544 94.94396 89.12436
86.05878 90.48316 81.37738
139.33197 127.33101 113.175156
115.5427 115.48187 113.20146
115.5427 115.48187 113.20146
141.43108 120.9542 112.86731
147.50786 129.53682 95.62758
146.81453 128.7927 95.1088
190.81268 171.35458 150.27235
153.70001 144.85704 109.13705
141.65968 154.03822 117.53815
160.20247 151.98517 115.20274
186.71689 165.90025 144.10559
191.76994 161.60115 117.95097
190.79625 160.80487 117.1926
195.43965 167.34946 113.51253
158.63261 126.4598 65.395905
158.63261 126.4598 65.395905
207.04846 183.09027 163.17496
207.04846 183.09027 163.17496
200.96758 175.48405 150.93188
201.61594 181.40372 155.59204
180.95557 143.06953 101.39433
174.19751 150.76619 123.629555
194.27425 169.26761 138.96306
123.54951 105.18369 70.97793
165.71242 138.97365 107.79826
172.45053 147.97652 128.03564
208.99489 173.26523 168.34518
125.31977 105.996414 59.340157
148.2515 136.28964 103.94058
143.30377 128.41641 79.34583
143.67769 128.4654 79.49158
176.6443 155.76535 126.57279
176.6443 155.76535 126.57279
183.9676 151.41432 133.84422
181.7645 144.33096 106.39921
139.90227 120.14619 64.21451
139.17813 119.72228 64.054985
145.41234 116.868195 119.511444
154.23828 125.62101 97.35212
183.52937 153.90863 138.39993
188.60715 153.75201 127.1341
188.67213 153.7612 127.17846
161.31413 128.6192 125.90884
133.4225 113.170845 104.60175
142.72116 118.9865 104.83649
157.774 127.99871 133.58476
155.30986 133.02087 142.4513
154.80386 132.69719 141.97607
157.20967 129.48973 109.73606
139.97409 114.81131 88.87669
139.97409 114.81131 88.87669
178.29672 153.21777 131.35852
175.5964 144.2674 157.7678
175.56433 144.3033 157.8553
174.61436 147.05357 132.00471
175.3238 147.75938 132.73497
173.5168 130.6561 105.71459
199.55217 170.77449 149.81163
199.59808 170.76442 149.87161
164.93297 136.36082 105.98654
127.370125 101.09974 106.60744
146.83432 131.28864 122.86304
137.99194 166.8651 182.84886
70.49009 76.22184 82.3951
70.15147 75.77256 81.92906
84.49661 88.9009 84.72233
80.409325 93.16629 107.46818
80.409325 93.16629 107.46818
82.9826 80.46705 82.48961
94.1256 96.8414 100.565216
83.99549 90.2639 102.108
79.65336 91.58919 102.39349
99.746735 87.11288 91.36223
190.56268 175.26189 143.80197
153.9845 143.39313 131.33528
156.92317 151.54738 142.62871
180.83612 157.482 122.14857
180.83612 157.482 122.14857
174.43063 165.13814 148.12662
226.42798 209.45778 181.40887
191.17233 186.1532 169.32646
191.17233 186.1532 169.32646
198.20988 183.41005 166.30893
170.73055 161.39224 145.05028
186.91278 171.12318 147.91936
221.75037 223.34027 208.13338
215.6192 208.1764 189.05096
218.06482 209.52803 189.37146
191.22458 188.92644 173.80841
191.22458 188.92644 173.80841
162.80313 151.44981 137.81453
138.31502 126.277435 116.55116
205.29987 197.59181 177.05885
197.60413 202.20488 198.54391
167.19756 153.07005 139.13866
207.72345 194.93889 169.19478
207.81514 187.05028 156.97269
201.76987 181.32062 154.01656
201.76987 181.32062 154.01656
219.88411 209.8833 184.13394
186.14651 167.64566 151.33943
186.08061 167.55052 151.21423
197.56204 178.28802 152.08322
203.92386 193.45444 177.85909
208.4351 182.95505 162.87991
207.7937 184.80672 158.58415
207.7937 184.80672 158.58415
213.77321 180.86517 166.95319
214.53183 178.56836 153.91255
211.94707 180.1965 154.18336
211.94707 180.1965 154.18336
196.81635 162.226 138.75061
197.04745 163.01282 151.79729
208.90332 172.7025 139.51076
198.81595 161.89217 135.73566
212.00294 180.4706 150.2454
191.63583 162.35815 155.08096
191.63583 162.35815 155.08096
209.68788 170.60925 140.32605
187.74243 149.14828 112.92809
198.16077 169.57823 144.01253
185.42676 156.19972 130.03642
161.10518 133.25032 112.397194
197.22156 156.42967 128.12927
197.22156 156.42967 128.12927
183.37706 151.56465 122.19876
139.78625 119.93885 107.134384
142.17503 121.540405 110.126854
184.04942 158.19075 121.251045
184.17499 158.35619 121.417336
178.11852 145.6868 117.77207
186.22691 163.81708 142.64856
84.13765 91.17382 92.34108
58.704357 74.9403 82.414314
58.649773 74.78106 82.290405
44.60949 68.88032 69.96479
44.64909 68.90074 69.98981
47.199123 74.432 80.640305
42.7353 77.26845 94.86694
78.66899 92.662384 103.492584
78.66899 92.662384 103.492584
81.37609 98.71652 110.15256
83.13789 90.40457 98.52683
83.13789 90.40457 98.52683
83.053535 92.50169 94.84942
39.690983 67.69654 83.00507
39.690983 67.69654 83.00507
60.62641 70.69026 73.16532
66.76861 82.309135 85.10007
94.2135 82.69799 64.09841
124.16923 110.847206 89.96443
27.444248 57.238075 65.32557
29.044756 53.3128 57.43494
63.266315 55.970673 43.09797
77.07827 62.902233 52.824284
70.27079 62.317596 52.50902
84.65074 66.63088 50.09205
91.019135 66.30535 46.941387
169.25334 114.984856 86.74786
168.89554 114.71173 86.53859
108.335526 80.34064 68.549385
145.93636 96.25931 67.59217
145.93636 96.25931 67.59217
200.08713 168.60252 93.013336
156.09317 213.72409 186.08939
156.09317 213.72409 186.08939
133.45154 149.05511 158.56578
109.79065 105.583466 93.916534
220.2734 188.4015 202.98695
208.51639 93.48844 123.71995
215.60513 157.85478 84.207664
164.29568 153.23517 131.88792
164.29568 153.23517 131.88792
43.71902 42.152473 45.108242
28.000443 38.727684 46.368717
31.445173 41.673824 54.61215
30.887247 67.62206 76.219185
53.923058 75.44799 72.85401
39.82537 67.688126 92.92878
66.38616 65.542015 66.38459
38.679787 63.85506 66.02933
44.660007 59.337536 56.639984
44.660007 59.337536 56.639984
87.33629 79.106995 87.7591
60.026024 59.280655 66.778564
73.25137 73.489685 82.31804
92.42564 82.74412 88.34245
96.16383 90.18873 87.416046
95.90707 89.90707 86.99444
87.548096 79.140305 85.10099
85.941025 77.750565 91.05901
70.18804 74.77111 93.05108
79.26861 67.47579 79.609245
74.80382 87.996056 103.23489
74.80382 87.996056 103.23489
76.381805 69.95013 81.73493
78.2635 74.154366 81.27155
96.07774 86.9314 83.92338
75.388535 77.04258 89.45565
75.388535 77.04258 89.45565
74.25302 65.40807 57.585884
106.91 81.52586 69.942116
98.06876 75.38567 68.601395
143.64735 116.907104 90.89712
145.62886 119.339066 92.24158
125.41919 113.3615 93.909
148.4366 135.69083 83.95641
148.4366 135.69083 83.95641
108.44421 77.44908 51.066265
161.05148 127.085724 130.43748
160.89824 126.884384 130.23244
151.83572 126.09615 98.67765
156.13084 115.570816 89.55164
137.0122 116.76301 96.15002
154.51076 115.60526 92.234085
148.56514 122.199326 90.741135
148.56514 122.199326 90.741135
148.96999 118.02514 99.66202
146.36465 118.45553 88.30636
155.351 160.9086 120.46741
155.351 160.9086 120.46741
193.31538 194.11847 177.10034
108.6445 98.38249 61.74968
139.46652 150.3733 113.11082
139.46652 150.3733 113.11082
73.52336 70.52997 41.24674
73.35675 70.309784 41.199684
99.36376 91.62009 65.18184
70.942154 71.07774 42.99734
82.168144 84.74557 50.52268
156.69699 124.201256 67.52083
114.80362 129.06175 65.12569
105.31961 100.661736 71.04882
105.31961 100.661736 71.04882
79.692795 85.60119 42.39208
86.48212 91.493675 54.90098
86.48212 91.493675 54.90098
82.845146 81.959915 47.024734
83.12359 82.22498 47.114407
122.76422 130.53368 69.67954
5.98578 4.8054705 5.5389543
18.519094 16.689938 16.786377
18.519094 16.689938 16.786377
21.868958 19.888012 18.413591
15.76849 12.222124 14.663551
14.525419 15.236666 13.156058
13.06542 11.557323 12.221922
9.260474 7.6585965 8.442677
20.589872 18.348051 17.695738
14.635796 11.269779 13.640307
18.950129 17.800879 15.3474865
14.918627 11.528561 13.900378
14.525742 13.859854 14.564534
10.997623 8.623147 10.241581
10.246093 8.041734 9.591484
11.028521 9.320295 10.820658
11.028521 9.320295 10.820658
14.823558 13.815099 11.79693
12.312681 9.567193 11.417781
15.003505 11.087577 13.656099
15.003505 11.087577 13.656099
11.754149 9.16472 10.932082
11.754149 9.16472 10.932082
11.669956 9.087778 10.835965
11.669956 9.087778 10.835965
12.69038 9.751289 11.830688
11.062359 8.651265 10.385998
13.911698 10.783315 12.876369
9.04262 6.9776425 8.528924
17.6706 13.093216 12.673582
17.6706 13.093216 12.673582
33.120247 76.11267 175.4525
33.120247 76.11267 175.4525
