0.0 0.0 0.0
0.0 0.0 0.0
98.37049 141.6738 147.0932
26.821573 28.281622 21.006435
76.467705 96.31636 93.662834
140.57684 150.94286 147.16919
77.60051 95.35957 113.34513
6.908297 17.642572 23.919674
6.9037004 17.640543 23.918755
7.819965 19.131962 25.322762
34.93469 44.517887 56.380795
173.27017 198.87994 235.49452
212.40634 200.81131 211.29204
203.90045 193.59465 211.6335
76.19494 86.90558 77.075005
93.563705 117.60477 121.69072
93.14579 117.126175 121.1343
85.82303 81.54344 108.028694
192.77151 198.54869 231.66092
138.05045 134.24507 162.27913
226.28549 223.0406 231.3069
159.61212 168.43553 191.26274
159.61124 168.435 191.26166
156.85625 192.02417 208.28587
157.5984 192.86777 209.15567
130.55026 119.71164 147.3944
205.14816 211.4142 238.91623
205.29146 207.48843 223.47307
191.50809 193.98268 214.48808
136.08052 138.16353 168.16881
135.49744 137.41106 167.1487
82.03589 73.53179 86.83268
89.58837 88.396576 84.22807
89.58837 88.396576 84.22807
174.39247 166.67004 182.3387
126.878456 131.9645 149.95316
142.46407 129.65085 165.17892
70.38259 29.886501 30.282923
156.68501 138.55846 104.0098
95.869995 89.533325 99.98828
164.99904 169.89896 196.93378
165.72217 170.45844 197.3575
102.811844 113.74822 143.13013
112.98897 125.284645 151.63368
103.47502 120.82716 150.93959
146.14862 155.56026 183.31793
146.15196 155.56282 183.32062
84.35191 105.033325 141.04393
100.91599 112.3051 136.96645
101.322495 112.811195 137.60393
43.762314 11.226768 13.194016
43.325058 11.142381 13.128284
157.62729 94.16012 73.34766
156.12764 93.93817 73.24442
84.272964 124.36608 129.71306
57.75561 39.752434 51.54378
50.831726 54.423847 54.2807
51.681107 52.43515 59.18969
51.311806 51.80407 58.67743
107.33475 160.32866 152.36069
123.19122 160.14828 122.16196
73.22707 130.8424 120.67847
73.17663 130.58331 120.336975
110.86562 116.00249 121.34517
110.61813 115.71348 121.207115
79.50743 125.83694 108.970314
88.50632 166.7928 112.21401
88.48046 166.73106 111.53145
142.04573 150.21593 141.24504
74.85605 148.58945 124.67123
136.16391 140.79488 162.254
135.21324 139.67976 160.91443
140.37923 138.07278 121.122734
140.05128 137.77959 120.637054
122.95342 139.92381 130.70589
165.0673 169.10213 118.34655
82.94565 101.30502 83.841644
83.92833 102.40937 84.598366
101.749214 133.7036 123.93028
124.75791 121.22324 92.81495
145.25557 158.26135 164.09549
139.379 125.01685 120.041794
152.16199 97.834366 83.08929
152.0709 97.25952 82.62813
123.44281 149.84271 118.317055
139.21877 149.31306 133.67291
139.65085 149.89551 133.80756
171.08864 169.61542 159.95197
114.981804 138.34421 123.104225
113.43235 133.35133 113.168655
113.63184 133.54677 113.304184
130.42415 171.95032 151.92944
129.98763 171.58852 151.63477
108.66939 129.38707 87.74332
112.17777 134.8384 129.40604
63.97675 104.90086 70.63108
63.485558 93.56608 69.56512
63.223473 93.27936 69.267334
72.554436 108.46959 75.753815
119.87183 156.70999 89.150154
133.63591 170.87796 99.96231
114.8919 154.96426 94.93113
84.44315 127.74309 97.39677
81.990654 158.84319 123.596565
74.07408 136.14859 131.55547
140.41006 190.7963 189.94821
100.951355 146.69559 121.774155
157.90225 158.38037 109.74895
123.20639 143.83467 100.33624
92.69279 172.38068 97.01245
92.733665 172.4563 97.03336
146.70363 138.29135 122.80093
142.74915 148.41588 98.90289
119.00195 150.70003 105.003944
154.85413 146.65422 106.25994
131.58163 120.98828 99.09783
164.79633 127.30361 114.2848
103.45752 123.792656 101.568375
156.14111 145.72328 106.10852
158.63586 130.52876 112.104805
156.10652 138.7193 103.04627
147.6479 155.78867 113.85233
130.97116 119.12365 95.45292
197.55217 175.7925 136.7971
90.29422 125.07868 85.019806
196.22136 185.36812 136.25331
110.35145 146.33652 117.51283
109.76661 146.0508 117.72639
111.26469 131.58151 149.6718
95.31863 144.62805 153.28017
170.06163 161.68846 186.93216
160.23048 102.22244 133.54933
160.28001 102.01061 133.49835
122.849495 166.6397 163.64618
104.09867 94.557915 91.48146
65.445915 71.616486 74.36298
107.82345 113.08102 130.00781
156.67241 165.69115 180.3297
157.4864 167.31567 183.57079
126.62219 136.46867 154.28004
126.85559 136.7018 154.52179
53.62143 59.54497 76.95629
66.78112 75.39749 87.7234
66.80154 75.41646 87.69057
145.84877 150.46342 167.99582
45.483757 54.92833 55.683826
45.59132 55.05068 55.83816
139.13664 147.43779 166.45209
138.92358 147.22397 166.55331
100.92136 111.245155 129.32333
86.691345 148.94295 174.5984
106.05076 109.51846 78.9625
160.4176 153.0724 131.74443
160.87926 153.02153 131.7876
177.09637 157.32394 127.84107
90.14824 33.700912 21.6713
40.30395 35.199764 23.985826
40.217613 35.085304 23.974566
138.88976 120.17766 109.007164
141.00728 123.931816 112.18008
129.56049 185.75044 121.028694
108.11342 80.36248 61.203556
114.83831 98.73623 90.53589
41.18314 37.87585 31.941431
41.259827 37.89868 32.002567
16.09538 25.95526 31.282618
30.76921 46.3942 58.010918
24.174519 33.538227 59.24343
14.372673 37.902744 60.0791
71.02773 61.651154 60.945644
71.68762 62.21949 61.25967
12.159235 22.382095 33.402435
41.19425 27.706772 23.034359
41.359188 28.145178 23.245575
31.2378 47.557457 49.57841
21.352755 33.03543 31.751589
15.271968 31.192446 22.04386
26.523136 32.58768 30.118326
26.509691 32.552746 30.11821
117.474106 105.3387 84.63411
5.377308 10.037654 16.862713
5.3908296 10.065196 16.920248
59.80196 56.665634 33.46135
73.90791 76.67942 43.60216
16.135563 26.573355 27.00291
47.72646 48.32483 57.03815
41.906536 45.6813 29.10557
49.139317 52.755726 33.910404
109.023445 123.768486 82.6464
52.263885 74.298325 43.28844
37.19934 50.031105 39.31847
37.36095 50.20206 39.419598
61.61783 69.54114 73.30399
112.41991 129.25826 67.792305
112.37853 129.34973 67.90247
90.8852 133.08496 62.033516
38.13246 55.162643 62.4869
38.179806 55.300045 62.74726
12.127787 21.967134 19.748487
39.122463 33.99345 27.07914
68.94768 62.08297 45.17379
70.685745 78.13514 73.86792
70.44327 77.88428 73.622345
35.601242 32.521374 29.733547
42.764076 42.28415 53.210297
13.482878 31.813644 74.57469
13.491036 31.82912 74.624954
2.5933502 5.838773 8.550601
86.680954 109.49778 128.23814
53.1325 91.07404 133.16257
22.908144 33.100704 49.29181
22.929327 33.119053 49.341644
10.992071 16.305101 35.3205
12.58454 19.05064 46.753044
12.588524 19.073317 46.780663
14.432391 26.345745 57.619896
117.86608 130.90036 119.95189
195.77692 192.82881 190.33992
196.26936 193.32947 190.84329
56.534744 56.016777 72.5835
10.827089 16.273846 26.670076
15.495289 24.171186 28.200298
69.63204 78.40274 67.54696
69.57795 78.34731 67.47736
60.57638 58.411858 76.19612
84.23286 89.02026 83.30261
84.13445 88.9594 83.227646
81.825096 75.18241 70.599365
100.94338 84.756 77.74343
101.823875 85.699455 78.304794
37.05248 40.17471 40.769096
95.18122 106.0506 98.99004
25.995863 37.022717 39.38784
68.85486 75.400215 69.918526
117.46442 111.81123 99.44882
117.54528 111.88589 99.54064
33.631233 36.12093 37.86099
39.466827 42.614227 39.808205
39.83387 42.76921 39.893204
48.233128 55.73094 49.819736
25.341301 28.377958 29.687428
25.490807 28.443844 29.769976
58.569447 42.752815 33.53689
27.874166 35.226116 33.101738
49.42772 52.206886 52.797825
16.177355 22.542633 15.467211
29.214165 30.533747 34.77618
29.135256 30.52869 34.87769
44.44411 46.972496 37.461044
44.15939 46.763504 37.274498
41.578335 37.989197 32.839577
20.335249 21.261818 21.795372
20.185858 21.12139 21.743124
59.332222 48.59274 54.963955
32.280014 32.105568 26.94664
31.339348 31.28752 26.609745
74.845055 62.667088 51.684517
12.895235 19.38945 24.659082
161.89777 155.52554 100.225006
41.38133 40.297478 39.758522
40.10262 40.00835 39.57573
52.72336 70.55865 68.26013
52.715122 70.532524 68.20042
208.98909 137.00352 66.50345
40.89213 44.126984 42.335785
22.197617 35.3115 36.23167
41.56968 34.493412 36.42155
58.50904 43.94622 48.345398
58.49364 43.858654 48.202442
28.402054 30.385927 31.881905
79.1844 84.06206 92.638855
45.699455 39.40098 40.61959
39.6361 42.16341 41.51693
70.24412 83.59067 78.80146
94.83931 92.13851 61.869034
34.961964 38.96656 37.25749
37.897034 35.31805 32.528843
104.332794 92.339615 71.36264
42.04543 46.5565 46.889183
73.6795 32.790737 45.380295
73.293724 32.650196 45.228607
207.80836 161.55927 134.59074
75.18609 74.46794 67.784645
124.77695 125.10634 137.80733
55.969357 47.70118 47.39991
76.49939 62.179653 68.36704
76.836395 62.299202 68.55803
69.82085 62.266068 58.089596
69.613266 62.078793 57.9684
40.913467 54.462154 49.955948
184.43665 216.45113 204.76343
183.25945 215.61124 204.63016
77.84264 88.53616 80.926796
89.91462 97.68111 96.14916
46.6451 55.268826 58.981575
68.16778 73.749596 78.51911
67.43216 73.8667 75.01314
68.20673 74.46008 75.6798
33.95392 20.061634 22.232628
145.5354 136.33444 109.06726
145.28902 136.18694 109.02934
96.658775 90.799545 76.85356
111.93642 63.973377 76.533554
60.429825 50.17195 57.566727
50.198383 49.03103 49.64801
50.120625 49.04432 49.5963
81.82016 86.29426 85.294106
55.754116 65.73473 60.397877
49.922813 74.512146 66.46372
97.41354 45.694553 54.15579
98.965256 46.20007 54.837776
12.027005 22.42768 34.81774
25.988163 32.722248 84.084236
16.268866 22.054508 24.575884
16.24975 21.999617 24.5565
34.754807 49.426414 30.817896
34.73462 49.389412 30.807669
4.097372 6.6266375 14.836513
38.988853 52.050102 59.22872
85.45733 117.043594 202.67824
45.84421 58.14311 62.596684
79.494026 103.45805 115.023445
28.679153 42.718227 49.033863
75.51946 95.06347 83.903046
56.893394 73.197845 80.77947
56.920364 73.18122 80.7586
70.60396 93.99253 143.57573
71.73286 95.99885 145.63908
57.335247 91.069984 116.98046
57.61434 96.426834 126.08875
58.317513 97.23439 126.82851
46.405617 76.77607 118.68103
25.14598 32.17015 43.93488
54.772083 72.51031 87.58511
13.952999 23.62997 42.30809
13.776603 23.406382 41.946487
18.68103 28.75883 43.057804
201.86252 194.51831 127.36264
29.620356 38.567112 42.84609
43.235233 53.43515 61.416878
49.468742 65.18099 68.8387
49.849113 65.60427 69.14522
32.32617 40.563587 44.65146
32.32985 40.574234 44.667202
63.674633 54.380524 67.3924
63.37547 54.6582 67.86149
39.514404 49.695087 50.60258
39.02601 48.920937 62.238182
24.937294 25.274956 33.73332
24.753468 25.278595 33.709682
116.58799 123.95955 202.21486
20.019613 29.049988 49.31502
19.720716 28.827358 49.120087
80.95637 86.01854 114.9091
1.0003448 3.0003448 2.0003064
29.160461 41.070328 93.33628
52.3246 65.651726 105.67969
52.336243 65.66111 105.72903
58.27193 63.524937 84.29729
50.128475 66.31349 110.13767
166.8654 94.70946 125.206276
49.470276 39.319813 57.33295
49.695168 39.62024 57.94917
21.547768 30.78388 52.076305
85.0912 88.629585 114.46679
62.347927 26.550678 36.909676
20.197771 24.098598 22.727457
37.201603 38.83299 33.099174
105.35287 118.05439 118.67908
105.40213 118.15832 118.76798
13.833257 32.196392 57.438904
57.569637 60.967785 86.70049
57.444572 60.84785 86.56765
28.025894 60.359802 63.93086
59.428368 60.471195 51.351337
59.4214 60.500076 51.282158
67.509766 100.73608 154.73091
31.65797 66.240364 85.73232
95.14012 135.52156 191.01108
46.12235 76.07374 80.98066
32.220333 49.127632 58.501762
48.94503 67.42163 125.06646
33.856968 48.46181 56.65376
49.814716 78.70152 58.4096
52.537155 87.34195 52.876007
65.96235 82.675285 72.169426
132.19987 134.16728 136.5703
177.59117 185.22424 181.75952
95.86107 158.38159 111.52486
75.65303 105.13982 95.09209
153.05397 182.12843 146.87018
153.47165 182.17888 147.0261
107.19172 85.56297 75.16525
118.15269 107.7596 82.946106
119.36452 108.533936 114.04344
107.23715 170.39255 108.07512
123.26224 129.71106 129.50896
138.5087 181.46465 134.32135
138.80185 180.83081 134.6454
141.38988 136.66165 149.66794
103.16448 100.27365 104.317245
157.18367 135.82648 98.90416
156.1056 135.13208 98.84172
1.0 3.0 2.0
19.504942 30.006166 29.389221
19.539455 30.08814 29.458746
78.359764 115.31717 80.98502
90.474106 148.50249 108.45174
87.34758 97.48652 91.77913
72.225845 94.29514 86.18184
65.783035 76.13989 88.759094
65.33234 75.39531 88.054855
62.023365 79.11906 79.72696
63.94986 74.0072 72.85597
57.743507 55.731785 50.73347
56.612312 54.642956 51.213398
105.248024 132.51138 208.4345
105.297516 132.66777 208.82816
74.944725 72.19517 61.93718
77.86674 74.82877 56.59044
77.78633 74.71983 56.49203
75.555504 71.86007 66.37811
79.1202 85.052864 68.59163
79.06367 84.95856 68.495865
16.916456 19.762161 40.64537
16.968092 19.80338 40.734276
25.236996 25.4643 22.603119
170.95438 143.10576 58.938366
143.121 187.57147 179.53946
100.19976 155.323 83.04424
