0.12173913 0.12173913 0.12173913
0.12173913 0.12173913 0.12173913
37.146294 42.83409 40.19858
37.392376 43.094463 40.3787
26.64049 30.27604 52.584946
39.94005 34.602222 87.76932
59.39958 60.946255 62.811108
120.328865 154.58568 154.33441
80.2804 110.81088 106.83731
84.81203 145.57881 80.6906
130.81357 172.51941 143.49304
90.8521 154.08745 196.66699
70.90722 118.03685 94.08228
67.189964 117.1738 74.19483
108.67864 148.76285 118.280945
93.078186 135.65079 133.99652
87.55843 98.92496 94.22651
130.34929 148.24834 139.95985
125.758934 144.31815 133.94519
108.09703 139.57825 207.77985
91.26627 114.73744 138.48994
92.2126 100.69703 115.15395
82.76322 88.42532 99.81701
73.45647 106.87298 118.69879
128.15054 126.12534 125.01977
51.664433 52.096264 55.195213
106.92469 102.477646 97.70944
186.89117 181.9199 177.78096
6.6184254 14.6261635 15.874315
39.979736 77.68152 120.97671
32.69389 41.232677 44.914
46.693275 77.3086 87.94189
76.30787 80.70442 69.45236
28.405937 36.978855 42.38556
30.620955 38.891438 40.20498
19.481287 29.840836 32.788315
221.4604 228.73671 233.1466
63.66903 111.18043 114.391075
122.04263 140.7772 131.68225
136.77751 163.93454 104.78096
105.33266 123.39257 113.01249
122.54059 140.6683 130.60605
90.79372 122.81965 115.62314
120.72465 143.35867 134.59322
27.059683 54.773224 45.812717
41.36763 54.14097 42.657997
44.643898 91.96717 52.025013
89.16348 104.097534 97.854675
88.86474 103.76208 97.52017
84.25873 100.569664 136.93713
46.36265 66.23329 144.05298
24.119938 43.043594 62.063206
24.131622 43.03953 62.22402
6.6031413 17.276613 29.906033
16.917105 27.7905 51.381535
21.61762 30.477074 45.00092
21.553495 29.76901 48.97782
32.067917 37.49366 49.594177
32.1186 37.49707 49.50588
29.661367 36.24099 50.914383
62.263626 65.88381 77.469604
62.634975 66.27179 77.88569
42.977745 48.082745 59.08979
42.954605 48.0624 59.06742
47.330513 52.03141 54.062786
28.259644 37.16445 56.658302
44.69642 74.27991 120.632675
51.47133 60.82084 75.4575
51.187626 70.06995 113.86593
236.9389 244.68248 249.35599
74.21877 101.75759 127.81184
79.07558 103.6406 137.4609
78.518295 103.04187 136.77686
83.18219 102.77215 169.55736
83.42586 103.19835 169.7191
32.38774 46.42375 66.69849
54.029995 52.513504 54.756714
63.053093 69.096306 88.51339
14.741658 18.978012 41.447464
47.965675 22.924038 78.00203
97.52243 82.71549 132.06133
85.56514 86.41854 100.47152
85.85968 86.04187 99.602646
16.016663 25.873856 55.344265
27.553343 40.73189 54.748325
96.77855 85.723885 42.34147
66.57503 70.749855 91.86742
176.30692 105.519745 84.46665
239.86952 226.2611 232.1446
239.15656 225.44765 231.63405
56.199963 74.20954 103.77525
56.588085 74.36204 103.758286
13.34683 23.911205 36.96154
94.41337 101.46125 110.355064
84.461555 88.56395 78.2462
108.71737 109.91197 167.2002
67.7784 135.16449 141.51703
67.61452 134.69197 141.05214
48.336678 82.08121 59.77533
149.03114 129.3061 115.715454
103.744835 165.12006 73.680824
132.58865 130.64256 93.9453
153.03873 122.174484 88.01199
79.336525 107.871864 83.899216
148.68913 106.64723 76.92243
133.02156 112.59184 84.850334
88.71776 114.62103 85.06903
89.63233 101.24689 85.03402
89.563034 101.092705 85.04769
74.108215 116.30718 103.38939
77.250946 99.87378 76.34966
137.44868 150.35614 111.010994
40.817467 67.520325 58.967133
147.46375 101.280716 90.28301
92.73882 117.015785 115.29776
132.89957 76.19855 69.561005
132.57239 76.208046 69.803406
116.97058 118.448685 118.46688
119.52641 123.91753 105.509254
151.5884 137.70361 118.06562
188.10263 135.93231 111.42153
141.53212 141.65956 115.68236
120.70258 126.22835 95.68872
101.00425 113.24884 147.88669
70.29784 83.712776 191.55365
69.133194 82.57985 191.18196
77.91109 84.2041 76.04172
148.42563 132.83179 85.072014
95.111244 84.70431 76.5792
69.97005 62.29577 55.827965
70.24425 62.438038 55.83731
140.58203 128.3086 112.76832
161.69125 149.63945 133.14848
115.42716 105.444244 102.647194
93.13216 91.63218 143.1348
128.07532 143.95602 136.02988
127.99088 143.52733 135.34904
119.756294 109.86386 110.37426
113.42222 118.20521 116.58989
113.53836 118.236046 116.64049
68.47853 81.18062 136.90497
61.699944 48.37142 33.86669
22.582954 25.274124 22.197126
15.953151 20.244513 18.447386
15.873702 20.165178 18.393526
76.10339 40.268913 23.389275
76.347404 40.329323 23.4154
14.133537 24.77196 42.05838
11.877227 14.678069 10.439916
70.585556 116.80444 156.99536
56.3317 77.63777 70.53944
131.68742 139.45168 118.53507
86.373184 118.478874 112.82835
86.61977 118.855354 113.21946
79.98567 104.19334 92.51641
56.05478 98.99119 80.311745
58.21329 108.88657 94.7063
96.90251 88.25497 73.0565
97.26884 88.60621 73.42796
154.04922 163.826 165.09305
79.28596 118.060905 100.13909
157.0945 124.39743 64.49772
139.02034 115.415855 55.399273
74.29871 70.9322 35.15047
84.13266 76.1222 56.103657
84.08152 82.92431 27.779926
83.834206 82.42616 27.552116
149.9795 150.18108 96.18445
75.747826 69.27543 33.986057
75.535034 69.23087 34.55966
87.89554 84.19088 63.01973
101.60574 82.00184 41.42823
101.166176 81.47719 41.202873
99.466805 90.054245 62.763187
94.541885 87.05991 57.801266
164.54962 121.94028 88.213066
77.0026 89.90052 51.043594
119.98425 109.370926 79.37671
39.920856 55.607162 52.821377
39.960197 55.640106 52.847195
43.132885 39.154034 47.370617
51.76629 61.50109 87.14453
106.15388 88.05309 58.43559
117.654434 77.913 50.74212
76.795364 39.591152 26.469603
76.73465 39.417545 26.338785
46.38054 72.45888 70.21364
126.48232 140.69727 159.25658
147.05301 153.30515 142.117
44.962727 54.080982 57.59682
45.655853 58.000576 73.39904
84.15997 86.34867 60.407047
35.48255 42.777782 56.76836
19.58529 37.66033 51.712048
19.605745 37.70201 51.880215
36.02609 59.063744 70.55687
67.0719 87.7363 102.72151
67.04382 87.76974 102.84363
78.70163 89.721436 59.74706
78.91653 89.98437 59.93871
87.73787 101.94848 90.587395
38.996017 51.637886 55.97935
56.09638 56.039722 37.15399
52.5928 76.59334 68.38368
34.10251 49.575138 48.485462
66.70753 100.89366 101.23157
88.00559 91.35932 88.947945
29.929821 47.93503 74.24076
40.17399 63.25202 91.21471
86.92477 58.767708 44.999004
86.60996 58.610764 44.909176
198.14326 208.34554 172.2519
56.237194 58.59686 53.982456
56.416435 58.6968 53.81766
36.790348 42.763878 31.715227
64.85432 62.80414 46.40096
65.56403 57.91082 47.87692
65.404785 57.767746 47.750393
69.485886 57.303276 47.73779
40.140358 49.285923 51.51335
40.260143 49.290367 51.625397
13.051714 23.362383 40.56127
18.010113 25.193642 28.021452
12.222218 28.640413 51.37901
15.197472 30.473358 50.913082
15.207891 30.495575 50.95296
36.23754 46.598392 51.71454
17.3394 32.488758 57.182877
41.62011 35.571613 40.447464
29.534801 43.861942 65.067
12.235127 24.939283 44.50527
4.606359 11.48462 20.277187
4.6188087 11.486765 20.259567
18.817085 38.271214 52.999195
30.972342 41.225243 49.72994
228.12761 224.66602 219.57735
38.170773 46.576786 58.20364
38.35564 46.744648 58.3887
21.732006 35.43796 46.707565
224.55939 143.51064 128.37395
221.077 155.1774 146.6316
176.38338 145.6362 115.81161
20.767286 34.93193 36.169853
110.262596 137.72902 127.89473
110.45984 137.99919 127.93358
156.00763 137.60298 118.71147
156.22682 137.67175 118.81413
30.380463 39.889484 53.02333
125.13013 129.64926 119.03317
125.07815 129.4837 118.81636
162.53108 172.51424 144.7456
24.36315 38.355907 43.011456
148.7656 146.77261 123.06558
173.55928 122.39111 89.740776
214.69359 227.13116 217.06757
171.2937 168.58842 139.55713
22.194523 37.73982 43.828808
25.988546 37.99004 50.099827
26.034744 37.97717 50.20785
38.624134 47.841564 48.838078
39.064663 48.25095 49.141926
65.343956 72.16671 73.85784
170.56947 164.98663 160.97093
79.771996 89.37563 104.10247
79.83999 89.48634 104.30749
152.3586 156.67274 154.92224
152.70795 156.95204 155.08298
19.768091 31.181498 39.229996
36.03306 50.282246 54.65198
28.04095 38.43168 48.37901
30.817812 47.02302 85.82869
30.845125 47.050297 85.86815
54.76928 64.15418 103.53595
21.435587 27.847807 48.8321
56.021297 54.11381 75.20383
30.90883 45.217278 84.906
34.348324 52.442787 83.97778
34.83716 48.736298 78.72553
34.904694 48.770542 78.679565
25.151962 36.537636 66.66236
25.146294 36.558666 66.87638
40.529095 55.176746 87.038536
10.20747 23.963608 52.603947
9.770734 23.646849 44.589005
9.338556 15.92262 39.36238
9.283969 15.836659 39.169086
26.122353 27.53235 70.28309
11.8044815 21.979277 32.79073
11.766941 21.917105 32.736027
17.90224 23.092932 34.633442
41.571423 62.103313 117.39441
41.573414 62.129402 117.334
22.31109 28.71358 43.001186
58.06857 72.44781 117.95127
52.623596 59.50178 76.79077
26.774641 32.935875 56.7579
53.398544 53.139515 88.79019
146.65071 124.67551 71.691246
16.125149 22.689907 34.05876
32.940205 32.510056 58.090633
27.182264 32.623558 46.41923
40.288605 44.68895 58.599426
25.789734 30.62896 47.51312
21.353802 26.929018 44.614708
21.61697 29.045202 48.1104
21.534916 28.968245 48.03597
51.3638 66.8611 95.48393
39.476612 43.835052 63.457996
54.163303 53.50274 72.4621
179.82072 192.51814 157.05344
31.869947 52.299023 84.565674
121.6598 172.28871 195.0927
169.66777 194.24263 218.1142
106.84781 151.81 176.67622
79.6457 63.156445 85.71025
67.61241 100.65834 143.21727
64.86497 90.89504 126.330666
77.89332 85.70071 114.22528
77.43111 85.23785 113.6634
85.30661 88.483086 95.57518
80.09803 102.937065 121.585785
79.71397 102.442825 120.99422
90.59452 68.17092 153.34435
84.71596 99.15296 148.5987
104.2765 105.61501 123.543495
102.8018 120.154144 176.59406
109.02961 182.37544 216.04681
108.534 181.59383 215.35774
107.438385 86.321396 152.87906
53.50814 47.78372 111.71408
65.877304 53.509518 116.528786
80.90251 72.69665 85.20027
81.11427 72.8113 85.34886
47.415554 48.67627 62.87286
26.742962 35.645317 42.890865
26.748707 35.673664 42.864048
93.80173 88.087494 137.72826
33.16016 37.825626 53.652214
99.65673 126.11055 180.81693
99.48117 126.135796 180.72427
102.01333 92.7964 110.761734
113.42279 88.965675 98.521545
113.61992 89.07792 98.638
96.74369 140.94664 162.05176
104.00421 90.13078 100.1153
72.81866 88.05884 150.21146
72.73971 87.9253 150.17253
153.28864 143.25429 164.92844
205.11136 196.95319 177.18265
50.398354 54.951466 64.52251
50.11768 54.94273 64.55299
121.87865 108.85501 169.23497
59.420956 75.87619 104.37326
60.219803 76.83092 106.03969
101.39805 102.20437 113.36192
58.64547 56.240337 68.95051
59.25007 56.76422 69.45225
227.3237 213.70312 164.15729
170.78908 141.75456 121.365486
170.83965 141.46106 120.66401
71.347824 84.780655 98.24823
167.10684 144.28845 119.98755
168.5199 145.09259 120.26057
174.83853 161.26788 121.21548
49.298717 50.471134 56.451828
174.76648 205.74878 226.89369
127.88711 147.33372 190.14288
148.9631 134.69164 165.18016
87.09504 65.038 106.44267
86.09818 64.25497 105.4026
96.644516 107.56468 152.78583
79.20249 83.49309 98.4919
40.55771 40.104733 58.77016
83.10696 71.0845 91.88554
83.50902 71.350204 91.833405
165.94847 150.84041 134.84619
91.81157 79.72093 104.14518
92.47455 80.23011 104.0218
88.725075 95.25367 117.869644
67.78533 75.187706 89.29359
67.89113 75.12135 89.25815
75.259834 86.57928 93.44616
65.37142 87.01115 131.45969
32.50676 32.505497 51.83624
186.38356 182.05412 147.13028
94.348595 96.92369 134.05934
90.50393 99.79652 128.44179
125.40241 132.74426 135.45056
35.690365 54.957172 96.8136
42.272324 49.024822 64.7661
42.360542 49.138786 64.89822
134.55139 127.85018 131.46524
133.1428 126.35032 130.29684
164.63554 184.72481 198.71768
151.72836 147.49918 178.72208
154.313 195.02287 229.53113
124.73128 121.81881 124.41996
124.48412 121.258606 123.49427
119.89048 131.29454 202.65938
129.19112 123.37732 124.17679
128.60245 122.26213 122.561195
126.820496 119.77395 110.4272
61.685387 87.418465 88.14675
98.92136 114.92848 138.31262
58.759357 70.952 71.55304
99.68887 140.55238 173.17093
99.94204 140.49867 173.01984
117.06041 118.58766 137.44041
140.47838 130.17448 117.496574
70.37483 110.83547 125.31802
79.761696 95.87022 105.18866
79.63616 95.763306 105.136604
32.96403 23.844896 18.210995
61.731506 42.132885 24.189236
61.806744 42.18207 24.262249
98.52331 128.17004 114.66363
99.227776 128.93407 115.28703
53.246235 76.88983 80.39468
91.30415 63.843708 42.40988
95.679985 66.173035 44.442596
96.91868 62.47807 40.707375
91.074165 122.50611 160.03769
23.982992 35.34116 42.962917
24.059414 35.5566 43.43187
83.95384 97.44164 178.47942
84.59969 98.04367 178.71089
144.88435 203.97816 150.20563
