0.17073171 0.17073171 0.17073171
0.17073171 0.17073171 0.17073171
92.5414 86.62784 99.74604
0.17073171 0.17073171 0.17073171
43.685707 19.321245 30.533484
92.50449 106.96802 79.71957
12.241603 8.969459 5.1259627
73.30814 28.232777 20.973684
73.104195 28.04616 20.908804
58.571407 31.633879 39.831944
58.571407 31.633879 39.831944
84.03782 43.107883 48.163296
85.26583 31.025352 41.438812
94.29274 28.328037 26.463896
35.534927 25.022411 24.137676
35.561672 25.030167 24.196085
53.771664 26.348095 41.78418
63.949455 28.741282 49.098362
88.26011 32.44084 51.15864
88.25364 32.48497 51.202877
95.44999 38.661373 49.20154
142.19283 131.81424 128.78706
74.15351 87.16902 60.676617
109.404526 148.04765 136.7976
110.898964 106.836754 101.22737
150.92468 119.01284 107.78027
115.522896 130.84772 127.647354
80.98673 81.70855 91.87377
112.61521 100.030914 105.09205
97.73213 125.75268 130.90474
114.90602 146.42876 156.81407
92.55236 92.48128 84.35446
121.82424 110.25556 134.24855
124.09933 111.45288 120.41025
89.8098 81.59141 106.45807
89.67121 81.08863 106.578255
58.981815 43.487804 58.46438
86.69207 94.66153 95.50021
82.571884 92.503 93.17228
91.0353 97.6212 119.62286
91.0353 97.6212 119.62286
44.739838 43.58039 78.40415
132.51915 86.82948 102.47234
83.44293 79.93603 92.94619
74.26203 71.01899 93.366066
119.54761 127.78819 129.23384
105.70475 108.278564 116.726036
154.18832 148.68796 155.56136
147.16153 154.22829 158.1181
147.82306 161.4601 164.85548
116.25096 75.888374 64.71406
55.983044 70.142815 74.377785
128.5981 58.39955 55.79413
101.09794 60.108902 54.46748
116.59729 63.861256 54.079643
62.328197 53.74893 49.502995
83.01327 68.8773 64.089005
75.42196 59.795143 61.03386
110.76931 62.71962 62.6327
137.23491 73.539154 65.92105
53.44309 37.330765 36.30616
80.34264 55.30723 53.88008
48.043484 52.035248 48.385536
40.88206 42.467533 39.5621
82.15597 51.426403 46.443035
82.15597 51.426403 46.443035
97.36644 71.42298 60.807766
86.29504 68.36254 58.126553
85.70143 67.966835 57.945602
134.88467 78.20363 66.77605
135.46005 78.53851 67.11377
99.39559 62.670677 61.5951
58.313114 40.116817 42.14463
4.9571567 12.222133 25.264227
32.463734 35.82317 47.09136
52.528614 54.77637 68.2109
33.725876 32.78573 43.015724
33.279205 65.51974 70.05145
33.26872 65.46555 70.00792
31.48112 38.01653 41.24294
43.729996 57.19678 69.32007
38.98604 66.81552 69.63607
48.673943 63.212505 74.22417
68.15758 40.12179 32.756847
14.847079 36.44111 41.856224
16.402653 38.59922 37.004013
22.818089 35.099327 37.349915
22.777012 35.011555 37.25797
45.580284 60.763424 75.216835
45.69373 60.851196 75.331726
26.20186 32.587666 36.825737
16.935923 38.065468 39.79605
16.903563 37.956303 39.69999
31.181002 39.565254 38.51872
31.186243 39.604782 38.486576
15.6162815 30.27209 39.592213
33.572475 39.24444 54.022198
37.47855 39.064774 36.30274
41.51781 45.614143 49.51161
34.449295 37.4969 42.099113
34.524498 37.46058 41.83221
33.521717 40.968014 42.28172
46.023964 50.713898 55.497326
98.3168 61.70999 101.90153
98.32723 61.697742 101.775246
133.09093 70.63447 85.47978
33.351467 32.394417 65.9103
33.288082 32.357456 65.81531
77.17988 44.244545 65.191216
135.28471 64.84826 88.0506
139.56804 76.44833 102.02573
145.09312 74.08954 90.0713
108.354996 63.49235 81.259094
164.81236 78.69619 113.98561
138.4578 72.76958 85.684746
82.812904 47.937687 62.173565
72.28953 55.67897 63.10831
130.99626 81.67196 90.02423
119.435814 76.92774 77.46117
128.00941 92.59826 102.83579
83.79873 46.309 55.89982
129.17052 81.70598 94.52252
118.25861 80.104034 103.34933
138.40858 89.047714 98.10869
94.37955 71.118744 97.793594
156.01283 96.05868 109.93464
101.441216 69.339645 80.23518
96.76391 62.369972 70.04054
91.29076 59.63821 67.339806
100.09499 153.85419 145.44176
105.39982 206.76215 196.29189
113.35339 125.813705 129.30739
96.59617 73.65666 68.878105
123.56948 107.110664 82.36665
106.835365 100.56424 92.41249
106.97234 101.71218 93.4647
97.53841 70.874626 69.97138
129.83365 30.318518 36.28664
13.0027275 22.203413 26.17624
61.049316 40.71031 38.687366
123.938866 97.130936 80.02295
126.5989 99.28097 88.268616
127.430626 99.7953 88.78263
53.76471 23.281933 29.695978
92.78086 165.63982 159.04654
126.63281 98.62324 96.76048
107.49203 117.2324 114.31033
96.67346 77.17629 73.79263
92.7914 111.861626 110.783325
127.7185 113.36665 100.46839
127.7185 113.36665 100.46839
127.44817 139.80376 129.18245
111.94239 175.59232 167.69598
111.36869 127.58382 125.82226
95.65517 133.37148 139.58232
127.68105 193.56787 173.3021
127.73406 193.73427 173.4693
80.50305 67.910194 67.23251
80.47058 67.91565 67.285835
55.645912 124.378586 119.57103
119.10098 120.09457 118.5913
98.619705 100.58638 100.01867
98.51343 99.511444 99.246574
86.24888 65.783325 66.42736
96.39848 107.75305 109.19999
96.02466 106.58162 108.310814
146.52107 90.42833 66.328255
146.70572 90.49219 66.55145
93.0614 96.758934 99.28011
88.04932 131.50632 115.763
88.57568 132.09056 116.2309
95.85569 119.97609 111.87136
163.82295 104.939026 75.471756
120.55333 168.99272 147.03648
66.01166 68.96898 59.704056
125.37104 88.86072 81.850555
144.12816 115.67169 90.54825
130.72626 91.5329 74.563866
126.24968 101.16763 87.544716
126.343285 101.49294 87.85478
122.471596 118.731224 113.62045
100.86553 83.783005 112.151794
100.80996 83.77338 112.09007
65.18769 82.69132 79.95967
25.850502 19.092106 31.353926
25.89463 19.09296 31.354086
94.69715 102.98337 116.43357
56.429237 53.490852 61.30306
48.13142 54.01797 72.90838
48.151478 54.062206 72.96042
66.47411 70.1258 78.611145
66.13051 69.7929 78.360825
45.239784 51.465073 54.615585
81.28953 79.183945 74.95052
89.44143 87.878 79.94839
89.3727 87.64404 79.78359
77.50679 73.33991 80.53418
77.06023 73.11221 80.33842
46.88463 47.489197 47.843872
48.909927 49.46133 49.909447
49.026207 49.630028 49.922497
81.17908 127.430145 130.24562
75.52615 109.59307 114.81028
75.4808 109.03477 114.40495
71.54733 131.28493 119.691
62.340927 52.288563 56.285835
62.525085 52.477 56.381527
79.00679 68.733315 59.818356
65.90923 63.166615 61.433247
53.317127 54.426937 57.042736
58.52594 52.47406 51.711758
58.258236 52.12826 51.51669
65.01551 62.62778 62.852375
67.99872 47.35446 45.00428
60.110878 67.709564 54.864197
60.036854 67.59366 54.746147
52.567448 48.56488 54.076916
43.48866 67.53423 65.3858
68.85965 105.64838 130.06708
68.867836 106.04926 130.5597
69.56841 98.31055 89.73957
75.57986 100.26471 91.24401
73.54546 101.970314 90.90581
81.86692 141.70331 118.4003
54.181965 75.41458 63.7638
69.32392 71.99069 63.851196
93.0369 90.658646 75.63634
56.42223 59.32515 59.890083
96.160995 86.3128 87.514336
80.434425 104.470634 83.96726
63.30846 69.5399 71.68715
53.699295 66.28626 60.78086
70.49176 81.01792 69.10976
89.589325 91.95502 84.024445
75.1411 73.26412 82.21288
35.829643 44.593548 48.148533
53.147625 64.12907 62.528614
69.21999 73.068306 81.953735
81.80964 79.72449 78.89008
75.09398 90.93683 85.93592
67.61671 69.11109 73.42908
61.855637 67.25433 65.72342
73.70416 58.68036 78.65693
103.863396 91.27926 101.75171
95.40351 84.0927 98.78803
79.65746 100.41704 87.17421
98.43298 147.9418 133.1643
74.18341 72.076004 84.79354
60.104248 63.055466 48.535835
19.835526 28.619545 33.024765
92.12944 80.92266 83.94587
74.50005 86.72529 78.27503
87.272736 90.70614 85.24743
87.78386 91.0491 85.589966
58.657146 54.83697 48.340073
86.50663 65.42244 59.89741
87.20705 102.736145 87.19293
87.48936 103.15431 87.48117
77.62388 109.458496 123.04253
94.44844 97.4701 97.61676
94.573814 126.713844 146.54498
93.892975 113.51615 131.51546
101.67341 120.281235 154.9386
79.233635 85.36404 90.34194
79.36933 85.923035 90.89356
74.79129 73.59157 73.72973
68.84649 67.67416 61.1066
62.528027 53.39757 48.663834
84.07119 79.677414 87.401634
114.0836 117.58627 111.38238
68.533325 70.69972 74.53017
88.64538 71.34494 58.73577
83.61168 80.05381 90.819374
83.7093 80.09633 90.95411
77.2952 87.825096 77.74396
76.979195 87.53182 77.56884
97.87254 125.395805 123.81515
97.8904 125.78482 124.06429
71.59954 82.43132 78.546425
71.313545 82.25449 78.354675
55.098793 69.772575 59.436405
48.695442 46.857563 44.765884
80.061615 63.85382 49.516315
75.53049 64.825096 58.58253
75.23273 64.5997 58.55183
100.06579 69.454216 64.10409
83.16736 58.80493 55.46422
70.62724 65.62024 53.712025
69.282524 126.02354 125.21582
87.09178 73.51615 70.45127
95.53862 75.41378 72.125534
109.3635 82.880455 70.23743
67.5529 117.171104 94.856705
123.34954 83.83542 68.28027
118.18956 99.28118 101.74149
93.89655 105.13827 100.95555
113.46149 108.434265 97.91362
116.015724 99.22716 111.55798
101.08858 183.6557 174.4148
59.929398 64.88559 70.20694
110.201324 98.434105 92.26289
85.03878 121.23208 122.363075
63.60339 57.578896 57.821243
84.09403 104.016685 98.97662
84.10906 103.8812 98.88281
137.00711 100.55804 91.28413
78.58135 83.035515 87.578896
111.61302 80.937096 78.81044
119.990425 80.01016 77.24797
67.2799 73.79584 77.89661
64.89447 78.43999 66.34906
40.172443 39.66897 58.54247
73.99829 69.96502 65.98053
58.43854 65.55552 69.52674
71.0744 88.25385 85.78514
107.53766 99.60216 103.15693
45.991283 69.36318 90.82643
31.56103 53.288563 70.85853
85.46315 85.69031 90.31916
0.17073171 0.17073171 0.17073171
24.12115 40.067448 77.7086
83.06264 81.70106 82.81017
55.464645 63.188972 66.25636
97.23625 141.90997 138.83456
94.426025 131.30338 127.759575
75.214645 66.20239 64.544235
75.08414 66.483315 64.647194
53.583385 62.073383 54.51599
32.466465 37.158108 35.9985
41.824936 47.572956 44.68266
72.121254 70.69015 78.13115
77.57392 127.0191 134.42577
74.30605 70.05488 57.640083
70.452774 123.8896 131.53247
71.56772 86.74824 85.25048
109.64966 109.11441 111.301025
72.80884 89.05274 103.645164
73.19544 89.30932 103.95042
47.606117 75.96951 112.26733
27.362751 44.689667 73.49754
27.46796 44.89559 73.74128
93.887085 134.74165 183.33723
39.447475 57.317127 94.598045
35.368313 46.47176 70.88543
35.394203 52.2638 81.7377
29.65629 42.489357 75.00867
35.857723 53.53776 77.54108
35.851414 53.53359 77.53407
59.833332 86.63719 116.50808
15.068571 27.528402 48.259415
29.811886 39.62024 65.96802
29.941217 39.954056 66.15746
27.358633 31.902866 49.209404
79.172066 95.4256 93.499146
100.910835 163.85709 152.03049
111.09473 132.11067 129.67699
143.7548 96.19464 67.61639
75.31734 62.82595 58.286533
89.068146 112.08007 111.73476
98.89126 74.15693 89.19148
107.171265 77.53749 79.362
92.04102 153.74936 143.64452
94.04846 81.76327 94.48545
92.47438 152.79364 144.73422
74.725395 80.04338 75.44496
80.3029 124.11928 122.66934
133.90009 110.67501 95.40977
89.42073 61.213898 58.699028
79.74064 64.74165 61.29477
136.01866 100.95839 109.16089
108.628105 72.38516 72.044556
19.626818 18.569855 35.245667
26.196888 33.9026 51.70983
26.243261 34.003853 51.803757
83.40977 125.10548 124.89859
109.748024 192.3535 178.96298
101.10938 148.993 139.41757
38.93512 51.46368 75.882484
18.938223 45.08173 63.53022
6.3935065 19.615105 46.58943
23.488394 43.257435 74.67426
23.529793 34.531826 63.22422
96.77107 151.91234 147.82146
13.40522 38.809746 70.87072
21.54402 51.050278 83.36521
20.814453 44.737377 85.9578
20.738234 44.66148 85.846756
32.906986 73.63206 132.39645
18.645164 38.769203 70.23251
12.178273 32.433353 66.12703
21.932392 58.80627 92.28327
94.45539 86.34029 90.38543
95.985664 84.34007 91.504974
95.79793 84.16351 91.66725
25.161907 43.296696 64.38516
79.01776 97.39431 102.49444
98.07911 73.514336 62.749733
34.51653 57.544502 92.23417
45.18448 80.5453 113.847565
8.098898 26.279364 55.5943
72.022575 41.31782 45.095047
103.44491 67.69839 59.77059
85.02782 66.878265 73.17549
96.59093 88.65517 94.17645
96.24786 88.0315 93.639015
57.158966 120.0176 131.80482
84.774925 175.84906 179.45175
57.286587 57.617085 68.8282
17.10612 39.670837 53.171963
18.547817 25.741869 44.73609
19.02685 45.81996 65.08767
57.974487 68.99171 68.0736
58.181698 69.033806 68.02669
105.40319 106.218124 110.553116
21.436993 47.890244 70.53279
21.144577 47.326595 70.08231
54.158806 38.0652 44.165382
54.097187 37.995773 44.162174
42.899124 32.822582 42.723793
69.6526 44.34098 44.562206
22.084404 38.41517 65.70855
17.87115 35.508236 68.066536
17.941378 35.537655 68.0084
70.49604 56.016315 72.27418
13.964056 32.60783 62.497005
13.691592 30.479193 59.30477
13.720315 30.643454 59.63099
27.743795 59.06552 91.24856
7.716838 18.719566 46.636288
18.910568 44.314026 76.456566
23.183943 51.04659 81.689186
23.165062 50.98347 81.564186
82.58783 58.229034 74.13859
82.36018 58.241066 74.287384
93.24305 53.357723 55.249786
96.95502 76.15383 80.28145
124.521286 64.617294 57.435226
148.97118 102.50091 84.16918
146.45267 78.49797 61.66533
144.6303 76.36724 58.28316
99.326645 62.393883 71.37232
99.10874 62.42025 71.51016
110.758026 64.73781 58.45919
92.87708 51.472027 48.774498
118.56825 126.2608 118.588524
100.14832 121.18999 125.6948
102.514656 80.97417 81.68753
124.63703 136.13516 134.35286
59.012783 51.731117 45.877407
84.71545 69.43913 56.739624
45.447155 46.761288 39.648586
67.97962 64.78942 56.649178
73.12468 67.96999 55.503315
1.9913886 1.7306911 1.0852054
6.8033805 5.8226357 3.3460097
2.1096492 1.8179289 1.2287121
11.819052 10.036531 5.5279202
11.179878 9.492458 5.2981386
14.536318 12.377407 6.8242407
12.238714 10.2832155 6.0839753
13.024497 11.017651 6.2184424
13.024497 11.017651 6.2184424
9.095047 7.7100983 4.365854
11.530862 9.901262 5.4794607
11.530862 9.901262 5.4794607
15.405862 13.197101 7.4972186
14.874786 12.559264 7.0563755
14.874786 12.559264 7.0563755
20.741388 17.529846 9.33574
14.918378 12.682713 7.090501
15.545678 13.283429 7.1309905
13.565682 11.588789 6.2841783
14.397251 12.33911 6.6484275
13.324668 11.253637 6.239356
10.5620985 9.021823 5.3331194
11.79878 10.090714 5.852696
11.79878 10.090714 5.852696
18.833387 16.062046 8.870507
11.490586 9.815362 5.5460525
2.5203252 2.201808 1.4297175
2.5203252 2.201808 1.4297175
18.357403 15.633612 8.59403
18.357403 15.6339855 8.59403
11.885109 10.434906 6.028562
3.436457 2.993421 1.5985237
73.17014 87.73321 65.13586
