0.0 0.0 0.0
0.0 0.0 0.0
2.1708522 2.2272582 2.1858807
38.878338 41.19481 36.81986
0.0 0.0 0.0
3.3635893 3.3546202 3.3446145
59.899467 76.18066 104.471855
71.824684 74.72072 59.868374
9.834928 15.261182 53.381687
37.748943 25.979311 27.981144
80.31001 80.65236 55.902973
49.088177 30.355457 23.992905
164.44833 163.12863 148.80873
127.562386 148.01508 152.47688
80.5118 65.6282 52.827393
18.243443 10.118034 10.921669
80.411064 46.709957 36.75301
162.46564 187.40138 176.6533
117.63932 162.1602 176.3222
117.443596 158.44467 166.73013
76.0535 72.69708 83.68903
112.35618 140.21822 147.43877
91.08303 135.25684 155.74779
89.0171 118.4825 121.2497
73.730965 77.66276 90.80387
91.99518 135.35355 150.40903
36.791 53.957108 71.306625
54.767162 87.1123 92.71063
47.750217 106.807106 56.984932
37.921352 64.25265 36.66495
24.658854 38.182213 26.863987
27.053776 45.302002 29.136292
33.820816 69.70482 42.06673
27.018059 42.103645 33.974686
26.45033 57.65427 32.04636
66.90178 47.00877 38.583553
71.47078 59.766724 43.911346
97.952126 108.252014 93.755325
90.240616 87.37276 92.833015
69.21917 69.79299 62.57267
96.41477 84.07188 75.21833
102.057365 83.72459 80.19042
120.047356 96.77848 86.65614
93.884796 86.05242 82.97832
94.03237 86.22969 83.16938
72.46516 71.514114 67.28837
94.23292 106.37324 96.33907
65.9298 70.16627 66.80168
89.536674 83.36299 74.23268
96.44973 105.21973 87.771706
84.943794 85.36806 80.93857
85.85135 94.86682 89.33724
58.678467 94.68329 143.93614
85.15534 81.41509 70.707565
85.15534 81.41509 70.707565
73.87399 84.43255 76.420074
2.8963566 4.4964523 8.171769
82.06267 73.24695 68.4644
95.885475 96.08754 88.98501
92.24288 105.35111 92.48792
54.49063 60.322132 57.750458
54.49063 60.322132 57.750458
59.618275 63.672527 65.07339
81.760864 135.2106 145.04262
53.3197 72.90441 84.20876
53.291954 66.094315 73.346924
53.14458 66.06629 73.434784
44.64008 40.306625 21.252333
51.495457 41.640915 24.501434
72.315636 49.926254 31.762058
59.614048 53.154907 41.649445
86.943954 61.72698 45.53775
76.957985 44.60233 48.803913
67.79168 48.510723 45.374474
68.33461 48.8083 45.687157
64.461815 49.01495 39.25026
33.704617 22.27936 18.19449
58.37451 28.324045 25.29052
53.369648 37.15694 25.72411
62.82345 40.60105 30.345652
62.45149 40.606514 30.199713
72.98517 48.556046 35.35215
67.61126 50.120823 37.897434
104.63366 70.18608 72.14446
111.8435 102.024796 88.31934
111.25664 101.56545 87.68744
97.02934 86.35263 80.323006
124.83433 72.66591 69.11576
67.73722 65.907196 37.46181
111.54373 52.791 50.16308
124.568726 99.896515 88.06721
116.89799 83.097145 88.632225
74.441605 56.70003 55.13322
78.55529 54.539104 38.960056
87.55692 60.13011 36.166348
40.723114 32.519016 29.698996
40.36367 32.050545 29.221518
54.234753 25.910507 15.336403
43.247787 26.164394 13.41553
43.201385 26.214622 13.404408
79.89074 38.656822 24.984573
45.12557 46.45416 26.247469
49.5633 31.389938 22.261938
49.460617 31.433071 22.26744
57.15399 74.551865 67.85849
44.3543 39.865143 33.89201
44.06063 91.634415 84.62042
36.065334 64.37172 51.003227
35.997967 64.28362 51.278122
55.158215 56.336403 28.413338
54.605915 118.152115 89.55505
27.482899 51.25851 41.535477
29.001156 54.98262 51.318264
39.01961 68.22419 53.862034
29.49143 55.228615 52.426613
29.520609 55.261898 52.466274
39.69178 39.682613 33.206768
45.708363 57.80866 36.181534
41.771347 53.49159 37.352467
37.856136 28.083712 22.245914
51.37539 70.786934 77.388466
26.185282 29.791716 40.515827
41.32002 79.070595 93.132706
35.06649 22.774256 15.241967
32.513077 22.588297 11.984573
56.67141 47.52001 24.704935
56.63123 47.48453 24.675795
39.510963 29.641712 16.321255
28.420074 38.83385 43.175556
28.28797 38.71518 43.100456
87.045204 66.58379 73.17173
72.670494 51.83736 32.80579
119.51778 80.023476 50.798893
119.47337 79.99896 50.833492
31.815435 14.147452 6.279957
51.568485 37.501755 19.580723
48.404686 37.79642 20.763016
64.56067 34.3193 20.829666
71.950294 42.12202 21.371721
32.34557 22.8024 14.164195
32.411625 22.852587 14.1976795
51.858128 38.278763 23.346369
51.979748 38.53759 23.530893
59.49175 61.17508 46.873394
58.737064 34.094395 18.774017
58.961533 34.353184 18.896954
79.68771 36.611694 24.79363
79.70685 36.78789 24.92139
43.71414 62.02958 61.229412
115.58865 96.24687 66.59288
90.48286 87.12537 76.56932
117.60304 71.42175 61.49996
101.742004 46.126526 40.25524
118.73367 74.30814 63.29913
107.809654 65.784424 52.731125
107.89157 65.87212 52.795265
95.42083 48.350277 35.265606
93.42701 56.58128 62.649208
93.420074 56.205296 62.257793
96.56561 56.75859 46.272102
87.98178 34.53416 27.346128
134.03484 91.04895 84.45759
131.4204 100.29634 90.57765
134.30945 88.74137 77.27952
69.549866 46.582874 27.230408
57.62481 33.79088 24.112175
57.504745 37.547237 25.167583
71.93036 45.93662 33.151638
23.943953 20.654747 25.567448
118.41509 62.56322 89.32022
118.184204 62.46767 89.13466
94.48617 44.573505 71.267204
94.60775 44.64574 71.111374
87.77011 33.789883 45.34908
96.75743 131.24136 131.90102
57.252453 62.91856 79.87491
34.679543 46.02655 59.216656
34.71801 46.027863 59.190067
74.59061 32.007416 35.10193
45.57837 25.803835 38.797775
93.443275 38.585148 60.56972
93.21566 38.46265 60.36925
56.216694 124.63414 61.143147
38.952442 64.408195 36.94499
38.670094 64.467674 36.76788
47.69158 72.57614 37.32636
24.394562 47.074226 20.66567
60.75034 119.55553 57.496094
60.563103 119.12601 57.233955
41.44758 86.29052 37.412064
41.632782 86.75624 37.77912
50.347366 108.25137 43.473133
32.847683 56.161922 55.103165
35.051823 45.948097 46.42079
35.076538 46.01985 46.480625
46.073586 73.57825 72.32831
123.105515 119.33174 67.55692
123.07618 119.30611 67.54046
29.91521 18.71518 14.101531
56.594116 33.494617 25.310293
99.533325 49.062386 45.243443
70.33397 17.36044 16.544088
79.1919 48.70123 51.149883
96.9587 72.37376 68.99147
111.743484 113.86929 108.42964
106.17037 59.762615 58.687515
105.920876 114.25863 111.57064
106.088455 131.60281 131.29434
56.632862 55.03285 57.568005
105.99231 90.79786 76.72451
105.94423 90.803276 76.7157
54.27334 64.04544 60.353825
45.659573 58.73623 65.676636
45.644863 58.57335 65.533485
59.720043 37.22957 17.181376
50.01196 66.26289 62.879536
75.46201 49.5112 43.586224
79.12692 94.74795 96.5712
42.286533 92.53592 112.7511
49.580723 110.30224 56.57251
49.35518 109.800125 56.287212
58.510445 74.643906 45.16595
35.750977 68.23806 34.318745
40.871044 72.97445 41.028263
23.865263 51.664833 12.0610695
23.863111 51.66212 12.071793
87.20641 114.86618 112.12122
39.90445 86.10524 79.28207
36.414536 78.964165 66.64957
36.274853 78.690506 66.7965
25.026669 49.306705 48.550545
71.974205 160.59372 140.35698
30.937336 26.920235 16.327513
32.949333 43.948257 29.565535
15.405246 29.61345 28.529379
15.159093 29.026789 27.941402
25.606873 43.16854 41.954876
25.894842 43.84314 42.687077
51.36323 46.904648 36.551823
51.358646 46.891613 36.497967
62.446026 55.789284 40.976482
119.41744 98.16854 78.87439
118.86263 97.719604 78.27661
106.65754 91.830505 72.05676
94.1756 80.88539 56.085426
104.58582 86.5934 69.44885
62.984097 51.20059 39.703777
42.03516 32.77091 28.664833
21.143227 17.121342 16.766245
25.70593 54.266804 19.975643
25.361916 20.167543 16.72694
12.11608 8.160408 7.4388504
29.28757 27.248505 24.900782
51.370487 43.156143 40.88384
51.24986 42.997528 40.704655
30.330383 30.113928 25.402775
19.083992 23.442757 20.194849
18.884438 23.259268 20.1392
26.61353 20.05836 16.188232
39.913578 36.45424 31.207287
17.932274 10.615961 7.10763
48.280952 40.69712 37.01116
48.529858 40.88759 37.210278
7.904369 14.472056 10.6469345
57.850914 70.953125 65.955315
35.08722 84.99812 98.3429
46.906563 96.67468 109.84477
37.963726 30.727058 17.611855
37.880054 30.611814 17.535398
60.6453 29.303755 14.148688
83.885475 52.665432 29.074345
118.04652 109.83015 82.33122
110.08471 45.31089 27.208284
110.25596 45.489315 27.236904
116.149284 77.061905 32.99705
48.397392 28.59607 14.271108
48.478634 28.658655 14.279997
78.11477 60.32006 41.99482
100.71697 60.73778 48.8962
56.281433 38.2212 33.33461
81.384674 57.791317 46.553215
98.196526 72.53089 48.717133
80.215416 49.91529 45.34796
80.7487 50.705055 45.8663
70.07984 38.359245 34.74767
37.95898 17.736506 14.34306
52.124332 21.293112 16.871922
64.71805 45.605556 34.857014
72.657814 32.816273 37.68273
73.11604 33.01758 37.763695
26.510284 23.730686 16.707287
75.09224 110.34868 125.769394
74.73766 110.16204 125.69218
75.08734 95.75748 101.56282
111.98003 135.02989 131.44878
112.04257 135.06064 131.43733
90.08826 52.74703 56.572033
88.899666 36.997646 38.211235
62.66866 74.34697 81.02396
61.974846 73.78223 80.75871
69.95902 61.518936 54.669296
58.88683 89.75078 95.77135
16.42139 22.8952 23.721598
15.795464 22.292553 23.055729
32.06418 33.6506 28.860281
97.01742 82.99514 86.68046
77.548874 101.34461 105.877106
89.16822 92.71805 89.650604
168.68643 167.69681 104.57259
168.69357 167.71031 104.571594
90.08977 146.34007 159.21909
0.0 0.0 0.0
37.44523 74.94356 74.40305
46.974407 40.96241 39.73599
47.763016 41.287014 39.928524
51.550705 53.50594 47.202343
36.231087 81.6687 68.17177
47.07809 44.96568 39.754684
47.013195 44.797817 39.636093
43.768837 42.78442 36.98589
43.696922 42.62126 36.873077
35.955193 62.01403 23.432034
36.50259 82.4778 53.434307
42.803276 88.42067 56.49183
29.897673 65.15423 30.963446
108.11995 39.137566 42.925774
49.0517 84.725426 74.67843
20.440086 38.1695 33.866737
20.490313 38.123417 33.77565
49.68313 49.63968 43.315155
49.806786 36.562626 31.473053
54.509247 46.17193 41.24388
41.733677 38.806744 35.407597
39.685482 35.55788 36.335327
48.824802 54.547638 48.038826
45.661045 50.255283 44.95005
45.577415 50.2556 44.972294
62.921867 44.367535 38.434784
28.353025 44.797615 43.010803
28.378977 44.853027 43.011402
28.392649 44.807384 42.928368
28.45906 44.84286 43.024357
63.955074 52.033405 45.507256
35.20681 77.512596 82.75476
35.207844 77.52428 82.79602
29.65742 36.769554 35.228535
38.60508 39.84804 40.741528
41.194134 62.076736 54.441082
40.64594 37.24193 38.22403
40.74998 37.22961 38.19469
51.190662 118.53141 104.79455
42.940804 78.19916 61.78594
28.528063 46.867893 50.632782
28.528063 46.867893 50.632782
40.821495 73.88368 66.20549
36.211193 33.501873 30.359604
69.83198 37.500877 31.482021
35.465 50.777924 47.676594
35.48804 50.83987 47.723473
61.905563 130.14981 110.66591
27.109941 26.153393 22.429163
26.828789 25.803516 22.074623
40.54979 67.00462 71.39436
40.43841 67.35597 71.821495
49.547276 77.670616 68.99366
36.721397 47.811928 55.102486
60.082478 67.2566 55.50279
26.783146 60.189827 62.93574
41.580605 97.92797 108.17815
74.760025 129.2953 77.06262
31.670612 42.679543 40.176113
33.024475 38.37136 29.349876
20.603962 35.100456 28.188751
20.589134 35.244 28.36622
68.59539 71.46046 59.440685
39.75875 98.047356 118.50733
39.79032 98.14797 118.59105
34.056446 55.808617 56.65204
45.880173 67.864265 76.43136
48.169537 43.197918 38.35107
29.251375 50.769432 68.9235
27.877342 25.234512 25.598341
49.38882 85.47848 96.320496
22.54054 11.162162 7.651957
41.63916 41.530254 32.600613
41.590927 41.556446 32.62573
59.61624 35.62541 19.901619
59.569283 35.823845 19.967194
43.881687 43.896755 22.678785
45.35442 37.059036 18.7619
32.051422 32.983776 35.422985
40.606594 28.65973 13.760105
47.34629 25.053495 15.200111
47.290123 24.936619 15.126086
80.63705 55.10536 39.80571
127.87304 206.51642 195.54922
127.868095 206.4862 195.47711
20.875189 47.455074 58.176273
59.16882 36.684284 17.04349
67.30439 47.406242 26.846926
67.56737 47.580166 26.88942
34.194252 65.04082 74.77948
35.658295 47.69796 55.882523
47.144783 59.984173 68.313484
60.603844 28.32568 32.969624
60.60113 28.352627 33.001755
47.63681 62.807423 73.42442
44.448776 104.91031 149.05286
51.099377 89.96253 110.12361
50.68078 89.39372 109.663956
52.251015 57.368053 73.899704
35.431038 54.64502 66.4186
35.606037 55.212627 67.09663
30.444193 35.46815 46.778362
38.976162 66.40118 86.16587
18.134777 26.570158 34.90178
33.98848 17.699116 29.431913
55.995377 46.311848 55.977757
46.938293 88.16527 100.8437
47.009605 88.339 101.03612
57.555927 77.75261 81.219444
55.36654 69.26154 79.340385
56.260384 126.67384 126.10508
56.01395 126.074905 125.521324
75.03859 112.39999 92.690384
74.899506 111.830864 92.087975
47.31372 51.35107 32.781513
48.946625 64.89712 90.65231
49.000637 64.98282 90.99231
50.050426 91.22961 102.64566
47.492943 82.2859 103.417206
52.925575 73.18058 78.74707
52.95304 73.44894 78.88241
52.964005 73.69812 78.99932
77.75309 83.28681 72.90046
123.30543 107.195885 53.795742
123.630554 107.554695 53.77374
49.10755 68.556526 106.31775
49.18042 68.76074 106.498405
49.20262 68.84286 106.56729
49.239494 68.95922 106.60719
49.495773 68.73276 105.9233
35.445667 52.472973 72.134415
37.799927 25.760225 27.943993
37.807022 25.990433 28.125967
39.717052 50.216217 59.6685
53.375946 46.49657 57.373714
37.248505 26.52288 27.554213
25.219286 47.660526 61.21825
25.195967 47.52045 61.04584
28.354898 51.701187 65.66268
39.12501 36.50853 44.067726
63.779278 67.3663 90.690025
34.339672 49.536354 64.40022
45.25588 55.661842 66.729965
28.156422 63.844894 79.32564
36.548714 60.78793 80.21801
30.595034 62.094036 75.72459
61.8673 101.06593 113.77502
40.65104 67.252174 83.96146
25.602726 48.30822 71.939606
70.46277 37.996212 43.239494
70.62836 37.93291 43.445786
49.298176 43.098423 42.239216
47.679424 25.509249 25.304033
47.41832 25.429682 25.270071
99.643105 38.189587 33.089733
99.67879 39.620266 32.459858
113.568726 92.858925 79.37064
112.54524 92.62943 79.24679
27.343538 24.120186 35.45037
23.611656 21.1508 38.695847
3.051423 4.496851 26.958662
29.320297 27.762259 55.98804
42.88101 42.291756 70.38879
5.8382363 15.795623 55.693375
26.713306 25.217213 45.13091
27.00267 25.516344 45.437454
41.586063 25.327074 18.462568
41.390896 25.253767 18.382923
83.3889 70.388824 38.094196
0.55441284 0.5730686 0.54544365
7.149167 7.3663 7.0876985
5.263972 5.388743 5.199035
5.348043 5.4275293 5.2848997
5.348043 5.4275293 5.2848997
4.2847004 4.374751 4.2919555
3.7176514 3.7680779 3.6868372
5.6042814 5.7529697 5.5611496
7.685203 7.956709 7.5832734
7.685203 7.956709 7.5832734
5.149725 5.254046 5.1315875
5.61337 5.7212787 5.5489917
5.61337 5.7212787 5.5489917
6.0448456 6.259587 5.974408
5.9519653 6.1690187 5.905246
7.023519 7.287411 6.950092
6.719525 6.970342 6.6487684
8.225225 8.474807 8.141154
9.087061 9.259627 9.038986
4.4766006 4.6320257 4.428526
3.7986925 3.8808498 3.7621381
8.343419 8.591086 8.272702
