0.023529412 0.023529412 0.023529412
0.023529412 0.023529412 0.023529412
192.9245 204.80511 209.4416
152.08783 141.68134 115.01596
166.28003 146.63356 130.4267
139.32591 121.6202 96.25706
149.65033 143.90816 113.735016
203.33159 227.63058 237.74376
105.11757 87.21713 74.98729
105.121994 87.56724 75.56202
110.06429 94.19404 77.564064
109.57926 94.29015 77.818085
101.79581 74.53378 71.250435
101.89176 74.74985 71.56404
139.93672 118.47491 111.523094
83.1779 79.86049 73.73913
83.333374 79.84663 73.65672
122.680435 80.23601 49.70803
113.216934 80.36036 55.111458
112.27018 80.20563 55.54417
106.25046 68.45614 53.52212
98.63502 62.63272 46.05391
98.61414 62.31463 45.60312
92.90683 62.06995 47.068134
120.4687 78.53317 67.25562
123.36522 74.647545 76.31913
140.67778 77.43179 61.975727
116.50161 58.395473 49.58353
117.34415 72.39545 54.776264
117.343605 72.39619 54.7733
103.2221 63.09243 44.569847
103.982506 67.890305 45.34386
103.31642 67.61913 45.49302
71.76517 65.612915 49.689796
109.98642 97.80468 78.53437
109.94959 98.207214 79.17678
116.28138 82.8509 74.21005
117.57079 69.85125 57.805702
80.99394 65.85711 50.770462
80.49962 65.75957 50.945755
101.71069 85.12394 67.52808
109.664505 80.60422 66.22993
108.81966 80.67673 66.75322
120.03491 73.41563 67.15903
120.98621 79.44959 65.086136
120.9857 79.441124 65.07887
116.33486 88.97916 71.17749
114.63831 75.37857 63.126446
114.12946 75.32049 63.170155
105.94854 80.73703 63.747646
108.22184 68.04882 67.811485
115.42737 74.8723 63.052147
105.64527 66.778694 47.019054
117.50248 59.425858 68.60524
121.76443 70.22156 61.95266
123.079384 81.66146 53.081406
114.13619 74.82749 63.00018
119.9342 83.95363 71.49673
122.6822 74.19916 76.09862
122.1446 74.17228 76.04197
122.74307 85.617874 76.560844
130.57826 61.733963 87.56412
130.09238 61.82432 87.59355
127.734604 85.00297 79.916985
124.24773 81.90772 62.734016
113.297775 78.17913 62.42289
72.13376 52.731586 39.745754
108.22036 96.33061 74.63056
108.59744 98.937035 77.21089
103.82458 94.874115 72.6378
104.01908 95.07539 72.91882
102.9445 96.25757 74.71253
119.90657 76.482506 75.09568
107.51668 83.60616 80.83936
118.65317 67.42043 76.647644
118.33458 67.0457 76.17788
123.086266 67.31987 73.270996
122.65033 67.03847 73.03619
140.53575 118.281845 110.42639
139.94644 117.70877 109.90082
137.20946 120.576416 107.542404
196.8137 212.73299 228.96663
199.55602 211.49437 226.49826
200.48468 211.37062 225.5302
149.0244 125.547035 109.439026
170.23116 121.485214 97.61974
169.97818 120.64404 97.60312
96.21711 81.46102 66.78015
95.907234 81.02427 66.67284
113.716545 96.55419 82.09862
113.423325 96.5868 81.85726
160.58205 143.54013 152.44432
154.1327 126.80608 106.97693
164.4367 124.82286 110.13138
164.07603 142.28918 147.58688
180.3266 132.20212 135.32036
218.02153 214.63689 211.12325
163.61667 130.06882 120.84358
176.25069 143.38731 131.0892
174.22311 128.80183 119.39923
174.07884 128.2688 118.76969
168.06514 121.01128 119.07877
161.06197 113.909004 99.574066
166.57103 120.61008 81.28499
166.02599 131.13803 120.56312
140.40979 117.27644 113.99107
124.97256 88.82476 86.64652
133.19568 107.87243 92.15558
143.2679 130.26756 116.171715
154.43213 123.05604 118.865395
142.55928 121.06824 116.689926
142.11598 122.266266 110.435165
148.91753 100.69695 101.189384
131.74046 136.41058 151.4947
112.223175 114.84667 129.24916
139.36049 103.61685 107.258
149.26378 112.08161 106.722305
129.71877 78.81481 87.471405
123.168236 99.6078 88.48215
125.65749 100.61409 90.01261
125.45353 100.64724 89.65744
105.36294 87.27442 79.74588
104.90235 86.26913 78.34637
136.65465 108.86089 110.93087
162.37448 152.75677 144.44708
163.71063 137.45018 133.88943
112.25138 92.27092 98.42005
112.0979 91.77913 98.12629
133.82066 100.39499 159.3364
159.36453 136.6168 133.29355
159.51544 136.96921 133.76959
171.09238 129.51064 128.98601
148.5025 126.685524 119.24294
153.92995 101.85133 98.7302
161.62668 121.829926 125.578285
127.27918 124.50849 115.030945
126.870384 124.17261 114.804504
112.9566 97.938416 113.60422
168.07095 90.49921 79.479256
165.54369 74.33445 67.70742
136.81348 74.18775 74.288795
144.96082 76.56606 74.177315
88.551125 55.66468 64.0954
88.551125 55.66468 64.0954
93.11972 89.91233 68.96471
0.023452686 0.023452686 0.023452686
0.023452686 0.023452686 0.02342711
162.85081 177.21082 107.216034
244.81404 226.31393 210.29591
245.88365 227.30579 211.21399
129.81544 121.994835 114.0534
221.70998 220.77693 218.20377
219.6975 215.04805 200.39125
220.19957 220.92517 205.5887
202.05315 212.47882 212.84283
210.71301 217.03828 214.80304
187.47603 198.94499 199.31915
174.909 183.77803 177.01804
173.59468 182.48535 175.97148
157.8981 193.53076 194.19724
207.42453 205.51302 192.67215
200.07921 182.01514 166.10455
186.18222 196.3179 195.08371
210.5258 205.72137 187.46088
173.74883 169.78204 159.66168
173.22075 169.33446 159.38765
164.67867 118.67686 91.60982
165.36688 119.35015 92.195854
68.8123 88.1678 84.07537
67.482124 86.904655 83.03151
155.42468 125.80731 98.565956
186.4245 176.6296 169.48013
186.43127 199.48007 185.51619
218.05002 231.09053 234.60524
218.05002 231.09053 234.60524
60.4678 72.25079 75.61307
180.5002 191.73132 193.13957
186.54355 200.07071 202.14526
186.56708 200.1067 202.17245
185.83688 200.42294 202.12885
186.22723 201.56749 208.00018
148.89738 163.35358 137.02002
149.48393 163.95813 137.46538
185.309 189.11511 167.17484
159.917 161.2245 131.06409
203.86992 198.63145 158.9186
149.66516 143.7076 146.71506
147.5137 141.73021 144.97612
133.84859 140.11412 144.2918
148.6799 147.24924 154.20744
219.78668 219.8945 220.57115
220.59488 220.62283 221.39207
171.42976 179.13115 178.40276
171.8358 179.47264 178.77383
206.20763 211.73053 214.63483
192.75504 201.98872 213.26411
171.28159 169.82379 165.16565
200.84363 206.36082 185.2314
146.26047 146.8748 128.1711
131.16837 144.67628 139.08961
131.16231 145.16121 139.51634
106.941635 143.24133 154.13716
124.04747 138.10481 143.16823
35.76967 35.38913 31.600077
35.770153 35.37138 31.589027
224.76498 228.56242 232.61343
224.78926 228.58682 232.64662
165.43304 184.56178 195.49709
210.58635 214.9798 224.41035
202.42596 214.51172 223.80515
202.42596 214.51172 223.80515
205.32501 216.85588 220.3019
193.08752 202.6976 198.68123
193.0898 202.70053 198.69437
165.24263 160.00813 145.89601
179.38171 179.29543 174.1601
208.2921 216.70949 214.3777
202.84233 210.94905 208.68698
202.86182 210.97304 208.71902
131.86943 118.81054 106.825066
100.01074 126.2278 143.20302
104.789566 113.471664 110.46046
114.55944 119.21962 113.61673
114.52016 119.22348 113.609665
107.969055 76.10821 43.21931
129.43474 172.61707 217.95479
92.276855 80.11381 79.035576
95.03591 92.290794 89.94486
112.93473 100.52171 99.16394
114.28105 102.1178 100.53176
148.32047 132.0438 138.0662
107.85079 112.47742 126.114784
114.9466 109.24133 108.16371
115.021996 109.37808 108.27245
92.000534 65.69895 68.1831
101.70949 95.17429 99.83048
136.3667 109.32404 107.916115
162.9044 148.36409 134.65369
129.90172 125.53642 125.196365
130.12898 125.71545 125.20084
126.23422 113.07716 114.220566
114.219894 104.3034 101.8478
102.75125 99.11985 105.4456
92.52133 84.94591 81.668976
93.434654 85.98967 82.772995
113.91814 116.25424 128.2378
121.965904 119.67327 134.31029
91.73778 78.046165 69.89601
92.07059 78.17291 70.02279
131.92632 103.191124 83.15279
99.79445 89.05657 78.73693
125.97072 86.56532 68.867516
85.29675 95.353096 90.52852
93.109695 85.842125 73.30596
93.44719 86.02256 73.5945
116.98775 113.17862 109.529106
88.87744 83.56831 66.97954
146.02046 133.8667 130.33693
139.01123 133.54079 136.56389
135.67368 134.73967 139.82547
115.45959 90.39977 93.35069
127.19969 126.47995 136.97359
103.514755 91.071815 88.767395
103.755035 91.15588 88.793045
84.53105 74.248795 69.08867
112.87946 106.918724 100.695114
104.41192 100.385216 102.04997
59.49693 63.139923 57.168312
59.49693 63.139923 57.168312
80.01547 69.06741 65.437546
91.956314 91.770386 88.06686
90.45529 90.56762 84.44419
81.78675 82.152275 86.67762
92.05616 79.58765 68.05806
91.98826 79.26273 67.71834
102.94018 106.77675 99.13046
102.98606 106.78734 99.08343
34.536827 46.37798 94.14062
34.849487 46.41312 93.36923
139.36035 146.02583 151.59653
134.90567 122.50174 112.83322
113.66184 93.00312 64.57064
217.11404 224.4699 218.34961
120.61683 171.8956 97.53251
99.23782 153.27473 49.782097
79.08386 87.88619 46.965473
92.49486 89.68736 65.974014
103.97944 108.16928 82.24885
109.61609 109.157394 90.44379
109.459 108.97524 90.24877
139.98187 141.71149 124.6577
140.2435 140.9052 122.614914
80.805016 82.63767 75.94716
146.14359 132.2971 106.942635
146.14359 132.2971 106.942635
160.73938 165.403 156.79796
75.853455 68.85565 53.820793
70.97051 79.37581 61.734066
70.72 79.25711 61.73473
120.60041 122.68079 114.30071
96.57685 97.10908 91.61358
96.60535 97.40018 92.063736
51.314884 50.266624 37.73023
72.68639 69.61562 53.675884
51.925293 39.332275 28.079872
52.39831 39.8711 28.574783
52.137493 47.887135 35.374043
30.854475 31.9222 21.45647
117.17461 116.68243 103.97931
87.95241 77.22445 68.94693
51.808926 54.790283 47.82954
57.664272 51.18156 41.44412
57.256165 50.80619 41.019974
125.94105 126.243706 116.48977
126.30693 126.45069 116.71647
76.16368 76.84197 63.58253
108.32826 102.804474 86.6077
122.3134 114.92573 96.66529
122.239204 114.95189 96.83624
132.25465 137.33443 130.541
107.623505 108.11023 96.74629
75.9798 75.12704 69.1842
67.8855 69.621994 64.83256
105.90759 110.49289 111.99514
89.68468 78.4222 50.80271
85.69701 69.02778 40.86688
84.964294 75.05417 46.44655
23.499744 23.35335 20.435293
34.93368 32.929848 29.235397
33.547596 32.813633 29.368107
94.35783 95.071075 87.797905
64.354965 70.57246 71.89926
64.38576 70.42552 71.72916
54.082966 81.32844 96.59652
68.03192 93.169334 100.42757
68.0323 93.15534 100.37008
90.476265 83.97082 73.6086
102.69044 108.15317 84.309975
102.60401 108.03716 83.68136
106.44445 110.12859 80.633835
155.62688 169.84929 183.66902
162.3246 189.84435 215.00269
162.00443 189.54532 214.75381
155.40434 168.93544 181.70282
165.55785 176.20906 183.96402
159.81525 160.0991 156.06975
165.06128 187.80716 196.70767
165.19974 187.93164 196.70642
159.71936 186.29141 211.8977
173.05745 186.27724 191.93353
155.46024 154.58163 164.19887
155.44768 155.04195 164.57521
124.16987 130.1201 138.10172
159.55606 168.39264 170.00151
159.55606 168.39264 170.00151
97.11806 93.74936 92.94271
97.11806 93.74936 92.94271
150.75798 136.62328 117.31187
153.31133 141.0922 122.2719
163.23683 162.18135 165.44772
163.30266 162.24799 165.46758
141.40181 142.81514 151.2935
138.4977 140.47777 147.4579
139.15709 141.22964 148.23022
177.0163 181.75287 193.12593
145.61765 140.87885 134.68214
127.452835 104.458206 99.73931
