0.22047244 0.22047244 0.22047244
0.22047244 0.22047244 0.22047244
170.9977 205.04797 205.1164
21.593336 23.485542 30.226284
81.56002 65.50487 88.28962
177.3014 200.94241 214.02277
66.9029 69.46993 58.814495
180.8364 184.18045 184.16136
124.925285 124.18695 113.24588
135.24265 137.93213 134.61696
135.2969 137.99915 134.70973
145.37321 143.4528 137.57298
191.6053 198.97717 200.96953
191.60664 198.99265 201.02682
114.76887 135.09941 135.47884
127.54757 100.97885 72.4122
127.40859 100.90448 72.41117
71.109856 90.42692 118.50507
91.11082 90.81339 80.22611
90.73727 90.624176 80.18801
105.287766 95.9215 89.069046
104.51639 95.277824 88.66802
122.60881 87.24183 66.767426
149.77599 119.02576 99.55703
174.46811 157.2868 134.08836
82.55961 73.20194 67.14039
145.34288 125.222916 113.88643
99.82787 76.52123 68.93804
127.70728 106.03215 95.27947
127.40759 105.881096 95.130486
152.67418 114.21758 83.58708
92.584465 72.8692 64.47942
125.23065 86.968025 64.93632
80.21958 77.06588 52.949833
80.21958 77.06588 52.949833
90.3717 118.13564 98.822334
117.75725 116.21965 82.60331
104.22673 123.164185 79.94206
104.186325 123.01392 79.812775
97.79517 115.07644 99.09232
97.79517 115.07644 99.09232
79.4438 97.21931 87.06571
121.47495 157.67169 129.86775
117.81226 147.91734 95.13231
118.5844 148.77664 96.36891
115.506966 121.45367 96.14043
122.80638 120.72234 95.17643
122.806725 120.69862 95.14376
169.64577 135.75703 88.06953
117.49565 177.6912 105.25231
117.47406 177.61111 105.183266
145.1549 125.471855 84.94065
144.97992 143.3465 118.673965
111.56208 101.8745 71.15837
129.75694 123.21377 87.70457
112.873055 85.41739 58.786198
113.14043 85.69374 58.761097
97.91232 85.234436 60.342365
77.70694 69.962036 57.190903
78.10209 70.50934 57.756763
131.39937 103.431046 70.81886
84.75845 62.26187 49.08806
44.29605 35.620567 33.93883
59.01702 51.049583 47.223362
99.32325 74.68896 65.57456
99.32325 74.68896 65.57456
95.51721 37.261734 28.804182
95.41471 37.208027 28.762714
81.514046 55.192516 56.193653
73.692604 68.924736 58.421448
116.40931 62.355774 50.17388
120.76907 99.79586 81.450264
147.22552 117.701546 72.8668
139.29144 111.818344 67.494965
139.4831 111.8985 67.47354
157.87856 116.73514 63.10322
157.49129 116.567276 63.09198
142.15579 105.172676 58.41736
133.37224 104.51752 82.48018
125.58773 91.869995 59.21937
123.75649 96.450745 70.25688
115.753365 87.27129 65.39934
78.02644 61.287453 53.406662
131.97603 99.88041 68.44442
87.42592 66.15277 51.30595
87.301895 66.015335 51.170273
100.63298 53.17175 37.091633
57.467422 45.202076 28.282984
46.34563 27.016298 35.68772
123.397514 95.45239 106.413956
122.979195 95.18846 105.88918
82.49421 57.34625 65.71592
116.65117 89.205894 77.462296
38.003643 28.0818 34.764362
241.78282 216.50838 202.96434
241.78644 216.51274 202.9729
92.238556 75.038475 59.841934
122.94482 109.46291 100.43507
115.75931 88.95585 65.805145
128.24826 93.12784 63.24547
128.62006 93.362305 63.44163
151.19211 108.169586 79.88942
154.91559 108.336174 80.38404
153.7863 111.17852 84.71286
127.607574 98.32397 73.62508
129.8855 91.75656 64.64323
134.673 98.98401 74.03153
93.045906 58.123886 29.078156
130.44713 99.428635 75.369354
120.10642 94.149605 76.492455
146.5965 101.14819 74.697586
146.43321 101.03133 74.62222
130.46378 99.03208 79.064125
130.52553 99.046486 79.07073
130.54265 96.21404 76.61225
144.20366 94.86535 70.7295
144.28201 94.940346 70.77736
109.83437 80.55252 65.45515
110.78049 88.85871 66.38847
91.51498 76.34398 59.661797
121.898705 109.670494 79.54104
132.88457 103.38029 63.581955
82.97679 64.83045 39.44373
79.16948 66.57501 46.82031
97.03325 76.03528 49.89812
85.78919 76.75422 53.56531
84.73761 81.86356 58.971325
90.94619 84.844444 52.916
78.30681 67.61149 47.039818
100.72403 87.225975 62.360554
121.123856 97.05629 51.32084
132.67906 106.74806 60.095245
96.104324 80.62225 37.98525
113.78792 94.09411 41.04298
113.78792 94.09411 41.04298
37.597496 49.91194 33.97328
37.597496 49.91194 33.97328
44.270535 46.45628 25.288073
35.523502 37.653576 17.624352
49.710243 46.34587 29.248323
77.711685 68.49287 48.270363
72.85056 65.60242 55.767666
72.640755 65.52429 55.752228
37.09521 55.006912 51.545475
54.782486 64.89629 56.65987
101.84152 77.03015 52.461334
89.9966 87.95757 75.18849
89.9966 87.95757 75.18849
45.338787 42.316956 45.17103
46.464188 43.306503 46.446514
46.2214 43.095623 46.23732
46.2214 43.095623 46.23732
46.046314 42.919643 46.07867
57.567135 68.56304 59.886875
77.44999 81.5571 57.647835
58.628513 74.72898 70.84658
59.012104 77.45143 71.25056
59.012104 77.45143 71.25056
56.482586 72.722755 67.29299
91.31427 83.14978 59.653507
83.19462 70.78844 46.981674
79.94612 69.01506 41.07506
90.17983 72.442215 42.693256
89.82777 72.164665 42.451363
119.8571 116.16429 80.16848
86.56834 85.920265 61.763744
102.906746 97.543755 68.722206
87.96902 85.794174 61.454838
113.65059 109.66049 69.95795
131.57584 126.80889 80.48912
131.39053 126.493034 80.08658
114.58625 124.24994 95.188736
108.72513 110.93883 80.624245
128.63838 137.65775 109.388885
124.783134 125.91105 93.83846
124.97827 126.12832 94.13413
109.04374 102.36403 66.201385
95.930336 102.824265 76.555756
134.81552 135.26297 94.82388
141.71516 150.25232 115.13032
141.94585 150.41956 115.18396
107.859505 117.04164 97.61015
62.886017 68.29578 51.829315
99.459236 100.83062 75.55606
99.95795 94.845856 66.07341
57.52711 70.04982 59.769142
57.759724 70.31314 60.034695
78.47468 75.10109 48.586666
71.97868 74.50421 52.65251
63.364063 66.28319 43.96008
63.354607 66.26232 43.940685
62.241 65.25393 42.730083
72.08149 71.2399 45.140186
79.99333 81.025444 61.310764
47.071552 47.288727 28.392876
47.071552 47.288727 28.392876
77.01894 75.04614 54.755424
68.677574 67.67809 45.490597
78.55555 78.140594 56.628822
78.68514 78.30162 56.778564
35.00361 49.782658 42.59815
73.25954 72.108345 52.7982
71.598976 69.663895 41.589897
67.15215 69.93625 48.89444
67.22917 69.99612 48.919643
96.91847 82.266685 59.081284
96.61634 83.37861 55.364166
95.05536 92.35938 62.9312
95.947876 93.05639 63.623215
96.817245 93.71787 64.29072
86.935875 74.413574 56.085823
81.74164 67.73885 39.78207
108.11962 93.21373 60.051716
40.753223 51.685383 53.188118
46.477184 52.62119 47.416187
46.477184 52.62119 47.416187
47.231647 50.093765 40.275486
119.96737 85.09267 50.951107
112.618126 80.973526 48.13833
129.59685 133.59457 76.415085
143.6379 157.23615 101.34525
146.48361 156.1867 100.197914
108.36915 102.26101 64.01107
42.506516 60.86989 48.592957
44.46656 61.008217 47.1822
52.37152 66.70687 51.171165
45.31245 64.77162 52.679813
58.482307 48.40673 33.761166
104.09521 87.052055 67.25372
38.409657 39.23976 32.524086
35.042053 36.890003 32.520306
89.59691 92.093666 81.38222
33.759792 35.467697 30.86786
33.759792 35.467697 30.86786
143.75333 116.66823 70.545715
149.59702 116.74573 79.64457
148.82326 111.66558 68.35148
131.01534 108.11195 63.453117
131.21648 108.444725 63.6826
145.06477 107.82364 63.378227
146.80136 106.686104 61.222225
174.99866 128.29819 83.68624
175.20407 128.4916 83.83492
122.02517 109.26765 80.805214
109.855896 98.71251 69.3905
130.23024 117.6893 81.59942
109.709694 94.26239 60.789707
109.95671 94.25558 60.57893
81.68325 86.723206 70.83427
41.513325 42.144688 34.78802
147.85228 131.9966 87.697586
134.23962 122.90685 90.0283
100.948524 102.93381 62.68645
149.24997 131.1516 83.913284
144.88374 113.434 78.09862
127.97115 104.210434 75.508064
22.88347 23.821098 11.162087
87.79575 108.84066 73.89275
85.22669 110.035484 78.32084
71.20857 78.49049 63.306263
78.99787 92.25249 69.173676
78.99787 92.25249 69.173676
129.06422 91.93378 61.435204
131.99556 102.12007 67.1886
131.28285 95.11368 59.41784
115.537224 84.67634 60.71021
128.73465 101.26431 68.65774
110.63735 87.58478 54.008217
110.4614 87.392395 53.76591
37.981365 44.56559 43.925972
36.52192 84.84885 109.44865
42.51549 77.15287 102.47574
62.987038 95.69649 120.3895
61.085995 108.28519 116.18915
69.99718 87.27449 102.90486
67.12179 71.47701 33.515903
73.77331 55.36279 71.74157
129.19661 122.38672 96.562256
163.07031 153.57852 93.523674
163.07031 153.57852 93.523674
137.35986 103.81807 60.941135
141.40192 111.68896 72.21772
118.39934 99.956436 69.08933
126.04026 99.19527 59.010967
101.22233 87.47447 51.643158
102.93398 96.87553 55.577106
101.71052 85.604996 45.78427
107.28759 92.1263 61.285114
83.9837 76.56205 56.4973
81.898735 77.29154 52.262764
52.154144 95.3455 79.171165
45.003128 92.86019 72.10549
53.12213 95.725235 78.722244
73.02882 98.574875 73.474884
78.889145 94.96438 78.24014
62.077675 78.45552 61.19032
62.077675 78.45552 61.19032
46.20909 62.29089 51.278687
46.20909 62.29089 51.278687
57.008907 91.5562 90.82044
54.924595 92.042984 88.89141
38.526802 71.098236 67.721725
38.526802 71.098236 67.721725
40.49816 56.53997 53.263176
90.43176 92.254585 55.075336
90.43176 92.254585 55.075336
144.58876 149.50797 104.349724
100.273285 99.11615 65.82099
63.32404 69.0991 51.260014
63.32404 69.0991 51.260014
75.702644 69.480385 39.07699
132.59828 102.449165 68.60981
132.59828 102.449165 68.60981
97.4939 86.4112 59.25812
105.55056 89.854866 56.67703
105.55056 89.854866 56.67703
97.43771 85.67665 52.604855
89.09844 95.595604 62.373173
96.75484 87.80628 65.93759
96.815834 87.85813 65.971565
112.71337 97.77733 71.22119
112.71337 97.77733 71.22119
73.67001 63.868687 35.44019
63.330296 66.7339 42.58529
77.52185 69.80102 52.793728
98.57226 87.380875 62.912113
98.61947 87.40766 62.938175
60.818382 50.166042 27.995806
65.412544 58.054466 42.944744
69.26958 61.2268 39.377747
69.22308 61.178696 39.35416
62.73937 56.190628 31.188564
60.22006 54.774197 30.76622
62.496853 51.8016 30.391226
70.3903 66.47048 43.10329
70.232544 66.34573 43.02046
102.104256 77.12172 48.252174
45.311695 39.56459 27.220266
83.70949 71.01843 37.192413
83.70949 71.01843 37.192413
114.977585 79.57326 44.148575
49.864353 35.19348 21.343052
49.864353 35.19348 21.343052
48.83193 37.61242 22.605852
78.731766 77.40832 48.268715
78.619156 75.12867 50.05457
61.17952 58.114223 37.99378
61.17952 58.114223 37.99378
62.815357 58.74236 55.21246
71.29251 66.36406 46.51982
72.08304 61.80095 42.496544
69.47468 63.465153 44.60589
57.823093 54.444073 38.60561
57.839424 53.335865 38.012962
59.413643 52.558334 42.10174
58.905476 60.443283 40.301
58.905476 60.443283 40.301
81.61833 64.79022 32.323902
143.27419 134.79204 85.859406
109.087265 98.89224 49.867584
94.056114 86.92625 59.729225
122.48369 114.41481 75.65904
122.48369 114.41481 75.65904
108.485985 115.12447 79.09858
108.485985 115.12447 79.09858
103.323074 98.34037 63.810646
103.1429 98.18939 63.724926
144.23123 67.39071 36.874153
96.931335 75.02448 46.189972
130.48476 164.55637 147.48051
130.44427 164.52168 147.45769
127.23141 134.04422 98.23818
171.58604 168.15497 127.6773
78.994736 76.63996 50.355602
77.03569 82.23495 58.30702
93.10903 99.1417 78.93415
123.31974 112.77138 61.876595
123.23388 112.60375 61.785442
154.9379 154.22552 110.08404
91.647804 89.320465 64.56064
148.11821 156.82254 137.06639
148.11821 156.82254 137.06639
43.313656 42.97806 28.09098
82.72348 84.1756 62.26046
82.478874 83.936935 62.114326
75.90658 78.73861 61.43183
75.954926 78.79878 61.466835
55.494617 66.17285 61.58192
34.18368 45.334114 52.30898
23.971806 34.636868 40.502735
27.487432 33.794518 33.39446
41.529106 48.760033 47.86346
41.464222 48.775333 47.90111
70.66579 80.310524 78.51666
52.404118 65.61194 55.437267
44.72998 53.201904 54.958706
59.06313 81.63738 86.722176
105.829865 168.30547 90.11471
87.455795 92.83516 73.279755
67.37785 89.60176 88.42296
57.733486 73.53729 61.237183
69.97373 69.827736 51.270466
68.53392 90.24581 96.10972
69.17134 73.28058 61.743767
32.172195 40.71805 32.31142
32.179966 40.758278 32.380634
90.820206 84.93924 62.215385
28.583984 43.679573 43.04752
63.571503 64.76529 54.8026
114.30678 161.1156 128.86766
114.30678 161.1156 128.86766
70.020256 57.83114 45.28226
70.32789 58.08077 45.42891
81.799164 67.162155 47.390675
82.10948 68.99753 59.528557
104.27927 76.92566 53.139877
104.30516 77.02768 53.307465
74.26641 58.6292 41.80927
95.45006 77.5321 43.649246
95.55699 77.64209 43.662827
134.90678 107.25169 64.08851
111.4222 89.74758 66.65815
111.4222 89.74758 66.65815
106.06953 79.2389 45.09136
151.36938 116.33232 65.51501
151.41231 116.4361 65.73754
100.35918 74.89526 52.17072
117.88024 80.81989 53.777912
95.13657 80.09789 36.525566
119.89633 86.46243 52.284016
119.198364 86.13682 52.038475
36.727882 29.298113 25.484028
143.23203 144.09099 109.723274
143.23203 144.09099 109.723274
68.57625 56.840042 47.7873
78.46711 65.83103 50.96534
81.70333 57.32524 59.509438
80.74563 56.48083 58.810028
83.53664 85.48888 78.98546
57.885605 65.568375 62.760822
88.30537 84.94127 62.21944
52.42616 53.90111 49.223774
67.082214 74.78527 72.73875
45.06688 58.346527 66.383316
11.2893095 23.09373 21.82189
11.294124 23.109617 21.875872
42.632328 48.444935 44.273907
68.562874 82.14937 92.71399
56.515972 66.67376 68.48482
92.955025 94.60145 78.86569
85.898155 100.46388 110.53856
13.881306 23.124403 25.013203
29.995289 47.38806 66.61826
30.221573 47.785168 67.26376
28.790049 44.125538 47.505554
13.89303 24.938143 25.766497
42.812054 62.063713 81.81288
128.92174 189.54544 188.78558
172.34222 184.3163 153.08765
172.71465 184.67685 153.44243
134.83028 188.044 203.18378
134.83028 188.044 203.18378
124.12963 131.98425 101.900696
120.30255 134.98746 115.71337
100.78754 81.80401 43.216347
101.18702 82.283394 43.482136
134.2716 105.29722 73.53093
134.31139 105.25032 73.41289
143.04532 111.59231 83.01997
149.45119 127.90754 98.59334
107.20142 92.417015 60.71578
153.85881 145.63512 110.09972
153.84964 145.44658 110.13283
99.464874 79.323524 50.976208
67.51122 64.89877 58.70388
80.379776 72.40714 60.4078
78.47646 70.83826 58.692295
78.39075 70.77358 58.64481
105.730804 73.04061 92.29127
80.345566 64.70598 60.57274
112.78661 84.74799 74.84967
115.51023 85.521614 72.64818
115.27903 85.388336 72.65798
114.52735 86.38311 74.15205
119.38473 85.06939 74.992226
36.87955 32.58096 56.49214
171.55669 168.23666 151.159
171.55669 168.23666 151.159
34.81608 37.877487 30.965134
23.497267 22.759207 19.331705
24.301758 22.625761 19.143452
24.301758 22.625761 19.143452
19.258501 19.645636 16.133171
21.639067 23.021078 18.765017
25.889282 25.506756 21.814737
21.026785 21.559467 17.837088
33.78888 31.837122 28.550322
33.77231 31.820583 28.533749
18.92879 19.41636 15.885294
32.36812 30.09882 26.477839
40.535675 38.12189 35.746277
40.535675 38.12189 35.746277
43.38407 40.909122 39.21597
28.28044 27.287247 23.648111
28.28044 27.287247 23.648111
29.932676 28.79617 25.43283
29.932676 28.79617 25.43283
16.922945 16.474022 14.174672
16.922945 16.474022 14.174672
11.22845 11.211911 11.215899
9.942234 9.917581 9.920881
7.953375 7.9232883 7.9260736
8.265722 8.23794 8.240553
7.437885 7.409002 7.411443
7.437885 7.409002 7.411443
4.714541 4.698174 4.69869
7.410033 7.4571056 7.3061924
8.029915 8.012619 8.022934
10.359351 10.340508 10.380876
10.359351 10.340508 10.380876
8.134512 8.112127 8.115359
8.134512 8.112127 8.115359
8.134512 8.112127 8.115359
7.942028 7.9130764 7.9161024
7.214524 7.188461 7.1906266
9.496751 9.474263 9.477495
10.759791 10.735034 10.739573
8.280542 8.2617 8.264553
8.280542 8.2617 8.264553
18.176014 17.210672 16.74896
