0.0 0.0 0.0
0.0 0.0 0.0
151.8675 173.76747 222.36406
6.6309123 6.516555 6.3312483
5.395369 6.015296 5.6570797
96.69457 113.11863 126.88675
156.49776 159.00809 165.49867
67.14072 65.371185 74.44076
109.025444 70.18588 77.57419
54.11451 55.09433 72.657616
42.25107 47.311947 65.674095
96.12813 111.92867 146.14113
180.32373 182.12032 195.64537
93.76293 95.101845 113.8177
73.55772 72.10337 99.86813
105.01846 152.55348 173.19743
142.43347 182.40471 195.66234
198.36134 112.32583 125.66448
174.38148 189.60379 167.99242
151.82686 157.80237 134.39624
150.25514 156.70789 133.50804
149.22726 170.11317 136.41353
155.57973 139.30455 127.969215
158.35204 138.28764 127.08563
88.64705 103.08285 93.58121
73.55131 95.14026 91.72337
139.3142 121.94942 128.00888
139.02177 121.71307 128.09743
174.39949 156.11432 133.03993
133.83296 179.89426 214.72609
134.69489 105.05024 91.528915
134.69489 105.05024 91.528915
147.95992 125.724556 136.49657
147.95992 125.724556 136.49657
171.21384 155.43454 108.21616
60.64171 76.07934 144.5129
83.30146 120.667076 165.92741
83.30146 120.667076 165.92741
127.50149 152.94954 168.56259
134.09341 160.10086 174.4002
134.11676 147.9038 153.57655
124.7352 140.07065 151.5915
90.93497 104.01507 124.27365
90.93497 104.01507 124.27365
78.719635 80.41219 116.752174
163.51144 144.26656 132.12363
93.70758 88.480316 96.07999
122.583534 100.36611 103.13011
89.30722 103.42528 117.00332
89.95396 104.26324 117.52228
143.08907 132.71567 136.0732
176.60036 175.55226 194.65079
57.305004 61.060345 95.13267
98.714485 104.688354 128.40204
95.01457 88.49691 114.33811
65.18893 53.687786 82.90807
100.033264 88.44541 157.1665
99.98524 88.42894 157.523
52.638504 52.125305 90.553825
82.22589 55.844063 84.04917
102.50538 79.33445 93.45426
106.31915 82.65113 95.93661
105.84662 82.54742 96.1887
137.53848 47.133698 78.2701
137.8678 38.02964 52.236267
45.988556 53.629883 110.63507
50.183743 60.1747 112.346695
36.96819 66.17749 114.81942
36.88492 66.04124 114.36718
91.71822 63.519684 119.79192
91.71822 63.519684 119.79192
69.44095 79.550545 135.99695
44.744278 65.16971 113.236115
45.00351 65.377365 113.55077
82.96555 89.1953 120.93184
62.13114 67.47116 98.83472
54.911427 44.107452 53.46636
101.9646 92.39247 103.27968
101.9646 92.39247 103.27968
71.31282 72.8301 106.161964
71.31282 72.8301 106.161964
97.61649 52.65464 67.77823
88.622635 68.72841 82.021515
24.738213 23.512054 38.342808
32.72944 15.880188 21.257095
72.434814 86.534294 134.0476
47.10234 62.671764 117.385414
64.251144 82.36363 119.962425
112.48669 123.800964 162.07347
89.45407 99.27102 137.56432
88.378204 98.33819 136.63892
45.641327 82.19633 120.51953
45.000458 81.43858 119.645905
83.306305 84.319115 100.40811
95.25839 115.94335 135.13068
76.954605 94.755646 120.77735
76.954605 94.755646 120.77735
65.3512 136.2075 76.08876
65.3512 136.2075 76.08876
75.828384 86.08739 101.95815
105.68516 91.644226 101.61218
81.568886 94.37763 110.22349
85.095055 89.00015 104.36756
82.30634 81.57842 100.45285
162.83896 150.54237 159.82332
113.46605 124.90811 137.78818
130.01826 126.51083 126.6509
144.99664 145.44778 144.0368
130.73154 127.55928 127.606
145.76933 159.81023 167.62553
121.2759 113.09334 115.251335
117.07503 115.666084 115.53662
86.21117 108.318695 128.69557
95.275406 125.72658 140.9741
98.0518 124.597305 138.54646
95.92158 117.137474 136.33957
115.262474 114.90388 95.23997
93.007515 98.84986 104.598335
183.8298 185.63599 173.68016
127.517586 143.20628 154.91814
124.627365 139.73318 134.3835
119.127556 157.71533 157.06458
136.05748 167.49016 155.18993
163.34097 178.69244 177.67851
126.33075 155.9339 206.33461
46.46895 87.38625 158.56602
43.209682 57.806988 111.61321
34.38053 69.78334 155.19286
36.622368 70.363976 130.79443
33.38591 70.0098 134.06702
16.93237 43.76316 125.50679
131.37462 32.16715 49.74447
131.46289 32.16589 49.66875
110.93169 102.57915 116.99828
109.37752 101.967 116.33609
110.14533 101.24321 115.124275
110.18207 101.271324 115.12439
85.01686 122.46357 148.54039
102.61615 135.6395 160.00847
186.01251 179.1176 186.0391
186.13736 179.18779 186.0999
65.800354 63.10604 90.90178
54.119278 47.21891 80.906815
40.65769 58.671535 97.31176
128.95018 47.69305 45.666996
128.82553 47.98432 45.48432
134.7764 154.35036 172.33693
118.529144 138.37332 158.19553
125.17322 130.27129 148.94923
94.23829 126.721695 151.87706
140.1464 160.2862 181.22078
64.682945 77.39983 105.80169
64.878395 78.33468 106.74943
140.01678 145.95827 132.38403
140.34227 146.07065 132.29524
58.26705 59.469597 96.369354
58.3343 59.621986 96.68504
106.33445 123.43188 141.31386
36.29112 84.78067 110.755035
36.24424 84.689995 110.654755
70.29425 108.34269 135.11658
71.94343 84.963646 101.007324
62.64354 101.95224 137.93886
62.661694 101.99233 137.972
61.31374 90.560005 101.349556
62.87954 103.0317 139.09204
60.437786 111.285515 150.1499
57.108864 68.339714 123.75439
34.19942 45.210026 74.63862
137.85997 140.63904 158.05565
66.04269 72.16036 88.68249
92.21433 84.47368 86.02384
64.405136 74.854095 86.14312
64.405136 74.854095 86.14312
63.7936 74.78719 86.05131
93.118324 87.32274 96.34109
85.08258 82.73184 99.99725
85.11104 82.78815 100.06568
114.33216 112.72898 129.56447
105.43226 93.29433 98.24611
100.003395 89.23539 96.42051
94.97173 132.56679 155.41948
104.118706 93.03845 97.55043
104.15216 93.07018 97.51881
115.74088 99.92055 91.28391
115.67291 99.947014 91.39442
107.407005 85.43508 76.86676
104.63755 83.52819 75.20651
197.60707 172.6424 151.17467
215.85757 195.80783 173.14713
168.88602 151.15143 128.14098
139.931 146.44202 138.98718
118.50736 121.3774 112.0082
82.471466 79.91212 69.15876
82.72524 80.24203 69.43241
92.1229 94.81301 95.28929
95.81862 89.698235 90.73947
191.23947 173.56496 149.84349
134.65974 158.52559 142.82571
134.44179 158.30432 142.59532
179.86887 159.55115 140.19023
160.52307 162.04245 164.3662
114.05966 115.27964 120.30577
198.35452 167.96106 137.03654
162.43504 146.33339 139.37999
155.62717 173.53246 167.21689
127.7833 150.07251 172.6795
111.54711 130.09616 86.57373
165.28456 156.40685 185.35338
165.51758 156.43474 185.67409
122.67051 165.44995 175.66116
119.884346 158.06854 171.74234
115.00561 144.85254 159.11668
163.46266 163.95132 192.22723
166.66013 176.838 176.1435
158.05824 163.23154 158.43134
158.17787 163.3308 158.43344
203.87679 191.9688 168.0851
204.36768 192.30638 168.32556
203.70537 190.63072 167.10406
92.01007 86.82457 88.01377
92.32846 87.28315 88.69869
160.26048 138.93314 120.341125
68.93375 79.44118 95.9527
68.9852 79.51278 96.02598
154.06389 98.985085 101.143425
125.42028 75.3425 84.66837
125.46109 75.44808 84.697586
121.46441 82.335785 86.10875
89.10684 76.91265 93.702736
117.45113 79.25179 80.47448
82.8441 68.14991 87.974556
115.43569 69.06176 74.01106
184.32663 125.270065 121.685005
134.13644 86.67295 94.53601
138.8678 117.77621 122.93333
140.237 119.1237 123.804245
111.92188 86.609055 86.14449
111.31648 86.44198 85.56218
139.20735 105.14472 111.22791
167.43187 117.107796 116.50408
177.98878 135.9836 128.0853
131.1982 104.48703 103.39064
130.91234 104.48108 103.06507
127.41036 112.249504 123.1097
153.46564 116.817856 125.44213
66.88854 43.81233 48.926113
167.1147 133.319 128.95918
178.20068 115.57423 106.41227
125.318085 138.49799 124.6329
155.14438 103.17604 107.99813
94.81324 116.877365 108.06702
176.04738 136.60394 146.93481
53.44248 62.568394 73.67406
148.3692 104.78601 117.02277
168.5059 107.070564 116.06526
120.96002 90.10017 96.0613
169.43202 108.64285 129.24352
72.48608 76.131256 184.97299
134.39606 121.82602 139.37717
76.57083 82.53437 101.345665
76.4162 82.43031 101.27167
92.0719 81.122635 81.67318
81.21555 97.53609 117.1583
136.37668 130.5055 112.16826
131.32678 92.989586 106.5206
130.89922 92.71693 106.254616
139.29771 100.62916 128.2309
139.21635 100.5719 128.24268
171.53212 129.74924 97.82995
149.89781 167.28838 168.73837
32.71178 42.851387 67.5449
32.67367 42.87401 67.677795
70.44259 89.78239 111.90193
124.999466 150.90132 167.96559
47.616646 64.95815 92.013504
40.887474 62.061985 93.014534
143.00293 31.138275 54.046688
56.578846 80.74409 111.86333
57.402237 80.07251 107.7096
90.48913 108.019035 140.66524
123.894226 127.52266 148.32144
123.95041 127.53395 148.35345
88.84151 114.83273 144.85109
88.6612 114.54551 144.57884
63.943317 88.513695 108.019035
63.908413 88.52842 108.03258
141.847 45.387283 33.625114
142.07037 45.44366 33.665546
64.39434 93.22227 104.91631
74.27598 104.53307 118.11405
178.34502 117.750534 107.33796
74.05371 104.216965 117.37519
66.10089 119.39842 146.16669
192.25534 201.02551 197.59659
125.07346 55.812252 52.104706
158.48921 83.79372 62.93958
116.08041 42.61161 47.43935
132.39194 35.694424 37.081173
150.4218 82.85043 81.120766
152.00194 75.92757 66.38034
90.70701 26.108065 29.580408
83.011406 44.413525 98.62061
93.44339 44.780556 122.42997
62.35768 101.516975 134.84987
116.832085 159.75389 163.00351
116.87313 159.81714 163.09079
94.6316 138.05138 147.26033
67.223755 110.77373 126.38419
106.17688 154.29688 164.32693
69.36813 63.00969 72.64793
96.40182 66.28452 72.7516
61.491302 80.80165 111.67715
98.49836 57.933628 64.72486
150.13838 101.48932 96.42673
44.187595 74.68684 112.70144
44.077206 74.554016 112.611305
23.007362 42.29539 94.99134
23.085443 42.433323 95.17558
37.740692 48.063396 79.29967
51.05241 54.300426 75.271706
33.48436 62.090748 113.24378
103.70186 90.0581 129.28189
90.35322 106.682526 153.13602
38.025864 63.696598 118.83674
38.35131 63.985123 119.11302
49.38694 68.70285 117.074265
44.27121 58.00122 99.07888
35.016975 49.502327 136.11314
92.97814 114.240845 153.09682
113.21586 133.30363 175.20282
111.736115 131.88075 173.99226
57.782154 60.66997 90.95907
38.281204 66.65254 128.24123
38.281204 66.65254 128.24123
50.89987 63.836285 104.77533
26.381027 55.263046 109.12668
26.391935 55.275253 109.14617
91.13522 84.541466 103.95541
80.963646 70.62576 98.82716
73.34158 68.67787 92.80409
87.92886 76.050354 96.66006
87.20342 75.76339 96.73516
103.209526 102.55745 114.42211
75.688965 82.582466 115.88202
75.688965 82.582466 115.88202
76.476006 73.08861 98.25088
50.366913 68.50576 120.69614
61.19797 128.5029 82.04097
65.58773 128.31763 79.8663
66.52369 128.54565 79.85669
66.52369 128.54565 79.85669
68.05318 128.19148 78.51301
61.671535 128.46948 81.770905
66.778725 128.27483 79.09906
64.158226 128.23204 80.265564
62.311184 128.52975 81.562065
66.00927 128.16925 79.59433
66.00824 128.16608 79.587234
61.947666 128.46254 81.74737
63.45373 127.97536 80.46288
63.45373 127.97536 80.46288
78.61287 75.7701 100.44568
