0.0 0.0 0.0
0.0 0.0 0.0
44.24788 55.361618 69.06165
62.93087 63.506424 45.42295
67.01871 57.57814 62.06032
141.96497 114.20436 95.82695
222.76166 173.03334 137.05907
202.84885 166.12946 140.40933
136.03288 108.450424 88.08036
137.41698 105.1438 84.39168
128.71878 93.21911 77.9861
128.8246 75.36679 46.098263
126.72174 91.9358 75.61455
139.93947 120.630264 134.18384
98.56711 72.6642 61.076443
138.09805 107.06675 76.71216
102.8859 90.29325 86.16962
75.20614 63.157413 80.84865
118.173454 94.8867 82.49923
97.84267 73.56917 69.9282
88.07596 76.26299 88.92711
55.353535 40.372364 56.934383
63.36889 34.274708 50.492203
79.054504 41.299152 54.67507
81.1935 63.157333 57.312405
113.08808 59.61204 77.01135
60.423958 61.013535 64.31822
76.21119 76.72546 56.704525
57.599556 50.07475 41.976284
51.8221 32.03269 28.5019
131.53943 163.38724 115.762505
208.12755 77.80622 44.65992
163.38658 74.342384 52.34812
80.66679 47.48784 35.247112
80.66679 47.48784 35.247112
84.45992 38.009212 37.951233
130.4884 116.05216 99.42311
233.60933 226.1337 210.13284
134.27191 98.946266 76.713135
86.4815 49.749172 40.959637
108.96384 53.979233 28.982264
132.49919 118.99228 112.28299
181.4543 165.2773 155.91277
175.81241 164.32884 155.30096
172.0663 156.63422 146.4057
141.9282 123.79103 116.41208
141.81216 123.69366 116.37806
174.50824 163.21895 157.14093
149.21976 127.03107 116.28832
160.66586 144.31862 138.55794
176.78922 164.89487 161.05034
206.69102 195.36201 180.27357
116.48654 106.62493 108.5299
109.700325 95.57261 87.52166
94.99572 78.424164 66.60376
117.21018 101.3345 92.29196
90.21491 70.14174 60.797897
104.60554 84.1343 72.805695
114.12206 96.392204 82.34235
122.92966 98.07564 85.90513
112.115074 88.37563 77.315155
112.03398 90.65337 81.04101
119.9981 91.37992 79.588165
127.815636 98.24008 82.00101
117.8455 89.13544 77.61806
134.86694 112.17572 101.36141
135.39636 112.687515 101.88214
142.29745 125.19014 116.0145
134.15746 106.73931 93.957375
90.01943 69.696724 60.611557
89.99354 69.567635 60.47002
132.06937 104.67321 90.640724
104.15495 91.923836 88.52828
163.41115 121.44222 90.25208
68.860245 91.663795 105.8758
139.59898 102.64857 51.593292
132.91046 83.80618 60.895557
132.96368 83.8276 60.91871
118.29091 101.310905 85.301735
120.588 93.03204 67.78113
109.55523 83.08812 59.710464
103.71976 92.259514 76.60121
87.258865 85.785774 73.67115
134.05434 109.967316 89.25277
108.40157 79.02218 72.308525
147.57797 113.49648 97.98756
148.284 113.99188 98.370224
135.76735 106.42489 94.134384
129.90247 97.47782 86.53022
186.52861 167.54376 138.97806
146.76122 118.15887 105.22396
149.8128 116.22715 95.5402
149.90501 116.36307 95.70772
108.77834 107.98351 96.59196
171.88776 120.142265 102.93289
107.003395 134.27995 144.17139
106.77503 134.03761 143.85919
202.08513 120.220245 49.321857
107.56085 86.3783 79.86271
165.20056 138.23972 110.52036
165.49277 137.82884 109.57071
130.56412 129.8444 127.906425
186.253 167.90227 146.93564
162.57152 177.34497 186.87555
162.77632 177.38493 186.82986
145.60776 134.88428 133.93236
145.93074 134.7082 133.40828
171.24873 146.89948 127.71358
179.12695 164.28331 148.7897
142.5202 146.90965 142.756
160.6244 146.72182 130.24094
164.61948 152.43787 141.80003
96.999275 77.75135 68.232765
52.84881 48.205414 44.88598
53.072525 45.47685 41.323395
54.41689 48.326466 46.084
119.28982 100.22873 92.59911
99.32315 81.60889 76.00275
71.77584 57.87099 51.051636
75.18 67.50869 64.72558
85.5636 71.24606 64.113815
29.840445 29.769737 29.504484
157.19904 165.65807 152.23834
102.893456 96.5375 96.71386
93.7379 88.21204 85.96707
142.5417 119.33362 107.37895
141.79523 118.966705 107.250626
147.90367 139.66295 131.42995
148.35075 137.92181 128.90146
150.51442 141.19171 126.656685
139.24266 122.31212 117.081215
125.99159 102.04731 86.89261
112.7737 94.54424 80.18707
105.27903 84.09806 74.69394
106.21899 107.42028 109.54113
62.41006 46.82372 41.135395
106.21491 81.88869 75.027916
94.17164 78.93083 73.68614
94.11135 78.88142 73.64028
118.594345 100.33851 98.02695
86.90982 73.83317 73.587555
108.961334 78.6941 70.91366
110.11677 81.84388 75.50384
92.55984 74.08541 67.957214
109.24376 76.827034 74.82141
108.88711 76.726265 74.899155
83.117256 63.583355 61.48784
80.74355 65.5497 58.535355
66.58157 53.25317 43.355232
99.61552 77.2196 69.860245
115.41309 96.208244 86.09115
134.34254 123.628 135.04634
116.40275 71.02267 64.66703
119.89847 79.12041 74.790825
109.909775 114.16772 113.35067
120.50634 94.4345 84.668846
137.42877 99.599594 88.515396
130.20926 90.012726 80.921135
76.575516 58.96315 58.410545
76.82517 58.98497 58.403393
108.04901 93.3802 87.41232
122.406906 90.2036 85.05818
122.40109 118.512 103.60848
144.81204 123.320244 115.43434
102.060326 96.526306 96.59523
146.64546 129.95749 122.27463
151.5684 167.54134 173.03273
151.09055 167.02187 172.50343
131.16917 143.6589 134.11548
170.38449 152.88347 139.6823
137.02069 157.44243 165.7257
110.459595 105.17632 103.08254
168.51405 188.49168 193.29341
154.0722 162.83083 164.0459
105.75588 96.01907 86.841576
105.79749 96.18336 87.0619
122.56538 133.08873 140.47887
111.85252 105.59345 107.58958
63.97495 59.95127 55.72792
63.94905 59.919636 55.705738
75.446625 64.620125 57.50784
78.055435 62.14586 52.698143
69.67273 59.45285 55.244766
53.161617 47.34469 42.821453
176.44829 182.75862 163.83244
167.73405 160.78792 140.74655
130.86618 125.82982 113.347595
118.313255 114.35442 101.880806
118.380646 115.02275 102.45947
124.94764 99.30719 70.26238
122.23637 102.5535 77.15552
91.77046 74.75527 59.06497
91.30242 74.431435 58.76416
160.35568 129.53467 94.020325
161.05916 130.14105 94.274345
147.34105 114.36327 89.70885
88.34614 58.316 49.44384
117.10182 78.77386 60.68905
125.81604 82.741455 64.83297
127.16436 84.04424 62.503838
112.07374 74.53527 55.52024
148.3383 113.11293 80.64537
135.13326 88.15839 62.726547
108.34258 74.71503 52.242184
107.53806 83.83471 71.1863
107.8097 83.967636 71.225296
123.8964 93.10719 91.09123
141.61722 94.745895 85.81519
142.52339 95.36424 86.41495
132.67702 104.88663 96.63713
139.98497 106.582504 97.32004
140.04881 106.65677 97.48481
131.51535 110.46081 111.50105
101.233376 84.25378 80.47402
128.81454 82.5322 79.39858
137.37657 103.86174 95.366264
96.79196 76.34889 80.60679
97.12913 76.56388 80.592926
182.90977 144.32404 147.16533
183.02025 144.36105 147.40428
165.42877 123.58812 126.87313
138.00449 94.32169 92.65592
126.785255 101.56279 95.19814
154.832 111.253456 107.11014
157.73119 109.38998 102.40485
158.05664 109.74675 102.9379
161.40675 112.31689 114.936
165.91463 117.458145 117.337494
166.07866 117.37959 116.7941
120.72307 112.81051 120.4695
142.25761 134.68008 140.3013
133.94263 113.56513 112.08986
166.17172 125.85394 130.07039
147.35645 139.94476 142.91043
148.42262 143.62048 145.5116
148.204 143.28242 145.12755
208.83463 191.35284 165.72542
204.3293 182.97823 156.4059
189.7648 176.81834 154.94106
189.75511 176.80267 154.95273
84.92566 57.283436 40.585655
78.706345 55.484364 44.215435
84.40461 56.727192 42.62812
60.95794 45.07988 38.880608
70.80675 51.62533 41.794586
70.7619 51.634666 41.897415
164.0991 115.37216 81.82792
65.39761 54.38202 46.32424
64.69883 53.334625 43.76816
85.18913 60.637333 44.82279
64.217094 51.937737 47.421898
58.712162 47.721657 46.364445
68.66299 52.65867 42.67818
91.604805 60.07782 43.064728
92.119354 60.29471 43.085335
57.20735 45.250668 37.574265
59.91398 50.588726 40.288605
87.1057 52.84816 37.30008
72.24647 56.8859 44.403275
97.121414 66.557816 43.019516
128.3524 87.23769 53.49026
57.274506 45.373253 33.238464
167.4335 116.593254 66.70068
108.89002 76.91386 51.230907
108.16772 76.40271 51.026302
205.24364 189.63284 161.51508
179.22363 167.51091 146.29971
89.012566 63.37014 50.858383
78.407394 54.51378 47.031193
78.76105 54.64917 47.081657
103.641655 72.351555 58.791355
152.33386 102.64582 69.65592
134.12666 94.329094 67.49083
157.67224 109.33042 78.58901
156.41394 108.48622 78.10699
88.27544 65.79313 53.071312
152.67467 126.70036 105.4617
73.36307 54.33701 46.372566
60.088726 43.718746 38.488323
64.951515 53.40913 47.62929
65.43099 53.50925 47.511757
43.05305 38.832645 37.554264
61.248608 49.5861 45.140446
54.363758 41.576042 37.152325
56.41996 40.92723 37.79616
56.403355 40.93713 37.822426
32.98796 30.570223 25.968163
71.74719 52.562466 44.041615
62.050304 47.568283 41.196526
64.63039 47.64202 40.118587
64.460526 47.60493 40.185455
58.301254 42.579395 35.112244
7.20998 6.0380607 5.2565656
150.032 130.47455 114.4575
183.89835 152.38829 129.97551
150.75114 128.97087 115.1324
163.57419 136.49895 118.1
162.8604 135.85358 117.58699
140.68275 113.08861 98.85451
106.618546 86.41095 75.078384
148.27277 125.87596 115.341736
102.88614 75.25216 64.59762
103.34242 75.609695 64.92893
127.25923 93.15996 75.49289
191.08315 152.0712 131.08037
102.37212 82.8543 74.50049
89.34675 57.52901 45.173252
89.4242 57.535393 45.233536
120.27269 83.14517 69.41992
18.943798 41.682102 72.86755
18.96606 41.725536 72.9503
89.400764 64.010506 60.05915
81.181175 61.98497 56.682304
112.39398 76.923515 59.999474
80.70024 59.54 54.79503
74.89685 56.23305 53.25483
75.16214 56.382828 53.348564
80.98557 61.370224 51.01826
78.89548 55.6282 50.86299
76.828445 61.05285 54.435234
107.00873 71.17196 56.617294
70.75875 57.419758 55.1558
164.76093 148.46884 141.37466
147.49063 138.52817 138.97668
147.18173 138.2556 138.74165
131.66861 131.60905 136.67874
134.03229 127.31317 125.44861
119.73382 135.71078 143.38081
107.82901 103.76178 75.61293
107.733376 103.62861 75.513214
93.08525 105.43701 75.47709
93.12541 105.53944 75.503395
95.69984 114.66307 85.63083
92.29568 107.15418 72.36428
88.36206 104.28461 60.07006
134.19482 114.143715 87.74739
134.13289 114.24093 87.84024
86.06343 79.627594 57.187675
87.20998 89.11758 68.638466
75.96739 70.7899 56.706505
68.53951 82.49673 55.055878
86.93378 78.05992 69.89358
87.41515 78.12154 70.12861
53.731716 43.409332 34.12586
88.74056 81.85039 55.135433
94.683556 125.72553 85.735916
87.52921 101.769455 75.40254
87.85903 102.06962 75.65834
43.484608 40.717617 33.19297
74.43733 66.85608 48.88675
214.1832 196.29228 160.66246
189.73152 179.03685 151.68109
206.74663 194.69362 171.1505
179.51414 183.55208 179.39879
142.0966 145.4553 106.507515
113.25119 115.60028 103.26659
153.38472 155.18703 149.05176
152.75414 154.13377 147.77426
159.12865 188.99066 195.16489
125.32869 144.88324 117.30933
125.289536 144.63446 117.347755
119.63204 118.848526 91.24028
119.71677 118.923195 91.22
110.686584 110.780525 83.91866
100.59313 111.88089 79.30432
104.92081 107.393616 77.49636
104.78178 107.270226 77.480484
93.09313 95.160484 82.96315
81.93172 99.535194 86.034546
122.59972 116.45778 93.746346
108.000084 111.660805 93.38291
100.80016 107.27361 82.97285
100.560165 107.07899 82.84182
136.36186 127.166664 106.76368
41.842506 44.46198 46.48885
68.00303 65.66226 59.553173
68.20691 65.82315 59.786587
76.98772 71.341736 70.334145
76.78602 71.1718 70.194664
56.89087 57.945133 38.35087
94.754425 102.06751 95.5503
112.618866 132.78796 104.94638
112.44958 132.63956 104.87794
120.47907 120.29374 108.61006
127.12925 135.98203 113.78723
98.22861 127.12501 100.42133
60.405373 68.13984 55.329536
79.2558 94.64218 76.45317
122.90998 124.9821 100.80578
123.03402 125.23487 101.1036
111.19139 119.00651 97.10089
111.182144 118.94238 96.89814
29.47705 53.58808 42.08699
35.445374 51.628525 36.511837
34.92105 55.643433 39.869453
32.24626 54.819798 32.75895
32.537495 55.356647 33.041214
17.982464 16.606262 9.985131
68.87903 85.4179 83.77903
68.93806 85.49685 83.84138
26.965092 49.217335 66.50153
46.62489 65.52731 83.91596
46.686546 65.636246 84.0337
32.822464 48.00307 60.38788
53.842384 65.2259 75.21297
48.598545 62.010746 74.11608
50.2539 63.18727 72.34372
49.990143 62.72998 71.70085
43.796486 58.782505 71.350624
41.843918 56.09196 71.8754
41.88428 56.12004 71.79232
42.562344 62.43002 79.68521
65.0061 80.11228 93.25835
51.457455 60.76824 67.331795
59.699272 71.21976 83.21402
54.247395 51.934223 52.194626
173.33374 117.619514 93.42436
57.377857 46.37204 44.351192
47.369656 65.29802 73.79895
32.342262 34.91604 42.310547
49.52182 68.32792 76.893616
62.159878 47.60198 43.016525
109.727715 91.873856 78.15002
109.092445 91.20194 77.571754
73.07972 67.21673 74.39402
73.36655 67.26759 74.2899
86.07685 53.55503 42.436607
202.62186 192.86441 177.6141
106.97418 99.99435 100.91968
107.44666 100.31115 101.165375
79.97406 71.11972 73.92865
48.501293 50.458828 55.885456
27.049496 38.332363 48.719677
67.47851 83.42012 94.69042
85.425735 102.90885 119.85192
80.274506 101.562744 124.53127
96.20659 114.96307 129.41968
95.939476 114.636765 129.03273
71.36238 86.37026 95.10982
89.26638 107.41063 118.98448
74.84299 104.53467 101.516
75.08937 104.87818 101.94388
52.636566 53.975353 59.25277
69.529495 97.38695 96.99273
69.50699 97.34719 97.01075
77.83495 98.07002 113.34962
74.19519 94.38505 104.30004
74.63838 94.87103 104.69422
61.956364 86.74982 95.54667
85.003235 106.68602 115.87919
36.943394 88.99273 110.005295
42.7278 64.31539 65.0183
78.03305 90.24045 67.67483
79.05713 88.256325 69.924446
70.98206 78.24311 53.130344
77.24477 85.723434 58.60097
77.064644 85.49503 58.53701
57.787354 70.28618 62.754345
60.77434 78.368324 66.98816
91.14485 109.70077 73.93002
47.453373 58.082584 59.280445
47.34497 57.838547 58.933537
37.52909 72.3478 79.647316
44.365334 54.081615 49.181496
33.819233 62.43907 65.34497
33.76869 62.36315 65.27685
71.733574 82.07956 70.17176
71.70885 82.24133 70.32517
26.368444 40.197254 40.020527
44.269657 83.78303 87.17119
21.370344 45.899837 54.198463
38.20404 64.68307 69.93624
38.167797 64.69139 70.004
33.287716 58.76501 64.50089
43.07491 64.4219 64.30557
42.51313 61.23592 62.467796
51.88206 61.31596 48.97293
70.504364 78.88974 50.32065
83.543236 95.40299 83.948044
41.757294 59.920322 47.18081
198.95972 201.25948 207.5714
198.95697 201.25673 207.57188
110.96994 109.08315 129.0447
101.922104 94.153175 97.22065
180.27673 166.16574 162.51839
82.451836 82.28521 86.46978
115.50893 113.48384 113.52101
115.78109 113.7017 113.66534
191.34073 133.81862 94.66958
199.43059 149.7621 100.163315
77.398224 82.21754 79.939835
154.13657 111.26687 74.20921
154.13495 111.27838 74.20978
95.45834 91.46723 74.750626
113.24675 98.49491 78.895836
112.51265 97.759674 78.34969
97.27051 77.91002 59.573334
73.581535 76.22493 58.73212
74.918304 77.18954 59.411354
187.96565 160.05875 120.84788
110.64121 96.074265 77.17212
216.74231 146.18011 86.415634
27.459435 28.463839 27.81394
112.703514 77.54901 50.21665
115.10598 79.57216 50.953495
114.89984 79.41592 50.909092
124.63345 80.990746 52.963757
124.75309 82.85887 53.316284
124.860565 83.00505 53.3158
152.02942 101.211555 72.35826
139.8305 92.488 59.605618
139.68816 92.359436 59.603394
111.86275 74.06452 42.779636
137.63992 93.44917 55.147797
137.64731 93.44877 55.157616
139.93814 101.44356 72.74707
105.462425 74.04954 49.00804
139.60602 104.384445 82.070145
139.03952 103.93879 81.674385
159.37616 105.972084 71.148926
182.42169 119.803314 70.88909
182.86913 120.045494 70.90546
183.3347 120.326584 70.936165
183.56284 120.47321 70.94574
141.76529 156.55458 121.83677
121.73236 158.13673 108.33943
144.99458 166.86049 116.121414
144.99002 166.95886 116.310745
208.58817 170.31621 111.46101
156.33298 119.26949 124.31705
173.05551 140.73248 114.61996
173.08772 140.76271 114.64614
174.19733 141.70073 115.89305
171.14828 137.56602 111.12513
173.58302 141.15738 115.429695
170.97688 137.58246 111.12231
172.65907 139.91039 114.01269
172.7541 139.84274 113.83406
172.41216 139.96024 114.294785
172.42097 139.97055 114.30448
172.5522 140.28397 114.78941
172.5522 140.28397 114.78941
172.37216 139.84259 113.90727
173.13313 140.84364 115.16719
171.54582 137.93063 111.57422
172.77559 139.53136 113.58347
172.75018 140.16408 114.4903
173.34206 139.8916 113.779594
173.48917 141.31023 115.678505
173.5192 141.34088 115.7074
173.4973 140.93329 115.40093
