0.12962963 0.12962963 0.12962963
60.01145 96.50406 147.48189
60.01145 96.50406 147.48189
17.951023 18.702728 31.525179
47.969666 51.40168 64.30145
49.401276 53.074074 66.62561
39.14839 42.333374 54.2418
47.64234 52.03903 65.679016
49.9336 54.463734 68.68051
69.17747 74.76437 84.61363
146.8177 113.32257 63.318836
103.9124 85.51694 46.98335
177.2543 175.95464 147.09982
52.020264 63.64547 63.03582
37.94408 52.9057 62.54784
71.56023 83.908424 78.75134
71.85928 84.1728 78.75227
54.086582 72.22892 83.67934
160.77505 143.51328 71.9933
94.25926 91.640144 79.14287
90.50199 91.14465 78.97799
86.66228 69.43909 58.56043
47.94416 61.559658 69.065544
169.19656 160.68835 92.53318
169.19437 160.63625 92.48047
79.7243 34.02664 50.495007
161.90842 110.757515 90.0175
73.52222 42.6157 58.13312
128.69131 131.61237 116.17
95.08264 121.2275 106.54808
129.59459 140.03293 112.92979
129.6347 139.6473 112.45988
133.96263 137.67305 111.016815
141.73148 138.76982 105.37638
77.328545 28.342796 30.194363
77.24963 37.35705 42.454353
84.39474 38.22011 42.124023
60.354736 21.829557 43.48152
70.74955 32.05251 36.832886
70.39713 41.355507 64.711624
80.70086 61.91098 91.10535
105.75825 47.028427 29.153063
85.243095 62.184696 72.70252
85.29813 62.205936 72.74476
84.57318 49.612694 42.41236
108.74955 56.814083 41.97417
100.48091 45.7314 31.87829
87.17925 38.612125 27.30645
89.261086 36.221817 29.639458
94.103966 47.306084 36.837597
83.63633 22.658056 16.88629
107.23538 42.474213 28.69814
107.23538 42.474213 28.69814
63.38576 19.382553 16.917234
91.09657 53.426777 30.269777
92.696884 48.684048 28.645792
93.38572 52.07826 29.14299
93.01584 51.49334 29.180595
88.99168 55.193672 26.595842
101.7487 63.08443 44.86688
85.173775 42.464344 32.72206
71.21958 27.37427 25.072653
103.34276 58.86562 31.526194
76.41102 35.261047 22.338287
73.2926 19.328745 24.170809
73.32249 88.678444 81.64206
68.39579 83.10551 76.39007
71.65205 86.99797 81.08163
82.36598 96.0675 90.956345
73.02108 86.71292 82.58971
74.695984 80.621994 72.16699
63.069485 84.01556 78.53147
62.11696 64.13503 74.97133
48.51531 50.023678 55.983673
1.9050926 0.523473 0.7435835
64.28428 11.983999 20.43413
51.66297 52.020508 58.246548
65.15103 65.197815 73.91858
0.12962963 0.12962963 0.12962963
64.56372 62.708942 67.75138
46.163944 50.051697 47.770832
83.79447 83.501465 98.31928
47.48859 68.541954 76.11217
57.653873 56.57257 90.31327
59.60924 67.090034 69.5729
66.88865 67.45679 70.39932
88.195625 79.18198 61.447002
31.903387 46.935024 59.995857
54.040367 53.65558 86.667114
67.19343 67.766045 71.43803
68.12273 68.465195 71.392624
60.746628 66.07005 64.08971
62.394737 63.320095 66.66451
37.602623 42.761616 53.64222
57.995045 57.784924 55.75195
65.205696 67.07245 73.45289
76.3711 65.23164 105.81904
34.55771 50.620087 63.50727
43.39563 52.70334 62.025505
33.24805 51.204433 70.43961
62.229248 64.3668 64.29922
47.46418 58.359608 72.236435
53.755684 60.880035 65.6715
54.460243 56.9414 71.50743
27.926981 34.052834 33.12297
28.033789 34.195663 33.283302
67.90221 70.05052 76.26535
27.650057 34.77928 45.25276
32.757755 36.598522 48.691765
32.08849 36.21625 48.58114
59.753777 48.405663 46.43368
45.280296 33.178524 45.546215
60.038986 56.58106 58.31258
55.524815 50.588856 51.404564
53.2807 52.31319 56.739727
47.668495 54.557056 57.56311
88.21085 93.44136 105.09044
38.006012 41.914635 42.850876
81.481804 83.387955 74.56725
43.89632 51.417194 57.806164
50.29719 54.282772 59.905052
45.169064 43.477013 54.154076
59.262466 51.371346 49.23144
36.02055 39.534397 51.888847
92.47982 103.75727 104.09239
29.423815 51.14165 59.127438
27.271076 47.362938 73.443954
27.132595 47.10831 73.03269
110.9671 95.00199 57.424343
113.549385 90.55012 49.103477
114.68332 91.50016 49.414757
61.093525 68.801254 75.44708
115.64425 90.12598 53.6382
46.58106 58.090317 75.52096
72.39002 62.367245 39.343525
71.4217 61.748375 39.17166
69.14701 66.37122 40.654037
67.3493 64.76669 37.590927
67.37082 64.79759 37.371304
89.47003 77.59998 49.616714
98.0761 76.03212 45.419712
98.585526 76.53895 45.72271
77.08975 89.375404 93.15282
87.10883 92.33301 97.82058
50.404037 65.51064 76.79484
46.722668 60.417843 74.77579
34.45549 49.422676 64.25069
45.726162 55.014782 61.76259
47.262997 54.369194 60.330814
47.318836 54.456303 60.390392
47.27522 62.83423 77.50093
51.74862 66.148964 76.435104
51.70029 66.15932 76.48635
46.304703 61.300034 75.642784
69.577446 68.027985 72.46288
69.347626 67.93998 72.6386
39.221493 52.795322 62.25853
47.586094 50.738953 68.06465
44.51945 54.811646 70.653755
44.943024 49.41285 52.620655
45.576103 49.684414 52.697247
52.54305 60.93742 63.518356
46.554905 55.08041 69.7141
30.179987 49.159355 73.23692
32.428444 40.1782 60.191196
32.44688 38.794468 58.46138
37.176006 40.15091 61.33715
46.25922 54.83528 69.09166
39.942738 42.699562 62.382473
41.679256 72.33752 77.909355
24.50138 47.85973 49.383324
29.888239 45.155865 47.119923
63.306774 53.905823 52.16423
63.136818 53.71402 52.13548
81.06916 16.447815 22.175196
87.240944 20.153996 23.899935
42.83975 47.717026 57.741066
58.33772 71.047516 84.200615
44.65688 53.809658 69.861435
44.256172 53.409195 69.37025
49.910374 51.13515 61.62715
60.95545 54.64088 71.66516
59.723682 61.253777 74.39547
60.411064 61.98144 75.223724
56.70155 48.29248 45.998093
69.718605 97.86578 106.91049
50.066357 73.72161 82.21552
40.024204 60.278793 64.306046
38.368584 49.81311 54.22133
33.378166 49.15558 49.51681
41.57984 61.453827 63.997726
30.591415 46.576187 60.4254
41.47929 53.361153 62.88633
41.449276 53.344177 62.86119
36.903305 52.10291 57.72466
52.868584 67.4107 73.512146
47.649693 57.297394 66.05815
45.099495 59.0279 70.28619
65.02766 70.85916 76.81213
47.268723 55.90221 63.452606
47.320217 55.896687 63.42694
40.177265 58.147175 70.20825
46.281433 63.44075 75.25788
31.091373 41.774002 60.56904
34.62634 59.167885 67.19107
35.678524 47.517868 60.504547
40.937378 47.721897 48.64965
29.131456 35.553566 40.366714
109.64925 48.001545 42.689774
57.27242 63.191357 68.81039
47.72417 46.657043 62.603962
47.973076 47.01202 63.71751
52.241188 63.63479 68.57923
52.05312 63.406837 68.31136
66.058395 55.578094 66.616066
62.160374 52.38828 64.78529
53.80909 60.88089 77.16947
87.46422 58.171703 40.915123
87.85953 58.552185 41.094543
85.37455 55.94936 43.029484
0.12962963 0.12962963 0.12962963
85.58447 108.81007 112.672356
74.63617 96.32119 92.6825
98.793045 121.86692 125.69388
98.79869 121.75268 125.54748
99.364525 123.77294 127.94233
97.73201 123.924706 128.54004
98.09637 122.83813 127.02173
98.15846 122.71934 126.83395
86.789795 84.041466 79.698746
56.119843 64.603676 55.695297
53.39957 78.709305 59.391205
97.12301 100.98558 101.10234
97.132225 101.13105 101.089584
92.20143 89.17605 75.39381
71.36895 64.95484 54.65225
78.75841 99.725876 99.07379
93.64851 126.03724 122.17012
78.45476 110.22336 118.99131
78.49626 110.24874 118.9922
86.530785 102.92727 103.87829
96.41358 81.17593 76.5242
96.887794 81.604126 76.88467
102.69603 154.17548 158.30373
102.96479 154.70082 158.817
56.245937 68.25951 71.00069
77.31811 74.943756 70.68145
77.225876 74.86388 70.59816
77.31157 82.83902 82.34519
77.0893 127.97872 102.80072
83.89348 104.48932 104.40623
91.23124 99.583984 89.7675
77.73664 91.68088 92.23119
98.61201 142.02129 144.44525
95.22612 120.443794 118.91894
103.38194 95.38276 76.72596
127.93519 161.18672 152.4414
84.70988 109.35993 82.276436
88.782326 98.378494 86.85112
88.62082 107.75975 99.048775
95.771484 120.52603 97.97446
96.03545 120.78208 98.478516
87.26328 111.18372 106.78107
95.01892 99.12605 99.62951
80.455086 107.30718 87.96853
65.83215 63.38755 101.28318
103.415 88.75357 91.98851
103.45659 88.80117 91.94591
52.191074 70.83374 72.6607
51.83098 71.072815 72.2714
51.41297 69.107216 66.46028
51.48083 69.23587 66.506256
88.801575 92.56339 76.20565
86.061646 94.51551 101.445335
85.9628 94.431854 101.284355
90.77404 88.94197 72.33549
102.77449 93.85482 75.85973
74.961464 86.25507 83.067696
74.93433 86.275826 82.99931
53.889336 67.429825 69.9797
72.127235 103.55755 87.65899
72.2833 103.80827 87.85429
116.83053 92.733025 72.26064
124.1332 118.12878 93.918495
118.21446 95.05653 74.11834
87.89117 67.73619 48.26417
119.12171 102.869514 76.14453
106.75897 86.6572 67.984856
105.19692 83.57294 67.702324
105.15923 83.450905 67.5705
105.337845 81.21792 64.06075
103.31075 97.56376 68.7792
108.00435 98.35823 75.9857
121.55953 108.971085 80.13678
117.89238 103.99379 76.14652
118.034195 104.37857 76.30775
119.12293 108.02112 92.26425
120.348114 88.73018 72.63142
106.0461 81.47182 64.048004
119.00134 97.17918 71.39449
105.67613 74.182915 52.555473
105.67061 74.16025 52.564976
122.27867 95.145065 72.80413
133.54922 112.53058 85.79869
133.92393 112.687706 85.88093
115.06518 88.670525 64.54175
117.33061 90.48026 66.4719
103.05186 98.20021 65.09089
96.25975 75.59576 54.96536
99.04516 87.82598 68.60165
99.51726 88.40063 69.03241
132.09868 104.68417 76.264786
131.73842 104.32411 75.90229
117.66951 99.03537 71.29236
119.70996 95.9308 68.37098
120.02282 96.234566 68.67747
118.46946 101.757675 66.960365
110.23164 112.76701 69.73948
109.84133 112.18117 69.396484
67.18888 78.81806 64.15351
51.55714 55.409477 58.000813
51.961296 55.73672 58.404118
55.473198 58.642708 60.4786
59.02124 61.280052 63.186283
57.493706 56.11785 65.28793
57.846817 56.816685 66.451065
57.826836 56.806248 66.440994
24.518843 34.73396 84.6371
38.892666 54.60591 92.789314
25.588125 35.389336 87.42044
41.251583 56.80389 96.33796
35.341576 32.930107 60.855995
51.573017 71.40586 76.4217
110.70582 132.52092 95.22815
120.17727 148.66931 135.43909
120.612976 149.03683 136.21935
139.46873 143.00056 95.180595
161.54305 169.83968 103.24306
157.64798 170.28882 110.86465
157.99846 170.63998 110.976814
127.96897 138.03806 105.15769
132.14052 147.62788 114.99346
132.1659 147.6843 115.12642
130.15599 152.83897 125.601
126.04418 131.93254 108.637794
125.4094 131.0091 107.742485
102.9308 84.25914 63.640106
116.579636 104.57147 87.43697
101.38385 84.10157 64.17654
142.84572 129.03635 111.84117
144.12204 117.452484 102.17357
108.97685 91.37431 70.945786
87.30856 79.12886 71.198425
87.27656 79.20874 71.399895
127.73026 117.11801 96.817375
99.26596 88.793816 77.82874
99.13166 88.640594 77.69343
131.79109 104.877884 88.67544
1.8110787 1.7504873 1.5567739
1.8110787 1.7504873 1.5567739
2.0625 1.8984324 1.5750082
98.11493 78.2565 56.714626
122.491714 136.98807 129.04065
117.18579 122.29484 92.697815
110.79183 127.74529 95.701675
109.79666 126.58321 94.57428
136.70866 130.21983 152.53136
133.09435 126.34759 153.53136
132.98116 126.21016 153.3157
156.15384 172.59662 174.42374
131.87935 141.32188 159.76308
131.90277 141.32748 159.7552
60.221043 82.4933 89.88637
60.614117 82.95598 90.40546
36.705612 36.173244 48.952446
50.933113 46.85912 66.232864
75.637146 66.15696 62.170322
34.18084 34.193996 47.95342
34.451225 34.426495 48.231075
63.1996 54.04926 69.80856
39.539677 38.749958 51.8804
69.39591 53.197205 53.3936
74.9561 70.97694 95.334305
62.802673 36.819565 43.981644
63.108105 37.089386 44.307625
52.48867 46.001057 62.12102
69.0424 53.681408 87.66797
68.37995 53.478436 87.013725
78.57834 68.15014 79.89429
45.770508 55.425278 90.91906
45.78139 55.54715 91.03996
73.55827 66.46909 79.73595
60.54134 58.62236 98.923775
50.019737 63.79187 78.319725
75.13077 75.82456 63.043697
75.16476 75.824844 63.029728
59.837395 37.68535 57.78452
59.8925 37.752804 57.892746
111.14965 39.153183 89.6436
48.98607 89.84978 116.6239
92.98481 83.757065 58.670483
106.65696 84.347305 41.843285
106.290405 84.01836 41.693794
85.59568 62.98485 45.96361
93.3447 80.51324 50.803486
140.2797 117.98534 64.74919
140.25073 117.96848 64.77437
92.62309 78.44855 69.08411
85.5467 68.56409 48.07964
145.08188 118.54358 52.47474
144.88832 118.37776 52.39563
130.90213 103.11724 47.49452
131.10574 103.214264 47.48469
67.390755 66.28257 84.87346
88.9055 71.072044 40.61436
73.476 56.374714 35.752274
111.759544 84.98035 36.819527
111.71024 84.91269 36.771606
172.49261 141.62427 74.8897
111.34515 81.80393 32.157448
127.65643 104.81177 47.649406
104.43303 66.830284 55.961296
137.35628 97.34535 59.66622
143.08345 99.438515 58.270752
143.0783 99.455246 58.328175
112.73087 74.861885 49.80113
87.72811 46.71743 31.275991
100.06449 53.123497 39.292397
100.29946 53.4907 39.747604
100.95049 64.87825 35.569283
103.7885 69.55698 35.81116
83.0 124.161835 87.037605
122.31014 117.22023 70.899
122.44997 117.2697 70.87577
120.01738 124.21434 105.083496
4.919144 5.3215966 4.6628494
5.3983107 5.88897 5.1703215
5.3983107 5.88897 5.1703215
4.667926 5.1903834 4.6221976
2.6100957 3.4096005 3.5852015
4.5835366 4.960283 4.8205814
10.262224 9.211339 7.287321
8.845435 8.990619 6.9745774
8.2759905 7.134625 5.5690384
8.2759905 7.134625 5.5690384
10.4029 9.850553 8.542642
11.002315 9.687825 7.5173407
11.002315 9.687825 7.5173407
10.696962 8.623335 6.735543
10.696962 8.623335 6.735543
9.964871 10.456952 8.663824
10.269696 11.236355 9.407895
9.830206 10.55389 8.680718
7.6681695 7.1704435 5.571475
7.6681695 7.1704435 5.571475
9.024935 8.686079 6.7359486
10.102136 9.611598 8.102542
12.254832 13.208415 10.923083
10.583252 9.254589 7.289514
4.4291344 3.981319 3.1611843
12.346248 10.043048 7.9026155
14.371589 14.4634905 11.47141
14.371589 14.4634905 11.47141
16.529158 15.489766 12.39092
11.495573 11.634259 9.010234
11.266569 11.515188 8.908748
11.266569 11.515188 8.908748
18.290205 17.780703 14.054581
13.934454 14.033545 11.945216
18.580652 18.452688 14.073262
6.1130605 6.123538 4.713207
