0.0 0.0 0.0
0.0 0.0 0.0
0.0 0.0 0.0
51.863235 91.62582 160.28363
3.082246 2.5938568 2.541589
119.026054 131.21078 151.42206
103.45767 111.13432 131.91446
71.17459 64.72328 69.67249
80.95806 76.48249 85.50652
121.89554 125.543144 145.35504
88.42117 80.17389 89.74045
69.57762 58.8677 59.518795
101.61623 98.72235 113.718
91.75749 63.993786 62.136883
21.607992 27.774076 43.460663
41.911423 53.793026 80.75279
35.319042 38.884243 57.766193
31.494797 32.799976 54.14702
29.822033 29.231905 47.129078
37.936626 37.546715 57.08372
37.936626 37.546715 57.08372
33.706665 32.646435 45.576965
30.54621 30.844206 42.029278
37.953053 48.274117 71.11929
33.866573 36.3903 50.52672
38.563103 49.281025 72.50847
45.38459 58.67715 77.945755
45.38459 58.67715 77.945755
38.782696 36.95674 54.339237
39.50144 46.483185 64.33492
31.196917 45.71676 68.81632
65.96944 71.08718 93.96439
65.96944 71.08718 93.96439
34.84778 39.67187 59.54054
56.706665 63.709927 86.782425
54.569237 54.97142 68.705345
54.56613 54.964237 68.69925
154.8293 136.50201 101.01592
36.89857 29.26429 34.12065
50.151833 42.167755 49.87438
54.40564 53.282307 67.33007
54.79155 53.746933 67.95356
84.363075 76.60271 89.46692
98.144066 90.972626 99.200874
84.02815 78.363464 87.84347
84.02815 78.363464 87.84347
88.92781 80.56035 79.78231
68.49123 64.81632 75.71272
76.88234 80.448784 94.96439
76.895424 80.439964 94.95635
60.01996 58.74674 74.17459
36.200645 37.679558 44.06341
36.200645 37.679558 44.06341
89.14624 76.5073 69.00431
83.11595 70.55452 72.043335
92.8663 83.131836 78.126434
90.5052 80.94028 77.906685
88.85077 73.86875 71.5351
78.39131 68.56162 68.13234
93.57852 76.07336 70.9164
77.55398 72.83869 78.548386
87.74165 77.70682 79.79582
94.90284 83.3569 86.239784
64.04248 64.7067 75.906105
64.534134 62.697693 69.11339
38.158085 38.641308 49.42187
41.749844 39.28499 49.96121
82.053276 70.54279 70.144844
82.053276 70.54279 70.144844
54.649967 48.818462 58.704567
68.10958 51.96245 52.427654
23.704878 25.51297 29.922918
50.15987 48.38537 65.60958
50.06916 48.230118 65.28666
72.52404 71.40991 94.77796
72.437096 71.324326 94.718
87.8053 55.041084 56.549587
64.63995 58.431965 73.6137
47.251163 43.821297 50.464935
58.838226 49.82277 54.002834
99.33089 82.05681 77.62799
78.93822 69.373566 73.65544
58.11141 50.060112 55.269417
43.018406 42.834034 53.524155
88.08325 76.167755 78.89512
130.61545 114.06543 105.9515
77.77213 66.7775 67.13094
54.900745 59.56842 69.89733
84.30514 70.233925 70.25338
49.986526 50.29392 61.33819
49.780212 50.097816 61.196644
58.15867 46.496815 65.467964
74.563995 61.597584 71.54469
65.05118 52.682392 58.665154
82.68771 62.100304 64.19342
81.87201 75.763435 94.1714
67.85038 72.89562 93.52854
78.12275 68.53767 91.89919
92.39434 74.36863 84.56706
92.50885 74.433556 84.6085
77.82215 72.49985 96.796364
79.93833 67.55491 71.59805
73.50672 63.49491 70.29648
75.73004 61.801723 64.72468
90.380394 76.713615 71.38782
93.73315 75.67067 77.34044
85.38164 65.81167 66.82654
102.100494 90.63416 89.131134
85.16278 78.45577 76.881294
66.93197 55.66053 61.765453
75.51581 62.716526 57.2281
84.04415 66.323235 63.625504
58.42719 56.889603 62.677345
57.786774 52.902725 59.136765
73.58671 75.17071 89.00043
46.731983 27.971691 32.204567
49.275475 31.450762 32.333138
62.359856 34.47344 33.21268
62.696297 34.84141 33.404396
57.68674 59.61898 77.65075
83.51495 69.73218 71.80685
65.266075 57.52559 62.94979
81.73144 80.33419 104.74864
54.98975 51.318382 63.686897
68.37139 63.663017 72.07199
81.602516 84.761375 106.68453
96.583336 98.596344 121.4762
60.342575 60.75101 59.165928
69.99281 73.20243 78.9974
72.15999 60.011337 55.79858
97.58551 70.35632 66.74907
105.99701 65.760796 56.694237
80.50455 51.250546 67.43985
145.21625 103.10551 95.08368
131.54936 67.48792 52.508736
192.35542 95.61114 85.45616
109.23699 59.474216 55.976547
119.86234 70.91733 74.31481
119.98866 71.033356 74.39764
108.0506 75.96893 69.80627
66.268135 34.720993 44.452274
103.35038 69.71637 62.255554
103.538246 69.769264 62.197346
75.13773 43.587177 48.843857
96.013435 57.716953 52.079994
95.91406 57.660805 52.06524
90.50373 61.441868 59.409523
88.01048 68.40859 66.20484
108.420784 79.068924 57.135292
86.89977 43.168724 45.980194
112.814964 64.263245 64.791275
57.329876 29.963886 41.32821
102.947655 44.71342 52.379894
114.644806 65.90288 57.313297
117.506485 78.195366 70.70942
78.33551 56.604458 53.410145
78.456665 56.639523 53.408203
115.82673 73.7785 63.127525
93.81372 81.416824 88.92043
128.56787 89.175446 80.93803
124.01278 84.03181 78.345795
91.278 58.158745 43.582245
166.14041 121.96027 86.65319
86.83671 47.587917 34.39061
153.17183 88.80296 54.57079
74.74499 58.389133 52.971226
92.66127 68.68418 65.93445
158.12294 145.45908 126.03371
106.854416 82.13195 77.370926
106.73761 82.08904 77.3239
103.83698 80.69886 66.318306
73.43682 53.194782 52.660027
67.42645 36.306656 49.421482
106.13533 83.94567 69.77691
51.87593 26.808441 37.126633
88.08462 60.126633 49.680218
140.1417 115.11001 95.2867
140.04652 115.034134 95.28526
116.80992 93.13082 69.2804
147.98982 123.42358 102.076614
89.30398 68.565315 63.021862
95.78557 68.441055 67.550285
116.84712 79.35034 82.468704
117.00462 79.367935 82.525276
55.574867 52.06749 55.621235
87.960236 71.669075 78.08419
58.853603 59.68461 70.060265
55.2639 65.07343 79.17168
48.334652 47.99033 55.063103
48.42156 47.993748 55.04489
50.407463 49.824986 55.63366
65.4183 87.2086 101.94218
55.704334 62.635098 72.65618
60.592304 71.02384 87.13641
47.987923 57.123367 72.107254
55.3543 64.17214 66.679634
55.73128 67.26297 87.13063
58.25567 68.89624 79.80708
58.29116 68.992546 79.91395
65.44762 72.98419 84.30833
58.951965 63.840633 72.92506
68.03176 78.923035 87.14678
68.0647 78.98404 87.20325
67.93927 78.87601 87.06741
52.713497 52.316364 61.17521
44.809994 54.97771 66.48322
58.403774 60.897987 69.69136
58.481167 61.00695 69.793335
56.27998 60.079216 71.547295
36.94156 46.67622 57.957634
55.827236 66.453094 83.87589
49.676918 44.291473 58.815624
64.69556 67.51759 79.85962
46.624535 47.282387 57.150864
40.91927 54.201073 69.46319
32.80949 42.99029 62.06582
29.26926 30.968197 38.612495
63.57153 88.9727 115.41018
55.405174 66.72631 86.74907
36.57941 43.065975 56.797104
38.43387 53.89962 78.0671
147.22112 116.68717 75.711205
146.62698 116.98047 77.23315
47.28456 53.55953 67.418495
48.95208 65.84828 94.06046
56.974525 46.71641 51.44824
69.665504 42.761066 43.613853
36.60349 52.877098 75.02664
36.56085 52.75159 74.8988
78.9475 63.775475 54.066635
41.753998 40.352516 44.144806
59.25769 48.99173 43.113003
91.00994 69.86261 62.528114
44.443653 50.766193 63.67284
67.83252 40.76351 47.75707
76.1525 47.770115 44.831276
76.0459 47.73765 44.785103
59.891193 34.220604 39.21004
59.927967 34.195362 39.22278
54.023533 32.005047 39.28829
70.614555 43.23377 45.662746
77.259514 38.887386 43.733147
77.17878 38.813725 43.662357
81.29361 46.36215 47.987923
82.07293 45.88758 49.85131
81.87892 45.71303 49.80448
52.11347 29.65428 36.609077
89.88401 50.281765 83.098404
89.88401 50.281765 83.098404
80.02128 44.135136 91.81811
63.134357 41.601974 77.86991
66.382416 40.001904 90.23746
54.71381 39.032734 75.741455
55.519222 39.695984 78.62535
56.937675 45.147835 93.35939
33.337566 36.108963 52.391117
42.47864 42.703247 87.480736
40.538986 41.114983 83.6111
35.15816 38.220177 63.62422
44.25027 42.01301 83.26048
31.138124 34.153233 54.401096
31.638319 34.381523 49.731476
22.88463 25.000465 53.519726
34.74107 35.878765 57.30227
38.055607 38.450333 60.89632
43.122864 42.65882 62.0233
43.01285 42.535725 61.99468
54.809685 44.99899 62.040462
42.798733 43.59933 67.10469
40.323196 42.32324 73.93453
40.326267 42.318306 73.98334
83.85597 39.131523 25.233768
83.64815 37.93907 25.90521
64.59618 32.359856 19.29023
39.48874 21.753183 21.749651
41.04314 43.14636 76.12955
46.9781 47.833256 65.47553
35.44315 40.837296 51.292015
30.015766 31.099915 49.022175
27.082518 33.47736 54.710354
42.97534 43.685966 98.538635
49.733147 45.578167 104.68752
51.26588 46.021553 115.58434
63.76138 69.62857 112.8218
59.446217 65.25656 107.31877
48.8703 55.99344 100.90731
25.869835 29.450294 57.202976
25.805296 30.105234 53.73672
33.139523 34.242504 65.69342
28.334188 31.226545 67.161964
45.784367 45.87869 116.34304
47.003223 48.078594 118.97356
41.524193 41.07848 103.19008
41.13024 46.953285 75.28499
68.511375 44.29217 42.921017
61.883778 51.044655 56.13956
212.92393 74.60787 37.019844
44.023415 34.327625 49.126396
44.037125 34.33477 49.13428
85.864784 17.135406 22.631447
14.734312 8.37632 3.2449906
112.381134 55.221382 57.381794
112.381134 55.221382 57.381794
130.06729 77.00198 49.25431
35.432198 31.519999 39.492233
210.24208 101.38886 56.899117
131.67854 50.109894 45.59549
52.884785 15.162473 29.020853
60.09568 14.657697 35.30922
59.93686 14.643717 35.400784
70.90618 71.45204 84.78887
51.891815 43.38428 47.76169
49.87065 49.632183 53.18123
49.76332 49.61902 53.08108
56.672684 53.04928 52.71948
65.332596 66.27629 63.557743
54.930298 51.24767 50.46552
43.24072 39.52648 42.61168
56.78829 51.18317 53.73913
57.70783 53.70577 54.533123
72.98757 64.33042 66.202545
72.82405 64.11227 65.97111
177.25093 52.029747 32.610245
52.987885 44.7893 46.86176
44.710934 40.80351 46.66756
59.607254 53.094322 49.00233
56.445168 43.254154 43.42987
61.210236 54.847313 60.201927
50.19105 41.585003 37.044308
59.352943 60.647408 51.369953
59.197926 60.53879 51.288406
54.837177 40.467537 50.340363
44.397327 32.87302 33.442955
70.64776 46.68158 54.054054
53.61727 37.60943 49.03262
76.213615 47.644493 50.5459
64.81201 38.826576 45.101894
77.87916 41.586906 41.86362
101.46397 52.78825 51.022987
56.268368 36.76099 47.2759
94.17242 51.10364 47.673965
162.88272 93.8404 55.839314
64.203865 29.56151 43.841797
64.17707 29.522484 43.785995
99.2592 80.9421 88.83085
173.52222 115.31283 75.10873
142.08936 72.51013 64.04718
49.528038 65.77559 70.34234
79.453094 69.78922 85.296364
40.021748 65.59432 101.29151
50.78421 63.619526 74.96789
48.29019 47.34339 82.286736
35.308132 60.881485 90.945984
49.676994 61.4574 108.04396
92.346535 63.565548 93.33799
99.58865 78.31069 137.00171
100.09809 78.88626 137.63913
30.402143 32.6589 37.52058
31.549511 33.719128 37.71571
36.56955 34.84075 39.27194
54.271824 30.039959 27.431967
96.19851 52.31986 42.418102
55.714508 35.943382 32.931385
55.618244 27.87865 23.275707
45.511494 27.31916 26.582945
39.065083 35.52388 36.543453
42.410297 28.681034 29.831198
32.577625 30.52625 28.943422
32.637424 30.584381 29.04384
27.330692 34.355545 49.09568
28.745224 30.220566 33.820908
44.005863 42.631447 42.54085
25.402842 38.72115 48.51138
41.83543 41.082478 40.40129
27.518484 28.055918 34.286232
27.565044 28.094479 34.29454
20.313295 29.51627 40.65828
20.313295 29.51627 40.65828
43.112495 44.287395 46.85733
41.943733 43.657154 45.471767
20.388048 21.98664 26.770388
23.817879 29.307121 33.860554
47.13129 45.69707 48.94618
23.394493 20.998331 27.107641
24.457829 27.286695 33.43752
18.279629 22.941597 34.22049
29.299822 30.603682 43.652687
25.982216 30.147795 42.86207
49.23346 50.840984 60.520737
42.103565 41.8277 46.768482
22.736681 31.451498 46.726547
27.74169 33.74534 42.859272
29.985554 35.85679 43.523144
28.573393 34.87628 41.310383
35.232876 39.568382 43.941326
35.584343 40.46579 49.112923
28.902842 35.58885 48.71948
35.89725 42.030678 54.229534
31.717691 35.02765 48.05751
28.15389 38.278736 54.39632
28.699596 38.465946 54.215946
23.950684 42.015377 59.923386
10.612924 19.66659 29.183636
10.601157 19.643679 29.161774
50.779823 41.781105 41.30514
36.692955 26.481361 31.333372
25.1104 27.626087 36.59805
45.517437 40.5718 43.850224
42.759396 49.423965 46.84999
29.224176 30.319704 36.598866
35.320248 42.73897 42.03747
60.00598 42.686356 47.406803
59.763554 42.407852 47.241264
60.669502 53.872826 47.400864
83.93445 55.332672 59.038986
66.28739 40.58345 43.065548
83.3263 46.386417 36.73625
82.08236 49.429443 38.613194
88.50924 49.954372 39.145737
85.949326 48.94758 46.377758
62.89861 38.014835 27.855196
57.65921 34.550095 37.264988
82.090515 50.670357 33.204254
49.357952 37.97903 35.25629
56.00128 44.493282 39.73967
55.363003 46.036736 44.466682
55.141193 47.980972 48.98241
37.024464 27.927734 26.428822
47.460857 35.326267 29.626242
76.80285 59.168026 42.948196
63.10978 42.29532 52.131523
51.91981 37.132378 40.54155
37.05017 29.21338 45.984974
78.27893 43.93158 48.333256
159.76805 93.765884 66.60322
160.45496 94.22965 66.75206
61.821297 40.196373 46.414337
53.735943 41.146164 50.297997
61.70771 37.889988 42.893677
65.646866 44.168995 60.300907
65.65902 44.182587 60.30976
107.659836 59.462605 68.75738
58.37131 30.422491 47.056347
49.523415 43.430374 65.590866
66.03534 39.99476 57.008038
66.055374 22.047104 14.385368
107.07821 50.920124 37.36568
92.316246 42.103603 49.865837
61.153893 31.376087 39.959732
61.97344 29.598011 33.23206
54.69214 30.225496 31.664532
186.98459 94.50206 47.605507
138.04019 64.21171 50.71016
139.18834 70.51732 69.24472
163.09358 77.220955 67.77648
68.45791 33.793335 35.856323
64.31303 33.64329 35.37803
40.536892 33.580345 48.928745
60.98004 41.92789 56.168804
70.46202 29.348284 29.333838
70.46202 29.348284 29.333838
55.548386 42.890804 74.07273
79.7175 37.86215 41.450294
97.11634 44.390144 50.930878
96.96808 44.36234 50.937443
86.656685 46.588303 30.575916
103.445946 34.390728 26.434141
36.489166 32.06683 45.017162
36.44719 32.04295 45.02986
32.36805 36.581005 51.589314
42.339508 38.75722 50.68418
42.353954 38.78456 50.67595
42.139755 39.887814 51.969246
42.079254 39.805878 51.880825
38.901676 40.594128 54.93787
59.3378 23.616457 30.255049
51.547493 24.128145 29.379816
48.987766 26.198004 29.729109
70.80708 32.087215 40.068653
77.46979 34.23796 41.88506
77.37993 34.24095 41.875854
31.489515 25.024736 44.29994
36.9807 25.06578 54.518562
52.71447 27.088732 38.714855
65.161385 34.43958 45.19587
65.200645 34.367893 44.93418
73.34102 43.29559 71.03802
122.66399 46.198547 34.716137
57.215363 31.241146 37.550404
52.132183 23.22771 36.68224
83.68667 35.31143 29.923811
137.5247 47.82716 29.356516
85.43701 37.422684 38.591682
51.966137 32.181812 54.028076
59.63098 33.631214 80.91201
59.47864 31.067295 87.42564
70.43632 38.02594 90.35081
54.92517 34.535416 71.181076
76.13327 55.14888 47.949867
80.32743 63.288483 67.05992
94.36859 69.50955 65.122086
94.278076 69.4075 65.0739
112.85935 85.370575 74.30262
112.40432 85.16053 73.95033
102.63991 78.93344 74.25024
123.934685 107.08271 121.13886
112.783005 111.11568 125.89473
107.3173 92.57459 91.50924
96.3025 84.486916 92.95682
88.63688 79.15603 94.10718
162.37857 156.14597 169.95697
5.0 4.0 4.0
201.92296 148.209 39.60143
199.40506 144.95033 38.940666
200.46524 146.8901 39.556267
200.60341 146.70798 39.606556
199.2869 145.14842 39.04858
196.94296 143.80447 38.964005
195.20255 142.0238 38.288834
195.863 141.94412 38.300987
196.87314 142.59348 38.521397
198.13324 143.85947 38.74534
198.15894 143.9032 38.748875
194.48605 141.30072 38.46276
195.0009 141.6657 38.48928
196.54846 142.41647 38.459846
198.6259 144.52179 38.807045
197.76367 143.67902 38.726467
194.92583 140.87643 38.273106
194.92583 140.87643 38.273106
195.00558 142.1984 38.563683
195.02614 140.24261 38.122204
195.6137 141.41328 38.16418
195.58446 141.36949 38.160183
193.80666 140.80716 38.07285
193.74118 140.70996 38.063335
194.9221 140.76558 38.20938
195.91605 141.82631 38.344982
199.04512 145.08853 39.079643
195.17828 141.60132 38.226234
195.63467 141.28441 38.280678
195.57327 141.19 38.272175
197.45375 143.37186 38.65327
196.32086 142.58861 38.7361
196.25136 142.48851 38.726273
196.25136 142.48851 38.726273
