0.0 0.0 0.0
0.0 0.0 0.0
1.8587136 1.422837 6.4017973
17.45459 5.6161056 4.152423
37.564335 35.40941 28.884829
59.06217 56.2905 57.76088
0.2676652 0.18410572 0.12863436
0.0 0.0 0.0
9.921903 12.527823 13.327753
38.227524 40.97244 43.37089
48.969975 54.84215 65.410576
26.380651 26.29385 29.850784
26.400494 26.317463 29.887012
22.303577 21.642855 23.85371
24.077497 24.282537 24.797428
23.023754 22.278027 23.881374
22.84229 23.27697 21.648388
44.06978 40.448845 33.85889
23.22273 24.815119 27.134872
23.179665 24.761127 27.063824
21.409445 23.20867 16.921692
19.43207 13.450819 9.062801
16.090925 22.028687 19.198027
16.090925 22.028687 19.198027
22.609127 20.799084 24.994009
25.29533 20.857199 22.381815
23.569868 23.040176 20.479788
22.252651 18.168318 19.630766
31.866114 34.792847 32.43806
24.083525 24.42918 20.650608
27.228123 28.01392 27.17519
18.941885 19.658466 18.647402
22.535154 19.607084 19.582167
22.637886 19.74636 19.782661
13.23341 14.470978 14.074221
26.11711 30.994009 31.575754
21.362608 20.38252 21.035912
24.504423 27.22488 32.874466
17.212616 19.127613 25.26844
14.872987 19.482115 22.618572
16.940617 22.944881 27.593021
16.940617 22.944881 27.593021
17.673973 19.621744 21.926943
20.694448 25.121128 28.870344
19.65755 23.551119 28.656141
46.802185 46.598484 30.257515
27.077322 26.827137 35.834927
27.077322 26.827137 35.834927
159.55994 165.36014 83.95108
28.271154 24.509039 15.435559
32.54615 35.34192 31.72712
170.49022 171.82217 87.70216
182.88303 188.5051 98.40747
105.153305 103.475876 58.058712
50.71045 51.700897 28.671612
22.718943 24.096529 27.617409
18.418432 24.119083 19.144247
36.295506 34.84025 31.662872
27.376598 32.11644 36.386715
23.859806 33.062412 38.282818
23.859806 33.062412 38.282818
31.021322 33.54897 32.68962
31.092863 33.484547 32.489937
35.01755 43.848034 49.012897
32.765358 40.188442 46.83947
32.70097 40.115173 46.769268
17.858326 17.396511 17.048952
25.360281 29.012194 35.058044
62.255154 55.144566 48.698677
40.695683 35.730537 37.23341
40.743893 35.726063 37.21121
43.867065 36.492863 34.5828
43.55031 36.52645 34.26125
42.79757 37.905796 37.123524
42.86851 37.94213 37.15334
38.37135 33.53491 35.341393
50.887188 41.970043 41.01533
36.46407 37.342415 38.56955
36.58386 37.452934 38.69889
68.24744 66.87545 52.58065
68.24744 66.87545 52.58065
43.310307 40.690113 32.219418
45.505093 44.44536 36.755596
25.677393 41.473057 71.28747
25.677393 41.473057 71.28747
68.632744 64.05346 132.192
68.6333 63.977726 132.10005
49.785374 42.44846 90.92655
42.944565 25.637005 37.589252
72.71073 45.810574 57.171417
72.64955 45.534767 56.705692
36.302097 42.73586 76.251175
50.54474 45.62911 76.54118
50.54474 45.62911 76.54118
65.63284 32.67235 28.448141
48.901215 43.86104 51.960354
45.808105 45.426926 56.491913
45.808105 45.426926 56.491913
50.96758 42.868053 79.87736
58.433056 45.773884 66.47672
58.433056 45.773884 66.47672
41.144424 32.21205 82.49875
65.11665 47.45029 82.00853
54.022873 54.77413 60.68814
54.022873 54.77413 60.68814
44.612934 45.881233 50.464245
39.440987 44.023754 47.337196
66.94728 84.65984 95.137695
29.40518 30.115067 34.60504
34.248035 45.988583 57.77769
33.047718 47.625267 61.162186
25.778326 29.945057 32.774063
29.20733 36.529232 48.904987
42.479084 50.24208 50.790485
46.504704 54.854977 52.58079
38.922924 44.656 49.28853
39.616566 46.74488 52.704636
36.02231 41.26932 45.571346
31.23637 35.12768 37.86414
34.932934 36.17209 40.134167
34.98569 36.043137 37.787243
38.010994 41.583153 42.51394
38.10689 41.688774 42.652195
33.04846 32.88948 35.401302
32.94608 32.765358 35.278236
28.559717 26.560457 31.527119
35.425304 34.154537 33.668934
24.088987 22.04067 20.470379
27.311789 31.470802 37.35725
27.311789 31.470802 37.35725
35.20712 35.117496 38.761127
35.35098 35.32183 38.986115
37.21047 42.789497 57.877357
37.423508 43.125004 58.36155
48.357075 53.711082 77.83359
48.53445 54.004406 78.284935
61.417164 72.005325 122.27612
61.417164 72.005325 122.27612
24.54104 24.079226 30.62245
31.129868 25.939383 27.458256
28.441057 26.559118 26.193163
28.441057 26.559118 26.193163
27.87415 23.989569 20.73829
27.87415 23.989569 20.73829
31.59785 26.111084 29.020405
35.586468 35.946148 36.791435
27.207048 21.749533 20.137445
27.245462 21.770607 20.1594
27.296387 21.796581 20.181322
21.045074 18.763136 18.196018
36.94365 34.19852 36.90005
26.152246 25.619877 30.626467
26.03912 25.560247 30.605392
35.608883 32.72095 34.638977
35.608883 32.72095 34.638977
43.057655 40.595737 39.56564
40.010113 36.28176 38.721905
40.010113 36.28176 38.721905
34.000423 30.160635 32.10643
45.72208 44.35172 47.091663
47.672775 45.051525 47.971912
31.203136 31.256105 32.30978
31.373533 31.440775 32.483593
15.272246 18.65452 21.971348
22.906996 25.2197 28.157675
22.906996 25.2197 28.157675
28.343365 30.73001 31.50474
28.516018 30.939173 31.77681
22.552458 25.001692 28.723595
31.546467 33.86724 40.079964
30.80208 33.42171 43.352352
25.27771 33.256107 35.778046
25.350801 33.357464 35.91658
25.444017 33.48049 36.079613
67.53755 59.095966 56.642395
26.363594 28.477217 29.099771
19.798344 22.368881 24.517252
24.77889 25.101322 28.55281
26.70037 28.11926 32.5994
28.980335 32.699314 35.17706
25.809727 30.128387 35.688282
14.057586 16.328564 20.04504
14.057586 16.328564 20.04504
24.62132 27.697445 31.553375
59.78333 43.79806 35.628265
78.249794 61.89036 51.16934
77.98135 61.70171 50.9526
63.174557 54.909214 48.683277
40.818325 27.744598 27.51327
29.34541 21.82964 20.195312
63.661427 59.084686 51.60042
58.570255 55.334167 54.55602
58.701286 55.474503 54.74576
32.04994 28.458256 28.276335
32.050396 28.386784 28.22111
52.160564 49.26259 53.31186
29.96437 27.516335 26.001093
29.916616 27.431118 25.912563
36.65452 32.679787 33.63073
39.245323 36.36726 35.719402
45.727787 41.669144 45.39933
45.729126 41.63806 45.41163
43.34791 40.35556 46.22622
41.9994 39.781532 40.226433
53.66016 69.38227 84.50266
53.65258 69.47704 84.45593
41.640953 43.044266 44.127117
34.668262 33.30266 32.752037
34.668262 33.30266 32.752037
28.320246 25.586538 26.601797
33.608177 29.89096 30.03799
31.680317 24.469004 24.142838
52.718906 55.69815 62.512566
38.44081 39.284653 42.589535
38.32444 39.120457 42.37889
40.79221 37.87898 39.181778
27.17452 22.960388 24.826044
26.524757 22.358414 24.176
33.990765 27.146255 26.095648
33.990765 27.146255 26.095648
38.012123 37.47517 42.929832
32.76437 30.851067 34.559155
39.544037 26.646309 22.976528
50.439575 44.970642 50.067947
25.898855 27.54206 25.140863
35.8923 36.38872 40.837006
26.456459 27.557497 29.778784
32.755737 34.00074 35.122574
25.050432 27.816952 28.656353
53.87651 56.602467 54.283066
54.323383 57.059772 54.777905
31.24437 32.73695 32.613533
44.318096 42.090363 43.053745
31.37755 30.335049 26.35066
37.72983 40.568 37.92053
38.000633 43.491524 41.089443
37.075665 39.018642 44.752495
32.409584 35.347523 39.014626
32.28793 35.164547 38.839542
40.984634 38.08116 36.769867
38.824844 41.581745 44.10749
36.026855 36.78696 34.70999
29.907207 30.484722 28.495543
24.342556 25.875595 22.524723
24.293146 25.821568 22.483137
34.46555 40.616177 43.243702
40.993374 42.229427 47.552177
41.077778 42.315384 47.701675
36.490997 40.93413 44.837288
40.341076 40.49399 41.145866
42.452583 40.631508 39.864986
38.726414 41.92969 44.532757
33.490326 33.691914 33.014095
27.8443 26.79415 26.492512
27.857233 26.701815 26.43912
42.625305 44.423435 48.074924
41.680317 39.626328 43.204124
41.7668 39.671436 43.272034
38.447437 39.742485 41.424072
37.95348 39.531914 40.12518
51.02097 54.544846 57.76585
66.592354 42.737797 45.661217
66.65262 42.919437 45.969727
18.562643 23.538572 24.806767
43.43274 35.727894 47.591576
50.751015 47.840034 50.688107
50.921375 47.824425 50.67045
22.330397 22.58393 23.773462
25.210608 27.596722 28.362995
25.210608 27.596722 28.362995
57.231155 37.18756 36.902378
51.54072 27.354784 30.48162
0.0 0.0 0.0
37.9231 43.424423 47.8215
40.673306 38.28846 35.80236
40.713127 38.41674 35.899242
44.106926 43.259384 44.068756
44.121693 43.216633 43.990448
52.22985 45.299984 43.857796
54.756477 45.497692 45.83852
55.09794 45.481056 45.834187
38.695965 37.60733 37.07207
37.985023 38.49942 42.434044
35.222977 38.16867 40.794785
41.732475 33.496952 30.17223
41.732475 33.496952 30.17223
21.51919 21.062168 23.444511
31.421286 27.686907 26.59443
47.61547 41.976246 41.794994
16.095436 20.436018 19.837074
51.792175 50.173214 53.713833
51.792175 50.173214 53.713833
31.941427 65.67429 39.206203
28.59623 49.13801 50.83355
22.915876 48.40941 47.969303
22.935295 48.25787 47.233974
37.6246 32.45064 30.454943
37.812477 32.87316 30.478308
18.657585 34.198025 50.54749
18.659805 34.191647 50.666183
41.79073 73.00645 33.495506
36.115665 60.547314 51.353127
30.937021 40.322712 44.327293
28.327824 47.09593 23.128176
82.695435 56.751717 56.371384
25.477217 25.938784 28.724617
25.477217 25.938784 28.724617
15.687929 15.469956 16.105022
25.74823 32.229145 35.961693
25.891031 32.452335 36.23246
18.422766 20.06185 22.231647
41.71908 61.802574 78.32292
40.560387 54.363667 73.82985
46.19591 70.92458 98.86185
49.35443 52.58245 64.376884
49.35443 52.58245 64.376884
39.481796 48.187138 61.66622
24.615578 26.42999 18.608881
29.568176 37.14816 50.043243
29.568176 37.14816 50.043243
28.910767 37.851875 53.39105
36.610962 43.73949 54.918873
26.197498 33.86932 43.213463
26.06231 31.587349 39.10939
27.517885 37.35112 52.09163
21.35422 24.53325 32.017056
19.64162 27.400036 32.51496
19.64162 27.400036 32.51496
13.123877 27.37896 38.71898
13.131066 27.361233 38.672527
28.493181 36.084263 46.038662
28.510098 36.09977 46.06326
43.71725 47.556618 65.75193
66.25967 49.976845 46.37776
66.25967 49.976845 46.37776
73.42904 54.1963 60.20525
51.749428 36.03852 37.104282
30.529163 30.298643 43.232388
72.7225 57.10347 53.184742
30.095894 25.046873 33.086308
54.13572 48.91577 53.278484
52.761444 23.371101 23.712986
48.349323 39.378994 38.180054
48.349323 39.378994 38.180054
24.504282 23.09378 31.777832
32.76349 34.190273 43.754185
57.143894 40.554115 36.384037
74.73029 58.55454 43.546467
74.73029 58.55454 43.546467
28.32162 20.876863 18.689516
33.977444 27.170185 23.02185
33.89931 27.103365 22.981638
38.292194 43.44254 50.37184
27.512 25.478237 25.430696
27.480494 25.430027 25.433199
35.46816 34.53149 36.22992
4.0080705 3.8769338 4.1709957
3.9468193 3.8440528 4.0697093
32.407154 31.759014 34.278275
34.37343 31.968424 35.59489
32.09519 32.081867 35.61124
32.030415 32.0708 35.604053
18.12243 31.424246 24.426607
11.101181 11.259841 10.3749075
15.577445 20.397005 29.508087
33.9526 26.338537 20.073269
34.00109 26.414732 20.197815
27.474466 22.103506 22.408741
24.491066 26.941357 26.136564
41.885498 33.807438 28.001375
25.46238 26.199507 26.608423
25.558378 26.32141 26.736494
41.563488 37.891384 40.254166
41.563488 37.891384 40.254166
45.10192 42.457798 52.181038
47.158768 50.002712 62.64962
22.795454 24.632246 22.777233
40.04229 36.411312 36.268547
31.824987 26.790274 25.204123
36.08486 24.021427 25.678661
30.056494 29.882996 31.811172
30.056494 29.882996 31.811172
47.257233 45.68613 45.698997
36.058434 30.12437 27.49304
26.632915 28.999294 25.1877
24.847471 19.41082 18.388792
24.88564 19.513903 18.517181
38.483032 33.223118 28.337303
34.560635 33.722748 36.04229
34.21519 33.31665 35.62805
10.6674185 12.327048 13.021639
10.724264 12.388511 13.074643
17.745974 21.632845 24.355171
37.88874 34.560387 35.25551
37.73949 34.37956 34.92402
22.354326 21.285181 22.633904
22.44208 21.344458 22.755453
32.589355 36.16828 36.69096
89.87063 76.57586 65.33706
55.332016 33.464245 23.569128
48.921833 30.869709 23.389181
48.921833 30.869709 23.389181
37.03454 29.384459 18.679613
37.03454 29.384459 18.679613
24.078274 17.731665 20.554996
36.22911 41.383507 51.065304
36.07616 41.218853 50.914116
41.738644 36.807755 49.415928
41.738644 36.807755 49.415928
34.429253 33.520565 49.250645
25.062626 24.376987 31.141956
28.268793 28.851208 33.409832
53.800915 44.290466 44.09519
31.77586 27.125673 25.448706
35.923912 31.756723 31.61459
35.78439 31.623682 31.596758
22.682785 21.666643 23.360882
32.36095 32.30534 38.15535
32.36095 32.30534 38.15535
55.66076 75.42689 92.70305
41.725605 55.558662 70.24293
41.75954 55.511684 70.1902
72.95366 81.03482 53.58527
73.0616 81.18989 53.763454
127.98477 128.12021 72.34344
47.219593 54.76437 62.376316
69.472984 75.728775 52.091103
134.36867 137.75183 75.06079
32.83979 39.936 36.953903
0.0 0.0 0.0
5.7606697 5.7477 5.7485814
0.0 0.0 0.0
0.0 0.0 0.0
4.1182733 4.1098504 4.110731
1.682185 1.6790837 1.6795067
1.682185 1.6790837 1.6795067
4.9388547 4.9311013 4.932053
3.925956 3.9173217 3.9180264
2.3957005 2.3890748 2.389216
13.783471 13.75556 13.758344
13.783471 13.75556 13.758344
9.71792 9.692899 9.694308
12.522185 12.492405 12.49378
12.59489 12.573745 12.576952
13.29089 13.261921 13.264458
13.29089 13.261921 13.264458
14.90192 14.873903 14.876934
14.90192 14.873903 14.876934
13.765216 13.731136 13.733498
14.911295 14.875101 14.877427
14.813956 14.778854 14.781674
14.813956 14.778854 14.781674
14.813956 14.778854 14.781674
19.105446 19.064106 19.068089
18.079966 18.04275 18.046097
16.405428 16.369164 16.371841
