0.03508772 0.03508772 0.03508772
0.03508772 0.03508772 0.03508772
0.03508772 0.03508772 0.03508772
0.035357032 0.03520314 0.035164665
0.45898739 0.27708524 0.23399508
0.68167126 0.40400892 0.3387196
1.1477762 0.66974455 0.55728686
1.3934672 0.81117266 0.6725146
1.9083949 1.1089181 0.91285783
2.1810172 1.2672745 1.0403585
2.7609265 1.6050323 1.3117882
3.066405 1.7832025 1.4538319
3.7064867 2.1560094 1.7500385
4.0412817 2.3499153 1.9041244
4.747615 2.7557325 2.2265313
5.5115037 3.1960218 2.5793705
5.909857 3.4259002 2.7652354
6.715528 3.8843105 3.135734
7.121037 4.1130733 3.3213682
7.9396353 4.5735993 3.6965604
8.351839 4.805748 3.8867345
9.176516 5.2710066 4.268198
9.586988 5.5022697 4.4581027
10.402778 5.9607186 4.8337564
10.80771 6.187519 5.019429
11.652239 6.690982 5.4429054
12.082179 6.955217 5.6679363
12.938211 7.484688 6.120691
13.781895 8.003039 6.5647893
14.24019 8.308095 6.834603
15.249616 9.040128 7.5068097
15.654355 9.278086 7.7092953
16.463259 9.751154 8.111381
16.869076 9.986765 8.311057
17.704409 10.480956 8.730686
0.035714287 0.035714287 0.035714287
0.035714287 0.035714287 0.035714287
34.349617 42.91095 74.51349
38.11642 46.68372 75.40923
2.1331487 2.1274564 2.120789
9.374376 9.341313 9.305404
1.246452 1.2430989 1.2395118
1.8115252 1.4389817 2.01427
87.50273 74.11787 77.9469
143.74095 102.25152 90.54153
205.38802 146.91403 102.755615
63.23647 37.295853 24.434576
73.701065 68.05314 42.06133
73.475204 67.873245 41.932354
145.24072 116.92919 65.674324
72.50752 52.952354 31.416796
72.73195 53.119385 31.506668
62.791954 43.922256 17.16746
98.75468 79.9166 43.44288
98.66341 79.74669 43.421047
109.63268 68.712685 57.93173
109.57891 68.528114 57.69522
23.53131 13.093457 12.3446665
75.64578 27.87301 26.328798
62.120594 36.187305 29.008656
103.6213 54.456448 38.264076
102.18384 69.1397 42.025497
85.4012 57.97727 36.276318
54.28891 38.541992 28.033258
58.153618 40.30365 27.542421
58.334335 40.09291 27.390324
64.26653 54.622192 38.303375
63.24766 44.63857 43.71834
55.613693 33.88276 25.416018
55.126286 33.387478 25.06827
105.656 73.911415 53.66621
81.132095 58.166836 35.682198
80.97423 58.169914 35.681183
128.31503 78.05357 52.413757
34.51189 16.875896 14.492943
83.460815 60.71721 66.84049
95.200325 73.651825 78.394264
95.12761 71.87648 75.60773
95.222824 71.91048 75.72368
94.38814 71.41426 78.94522
96.55232 74.95887 81.478714
73.72766 62.854725 82.122505
79.76844 57.722942 71.3465
50.96261 23.80673 35.718613
60.601646 48.38654 73.14325
60.601646 48.38654 73.14325
81.34888 70.893364 103.440384
72.2114 72.82728 71.905525
77.812614 56.18754 41.09845
123.61007 87.80685 61.60726
104.05537 90.63303 80.51162
115.492004 98.483894 82.675644
108.045654 84.63693 63.232613
64.99926 40.191944 34.910053
93.83855 81.23082 70.56235
87.00756 68.34864 49.446857
87.45298 70.77215 60.76119
88.62691 76.34003 62.66707
101.59903 77.65803 59.252575
101.88954 76.894844 53.132683
111.70228 86.519066 60.711674
111.85972 86.67342 60.840298
95.632256 79.871605 57.254482
117.20006 92.25203 63.950836
84.03462 72.725395 50.95867
84.89711 72.25312 49.57108
80.025185 66.70649 45.154945
68.71963 60.154514 39.057667
68.57076 60.066788 38.951614
79.550255 75.37851 54.037117
79.550255 75.37851 54.037117
80.88954 70.40373 52.66282
80.88564 70.64532 49.646442
104.311295 97.512596 69.16718
83.769966 82.52901 74.08578
83.74965 82.4869 74.01637
83.968925 82.115685 73.28961
71.85956 70.83925 62.058212
71.85956 70.83925 62.058212
120.40861 79.1245 52.98522
120.530685 79.29476 53.086636
89.27764 54.027565 34.646404
89.04238 53.876873 34.54831
124.23565 75.76466 55.845524
124.21826 75.744385 55.836792
107.325485 64.80158 40.30174
109.454346 68.719 43.64668
138.7748 107.38705 80.958206
42.556652 30.878977 27.888998
87.35586 61.85995 42.107765
97.14126 71.69393 51.840847
41.05365 33.160637 32.210896
46.750156 34.523083 37.802986
101.64126 111.48012 123.2328
37.21183 32.550686 36.412003
111.42919 83.195145 59.187424
84.45294 59.397106 37.96865
66.78178 47.69475 31.257214
66.14309 47.129913 30.859522
48.2346 31.94362 22.056145
111.96023 86.081764 63.62933
51.796825 46.38966 43.329033
42.35765 30.483547 31.634201
40.280254 44.907906 53.539146
40.30377 44.939877 53.557472
116.4182 97.37278 81.58227
57.83441 47.36927 57.085503
43.147808 33.14695 50.12812
43.225945 33.18559 50.305367
46.799866 29.545578 29.627535
44.137634 30.391571 33.94331
29.873558 34.989006 62.270042
17.972513 24.392117 35.77628
20.577667 28.359015 43.566868
23.771055 29.057821 41.13007
22.275537 33.026825 45.649643
19.170578 22.872465 34.64317
19.00538 25.740526 37.11892
18.851568 25.511774 36.841625
22.014465 32.319206 41.106754
21.465416 30.766493 41.188164
19.62422 25.967484 33.720642
21.571585 28.79246 38.439606
24.507292 32.126404 47.517624
24.541212 32.196545 47.583126
25.46912 27.845016 41.705826
24.323067 27.880653 38.60309
20.741306 23.674555 33.778072
21.75039 25.479374 41.992825
20.810043 24.972317 41.01232
20.262476 23.636658 37.726257
23.358078 25.311487 37.993683
23.345758 25.309692 37.93871
24.812967 34.54823 56.02324
41.80517 42.167458 64.53213
36.711945 25.5301 44.68508
17.127846 17.671242 19.672762
17.113302 17.667225 19.645664
69.6466 42.70945 33.41812
52.962025 24.949274 24.80747
64.80661 36.694714 32.225864
70.66235 37.495632 27.693855
59.353596 35.588936 22.84065
59.353596 35.588936 22.84065
60.989315 39.63428 30.09915
88.697365 26.333477 15.643286
87.88498 26.044058 15.502067
61.24041 20.320688 12.60687
61.362484 20.342794 12.621452
80.60219 49.71752 36.8612
65.77324 40.30209 33.39535
21.442062 26.426855 42.163364
62.24579 32.20992 25.29749
43.933056 23.872154 15.382875
57.007915 32.19323 22.734287
57.16937 32.29141 22.780918
36.816906 18.943504 17.052011
33.370945 36.267235 27.713661
33.370945 36.267235 27.713661
39.446976 39.154747 29.08601
36.76969 40.379757 30.254913
60.117786 48.543358 44.06398
10.056184 3.7912507 2.5159078
10.054741 3.8185043 2.529359
51.04324 48.987717 49.20789
47.56203 43.60137 39.43633
30.223215 24.999687 21.517702
95.15502 95.075676 76.92218
59.962494 59.37769 59.94128
56.381668 47.826187 39.169174
74.34662 68.25308 52.5687
66.6236 63.040043 65.11779
128.17998 105.95442 68.716194
105.87734 88.52932 58.193893
102.82081 82.621216 52.75078
102.82081 82.621216 52.75078
72.46869 58.322792 38.124805
97.531815 81.6689 57.0046
119.00008 96.959526 64.7291
90.58203 74.13572 50.18212
96.56597 76.69491 53.434265
96.096306 76.35013 53.19803
54.77129 45.442257 28.059965
60.36459 48.719822 35.307938
60.85843 48.8394 32.396873
45.574 34.37005 23.085386
96.77082 78.10266 50.57634
119.541405 105.42163 74.05661
69.3309 59.720913 39.1682
111.82322 105.9722 71.116776
87.17908 77.421165 54.12496
76.420074 67.11358 47.880848
60.982845 52.84408 33.767506
81.91672 76.144264 56.384552
81.91859 76.1436 56.391296
107.29105 91.52597 75.67588
191.56749 187.03159 114.03045
148.03372 104.86942 75.765945
44.948612 26.355856 62.57182
87.73803 42.522457 37.174557
57.212646 28.612991 24.03123
54.484325 35.433872 29.544994
186.73927 163.09366 107.180244
126.37079 106.06995 72.26466
126.164536 104.67144 70.67592
170.47583 140.38744 92.9777
180.82275 137.46234 88.44962
165.70184 122.001755 84.329575
137.79227 116.12441 107.73191
161.75148 118.92253 88.677986
125.37921 94.580864 86.28981
97.6873 72.162895 53.692684
84.335 60.16126 45.82985
87.017624 63.18142 45.538013
90.85398 58.056885 43.808563
90.65401 57.940426 43.679897
104.291176 70.0315 51.623127
101.007835 60.071545 44.713856
71.74509 63.056614 76.44085
53.340298 44.804314 50.63627
83.49341 77.80389 96.02882
44.62613 27.409039 21.300959
62.074196 24.622465 19.063747
86.712494 48.43762 32.163445
89.13065 51.93668 33.445377
68.770584 38.149563 21.647224
68.72341 38.135994 21.614082
30.716274 10.990643 11.898082
30.819908 10.979687 11.954148
43.651863 17.38385 20.31285
43.490837 17.332619 20.263412
62.484406 19.915667 21.873713
23.593107 13.678299 34.097668
24.925024 7.9789457 19.66933
25.228283 13.507408 37.548737
38.874805 20.222668 17.819168
123.96425 121.29624 128.32298
77.92869 53.92892 39.857456
77.81605 53.81905 39.74423
123.88038 101.880066 103.00464
123.84833 101.95387 103.18286
70.73047 39.618996 35.526787
61.91485 44.107533 39.578094
33.617516 16.293941 21.612875
119.446815 85.128784 55.365173
114.16333 71.48363 52.51388
39.267387 28.211088 28.34334
27.795696 20.766571 29.729803
15.696857 10.042577 41.586323
51.89855 25.656815 51.049984
29.266726 19.886229 14.657245
55.95762 35.29589 35.084217
56.063396 35.367943 35.155254
89.820335 55.76201 42.03887
62.24805 34.48725 29.029242
73.91403 52.50858 52.48378
13.549829 14.144807 25.14898
8.6299515 10.337297 20.306458
41.288677 39.762634 60.984325
22.392935 15.442842 35.018482
91.98047 87.822014 113.50253
27.349695 25.925686 42.049633
33.658844 33.807587 55.075523
33.778893 34.372387 54.85948
24.262905 18.253548 37.119385
47.13459 48.9862 76.27191
47.13459 48.9862 76.27191
30.71058 23.984444 48.591976
45.00269 24.843575 16.117632
90.37169 64.57806 40.45836
54.745827 31.128431 18.953993
54.04386 31.065151 18.905762
54.26879 31.295383 18.788366
35.410793 18.917772 12.614823
119.11599 96.35227 90.6838
26.20793 15.696038 20.02433
103.76587 98.43142 125.26404
103.705315 98.39235 125.250465
70.14843 62.437305 87.21214
137.06754 127.717445 158.97769
137.06754 127.717445 158.97769
69.322365 50.351646 44.37586
76.05139 66.66941 65.87679
68.238304 50.686485 45.823612
68.238304 50.686485 45.823612
103.39512 77.04499 76.67822
74.3318 46.558327 44.3858
78.98799 49.167343 47.427284
86.18091 53.99193 51.7036
42.32568 21.605934 22.555054
44.70785 24.907166 25.382057
45.09716 25.144924 25.627535
47.55899 32.65093 33.524525
45.96187 30.981247 33.212803
47.46015 32.689644 34.680286
47.217327 32.438084 34.370712
81.52027 59.25472 53.82014
81.52027 59.25472 53.82014
122.04644 79.85839 58.42046
120.92455 81.98784 51.53587
50.423813 35.849655 24.826693
110.713585 93.045654 55.94939
34.28708 32.124104 32.503704
39.791252 55.00959 56.202236
39.749687 54.941555 56.133423
48.823338 45.056263 39.65615
42.84946 58.21292 56.512943
33.728283 47.41886 47.251987
33.728283 47.41886 47.251987
57.403267 77.407555 67.93173
35.192295 55.661144 54.143364
40.855896 54.322987 49.689022
40.805443 54.256123 49.61677
41.43329 53.916603 50.07934
41.351215 53.873363 50.0115
39.330437 62.69709 59.103985
39.246647 62.55205 59.00109
63.0887 83.00343 73.405685
61.576538 78.486084 73.50593
26.534857 33.040157 42.29772
38.027565 60.245907 66.428925
55.608936 67.61279 77.88865
54.777565 48.075718 75.68033
86.03076 67.8389 57.478634
40.87418 21.932783 104.76583
125.02067 123.763374 164.98724
68.93945 37.83687 37.440464
69.02141 37.83648 37.39344
37.556965 36.566673 44.877533
40.101566 6.8169446 7.0944715
111.27729 41.519028 40.330006
16.6358 42.845562 76.600204
80.96553 68.67085 74.522766
100.54004 35.79932 27.270235
28.84724 12.397029 49.41937
56.345406 47.061836 29.189215
33.138763 33.519066 54.65502
33.162663 33.531193 54.68508
23.695805 27.321156 22.416952
89.04772 75.72083 59.72758
73.84786 67.770004 52.322403
44.368996 45.376286 38.770664
80.648315 79.931496 70.58375
36.945843 32.835503 29.95333
63.947987 65.1427 54.68399
35.410637 34.729958 29.829226
64.19526 67.737404 53.78084
64.265366 67.78887 53.806377
63.450718 65.43048 50.269806
81.520004 76.84666 67.149796
81.54534 76.855934 67.1466
32.75823 35.884514 29.826185
32.386658 37.198185 33.001522
66.38475 52.7948 41.84907
25.105661 17.893402 16.530022
99.088 87.15951 52.852856
34.820843 24.389503 20.018677
109.13241 98.20922 55.933327
108.70021 97.76755 55.71183
30.338467 19.087414 18.123674
30.51774 19.226217 18.23382
22.681496 12.861158 10.653813
67.44604 54.642624 35.168434
71.086754 58.884827 38.784233
72.810005 53.726723 39.492085
72.810005 53.726723 39.492085
123.109795 110.35859 64.61787
121.7946 105.3488 63.639816
121.7946 105.3488 63.639816
86.10632 67.36654 44.196
86.70559 67.52663 43.873558
86.70559 67.52663 43.873558
59.836285 53.051544 39.098564
90.56242 72.6149 42.581448
90.169136 72.30856 42.37683
77.74743 14.672918 13.7332735
106.979416 94.34373 51.600594
121.509514 115.33207 65.53158
151.41917 144.41469 76.022766
61.289574 44.48955 34.470837
61.27737 44.467754 34.466858
68.73573 48.468575 37.10453
87.352936 59.377144 36.394222
55.419914 40.60831 32.285908
71.496994 55.553688 35.678024
71.24123 59.683952 35.218456
39.179 23.996881 17.270508
68.775734 53.54203 39.237133
91.08184 85.31878 70.949356
94.66309 89.145706 74.76435
39.75799 34.097122 54.04862
39.75799 34.097122 54.04862
88.15432 55.10995 27.48031
56.082268 25.99462 29.192179
77.76158 28.004444 21.007915
143.1068 114.836365 75.56823
43.534428 12.457346 22.769222
59.187073 52.461205 47.692257
58.98 31.363966 31.827276
79.74384 27.933172 15.978789
81.83807 15.830786 17.047411
22.06753 17.1767 20.990175
34.83176 22.41169 22.092443
14.620555 11.583672 17.048464
14.640323 12.365097 12.909661
67.570145 41.70555 28.42592
22.298347 22.174751 19.365292
11.860184 14.677051 13.527215
10.750039 13.492553 12.706254
39.596966 38.14898 35.65892
16.997232 19.25655 19.385332
40.537548 39.96994 37.67093
29.959606 28.345016 24.86494
30.278229 28.45949 25.42132
30.589247 29.176855 25.699938
18.244463 20.543121 18.75347
34.972862 35.749687 32.95419
23.457033 23.628548 24.32412
23.43984 23.590923 24.289614
18.799946 16.322052 15.065502
18.786142 16.291172 15.029788
38.743294 38.84572 32.350945
39.002533 39.124924 32.592796
21.270977 14.757915 17.237368
21.442764 17.676271 17.090105
21.477737 17.715885 17.12617
55.02663 43.040432 41.01197
39.64161 25.832073 20.824158
57.318077 37.089947 23.480621
33.2238 28.67713 24.453135
22.561096 24.06215 31.888647
37.47532 25.057508 24.929312
20.4676 18.428026 19.833944
21.910715 20.246841 23.723137
18.85574 15.630653 18.033375
13.277292 16.281933 18.05868
13.174556 16.176622 17.94717
32.10648 35.79819 43.090103
32.08106 35.76431 43.046124
18.64703 20.64165 23.599579
55.507214 59.899525 66.03552
21.842913 22.062384 27.361393
41.41836 42.6125 46.346893
41.54476 42.7254 46.47489
20.159779 25.669252 31.3557
50.67175 59.02472 65.59814
43.479374 49.873207 56.339558
13.537391 15.840923 17.363226
43.395588 45.448925 54.07946
72.05361 76.42381 93.19795
83.27908 89.433174 105.166016
83.27908 89.433174 105.166016
108.32466 118.68403 135.2066
132.28458 146.93527 164.57747
132.15799 146.7514 164.3867
103.32685 113.142586 132.51634
25.091158 31.396055 37.351334
32.01115 33.319324 39.466312
19.667927 21.23105 28.512594
19.667927 21.23105 28.512594
31.8017 28.681808 31.367708
29.905138 28.039925 34.41243
26.11724 22.271912 26.669603
34.706604 32.20329 38.62488
69.474075 62.685238 70.99407
80.16801 73.0949 79.50663
45.13506 39.766064 39.149136
55.017937 43.40085 47.505302
47.261658 35.33406 34.640713
59.898315 48.114708 43.934536
102.91021 103.78174 131.0285
84.86362 71.68157 72.490685
93.260956 70.246025 61.103867
85.04722 68.90264 64.38584
93.080124 77.94288 69.27032
93.080124 77.94288 69.27032
77.1836 69.434494 69.11966
105.96242 84.32743 74.71288
59.129524 48.04671 39.23546
58.674164 47.723995 38.947636
65.99669 55.579735 47.142857
84.92366 75.55069 79.00475
54.16356 38.664104 35.52979
67.39391 45.353165 36.928806
83.44308 54.293747 52.896328
83.43356 54.29745 52.92366
25.297567 25.557003 39.51127
66.94354 50.308563 52.941982
46.794956 34.72372 28.419838
41.70524 31.356401 28.266922
59.636032 43.894886 37.21908
59.73885 44.032635 37.37586
82.16048 70.49883 70.2422
47.721928 38.352814 33.49692
196.975 120.4515 66.79511
196.91032 120.3874 66.74181
38.733234 37.105583 39.13818
28.03626 26.307665 27.11385
53.521328 34.403698 29.299673
52.97676 34.0023 29.120985
35.84685 19.56445 21.520977
30.433094 37.989395 37.899094
33.75386 51.57182 50.764698
22.24696 28.901825 30.740526
39.061134 44.730934 46.09728
24.376482 26.564917 30.311604
37.25643 48.566242 51.83609
37.166992 48.46027 51.728165
26.26349 36.397068 40.89668
23.320065 32.75655 39.388294
23.360027 32.82833 39.46647
17.822638 19.671787 22.231714
18.079851 19.862991 22.387398
13.808328 17.725632 21.721264
95.18567 48.68637 36.34229
11.068426 24.136423 25.965534
11.083827 24.184147 25.999298
34.23296 48.033413 50.956955
21.530529 30.140556 29.597473
23.846226 31.754171 33.855427
35.366814 48.553688 50.699978
66.244385 88.87188 95.89676
104.30513 121.99372 128.97957
78.82061 57.597397 48.134903
78.39153 85.83781 91.33874
81.309265 70.77164 62.142155
69.79776 60.62921 54.216507
62.19136 54.44393 49.66629
78.87617 55.88299 48.124924
79.2447 56.133694 48.33258
66.88564 41.31796 37.881042
67.06979 41.443348 37.972435
98.291954 64.23476 53.122116
47.270195 46.710777 47.200718
72.55275 47.563904 45.591938
90.2532 60.20793 47.394962
90.2532 60.20793 47.394962
68.06082 48.97384 42.583126
73.10917 55.75121 47.984093
103.48799 85.16219 77.57166
145.60567 96.2544 79.480896
47.010643 31.287586 28.207228
46.821156 31.124962 28.068115
89.92307 56.57482 49.34989
93.077866 59.99501 51.861275
0.035714287 0.035714287 0.035714287
3.5731442 3.570298 3.5672178
1.8834997 1.8767155 1.8706332
2.1064801 2.1000078 2.0922098
2.1620789 2.1556067 2.1477308
4.8518014 4.843146 4.8335934
7.675608 7.6627026 7.649485
7.989824 7.9719667 7.9511075
14.972279 14.951303 14.929897
0.3631862 0.36053494 0.35784468
8.5038595 8.491851 8.478985
13.973292 13.977737 13.805521
14.727347 14.702043 14.673776
11.923386 11.837025 12.103283
16.583982 16.558134 16.498713
16.456528 16.42631 16.395859
16.680481 16.57751 16.883345
16.415667 16.372427 16.417303
16.415667 16.372427 16.417303
16.068542 16.045618 15.991423
14.649992 14.649876 14.514738
15.761736 15.721304 15.738147
22.205046 22.193153 22.06558
16.83371 16.769455 16.883345
22.341898 22.33878 22.18399
22.341898 22.33878 22.18399
4.044214 4.0410557 4.011034
16.92709 16.944168 16.750156
14.382837 14.294097 14.570064
16.922333 16.937735 16.72688
18.171474 18.137672 18.100632
18.149641 18.114279 18.074547
20.297411 20.28088 20.17323
14.071 14.072014 13.9784
17.427246 17.402838 17.371412
17.427246 17.402838 17.371412
9.358468 9.342483 9.3233
7.294331 7.3071585 7.208671
11.773199 11.774602 11.642077
14.558016 14.550335 14.539613
2.1604414 2.1582189 2.1305366
2.1604414 2.1582189 2.1305366
