0.12280702 0.12280702 0.12280702
0.12280702 0.12280702 0.12280702
49.81983 53.716934 97.787834
55.442104 58.495842 100.764725
40.54729 27.007818 47.64241
99.60854 87.499466 74.30271
64.675095 143.75133 91.55667
52.861862 87.547295 81.40748
153.58798 129.55588 59.335087
84.946266 68.55046 29.681923
124.14794 56.707474 21.926544
71.72868 63.02113 52.424713
125.64977 131.06061 122.61137
116.261635 108.925705 100.27376
68.13375 55.894432 45.513195
91.10404 70.411476 67.273796
149.91136 108.649124 58.134514
91.99573 76.08856 63.265484
130.67151 83.14783 54.5291
105.8259 65.889206 49.490505
106.18604 66.092255 49.59832
119.14676 83.18837 69.77929
93.975555 74.47277 67.742065
95.05751 63.39245 38.532417
94.804 63.23646 38.47456
101.763885 66.908356 43.79855
80.28875 56.11396 57.891075
109.02887 98.33981 93.91968
143.47456 119.89962 109.093056
101.26236 85.72807 93.19866
101.19192 85.75469 93.32971
148.43748 79.71911 82.114
112.869606 81.422195 74.39996
112.66987 81.16987 74.157326
108.00851 91.23143 95.44702
81.253624 63.63093 59.000153
87.26998 66.37441 64.20564
173.9228 155.5968 142.68036
128.77322 115.26064 108.269066
161.0543 159.98837 173.6357
106.493515 120.075516 142.16655
73.94759 80.91289 92.15004
73.95789 80.923874 92.16579
117.114265 78.96522 61.403736
101.18734 66.74897 46.5193
124.89882 101.37803 75.54138
124.89844 101.37822 75.54169
71.123116 48.479366 45.647675
66.708694 40.286537 31.615637
42.698513 31.750534 18.922617
37.7717 25.280321 12.943059
37.950115 25.368765 13.058543
91.66773 52.71781 42.204235
178.91301 132.4328 160.55832
56.406254 37.36133 37.51285
54.043976 38.005302 34.869373
56.053356 35.255455 33.273533
56.364075 36.121128 32.56617
55.963234 35.764797 33.675552
54.468765 35.520634 32.10057
55.517925 35.32212 33.965294
111.83208 71.39161 52.121014
91.47491 54.23299 43.36838
141.99588 106.014496 116.0008
141.0661 105.1804 115.11995
9.730244 14.229367 16.30618
9.627345 14.18074 16.244127
63.55679 57.940807 59.089474
42.549007 41.230778 43.305607
16.569832 23.494547 24.224676
94.01568 109.9627 124.90149
26.872616 42.67887 52.206444
26.871586 42.67891 52.206177
32.881542 39.115105 48.3254
25.800838 46.88013 75.02162
25.836193 46.800266 74.86259
25.600992 57.79329 76.3463
22.863844 30.341152 41.198627
30.325249 29.780855 42.2222
54.53501 70.41708 85.68635
54.59874 70.48116 85.735504
44.79451 56.284897 79.61011
109.9333 99.502785 122.262856
196.24783 191.16042 207.03044
114.91819 106.323 133.32982
60.212395 114.463844 156.08882
60.042603 114.180244 156.00713
146.49905 156.93962 159.12814
155.70953 163.94374 163.90279
157.93489 155.51826 153.94676
157.93951 155.5555 154.04118
159.46243 137.98196 137.32143
163.78062 141.24756 139.4137
76.81186 98.55671 101.617546
199.10023 178.6857 159.65907
95.95675 132.55934 191.94325
129.95073 112.06415 93.90496
115.86636 125.8754 148.46658
115.34626 125.43791 147.96732
106.35568 81.14306 75.357895
94.090576 76.609116 48.56373
94.15874 76.5775 48.732533
76.74802 69.60862 59.568954
117.39954 118.92689 103.659805
143.58592 122.764496 120.33966
142.67052 121.80088 119.45217
86.40565 88.35591 81.99004
69.84565 69.1368 64.42853
39.693172 59.269146 57.64836
56.810566 74.15912 73.61663
58.98612 90.97292 65.99405
13.122731 26.78547 53.599426
94.06434 70.500496 74.93856
91.60053 96.76312 96.13436
133.42326 165.85301 173.41853
110.7188 93.03875 107.441956
45.720024 57.078377 47.237377
108.29844 110.553925 100.78734
137.75552 141.49619 118.569984
67.47365 61.16106 70.40168
57.19939 45.659916 49.390312
170.94936 192.02902 204.1711
180.28635 207.60408 217.6712
98.95461 147.79626 166.27544
115.033905 91.883446 58.740772
95.84874 141.26457 158.54703
94.75843 114.24653 126.62216
95.145996 143.42384 156.69379
66.9812 79.87197 97.66903
66.17769 97.931274 111.95576
67.077385 96.87505 109.15443
60.544697 84.622696 95.74302
105.36751 144.94672 156.78813
64.870445 83.66068 97.53688
50.529633 65.840195 76.53436
49.80599 64.175095 74.209
67.48596 77.77612 93.81789
76.2455 86.01507 100.5074
99.3336 130.05095 140.58844
155.5603 194.8206 209.4125
214.60573 238.75359 244.85031
13.487224 33.59714 45.960983
16.55801 38.314644 51.264645
17.358238 33.022236 45.36148
65.89794 58.96434 37.59611
65.89977 58.957474 37.62971
102.923 89.69809 57.159077
104.13089 90.707016 57.826164
81.043785 84.95763 55.091038
97.790504 70.40099 35.642067
97.650116 70.42712 35.689243
62.45515 58.494812 47.69672
72.05625 63.287453 33.13326
131.89427 86.19009 56.85118
188.63086 133.92201 113.41815
94.623764 56.895958 36.121777
96.6426 59.96331 36.47052
97.28341 71.9992 54.75473
115.49996 72.15298 47.885696
132.83928 96.613464 86.241035
99.782 83.258316 68.12205
135.45206 102.93932 87.89699
105.29169 54.37002 31.856064
88.95549 41.51289 24.921053
111.34042 62.870136 43.09611
185.7923 121.38165 108.709114
124.0688 89.26732 76.950226
109.76572 65.65523 49.8574
157.99577 114.725365 87.43585
92.20957 57.115868 41.45835
71.7188 63.431847 43.56716
82.6037 60.99592 59.473835
109.87761 55.83688 34.930626
104.34943 94.62734 78.296455
129.43283 96.34611 76.39695
126.275894 111.09275 80.17708
123.43799 70.26396 50.126507
179.98425 150.5924 94.59981
204.79683 169.81252 107.859764
73.12635 45.32956 29.78566
148.10301 105.664795 67.23402
146.25504 98.69748 67.308655
178.78452 105.631004 90.43646
71.25038 37.3151 32.091038
71.24115 37.341534 32.10942
66.02803 37.318726 37.632076
81.97655 38.667545 36.801487
35.737873 20.61785 12.025438
77.29176 37.005913 31.542944
39.41026 25.261251 16.57746
69.6032 45.23753 32.28894
39.970634 22.515942 14.013883
63.417812 37.060833 28.538292
44.009533 25.400839 14.345538
68.56827 38.99527 29.330702
55.94588 30.533676 25.743288
33.66209 25.780588 21.691534
38.77342 25.852821 26.006445
63.00763 37.431732 31.908924
48.637375 21.699085 19.515598
45.036156 30.51575 27.238367
54.447407 26.698208 32.392677
68.016174 33.670822 49.775974
78.83322 38.34798 34.269527
71.7177 39.018497 32.372234
78.113884 36.739056 33.522045
110.50595 71.45019 48.68093
118.22956 69.02929 52.058277
101.79943 57.74138 34.976162
82.89863 42.624485 32.176582
105.04222 56.89115 56.81861
115.75355 37.60652 48.797596
132.93318 61.09714 48.991264
180.92194 91.599884 59.914837
118.3111 21.194736 22.620556
68.83414 58.91068 94.4172
107.60179 64.6206 83.43307
61.617733 17.402441 40.233562
81.321014 52.196148 46.166096
63.1352 35.34222 139.25275
117.37551 49.365295 90.18883
99.00763 24.471815 90.45915
211.46918 91.09584 42.2299
150.44066 39.88238 94.66113
69.71991 49.245804 87.56178
5.6569033 21.358047 56.531464
38.286804 29.060831 46.777077
43.527534 36.035126 50.916668
122.62418 71.587074 87.972466
68.98272 39.73917 52.31819
68.98177 39.767963 52.33192
106.4905 72.29489 100.63398
32.50065 23.190084 24.266094
32.439243 23.209116 24.20122
157.04042 90.56941 132.35512
77.88673 42.31476 50.2233
85.709915 45.980053 51.111443
65.85782 42.971054 50.15221
66.83162 52.628643 64.84119
90.85526 48.270786 58.081806
91.2368 48.37132 57.958313
132.84161 101.15706 113.62757
160.63521 120.31533 92.54161
197.85942 161.89116 122.131615
53.994507 46.418575 51.17582
190.94473 138.96445 132.85146
157.39577 125.16277 126.70881
72.60854 51.449886 79.712776
116.84153 85.07723 94.97727
74.50652 45.056408 40.25641
74.08368 44.97517 40.079636
102.02441 61.874256 44.569298
101.62331 61.661785 44.48036
139.50237 70.76778 47.212547
147.6156 90.10992 51.76266
167.37502 85.6995 42.217506
166.81725 85.300766 42.20553
68.73852 65.754196 65.20984
83.608734 66.62441 80.12281
83.44131 66.486725 79.761024
88.69375 67.63108 82.61289
82.164375 63.058506 74.42845
79.97128 66.16697 76.5545
103.64466 121.0738 112.657135
115.266975 87.43345 56.655834
129.8164 104.721054 79.91632
71.76541 50.990696 47.98383
71.9585 51.086155 47.991417
151.59703 114.78436 86.22754
88.913536 52.543022 50.18589
89.24504 52.690464 50.167736
105.56747 73.18555 55.758354
140.0852 106.7045 80.18261
127.31735 133.94656 114.507286
88.39348 77.27048 69.5905
83.25862 56.975742 52.187454
82.85477 56.654766 51.757362
79.42784 70.52807 62.691914
84.37822 89.27532 81.85351
82.7963 86.07689 76.7926
82.5349 85.86713 76.65538
77.5463 62.917316 59.120975
98.17067 90.41026 75.38928
97.50824 90.1299 75.30965
124.97254 94.66647 66.2725
77.04493 71.54825 58.697178
77.297104 71.454765 58.657017
93.62399 65.48985 55.712967
99.442375 71.70751 53.45393
115.49344 87.86087 73.55553
115.3193 87.53421 73.422386
109.002594 68.057625 47.954006
122.70194 77.491455 59.929596
92.466705 98.89474 78.34386
138.39165 87.14619 59.778984
72.145615 78.09523 64.55004
72.0217 77.96163 64.536156
42.712128 57.25618 31.460983
82.45034 84.89817 55.20633
141.84744 81.76891 56.320976
162.78181 122.533676 105.502785
162.67224 122.284325 105.34695
87.76724 87.27601 70.7775
96.71739 128.56476 102.21388
118.49813 88.26251 71.03154
80.4524 39.287224 28.368383
80.386154 39.398666 28.454996
99.94215 91.77982 80.67128
80.832 42.9053 33.489933
81.27086 43.070442 33.607056
32.580017 42.388367 48.786194
32.349083 42.355568 48.485966
40.93421 75.036575 72.96461
90.6595 37.92666 34.20458
90.26751 37.85122 34.20587
132.20038 143.41914 122.098816
155.6217 133.11044 120.54939
128.8568 144.53532 97.50019
70.47285 71.42265 57.012127
105.19062 90.567085 72.302826
114.12948 80.660904 63.236996
117.38657 93.5987 71.757744
97.768036 89.02906 87.39817
97.34092 88.751945 87.2632
64.332954 27.686422 17.970366
63.652363 27.389244 17.78791
151.73238 107.19436 89.35229
91.64157 71.573074 69.53604
129.73059 92.4402 71.091225
130.57068 93.511444 72.14413
98.18162 101.94436 129.94302
95.3209 46.76884 34.772274
91.43276 78.74485 63.655415
183.71297 145.8606 135.63391
184.00636 146.58864 136.42288
153.44684 154.71869 133.73227
158.13322 138.11716 114.99916
107.24851 91.07864 77.954956
86.622925 67.9034 64.058655
176.9492 161.26643 127.14115
172.46887 145.92708 121.09836
172.4309 145.78082 120.98135
73.153854 37.79466 29.037567
88.010796 51.44611 37.897293
174.86784 140.42079 129.04855
180.49619 129.92502 105.22563
180.2934 129.7569 105.19249
129.83154 127.736115 108.13276
164.22879 131.833 110.0688
110.51213 97.883064 81.97479
165.53966 117.89958 99.449425
164.46309 119.468 100.79546
180.18936 137.5016 114.87719
88.91312 64.35118 55.87689
136.79451 86.86133 69.46255
121.703354 66.42708 56.899277
77.128944 58.3267 52.123837
109.723495 148.93639 155.75026
44.564644 32.091038 26.898703
71.720825 55.317772 38.324257
69.821014 50.00454 37.340122
37.180664 34.057934 29.714493
72.45404 34.22498 23.156445
87.23894 76.20267 80.20263
56.50164 41.97948 148.02716
106.41472 79.08181 68.492256
76.06136 63.68303 53.285812
76.02399 63.92105 53.580547
115.73627 75.89359 56.89924
156.91045 113.32147 95.3405
150.66766 116.84969 83.26895
157.05733 122.37551 87.34351
146.39081 109.04417 83.210526
92.80145 71.089096 62.1148
110.04108 96.4992 82.56827
122.87247 84.073 80.64298
178.46864 148.13048 111.76099
125.883675 111.37201 133.59108
109.282 75.93074 70.56491
102.22025 65.94234 56.785164
72.44043 44.510868 46.13181
65.86331 38.19222 43.188976
53.48402 31.79653 35.017506
134.8352 97.11316 78.02944
123.50431 81.91792 70.59969
88.057625 47.1656 37.376507
42.364685 29.37315 17.041342
61.35801 44.53631 28.083029
135.06374 93.61831 66.45122
65.25675 62.89451 45.348133
65.980934 78.83078 48.54138
65.992294 78.8426 48.549732
36.505722 39.988407 26.911404
36.509457 39.99527 26.92601
81.61781 61.105682 61.567467
83.30423 66.23741 77.823
87.40759 52.120823 68.21575
61.879406 39.1881 55.532875
110.839584 125.79638 73.60126
112.53692 92.77765 62.605453
112.21083 92.60576 62.64245
111.501755 92.083145 62.433945
56.2844 30.05576 38.232723
22.375896 35.22597 54.921776
34.28051 34.461136 64.12266
42.336956 33.829865 73.11148
42.07334 33.71926 72.82063
71.4722 28.974066 19.120708
139.34619 44.99897 36.189205
119.848854 36.791267 27.02849
119.65687 36.80347 27.122692
52.025936 29.71682 52.499046
52.063347 39.838634 96.270325
32.815483 30.449581 120.45175
31.028452 33.024143 105.377914
55.108658 34.117237 91.966896
33.74901 27.431084 47.309155
32.885277 25.510412 44.52109
40.064148 21.0283 57.772312
40.014225 21.03055 57.888023
13.191991 27.275133 82.5217
11.772769 25.158733 37.67906
11.772693 25.167048 37.687225
42.311024 59.32792 95.4884
47.680016 64.46159 105.0116
14.80923 14.979138 33.114952
48.28711 31.195232 60.818726
48.21884 31.239702 60.776546
38.70633 33.254692 94.68955
32.51022 36.508698 100.01792
47.35797 51.812283 99.272156
108.16453 109.72441 145.03215
108.1468 109.751526 145.0426
73.24851 62.92929 64.88894
56.640694 40.539665 53.290733
56.420593 40.29954 52.939816
47.789436 44.634323 28.58032
88.83032 51.883793 33.036118
88.395805 51.66705 32.999504
73.040085 65.10221 79.76792
113.98615 73.85465 64.94759
119.09729 71.91895 61.896378
82.37639 75.08414 75.11091
66.62075 58.93551 67.63009
66.11671 58.290237 67.0132
78.75301 76.81636 79.247406
87.897255 66.6074 63.631046
88.103775 67.13146 64.41216
76.715256 59.220215 58.804043
80.80107 57.060413 42.704845
86.634056 56.564415 58.512356
86.48711 56.530052 58.59035
99.83284 62.77849 56.226734
129.6887 81.044014 61.210068
117.64378 87.41796 76.09443
57.483906 66.4823 80.97582
57.495766 66.490845 80.97548
79.04493 58.04138 56.201603
79.85713 57.240467 54.526318
80.18349 57.533714 54.551334
106.48871 80.12616 78.88459
92.771355 69.23516 31.038483
100.61686 67.82727 36.41415
80.338486 61.670174 47.625706
88.312355 66.33837 48.111595
71.98063 67.704994 55.458237
175.94046 176.23677 181.16449
65.26853 56.729786 47.427383
82.208046 88.45564 89.54024
75.88638 71.253815 61.363884
55.1476 36.563156 28.492601
144.74603 88.02994 51.365753
48.665295 51.155567 44.471207
48.94508 51.426468 44.505074
44.36602 37.623417 34.68787
51.479595 54.454388 57.07601
52.408695 85.37803 135.15187
43.572197 53.24527 88.657364
81.78318 123.32803 143.80733
21.14367 56.602287 95.827194
204.44588 220.68417 230.14783
203.94989 220.38872 229.93321
118.13753 170.17075 196.70473
147.09222 194.54146 222.8937
147.27998 194.71529 223.06686
95.58955 126.33471 150.98604
107.21674 157.08371 191.08879
97.86953 115.68906 141.34782
140.43192 182.39127 212.81361
37.435623 45.98234 71.0926
43.145996 44.36064 68.704956
42.237835 43.53932 68.50317
42.398438 43.5143 68.385925
50.43566 55.08169 80.6672
50.515522 55.19531 80.889244
60.42948 38.69634 45.133106
102.563194 80.46087 61.468117
103.53654 80.992676 61.601562
6.7002287 5.4922194 4.940046
9.4594965 7.214226 5.92685
12.242907 9.588863 7.9367275
15.965828 14.297788 13.823074
17.637148 15.747712 14.465904
15.151297 13.272998 11.995881
15.151297 13.272998 11.995881
19.464836 18.355682 17.61888
15.758619 15.70881 15.822388
17.439894 17.37029 17.51762
17.439894 17.37029 17.51762
15.120862 15.073151 15.128299
14.543669 14.489359 14.5609455
20.883524 20.809801 20.938635
15.8699465 15.834668 15.8603735
18.620632 18.557972 18.682648
13.964073 13.916629 13.981426
16.24222 16.201296 16.193058
12.36003 12.323722 12.354806
15.795958 15.763616 15.791762
21.039398 20.975706 21.066095
21.039398 20.975706 21.066095
16.85965 16.814188 16.92456
18.725134 18.646797 18.815332
18.725134 18.646797 18.815332
18.07521 18.012434 18.205378
12.676087 12.634935 12.706675
12.676087 12.634935 12.706675
16.795805 16.72708 16.92414
16.795805 16.72708 16.92414
19.560411 19.50553 19.6045
19.845766 19.797789 19.84794
19.845766 19.797789 19.84794
17.361137 17.311174 17.417963
19.486042 19.408085 19.592907
19.168116 19.10408 19.243555
19.168116 19.10408 19.243555
11.686728 11.646949 11.721128
