0.11965812 0.11965812 0.11965812
0.11965812 0.11965812 0.11965812
41.92875 115.10092 215.4908
25.106632 36.26395 36.130146
38.170494 74.60594 62.628635
74.637405 75.8079 78.947975
160.4147 123.616165 155.9243
157.50136 120.5298 131.47804
157.50136 120.5298 131.47804
173.86111 131.88199 147.90509
173.86302 131.8843 147.90767
41.477623 36.06472 38.958794
86.83216 76.48386 81.31322
117.54033 112.11167 126.71
117.29444 111.90878 126.481094
74.783714 68.49729 75.8235
127.98254 96.912964 103.72269
64.86653 55.464897 50.61001
66.47572 79.440895 70.04348
66.491806 79.455826 70.058784
60.97085 51.824356 57.73997
61.01015 52.08144 58.036987
86.71858 86.06405 80.027245
74.89176 78.60616 74.53339
116.6065 106.488525 97.637184
147.70717 124.32001 115.74318
97.23043 82.83055 69.44919
120.222374 95.54865 58.584595
145.08551 117.59038 84.02012
165.39558 158.08905 138.61266
144.94476 103.46269 102.954056
104.787224 77.294556 56.08674
178.0699 180.48476 169.02504
142.3206 153.19867 159.18907
142.32721 153.20442 159.1948
133.70474 105.9872 89.532524
200.38477 223.03273 239.3629
143.34734 122.81353 124.22368
151.9435 163.63684 197.98015
164.97437 177.47513 189.14893
210.36696 217.60068 211.10454
210.16295 217.20386 210.54219
107.94293 117.64204 132.9237
155.79655 133.52148 150.84772
155.19273 133.1758 150.21136
129.84488 82.695595 83.19811
129.51361 82.638336 83.14597
161.47595 150.15874 155.20871
98.65946 78.493416 75.28534
110.688835 89.28877 66.99455
110.9598 89.62628 52.856342
92.39283 70.41522 57.890495
114.39145 90.62557 66.464714
146.78345 119.53962 112.03744
144.32315 113.74124 100.21311
88.21853 73.492294 57.407307
136.97395 119.39096 119.8513
69.10335 47.650917 44.065502
91.833206 54.973278 53.468555
129.80128 177.52704 219.37599
71.10021 71.60068 66.301605
33.66032 36.463814 38.142426
67.30198 62.16956 58.956707
32.799164 20.116373 22.521965
68.57231 45.555965 51.486023
67.90576 45.09913 51.060688
102.36879 94.100845 91.0602
102.58463 94.414925 91.34524
45.233643 40.509796 40.203114
45.057777 40.471466 40.16243
76.21461 83.325424 83.26253
85.69313 114.73329 119.00791
140.66219 146.71391 152.28656
75.76486 55.143208 59.289703
141.79137 147.12694 150.2919
109.07995 115.7752 115.48938
83.71627 63.606575 61.676968
83.48445 63.53525 61.593513
36.508938 36.075356 39.130108
36.477512 36.065613 39.098606
36.389317 36.006382 39.01075
36.301384 35.94965 38.92289
37.197777 37.14515 40.387226
140.53166 147.05669 166.19325
123.01332 123.20934 131.77495
120.85552 91.152275 93.8307
155.29105 152.08159 159.55734
49.836597 75.404884 77.47957
48.498116 66.34729 75.18456
81.94346 62.693874 52.58172
81.62718 62.54854 52.588062
44.276302 66.71306 46.451088
65.61774 90.097374 83.158775
28.419476 86.774864 169.16449
48.212032 67.87922 83.13746
51.94099 79.97238 103.443436
50.435936 66.26029 71.5516
56.43112 89.99444 110.95301
152.89983 147.04639 172.44023
152.62666 146.67339 172.0057
29.992498 55.232113 44.288883
96.89882 134.66872 150.16747
35.33781 52.260143 69.0836
43.29851 66.71668 98.52861
43.01937 66.43008 98.069534
61.14138 63.280334 70.61143
53.623783 50.783413 57.67189
53.25824 50.38036 57.235546
86.181915 102.54145 130.96944
70.86963 72.47606 85.94144
66.9757 78.723885 99.68145
89.292465 80.79995 111.77614
96.0206 83.140854 117.75841
88.773445 77.1253 108.24242
115.15653 94.75647 109.534546
93.99272 80.88505 108.22211
101.11477 84.66502 116.38163
89.36009 76.79413 102.53249
88.75923 76.26548 97.91419
74.729744 76.0402 96.114395
126.60348 99.97309 113.72258
91.58679 82.32837 116.07457
95.34845 85.28474 109.86209
74.56093 70.41055 99.19494
91.842606 76.04095 111.890305
67.523125 58.978092 73.887505
40.66036 69.17243 103.485054
95.29888 94.34438 105.2367
77.96548 79.850746 102.585976
59.56123 92.4344 129.03777
50.272385 73.21494 103.548836
50.02445 72.86564 103.04057
65.59053 80.57489 113.81831
65.403946 80.389656 113.48184
67.1743 100.817825 137.33797
54.85429 57.074535 54.46557
88.701416 90.43534 93.73109
88.39917 90.120255 93.39887
48.040833 44.30747 51.91714
63.844585 70.77946 74.33061
104.4256 108.99601 122.42507
103.51909 100.80484 108.83339
73.839584 70.740005 78.81764
46.933563 50.558914 53.8369
94.73713 87.60075 98.52555
90.05531 98.2217 101.129776
89.91277 98.04318 100.92032
62.50864 66.7951 75.59422
62.424477 66.668045 75.421005
68.505135 74.91188 80.55425
71.81447 84.45258 89.864296
71.45669 83.973015 89.24727
85.24895 86.55007 94.81674
62.959393 68.72385 76.376144
63.820663 68.539246 77.86564
115.933716 142.0709 169.0758
83.24074 120.104576 153.64308
94.34449 127.880005 161.98041
50.209904 69.45762 98.93853
59.666965 86.30448 122.02206
126.97794 139.06409 158.24513
81.65181 60.849476 53.88012
98.04393 121.360245 135.87187
80.149445 63.124435 58.97671
79.930504 63.02814 58.816593
98.551 64.58444 64.903
137.44269 110.42227 115.85168
136.81491 110.18863 115.60243
63.15377 69.970665 80.6289
62.22155 65.53451 76.711716
95.96958 100.82171 115.57336
83.54832 90.704735 100.29907
83.12272 90.31788 99.87202
149.91219 134.72635 137.8491
114.25189 122.42302 133.965
127.292015 144.29108 159.98167
122.362854 116.28067 116.69929
122.15814 116.32695 116.75083
99.41556 45.569664 49.90628
101.65062 100.2672 111.80036
95.1229 113.936554 129.69089
130.49039 140.75229 150.02956
92.765236 115.736496 141.47035
146.80663 129.88374 129.61378
130.03079 149.84634 173.93733
134.63405 111.7605 126.12112
123.13201 147.47882 199.02911
130.64864 116.65614 121.970924
130.40839 116.834694 122.30359
94.0677 83.73235 89.845406
112.39958 120.880905 161.45348
100.768524 121.5276 170.84283
106.87993 100.41418 116.7923
128.36752 133.5619 159.1416
67.641846 60.32404 56.40391
82.49058 78.72448 73.65599
87.5716 78.47561 83.25372
68.460045 60.662674 59.873287
74.50591 59.719254 56.15463
87.20543 87.00261 80.79674
89.62796 70.08226 53.91815
109.31949 102.317505 97.90438
102.833206 92.1347 85.892395
107.0424 101.55272 98.2049
105.19192 118.58258 127.76348
103.50849 107.78338 120.5784
103.387375 107.727394 120.51439
114.01079 103.54925 114.196205
98.82193 93.11283 102.27627
142.02382 136.09846 139.57806
108.38447 99.9476 116.28123
108.2887 99.77311 116.04531
80.224724 71.60326 90.33304
73.379654 47.17516 54.012726
101.41907 99.225136 86.052475
101.50114 99.19415 86.11566
36.423058 56.445488 46.9155
49.864517 40.866646 33.456013
49.603928 50.049377 42.940655
52.79006 53.026573 57.896763
67.93386 54.62546 44.08032
86.74265 64.58276 50.763447
86.55735 64.48654 50.87239
62.263653 47.590004 37.206024
79.01713 99.45411 108.99052
87.61576 89.565674 90.11548
87.51741 89.45057 90.00601
124.451164 123.125854 128.42583
94.134735 102.68096 107.318184
75.95514 106.81126 120.657074
110.052734 106.220505 118.06058
126.246666 103.90135 110.359985
70.89699 85.53003 94.30146
71.10779 85.46975 94.126526
116.40731 111.33363 130.10619
145.62073 149.99295 165.18098
56.334267 55.073864 54.6807
69.23137 59.232746 59.436607
43.676556 44.508717 39.187622
51.301197 60.82238 70.739334
51.125816 60.70485 70.61162
50.14892 56.421974 68.66327
36.269436 56.217148 59.542828
36.28724 56.32654 59.55694
59.50976 62.422424 52.035606
57.27787 64.94555 57.1191
57.06942 65.07644 57.179115
31.934834 56.271675 55.506138
35.07804 51.623184 68.20378
43.88247 55.88232 46.970886
42.877243 52.2033 56.70369
42.825363 52.164185 56.63774
37.310604 48.686375 50.109917
43.83253 42.028778 50.80954
65.43881 68.09107 63.5245
38.14295 52.166985 57.48401
53.33785 56.28134 48.567574
41.126785 55.9841 41.33475
41.025154 55.68891 41.06431
37.653454 52.688725 51.23118
20.538013 43.50864 61.210464
20.53178 43.529617 61.190983
19.448923 45.229874 73.44724
78.908035 69.21106 64.06539
78.91543 69.188965 64.01426
151.87115 142.21521 139.5002
50.15952 51.67051 54.3826
78.473404 74.80088 72.19438
56.940098 50.268166 44.00556
103.23946 101.93177 102.23883
64.404884 63.684284 61.775875
96.91132 116.44235 137.1789
97.68854 117.63912 138.8048
71.578545 70.091705 66.885155
179.24316 176.5516 190.585
70.08737 71.36808 72.95674
46.412643 41.193485 34.640205
46.047997 40.955288 34.51517
39.295563 38.17527 33.815437
50.138245 50.810024 50.93853
49.508865 50.102264 50.089314
70.13119 66.81185 60.76143
48.167843 45.714813 30.44198
43.686745 45.658867 32.018772
43.11033 43.02385 28.331318
43.007015 42.9626 28.304035
48.09398 48.872055 35.06856
47.990185 48.802372 35.042957
55.686672 54.01366 52.75307
45.638264 35.444706 39.4877
45.59549 35.433846 39.459187
51.89826 52.542233 45.651512
51.40126 56.073006 47.27414
54.211807 49.39966 43.657894
46.190273 58.143208 45.697273
57.985706 73.21662 54.112755
50.109245 60.98052 44.61471
43.786736 50.360653 46.665062
43.87463 50.435673 46.758446
39.906803 72.86329 75.879295
34.737656 70.36614 58.929348
34.603626 70.04833 58.707237
38.307766 71.440895 53.084984
61.11757 73.89785 67.2373
38.590267 68.14817 58.77927
38.56735 68.22133 58.97421
50.553875 58.72713 45.406075
63.966 47.31165 45.125893
34.905685 51.85578 47.385998
63.621094 53.265106 44.12869
30.488075 54.928226 56.39835
47.47837 56.179825 56.14142
179.98485 157.78207 163.33002
134.41354 121.04815 122.69806
82.65756 75.43235 72.7605
82.28959 75.123726 72.39033
121.3667 79.36032 75.99795
121.92995 82.092224 63.4783
159.53233 97.85515 88.19804
160.79692 98.71093 89.00272
113.86874 100.26791 103.59426
157.94608 138.7278 142.94872
158.22487 139.37297 143.65625
89.70179 83.99795 86.41597
143.1222 102.06991 103.21711
128.4709 133.14455 146.53522
79.89561 69.09995 77.53339
116.183334 103.53242 111.13152
144.86568 105.240585 91.15093
119.62744 85.33859 97.35035
52.33352 44.405106 48.2401
52.18128 44.38413 48.198486
140.73814 142.97127 155.4017
75.014595 57.42205 42.90688
119.37092 127.77584 161.44228
37.434517 37.010525 43.62759
63.759003 45.392193 51.927853
90.33703 73.70806 75.590904
53.605045 48.55119 33.076324
53.50431 48.525436 33.02359
75.50267 72.36528 63.713917
80.26992 67.9426 56.528793
84.28194 66.92573 59.409546
136.01123 121.812675 135.03632
136.16602 122.0346 135.28508
66.03262 64.17714 80.90961
75.513565 69.31434 86.60971
92.274254 94.66518 103.09353
92.06703 94.37562 102.57164
60.914043 63.902065 91.70515
71.26604 81.02732 86.4378
85.56085 98.83212 135.15941
98.670586 106.8556 128.70212
72.40563 60.200165 53.822044
72.42339 60.248123 53.84832
59.70492 65.279175 68.72243
65.100845 85.39021 94.480644
64.89333 84.907585 93.7764
61.87799 81.09413 87.43056
70.72302 88.20338 112.27209
71.263916 88.9205 113.36827
67.88971 51.941776 50.00821
78.46993 73.02038 89.61415
56.382076 61.075954 62.05763
56.801926 70.049194 75.81962
58.08756 72.43724 76.39518
56.414772 65.26895 70.73131
56.636322 66.300674 73.888176
74.53118 66.71332 82.687416
82.31075 76.047585 84.33236
61.843876 56.214756 51.884483
61.356735 55.88792 51.594334
94.915985 88.07551 102.10484
97.634605 85.0636 96.108986
97.98694 85.341095 96.49591
93.1098 97.60419 119.89859
78.711716 73.87008 87.29888
77.07778 85.23644 104.64024
97.244545 102.48061 118.16116
63.933304 69.877655 87.2379
83.60531 72.489975 76.20595
51.19948 45.08781 41.195133
56.40518 45.885715 40.232037
55.505505 44.941666 39.17247
101.538795 72.589745 53.68768
98.07405 83.42059 92.845894
79.38551 71.836334 71.1157
22.917591 21.027918 26.788378
22.80312 20.950994 26.637144
36.135746 31.612549 40.516964
37.304707 33.11641 62.40563
37.22002 33.09215 62.275856
58.10544 59.166687 85.09346
56.001083 53.508266 72.51315
55.138058 52.633896 71.1547
112.84951 123.634155 160.69533
59.33188 63.167656 85.722725
59.39544 63.18389 85.78621
99.88661 101.60381 93.7892
101.559586 94.9102 72.38346
101.79472 95.3561 72.70459
38.198112 42.413876 53.22644
56.226067 51.848507 59.647556
92.45367 97.073265 109.12507
38.89404 40.972305 50.502335
38.777107 40.930317 50.47348
29.970217 33.46602 39.559288
39.744522 36.388123 49.847347
44.594074 54.949276 69.09626
34.619827 40.880154 51.931885
49.918934 49.458553 68.5553
60.02441 74.021164 95.93517
59.781624 73.75938 95.74602
33.096703 44.17613 60.226963
50.20696 55.74053 70.65614
35.58616 43.882095 54.943195
39.38316 44.647484 52.413467
41.45743 35.001755 47.286606
37.57351 39.621803 53.82484
61.513416 85.32475 98.72605
44.273766 45.371067 56.601986
42.01657 46.882282 60.50487
42.121674 47.037174 60.708656
46.95286 52.677715 67.56515
29.023327 36.92849 53.09577
28.803009 36.661552 52.682117
46.95973 53.17161 70.35543
50.821743 58.07487 91.11805
81.77453 92.530365 123.21547
81.969025 92.859215 123.63692
27.032845 49.148697 68.72049
42.751316 37.24652 42.563095
52.521816 52.774532 75.52514
61.579704 64.17042 100.9342
51.723362 47.17251 44.56914
38.515507 45.46012 61.741013
31.70078 41.273952 56.276974
21.705893 58.367672 97.992836
24.60389 66.928116 108.11242
25.442057 68.81615 106.09043
17.70623 47.24025 78.30381
17.640577 47.00504 77.85951
4.024932 3.936364 3.9256895
7.1326838 7.0869255 7.0721083
27.211884 26.811556 27.057068
27.214048 26.812601 27.058113
21.851715 21.586458 21.751055
32.347515 31.93584 32.23652
15.215242 15.104841 15.072668
20.90699 20.657038 20.628633
20.877207 20.659016 20.72657
33.90684 33.50849 33.940098
21.64655 21.418915 21.432165
20.4827 20.1662 20.202852
20.485014 20.167469 20.204046
21.470346 21.08715 21.191393
21.655506 21.269138 21.38234
6.4793043 6.4389205 6.4241405
18.839138 18.6093 18.6174
18.836674 18.608107 18.61628
18.471691 18.171238 18.157242
19.308289 19.097786 19.056358
