0.114754096 0.114754096 0.114754096
0.114754096 0.114754096 0.114754096
46.08186 71.44462 107.24369
19.053606 15.46083 34.327797
34.86323 30.370667 68.297295
78.96319 32.02129 25.843391
54.16252 34.036343 58.952816
26.490751 36.664223 58.003845
127.129295 44.465763 56.389236
109.054146 47.008884 61.12549
48.40331 95.252754 119.71079
57.302372 95.88177 124.5285
36.063435 61.85456 92.01346
36.063435 61.85456 92.01346
76.41825 78.076126 78.691315
74.75943 65.72403 69.42634
74.73629 65.63281 69.26948
64.4259 66.60293 106.54853
64.45724 66.61116 106.525536
41.124584 42.967503 72.349846
41.124584 42.967503 72.349846
73.36051 59.796207 57.399536
121.105865 73.340416 51.13115
120.19425 55.436096 29.042616
120.02579 55.326275 29.128428
66.1075 41.62839 38.51944
65.81467 41.515343 38.44781
79.61918 41.059628 33.468918
145.19316 147.6787 155.00142
85.68744 81.23027 85.086395
85.494194 80.99456 84.83973
85.982445 80.52198 78.93624
85.97084 80.7002 78.86976
83.02144 62.57359 62.139343
48.11323 49.84339 51.96105
78.637276 63.539642 61.560062
91.0692 72.0383 56.601154
77.93552 69.13572 60.45532
93.88804 65.975845 55.468952
92.09789 75.02024 64.44781
126.81793 100.2743 73.776474
127.137856 100.49692 73.872734
127.80654 87.494484 64.66713
127.84618 87.431274 64.54715
104.5808 74.91705 56.383904
75.568436 66.16422 57.682358
74.82399 63.543594 67.06648
136.4175 100.09325 71.11631
136.4175 100.09325 71.11631
107.88543 82.35598 73.076454
122.33541 98.67822 72.11889
110.81169 95.9123 66.02459
98.30212 76.38372 60.684643
98.55607 76.24198 61.047802
102.33607 73.516174 55.53975
105.12088 93.36889 40.85913
105.01737 93.2212 40.93091
95.367004 88.229324 93.25479
95.367004 88.229324 93.25479
109.600105 103.28278 95.01077
99.88002 77.10514 61.77361
117.44422 93.58857 72.75906
109.71736 87.18722 77.806
74.714455 86.5206 54.12179
127.19629 101.62342 74.48426
115.94977 96.22051 75.124435
116.65777 91.237015 68.46884
87.458435 93.80161 47.46344
70.91945 77.95477 24.406174
76.00976 85.350716 27.327179
34.587082 43.801502 60.62259
50.953686 47.33766 53.40998
58.834976 56.993835 63.37219
48.658783 46.240063 61.11479
66.10743 65.179855 81.63006
66.14 65.2154 81.63905
35.453903 40.219208 45.321087
76.75225 76.1722 71.487595
72.45898 61.066807 59.706985
41.944546 41.67728 51.73803
56.662666 51.293705 66.87658
56.576126 51.30926 66.767914
63.783077 62.25602 66.989845
63.81659 62.327106 67.05161
80.93468 65.59934 52.95187
55.982662 58.97171 68.166695
56.0486 59.05687 68.323586
35.298927 38.171913 42.25341
42.64812 27.516901 26.505476
53.760807 35.89435 27.212534
60.36167 39.506527 31.085377
60.518063 39.60768 31.168976
45.65338 30.51186 25.462534
54.495358 36.396053 24.31521
54.328194 36.269947 24.259321
59.025967 40.737343 28.831459
66.732086 47.64105 35.818657
84.35913 51.186203 47.82841
61.48154 48.31485 42.35489
67.5416 52.54403 43.91658
67.867874 52.820797 44.17409
82.28337 71.94571 76.575584
66.81713 57.195198 56.453503
86.36174 69.604706 49.97015
79.28725 54.6598 48.79831
96.65113 70.41666 60.63597
85.51259 75.80912 87.55426
117.48767 93.88724 74.18113
126.15458 119.56409 117.33566
135.74734 128.48172 121.60249
110.222145 89.65138 70.64993
85.64257 67.79649 59.081062
62.508377 53.403343 53.676266
86.71326 70.07602 72.55183
86.59335 70.15566 72.661575
89.332985 68.89478 51.29218
62.030865 39.08755 32.007362
74.15944 51.130566 29.409473
49.256565 30.75243 25.360437
63.227695 45.5997 39.69346
2.9919846 2.7738285 2.7542796
41.05259 33.232555 30.095749
64.83382 39.2813 24.630133
34.005405 29.292978 29.002974
55.25667 40.996445 37.625633
42.35641 31.620157 28.048672
47.143986 43.05538 40.759068
57.465183 54.191353 44.801247
46.14544 37.981613 28.362686
52.223923 36.687183 35.269405
52.356667 36.753845 35.357826
102.20771 76.38165 66.720764
99.79791 74.76799 64.36436
99.56278 83.761536 78.11504
85.35826 56.12683 55.810894
85.82718 56.44219 55.88891
73.988106 52.07816 38.329067
47.87161 44.164444 43.67438
79.40403 50.88405 49.36334
68.7925 44.62295 48.495358
41.209198 31.148157 35.438416
43.872986 46.327396 50.32272
59.147106 32.52002 34.67572
72.014145 48.000652 47.68925
43.89446 49.224575 56.403706
43.731865 48.979145 56.205498
67.07805 69.46627 77.982956
64.04682 69.34477 79.03177
64.12259 69.39145 79.06721
95.49191 67.29595 62.40534
91.38637 60.289352 59.956913
91.40918 60.09223 59.687798
65.05034 62.468628 48.690556
64.55625 62.039352 48.31869
82.03718 53.63191 51.653454
95.3941 75.04182 59.259865
95.533585 75.23151 59.561077
78.03913 65.6058 46.062492
95.46638 69.80466 56.938416
95.59767 69.87147 56.979546
103.009285 94.09296 83.69204
94.16633 62.911503 49.71413
104.15131 69.07265 43.454845
88.181274 58.10645 39.909836
93.20934 64.21544 49.88811
78.87433 50.43577 41.89105
124.894424 93.37034 63.025387
77.130745 56.82366 49.65882
86.73945 67.964424 57.031155
93.93678 77.17376 70.807014
89.384415 73.871864 76.87321
89.202995 73.64402 76.52165
87.1272 71.92979 74.326385
117.87941 92.847855 89.60681
117.79777 92.80077 89.59854
95.29134 75.03993 63.097782
125.335014 98.8118 68.031555
72.60322 44.60732 52.117947
73.05625 44.98027 52.42224
37.614502 29.70071 27.254679
81.84332 56.90171 52.239082
61.050777 53.716743 44.09158
117.29566 80.83752 29.06115
66.53935 68.24775 79.25606
66.81612 68.44545 79.48466
57.87313 23.052517 12.08349
58.08099 23.110802 12.109423
42.994778 48.31717 54.72875
84.596146 76.642715 105.26868
84.57362 76.60181 105.18138
65.78319 48.826527 35.322937
17.67808 13.138075 22.921478
28.508415 36.37284 58.04501
36.468193 37.24746 73.150696
36.603294 37.234116 73.07624
43.33099 39.29432 73.92714
25.178986 40.069744 66.6466
2.7453575 2.494342 2.541564
2.744487 2.4938705 2.5411286
44.50312 47.216522 52.48147
34.528797 41.418358 47.61751
24.297222 24.824024 26.23495
24.330408 24.854816 26.256855
25.604816 32.986835 37.148266
25.682468 33.052334 37.23143
41.829575 42.718845 45.935406
34.33055 40.49659 45.203793
34.43918 40.588894 45.320034
34.605106 33.335995 39.99456
39.544067 43.61994 49.765305
51.92547 40.42282 35.561295
125.822174 52.4061 128.86424
68.775536 71.485275 101.69367
24.180473 25.824604 53.420208
31.612577 25.083672 32.38873
40.943386 57.752174 85.248695
41.04541 57.855145 85.36294
36.349483 32.561077 49.93468
81.03703 45.774845 50.397213
34.886986 38.06423 48.570107
34.867874 37.970913 48.49358
48.734406 54.000835 71.94346
58.376507 49.19215 67.86733
59.05085 46.01244 61.62197
56.258595 55.24873 74.50258
47.14863 54.665314 74.427605
42.951473 56.513058 80.373314
49.11479 62.439575 85.33404
42.781227 53.101517 66.896706
54.924923 66.17144 92.542946
43.363594 59.86294 86.371864
24.555708 42.020348 41.202778
24.673365 42.20162 41.40454
47.118744 55.60558 62.616676
44.03489 37.81405 50.16582
30.80832 36.13989 43.24884
41.53061 43.241913 54.495903
40.105106 41.6907 51.28467
53.453503 47.10072 49.875996
53.40657 47.034637 49.801754
40.56996 41.04976 53.61577
44.201256 43.489662 47.92576
44.527927 43.975338 48.477367
35.86947 43.37716 50.59408
22.452705 21.540113 27.202126
22.251451 21.23687 26.786594
43.485672 48.59557 59.373493
53.53739 59.464348 77.96402
39.959053 51.865986 75.63626
25.911034 28.062237 43.811802
35.885464 40.38989 64.68943
47.072067 44.25058 53.188995
64.69408 70.1376 93.246155
29.632744 41.35837 62.62386
40.84466 47.587044 69.38351
72.75968 60.519623 42.92115
70.69447 49.620014 42.85391
73.494484 57.774555 49.324352
104.3661 80.08037 60.906826
87.65063 60.233353 44.013275
104.8138 81.640144 61.042614
104.187256 81.02945 60.683483
32.55484 38.897324 53.430653
39.13035 44.967976 61.866932
38.174526 27.828884 29.199514
73.95779 52.403343 51.132343
74.089294 52.529415 51.208908
57.177826 45.54439 36.88075
27.846256 37.269512 48.157623
40.299362 31.658821 33.12324
40.31503 31.655375 33.11178
89.67286 64.932 54.70996
99.54798 74.122444 66.112976
98.913246 73.53166 65.540436
86.514145 57.04374 56.901276
81.53333 53.054367 68.63427
83.55009 56.50874 70.07446
67.464165 44.319057 50.438416
40.795662 26.41321 22.462896
49.463116 46.502758 35.031155
45.987053 45.956985 35.16789
40.378937 31.415894 25.573915
58.28253 46.257908 34.742893
72.83494 31.647541 41.994053
83.579575 44.433266 39.41426
84.57718 58.5301 27.611635
45.290077 34.08429 31.595894
62.937763 46.293633 28.08893
74.566986 59.492382 39.669666
74.61639 59.484657 39.679348
86.89457 70.59966 49.726643
47.627483 40.42866 47.137493
99.47454 68.26469 76.62629
99.04519 67.99293 76.499565
84.242096 56.732628 41.64852
76.02277 49.708652 38.63017
97.714966 70.50526 80.54167
99.86033 47.189903 42.220875
111.366425 55.775387 60.207493
84.97338 52.11091 56.068947
34.23339 38.03525 54.339005
31.34974 38.194942 46.052734
31.47414 38.344517 46.215
39.039207 48.285835 62.83059
42.16923 49.468193 63.90755
39.21533 42.793415 64.496376
49.147324 55.350464 79.03797
39.671734 32.692986 27.333563
62.718952 45.877846 34.218628
94.78391 78.313545 81.58748
101.40066 78.768715 77.4382
101.52724 78.84999 77.47723
113.46352 97.790146 109.33476
92.67921 72.42554 67.92202
106.070724 75.4077 64.80662
95.99173 72.87226 63.679893
103.895004 83.46159 80.44621
41.392063 47.492672 74.771835
57.71772 59.728527 88.28384
47.8966 55.22882 87.31651
29.257181 35.994522 65.294685
47.99398 55.885063 53.81688
48.260048 56.15483 54.117657
42.458546 53.16698 72.50475
47.463078 49.934425 77.172424
47.81017 50.37172 77.82108
36.587914 38.897034 61.70985
51.793415 38.149208 32.706005
29.8266 34.198498 43.29842
30.170027 34.664333 43.90059
71.72262 51.22831 42.624947
39.91945 45.16484 60.82029
55.43058 42.33389 44.783657
40.87444 32.178406 34.67583
40.915604 32.26882 34.91488
64.276695 51.656536 74.303314
45.176304 38.85101 39.47929
45.296425 38.948933 39.589256
63.04084 54.705463 82.34339
43.47476 38.236908 37.803387
48.66361 42.158638 44.446575
27.09887 30.72026 40.219173
27.239954 30.892862 40.449005
28.340092 30.894894 39.249817
51.677643 44.051502 43.207203
39.979507 32.87045 36.076817
43.350864 30.035398 37.869686
43.3464 30.021471 37.85137
59.805565 46.25417 48.488068
40.695087 30.497824 37.84825
63.739517 40.58828 60.08915
44.469246 42.745903 51.88688
44.290257 37.201183 47.57569
38.817966 39.248295 48.69429
25.491657 30.816952 39.23912
28.950167 47.343502 85.13753
25.384302 45.963406 81.04305
25.39841 45.92739 80.979546
25.867292 32.606556 59.86149
29.509901 35.7043 60.319637
90.77339 67.18091 65.54182
82.97204 63.854744 65.16125
78.12222 53.751667 44.032387
108.47661 80.58951 55.668503
100.26342 72.23473 90.75664
99.8085 71.90135 91.145256
103.97882 82.123024 81.73923
103.55505 81.68776 81.55542
102.31572 77.20209 72.66125
83.42181 56.420933 60.471893
83.80524 56.703903 60.737125
70.23749 46.827976 31.029814
21.368454 26.134594 42.21812
21.757797 19.08817 27.342413
28.320362 23.889198 31.071232
28.450565 23.999203 31.250761
16.012186 24.279268 35.540947
29.838749 28.841106 35.917236
14.541926 17.094843 22.930618
34.579937 31.652763 35.23118
39.34524 29.372625 41.873386
39.309406 29.346292 41.862507
21.88978 23.528978 31.593645
54.94926 47.032497 58.72414
21.256384 25.455353 28.634666
24.808828 22.104853 27.974249
45.965942 45.649643 46.538807
18.771109 17.895365 22.927063
74.2282 24.862505 76.54994
40.738068 32.816082 34.259686
92.8484 31.109785 151.70398
47.06318 34.454227 49.18225
47.10616 34.49155 49.18954
41.6594 29.860582 37.96899
47.098434 36.49753 48.410416
56.021507 51.964565 67.37582
74.22454 24.775751 121.79138
74.27401 24.80034 121.919556
49.745686 38.41847 48.77303
54.151783 43.43109 50.04784
54.446976 43.651024 50.25312
63.230232 63.22661 65.42286
34.374947 45.794647 72.627594
23.023684 27.610292 49.98154
23.085485 27.677427 50.088352
92.07968 68.35866 59.973667
112.187546 78.243614 68.804474
128.10452 88.813866 75.06605
102.8274 76.02792 59.010227
157.59843 125.54508 89.62524
155.14482 116.36697 74.0288
134.17953 106.43657 73.653275
134.35039 106.54635 73.695274
117.26309 86.608734 37.812817
117.94654 87.15578 37.961082
83.461334 53.565826 53.779087
71.16771 53.580082 62.453613
87.08266 68.50464 68.275314
40.40037 26.306036 28.630676
53.896706 42.310642 43.67797
56.458652 45.54871 38.576782
56.624836 45.70684 38.65088
63.489952 61.59274 55.95615
53.139416 42.717213 40.189648
95.09539 77.45927 62.6598
72.4914 56.185005 53.46667
74.347565 49.204445 49.134483
82.45264 54.875744 46.41999
65.53036 53.28489 50.055817
83.77321 59.644493 60.9316
83.89108 70.222946 65.86483
57.93461 38.828957 38.44955
57.997498 38.85558 38.476425
110.02709 87.095856 69.0243
75.94981 61.829826 57.90505
75.823044 61.6701 57.757362
51.536053 41.540184 40.521362
85.8204 54.574787 60.144386
71.6577 70.2517 54.959995
53.086864 54.776295 45.300053
53.29987 54.97476 45.528725
71.01741 57.292435 48.626976
57.879623 51.032387 41.538193
70.34038 67.93628 64.69429
70.23778 67.83026 64.66564
131.2854 60.4596 24.835957
114.55226 65.3308 34.62168
80.8625 61.787067 77.578415
94.51026 72.16296 67.65077
81.99347 69.76302 63.43011
103.95397 62.069817 56.897106
103.95397 62.069817 56.897106
85.53054 59.827904 62.364864
89.58998 60.54802 60.505947
89.20941 60.34952 60.41459
113.15066 74.05575 60.93102
64.93693 60.616566 71.44694
102.23517 83.893265 81.39914
102.20543 83.927025 81.55379
100.981285 94.685875 109.127884
111.98081 98.41422 108.275024
68.6944 68.83295 76.19335
53.469753 49.998367 59.10137
