0.0 0.0 0.0
0.0 0.0 0.0
131.30627 107.32645 117.09694
0.0 0.0 0.0
110.6228 99.510956 76.25347
140.27727 154.56812 169.78256
130.10677 147.40721 171.1041
87.31524 86.887405 104.1576
111.76006 116.531296 130.18073
107.97238 105.818794 98.94591
62.73937 52.777058 50.8247
65.83308 47.742397 31.172667
79.47157 60.598885 48.978992
106.610214 99.53314 92.26516
57.407806 41.594475 30.79657
108.472755 108.409454 97.71427
78.85428 62.796844 53.323303
31.859673 25.94221 21.252409
91.59353 142.29506 163.10684
39.114914 87.51745 198.87572
83.99591 100.032295 116.259964
123.80051 173.00543 188.41449
123.80051 173.00543 188.41449
73.71152 69.97545 63.14088
73.57862 69.89433 63.131516
107.81474 121.92895 114.4872
225.38774 226.40237 94.7553
104.8472 140.26917 159.96004
126.431175 138.40659 120.435936
125.81018 137.74452 120.174355
151.97093 121.61832 127.523705
161.4008 174.44226 202.9498
170.45694 113.007355 168.16457
192.51343 177.27689 134.15948
193.20253 177.67981 134.86978
113.42047 130.59578 124.55403
156.06653 187.18399 145.44223
64.30568 120.3877 173.07333
205.4842 175.71005 193.7247
192.67957 163.48361 186.778
210.00523 195.19229 188.65967
79.7636 81.66714 96.04414
81.44718 61.324875 69.78548
81.27267 61.251347 69.71718
120.60593 144.26839 154.36366
81.92541 140.22215 156.42747
105.970924 124.38007 157.58035
137.0615 158.34407 199.36111
137.0615 158.34407 199.36111
108.80188 152.19977 148.58492
77.78048 90.716194 95.99323
76.169205 89.57917 95.307365
76.61655 90.127975 95.65581
90.9415 127.84984 147.18117
79.47834 80.935165 105.16209
41.72088 73.72241 102.89567
71.26028 81.20257 79.623276
60.739212 71.929306 74.12829
81.85106 125.88426 150.20512
110.09068 154.24182 167.0017
115.10661 163.71207 167.77785
115.118416 163.66238 167.74936
86.04056 100.89539 114.97077
97.84752 157.8729 185.82068
124.15076 153.89052 153.80846
128.3825 132.1004 116.308075
128.31468 132.06758 115.90397
225.24553 200.86479 175.00484
226.27652 201.75706 175.74692
199.44298 192.69849 157.61702
188.35693 169.80074 141.07663
187.3344 174.59496 146.90416
215.0823 177.10255 167.65419
213.9478 176.71085 167.90373
188.10834 172.79625 153.3403
185.63425 167.95126 149.19398
134.2331 166.34666 166.289
134.2331 166.34666 166.289
212.4111 218.75058 178.61124
151.93355 165.98863 139.15579
137.67044 152.20851 198.76038
100.60407 144.70518 145.07057
46.116882 93.311615 121.15445
29.637672 68.77202 136.81801
77.29238 51.33396 46.94091
146.42453 120.5715 118.00106
116.39644 83.177345 83.78803
121.18219 75.47704 91.1956
121.13773 75.69641 90.909164
117.07711 99.77663 77.555336
128.59187 100.951416 80.28624
145.05539 116.9188 88.38196
124.86132 114.66175 83.11932
133.53334 102.668945 106.5807
125.51446 105.76026 81.18313
131.48625 119.74952 90.61611
55.682247 69.14111 126.15005
174.22778 154.68044 156.93442
133.06944 112.98316 120.626854
128.70518 102.26338 113.51855
128.31067 101.75841 113.06857
37.27487 24.094418 24.100948
88.272865 82.43955 74.639404
83.45254 69.27979 71.22019
97.05814 74.737595 70.1982
96.89323 74.59302 70.031
87.817856 69.89602 68.806915
100.41713 81.37173 78.36335
117.180374 101.11652 91.3578
99.31535 89.887566 88.546326
87.06806 82.3045 69.16409
113.32747 118.24147 118.85086
102.012825 94.588455 94.20418
102.021835 94.71773 94.47968
1.009009 1.009009 1.009009
182.9762 159.52866 128.23553
178.05579 148.53032 168.1482
141.50136 105.688896 111.33011
83.929146 85.4713 86.5479
115.07164 147.87895 154.15984
114.31803 147.14014 153.23294
101.8332 99.58743 113.72898
72.30749 88.5894 69.794365
239.77785 239.769 239.9576
75.90798 73.96963 56.838665
135.56293 131.30942 156.23895
137.16173 138.80719 161.83469
137.18593 139.89426 157.77461
129.65868 136.90503 157.54234
96.78048 145.3748 165.80846
96.99363 145.75038 166.47346
108.457726 118.83583 100.55277
75.503525 130.5501 147.17361
124.696365 141.84969 140.22168
125.2434 142.32547 140.75699
122.68618 142.24414 143.57225
125.84771 137.7865 138.76471
126.33982 137.74223 140.2571
126.33982 137.74223 140.2571
117.22259 158.15582 147.99716
117.22259 158.15582 147.99716
91.74062 91.41512 63.807034
86.540184 91.854004 67.02447
180.94705 197.36792 171.35292
181.4464 198.07341 171.94835
90.297615 91.3305 67.17235
85.663956 159.56567 80.756325
111.96731 42.609623 31.868956
58.050552 55.261654 38.363388
58.22597 55.372044 38.39667
157.04083 153.72191 137.56049
107.829185 109.10897 78.52772
122.8935 126.992325 107.19843
128.28424 140.51025 133.01778
129.96236 147.68803 160.52634
80.08671 118.53015 101.48011
136.12239 160.51454 144.35202
153.72545 158.32106 172.0572
71.63598 71.61104 71.358116
71.55923 71.47799 71.2065
118.76329 174.09119 185.41052
118.91896 174.16524 185.34415
84.62025 135.90585 190.16188
116.773125 147.079 149.90685
38.888313 50.168102 79.819115
118.82529 112.32393 109.65117
136.7335 118.343605 75.76647
103.09308 91.77245 75.34702
103.07585 91.70853 75.21126
158.0884 55.59625 29.827374
56.586845 91.43975 121.491165
55.04776 88.37472 119.36142
78.72001 125.3794 135.44691
78.21311 124.35753 134.20181
103.63417 132.98749 132.1799
109.31913 103.88788 100.22235
108.75133 103.09371 99.25382
131.89665 146.72894 148.126
134.11526 148.71451 150.2842
134.04866 148.88324 150.31146
102.2517 134.31523 159.21716
109.29647 128.4163 150.08278
115.90464 146.96106 152.08475
106.568436 152.68764 183.61737
106.70168 152.78944 183.68457
139.84712 141.01219 170.21692
130.52429 175.2216 174.76045
128.2135 173.14473 171.65865
123.05154 157.43924 168.70845
128.42119 139.19446 144.35832
54.82942 66.58704 96.355286
81.112045 109.575005 141.44904
80.96487 109.32551 141.1294
105.50482 109.69609 162.59424
98.84338 109.31968 146.4361
147.62874 77.40257 59.276802
115.303986 80.07038 67.91125
115.311775 80.05885 67.88277
72.86967 17.558165 64.06763
72.1013 17.432629 63.64778
76.14446 51.074432 97.790436
91.35399 50.48692 86.57366
90.70672 50.206028 86.24021
71.108345 17.37299 18.775719
71.23298 17.3687 18.774538
96.55061 56.003815 85.49054
91.067116 52.270348 82.362404
75.78052 18.08171 20.38247
75.32834 17.90452 20.200008
68.67056 12.823242 13.246666
55.744522 61.23624 59.689957
57.513 37.24745 70.23486
201.86534 114.79374 159.17354
196.64279 92.083755 173.36523
73.14792 17.880718 20.546402
73.113144 17.870962 20.531452
67.17853 22.491877 28.750502
74.75341 16.223337 17.06743
83.176445 25.52441 31.047209
83.24816 25.58535 31.121601
78.169044 25.568157 31.99225
96.11763 29.236122 24.845589
96.11763 29.236122 24.845589
109.004684 36.606083 39.094574
82.19041 33.253235 36.742085
82.19041 33.253235 36.742085
42.08836 47.348164 56.285378
42.433296 47.28408 56.165585
85.51756 142.04584 167.4197
122.5765 178.991 175.93312
125.63488 163.87387 176.15579
140.00464 134.15697 129.84949
140.27129 133.93773 129.46375
104.26673 125.324326 136.74886
147.21896 169.94736 180.65558
162.57953 190.34694 201.84744
149.73906 174.20834 185.90892
141.49408 164.54263 175.54585
104.680046 169.35938 192.51662
104.680046 169.35938 192.51662
132.36456 137.16905 149.11833
80.00684 87.258194 56.351627
192.24635 160.52307 111.79645
92.077774 120.23829 81.96574
92.077774 120.23829 81.96574
157.06409 156.37492 130.14108
142.94646 146.6213 129.2633
140.50876 144.54184 126.317635
140.03442 144.16798 125.87737
123.59908 147.28581 124.55384
97.209885 121.8773 85.52048
97.36575 121.93025 85.616196
104.85519 118.53877 108.09591
139.44254 152.59518 143.5064
139.45702 152.69495 143.54396
85.288246 116.61478 95.4104
76.17491 53.68024 38.497265
114.47956 99.28093 120.80062
147.37004 116.684135 157.39691
125.9773 125.227425 153.22519
125.89826 125.28919 153.21196
119.26205 93.79697 128.80215
165.1528 139.25926 115.34852
126.81903 116.86852 112.38676
64.873085 63.19741 79.41764
105.24269 106.6239 102.106575
105.24269 106.6239 102.106575
122.23868 137.92589 123.267204
138.75325 174.71274 141.86018
157.3189 168.81203 119.82025
157.35721 168.85019 119.85688
105.408844 114.262566 103.171326
129.83241 129.4002 121.78772
130.16342 129.15138 120.69118
130.64546 129.45457 120.66887
130.64948 129.46918 120.673904
115.19454 110.56607 111.63858
119.77178 116.124596 111.39817
89.30265 96.71274 91.20351
89.30139 96.71191 91.20197
153.49762 127.746254 68.324715
144.31358 134.0958 138.96545
119.900154 90.33077 55.786343
99.76545 70.15253 92.512566
132.3434 129.54483 120.949486
132.13084 129.33856 120.70117
130.2299 123.6191 102.441086
130.28172 123.66694 102.503204
125.14359 151.7699 132.97981
85.39097 114.6326 94.25929
85.39097 114.6326 94.25929
92.26858 100.26708 94.090485
98.86188 105.72705 101.1286
120.9356 116.50179 99.67709
97.23754 105.701996 98.840866
110.9941 117.77831 112.16405
126.57068 116.56037 91.82552
109.37763 108.398636 103.44774
114.91597 109.29262 101.02671
140.66628 132.18361 111.46985
93.79161 111.38101 96.84995
87.386406 67.911835 83.31811
73.05767 53.355877 85.26945
49.54695 46.2351 66.58523
129.19403 111.9483 94.402534
31.21539 22.614384 112.19104
51.83902 38.20154 84.80806
8.841024 6.771431 40.16228
89.82273 84.74637 81.11452
89.8212 84.76156 81.174
51.59188 32.67292 103.908615
43.95035 30.223022 62.092686
47.0489 32.04308 62.665016
43.19867 27.124788 61.761715
110.567726 118.180885 106.7433
9.768047 9.252764 22.628702
104.2853 104.42102 85.75742
96.97077 109.31209 84.46564
80.3763 99.538925 67.23384
78.99272 104.96357 79.08202
85.784966 104.60463 75.26358
81.84575 111.68988 83.435776
81.86243 111.72639 83.453995
132.91545 149.15186 109.91864
132.91545 149.15186 109.91864
75.18376 95.121605 67.27192
75.13226 95.06582 67.23439
131.93855 146.09111 107.02093
131.93855 146.09111 107.02093
75.40489 104.224205 72.71561
72.6158 97.66584 68.25772
80.65061 107.5431 69.43302
70.73701 101.21339 61.440063
67.290886 86.36536 52.143673
67.290886 86.36536 52.143673
35.970848 50.01121 22.672726
33.623943 46.58653 22.17306
33.629883 46.649788 22.207169
96.64511 83.761795 70.8769
91.482864 87.63606 70.71171
47.168888 44.419254 43.96762
47.168888 44.419254 43.96762
68.271095 62.885635 55.4331
35.65097 31.819466 25.9893
82.0609 79.00362 71.414925
82.10736 79.15937 71.74511
70.45068 69.31457 67.782684
36.73575 33.740154 29.72076
95.60899 93.938866 79.12896
95.731186 94.090126 79.36244
49.77682 43.546993 38.919704
50.19647 43.903027 39.238758
28.028011 28.107676 23.327826
117.88029 85.941696 69.26732
124.77351 91.25064 77.026985
162.59613 144.09677 106.60793
218.06432 207.6315 146.79944
113.81254 82.5765 68.802315
113.82808 82.738304 68.84209
43.64558 36.14084 30.751524
80.87387 61.879814 53.338486
127.872025 100.78083 79.530945
153.9232 123.19509 111.58626
151.50734 121.60109 109.819466
147.73866 114.93615 104.68775
84.41359 65.41981 58.660805
99.411545 80.04568 68.38428
28.051497 26.666313 23.471184
16.753963 18.070183 11.458082
9.73811 12.84008 6.2324247
16.342068 17.89205 14.718045
63.304497 58.648098 54.229
34.80558 25.43255 20.001574
24.073488 21.650341 16.710098
111.6981 84.200676 48.0598
110.67666 83.67784 48.11287
38.195797 32.582752 28.882135
68.148 49.113617 47.70286
43.708996 38.315235 33.97809
43.708996 38.315235 33.97809
43.57937 33.3078 28.21055
82.41489 77.95511 76.05287
163.74802 140.35461 124.106026
162.69885 140.78044 125.19241
165.72443 143.81786 129.49805
166.39824 141.7001 128.33148
160.49207 153.40993 171.2831
133.46292 145.00566 185.02435
159.74188 141.22353 127.56005
142.36307 118.82686 104.59015
122.4202 124.92407 149.09666
131.32094 115.41552 74.51218
120.23069 144.49226 181.58
119.96837 111.17499 63.748573
110.68213 120.39113 139.14044
161.99072 121.007675 114.53216
92.94819 106.866005 134.5289
151.03687 154.60353 163.70569
121.394196 113.89158 101.4202
121.29388 114.09324 101.595535
78.63893 82.46953 63.782093
82.761086 81.183014 55.343956
99.51198 90.01487 64.846214
99.11853 120.0225 106.512566
144.65144 118.57143 112.13616
145.10748 118.99732 112.52913
144.94968 89.566666 98.190056
143.24359 146.89008 163.401
136.59439 124.963135 136.87659
118.87498 129.18558 149.60431
156.81918 162.19742 176.7858
142.7378 154.90688 176.1006
165.74055 164.74908 173.95924
149.59943 140.29805 154.25485
96.00161 88.27035 62.746883
164.56966 67.66478 55.279476
115.683266 104.619736 73.54074
156.78394 117.43342 102.1834
105.17758 78.997795 81.68067
119.46812 84.14768 82.77084
95.22955 125.103424 154.1609
101.77411 127.19411 151.44974
52.399506 81.09025 121.89877
52.302807 81.084854 121.6313
79.176834 66.26256 48.00543
79.176834 66.26256 48.00543
51.69617 104.65679 54.34612
91.212555 129.38293 102.64656
67.56391 56.880836 46.094418
42.455406 41.4676 31.05484
93.99839 91.15697 84.381645
93.99839 91.15697 84.381645
44.590897 76.51446 35.76596
45.3268 76.54184 35.957985
171.78842 186.10587 155.01794
124.28644 137.31335 131.0847
124.32334 137.14938 130.9681
125.53252 138.62036 132.96814
114.14772 134.63422 133.84984
113.465675 134.6307 133.87128
107.265434 135.9136 134.14355
107.18541 135.81813 134.05016
41.976276 35.4462 21.685589
59.885796 67.87863 66.045006
59.885796 67.87863 66.045006
212.95087 152.13037 156.50198
17.735355 14.8974 11.890358
95.42496 30.096031 27.537708
41.544003 40.50883 45.630947
41.544003 40.50883 45.630947
45.4999 38.72721 91.33491
45.595814 38.825092 91.62591
18.559267 17.875526 13.575043
45.113106 35.75286 51.53102
45.113106 35.75286 51.53102
45.33231 36.93855 49.935127
113.63118 118.50958 87.95637
19.290531 19.7697 17.236752
119.178215 154.5189 167.53748
86.74011 84.59821 68.53385
75.31776 73.032104 55.57937
73.9631 93.42012 77.10461
67.4045 65.9103 56.10319
86.15173 83.07994 71.90224
135.84528 160.78241 220.04128
36.79728 31.564028 31.076832
36.905033 31.643023 31.129353
99.49998 121.54896 111.10189
112.212364 129.7614 122.7221
127.391045 136.73001 130.60825
128.26012 137.54164 138.10126
140.96274 150.37877 167.04811
131.90475 140.32268 127.078995
30.118101 34.956608 33.11735
31.96412 32.99642 36.052402
19.257248 19.972895 16.2554
24.547071 28.20343 26.037767
24.547071 28.20343 26.037767
2.7614777 2.8892953 2.862111
27.724379 28.322515 24.32216
27.724379 28.322515 24.32216
14.100476 12.757583 10.14859
62.22562 114.187614 225.33963
55.290413 108.08399 209.62929
48.280067 90.850586 173.61124
48.280067 90.850586 173.61124
42.494392 80.5693 167.35194
42.494392 80.5693 167.35194
22.955898 60.691883 150.68811
71.10882 121.251076 224.48389
52.773476 90.82049 174.35458
53.67418 92.76592 186.34561
53.67418 92.76592 186.34561
56.797318 103.80042 211.4506
47.727486 96.38125 200.57658
56.726974 97.553246 181.4811
50.410164 89.31539 173.42735
50.37952 94.961876 187.89854
39.637947 87.49054 191.8227
48.865494 88.250916 170.01137
39.987843 76.61446 165.30867
52.518116 103.81483 210.06511
58.821827 106.13498 198.264
37.674416 66.03454 138.37326
69.13722 112.63653 198.18939
47.912033 94.42724 199.2392
48.18132 94.74511 199.7086
56.48523 101.93737 196.1
53.299423 90.23003 170.73457
72.641685 106.60309 230.24808
72.66139 106.619736 230.31886
42.205753 89.76722 198.75165
51.97498 95.09662 190.1216
53.58307 93.62642 179.40257
65.10276 114.18891 218.68732
59.95275 92.41654 158.50148
52.25276 92.52913 175.91255
52.133953 92.30253 175.51277
28.85684 72.68047 169.56395
96.79759 83.69515 21.9607
52.375782 32.67292 28.387033
52.375782 32.67292 28.387033
52.500805 38.413902 29.891026
60.664974 33.519573 30.546913
