0.112 0.112 0.112
0.15109171 0.15109171 0.15109171
26.24234 83.739845 188.89795
2.9390392 1.5781659 1.6419214
108.85876 87.54508 86.748474
107.249504 85.5128 86.6342
121.42921 103.97705 101.24695
131.43176 99.119896 87.49324
150.03525 115.3621 94.81628
143.79681 111.16608 89.059006
112.91409 89.61177 95.98204
148.54672 68.817154 69.044266
144.95105 62.695023 70.07364
116.191475 112.609505 94.86023
163.65886 73.53041 81.96252
163.65886 73.53041 81.962585
138.97708 118.35476 112.9003
181.60262 175.99458 185.81216
238.55441 219.28046 187.53442
108.58679 131.34773 136.11333
155.05093 154.81523 147.4522
176.68108 153.37796 112.49419
159.11375 171.60245 142.17393
169.31882 142.37016 119.02351
172.59521 162.41817 154.91452
170.64607 161.33063 154.81181
170.58858 155.9868 144.93219
170.58879 155.9876 144.9333
163.40083 131.78316 100.57471
155.8605 135.5185 98.84995
154.02696 134.31693 98.765625
129.75484 117.137505 97.94449
134.92964 133.10103 116.8072
120.393745 133.58893 120.03308
119.69663 132.83595 119.73041
121.81237 101.958115 98.167404
120.95654 101.4487 97.91389
99.257645 111.04259 102.18687
92.31298 80.75591 71.65132
73.37876 85.96608 93.025085
73.017784 85.608665 93.04891
87.62086 113.00091 116.91539
112.13757 140.31947 133.96703
86.08342 84.62225 78.083145
86.08308 84.62225 78.082726
121.04664 114.04534 98.65324
118.29017 121.35399 101.47906
82.50669 75.844086 57.427704
82.126045 75.6654 57.707737
83.26114 78.755844 67.487724
126.16786 116.615616 96.261345
113.32688 103.29876 97.05544
130.80095 94.74872 71.91168
117.03644 104.19169 84.056946
91.505745 80.31881 74.22522
132.30438 114.10417 80.11979
75.131775 63.069485 49.095196
106.69104 99.34379 78.93209
130.94173 126.27766 100.694496
182.67381 184.03262 175.61255
146.11227 131.42781 135.04465
145.29295 131.0145 135.06952
168.14784 161.4053 158.05907
162.84195 153.45764 151.15204
173.08105 160.15633 139.59494
158.7468 147.44951 147.76706
159.54257 146.45943 135.61998
178.59367 164.99721 157.14644
177.33296 163.86172 156.51633
141.9657 133.72041 123.54924
176.7006 167.03685 137.16217
188.55019 178.23773 152.80751
181.39839 177.09433 139.26418
180.22362 176.06847 138.69624
170.12495 160.52342 122.371666
137.50977 151.19945 112.8473
135.99098 149.76454 112.48262
159.37415 141.66441 114.374146
186.34735 183.63959 151.47263
69.97995 77.53642 85.92199
196.82529 189.91888 148.17607
159.3554 139.52667 117.306725
87.77031 98.56573 115.702286
88.16702 98.91043 116.2094
65.09488 73.78655 81.83504
83.62694 83.466934 74.56265
68.25069 74.227806 83.36863
79.191895 77.56503 80.25188
78.62861 77.11018 79.91242
60.54903 60.75319 67.13412
81.55944 83.544975 94.80946
80.82114 82.98445 94.71972
93.05953 85.50585 74.16556
92.611145 85.0277 73.690796
79.29681 78.38306 85.024765
53.91913 61.065643 75.04454
76.437904 76.72807 74.779144
76.17335 76.4684 74.56835
82.05852 84.16779 99.94976
115.756645 106.24108 94.23406
114.66204 105.19165 93.23692
177.6574 169.65419 148.49904
130.15714 128.80814 118.87794
172.03986 172.33435 147.29897
135.59808 125.4058 115.794304
103.72737 98.98204 90.726814
82.73289 81.07728 77.34969
90.3163 89.95057 83.0094
91.777084 93.40234 91.6407
94.151825 92.92039 90.56601
104.23909 99.6706 90.6363
131.58879 124.60192 131.3266
115.04388 110.90955 111.635
80.62701 82.26407 83.39745
127.57628 121.55004 123.88608
191.61342 187.36028 171.3937
199.7259 194.10371 171.51434
135.50162 149.38338 148.84024
169.4581 172.10661 134.82355
160.19737 140.97226 119.782326
190.6238 172.9861 150.98225
174.19211 160.56297 130.5111
189.90068 164.03197 131.23318
173.96478 154.49013 119.44748
172.97656 153.18651 118.13087
156.96985 142.0933 136.12723
97.13642 91.48391 94.25614
147.62337 142.27669 152.84702
172.66078 152.74977 126.76122
173.00311 170.5296 159.1318
203.0064 186.60887 182.056
202.29694 186.39906 181.80946
226.36426 210.1104 214.40988
225.26456 209.3729 213.42264
209.10146 191.73425 187.52269
138.76944 135.77548 119.03472
170.64789 155.27054 148.27867
118.3316 118.26861 115.04999
164.986 115.9149 120.87605
164.13327 115.22222 120.29907
143.87004 137.80003 136.90945
140.06575 152.41725 125.97932
150.62865 156.78708 153.46455
107.49174 88.57635 75.07147
107.20223 88.71036 75.09901
112.84384 103.435455 86.512665
66.5141 70.72936 74.56276
65.9556 70.2808 74.27546
70.64807 91.18134 75.46616
64.80475 76.04126 70.2102
111.76468 121.0612 100.60371
76.31511 78.77164 65.4604
76.80052 79.11958 65.6698
176.123 192.32188 137.91241
185.0576 174.26135 132.9506
131.67435 87.81324 110.51127
132.00426 92.31431 108.20437
135.81003 93.03937 110.55169
80.73712 81.2422 72.56873
138.05548 100.93101 122.5527
131.20908 124.703964 94.32947
113.74498 102.3535 78.73708
101.428085 95.64374 85.22875
100.37963 94.74435 84.567474
168.85837 137.41998 107.49809
163.00848 132.81369 105.15654
167.53299 131.15524 99.284996
166.71004 128.81496 92.74676
181.26382 157.33775 136.4684
182.74869 159.40657 142.24202
181.41296 158.01799 141.0093
169.65395 139.014 113.73219
188.81363 164.52283 131.62428
180.8656 159.97998 126.07612
179.48734 158.73174 125.10043
133.76495 112.10777 86.443665
132.93774 111.48926 86.02376
197.35529 159.662 125.18257
131.94232 107.278076 81.345955
144.2372 115.79088 75.06295
144.07526 115.61513 74.95962
170.11235 134.74243 107.086914
118.20464 98.52727 70.13436
161.75235 133.1084 95.77072
121.68443 98.42501 66.47633
125.89059 114.1405 98.13195
122.09275 103.51665 81.96891
152.29768 134.65704 109.04618
193.0297 179.76248 158.01108
166.51224 147.20712 129.52266
147.26103 116.79088 80.990746
146.79909 116.56681 81.02201
111.9817 90.00311 63.8145
130.61736 112.35832 88.83057
129.02972 111.143265 87.98124
141.46106 114.741554 77.0175
141.46848 114.97223 77.29942
130.63766 109.57079 88.45775
202.32088 188.53737 174.55217
201.12067 187.45848 173.6145
162.15329 134.80066 120.133484
126.067215 108.629906 94.109344
181.96933 145.45035 115.7913
103.65436 117.25258 140.66869
146.54285 144.6083 164.07396
75.222145 84.737434 83.55574
164.26721 164.86725 172.01775
163.14722 163.80318 171.05988
97.65223 99.103264 143.55595
103.33429 101.160835 135.93138
102.63179 100.41527 134.81705
96.34858 70.42704 57.95567
90.35724 68.991165 66.61719
114.78085 104.73911 126.067986
195.47812 195.13303 179.59744
203.46046 207.8071 204.27168
60.094147 72.83218 95.31805
74.23829 86.64706 107.53205
121.36192 124.48566 131.84503
48.254566 67.73118 92.00653
82.256836 79.3658 95.45397
67.55857 72.8153 98.39438
95.30976 92.84199 109.65544
54.52751 78.77894 93.54774
61.85509 76.68234 75.461174
62.044575 76.831406 75.61607
55.458027 64.52908 74.772125
57.056976 65.11246 74.08786
44.4793 58.04947 96.11658
6.755144 7.9148297 8.344174
129.62054 91.54557 52.798325
103.12342 89.13802 71.62442
126.68475 101.922516 77.04793
61.463757 75.42707 102.21548
59.85261 87.568 113.15378
63.520313 90.28063 111.30634
93.34145 101.05485 107.18742
60.785816 78.636894 112.608246
55.30421 81.88789 118.68447
86.04562 109.97268 138.17953
84.17747 107.71361 136.92111
95.30292 101.278114 105.83469
150.74606 140.34055 122.25027
95.30694 92.07263 86.84957
95.25757 92.0808 87.02983
89.72999 95.684364 97.11934
95.50505 90.735374 81.433044
78.817955 76.47902 72.13565
102.12573 108.05572 120.05048
72.12772 78.626305 91.02243
71.93429 78.46442 90.93261
106.83605 88.96276 60.358112
55.52695 49.788227 57.776524
82.206566 74.27902 72.30763
122.3593 100.69837 80.68639
31.837101 45.41516 31.443913
34.598778 54.70802 52.719967
43.810585 70.88391 52.779564
43.861416 70.98093 52.891914
53.937256 65.746025 40.819702
68.59787 83.005 57.675457
75.12789 76.08957 59.972786
66.06823 80.06379 56.420994
74.79193 80.11326 65.01666
69.86704 66.98254 48.720173
60.608524 68.39427 56.052193
60.25324 67.90634 55.929817
44.14061 50.550743 36.20943
44.22952 50.623894 36.22414
76.00542 76.968346 55.30449
65.50802 103.41569 139.78616
153.45967 169.64049 174.6416
156.8249 162.55357 164.9033
67.35396 90.33761 143.9634
86.86687 96.37502 134.87952
54.733032 86.89411 137.27403
92.603424 79.76353 114.88769
163.891 183.27588 184.4334
160.643 165.06995 164.11046
160.4887 164.62054 163.70532
57.019527 72.7498 127.48846
119.48999 130.76283 153.48
54.058586 77.15378 137.62218
55.728874 66.063965 106.20241
114.73485 142.64217 183.62424
179.896 184.30089 183.57547
78.36852 92.57897 127.12007
95.762024 124.999405 82.55563
95.369576 124.56213 82.31266
117.9257 127.13149 78.197205
118.36283 127.512665 78.24322
109.05673 123.65974 78.08751
134.0415 128.78767 83.73886
147.67386 142.86874 90.72538
147.8268 143.05453 90.80318
130.81924 134.59927 85.01796
131.19472 135.04863 85.30683
90.30442 116.12919 77.35979
134.19127 146.27246 86.66103
76.669586 91.483986 81.542534
76.42152 91.04825 81.27046
89.319336 110.20754 85.46449
52.464176 85.75976 72.07969
90.19357 111.50295 91.04129
182.81017 178.77026 149.01054
197.86554 176.19395 126.63008
178.29181 159.44228 127.97984
178.79732 160.03609 128.50069
194.2043 176.26138 138.69884
193.81467 174.15134 127.855515
193.5846 173.92062 127.69321
194.15678 167.04684 131.23724
59.19001 68.50623 114.468124
102.68615 84.57083 101.698586
102.723946 84.545296 101.41778
111.70246 96.61628 79.9877
128.10376 121.63347 91.00807
49.660645 45.121677 44.59682
49.671722 45.136593 44.61635
123.85785 108.00133 65.211494
127.06428 109.59497 66.94061
127.3354 109.94197 66.766396
136.44849 130.10173 117.179146
73.79567 60.832176 52.494568
135.42651 117.00496 84.08094
145.79965 109.099945 92.843666
124.36346 108.67378 82.20933
157.15407 137.78221 107.908714
152.99629 145.08943 124.948364
177.6532 152.68614 110.07263
106.02742 94.49045 81.03053
116.17519 102.81519 92.9963
189.46474 166.2269 124.43518
189.41579 166.11514 124.19588
224.13283 209.91951 158.74571
212.07594 203.77931 162.97852
72.15469 73.509834 85.25946
150.95164 142.01775 89.21593
191.46967 184.1408 140.62001
192.86533 184.1564 159.0961
192.66861 184.072 159.17531
209.00653 190.85031 136.79315
169.5556 141.85966 103.774254
169.62274 141.94113 103.83004
204.73492 170.22554 99.736664
216.62144 189.8641 115.39951
148.5973 120.80025 107.79256
201.7928 189.3629 156.27777
148.52846 125.28332 106.394585
148.44824 125.17464 106.243805
196.13527 180.41321 139.11084
196.47102 180.77129 139.26686
193.25288 171.08331 133.28593
195.9942 177.6291 142.4043
213.8721 203.79732 157.38156
205.36597 184.14072 115.66239
164.44783 134.33234 156.9091
153.24496 131.25195 130.72769
163.65753 143.89865 162.4697
164.95644 156.17805 146.31311
204.40909 213.49768 201.5149
204.40413 213.48888 201.51456
158.13297 126.24699 96.74358
144.89708 142.6627 127.84496
188.05066 189.48038 179.55472
203.81157 192.19357 193.82341
203.90312 192.38858 193.95863
203.9242 213.97873 213.68517
163.90005 161.43372 153.91629
204.62267 188.3432 186.70868
167.47281 160.88304 180.48758
186.78229 171.54938 165.78218
186.22334 171.1049 165.70802
188.2104 178.6773 182.14749
193.56444 182.83539 179.27298
192.19745 183.49002 179.73813
187.86728 179.78665 175.03842
187.95145 179.85715 175.10406
201.19794 187.6502 168.58397
178.57918 175.011 180.65468
177.74292 175.1875 180.37457
189.45572 182.32971 182.51532
190.05583 181.98141 182.8057
170.17352 181.59326 213.30481
162.55 175.44524 215.97649
162.52898 175.41223 215.93076
165.0288 177.02826 212.61757
148.89561 165.72726 214.33963
154.16936 172.36084 218.00832
154.17006 172.36 218.0107
151.92957 165.46141 208.24332
151.47343 167.5089 214.76112
146.9229 163.18155 210.80583
146.92268 163.18144 210.8057
160.1165 172.6509 212.11249
153.81664 171.17943 221.46155
158.3049 176.18745 218.26794
153.7054 171.57121 220.77107
153.49904 171.31958 220.69034
156.47685 174.5565 225.48122
156.47685 174.5565 225.48116
154.92339 172.36154 223.21397
151.69264 168.7636 218.50858
151.6815 168.75221 218.49289
151.96619 169.04156 218.79283
