0.0 0.0 0.0
0.0 0.0 0.0
183.21675 190.14474 210.53651
141.35918 146.18564 135.91544
95.36704 84.86324 67.15469
48.44055 32.335026 32.35335
156.78831 183.5338 167.546
137.16158 163.37321 126.10037
85.03831 91.54887 69.120316
73.46667 72.75964 62.454357
101.03123 110.99347 94.43945
101.2577 111.37436 94.68987
97.4953 76.04318 60.40303
100.422615 71.932236 54.873276
100.732704 72.15036 55.054
88.79536 66.3023 52.741
89.140686 66.6269 52.90631
121.91481 99.979195 79.9779
99.6424 79.952255 65.480316
99.34069 79.62407 65.180214
115.75796 101.45805 87.14214
115.75796 101.45805 87.14214
104.10022 92.20264 77.960434
103.57251 86.90848 74.13778
110.76362 120.268906 94.74557
57.825134 65.66466 42.7364
93.60354 105.23036 70.38674
108.72531 124.14324 120.837204
108.40979 124.00854 120.59182
93.31162 95.536835 75.365585
102.96409 108.18671 92.73243
68.98183 93.30954 99.35909
92.6179 83.20932 71.37031
91.90383 82.57452 70.83083
91.721176 109.67524 114.40802
93.736046 116.31843 141.08237
93.736046 116.31843 141.08237
95.4151 96.65003 100.77192
92.09833 109.98753 114.75013
92.09833 109.98753 114.75013
90.57251 90.626236 89.26226
105.15497 110.60865 119.032486
149.95041 158.28165 160.14986
93.52315 101.67225 73.84645
93.52315 101.67225 73.84645
105.194374 111.6302 85.83572
123.44936 140.8842 142.82529
123.727 140.89008 142.64127
79.72102 75.25766 67.52968
89.95772 89.261 70.37451
124.797325 141.9266 143.62946
115.70973 108.63595 109.98509
139.0534 143.70218 128.7591
138.56798 143.19717 128.21967
88.79823 74.359566 83.363464
107.57963 109.90006 111.257385
89.35252 90.8151 82.75453
100.52669 106.81817 118.695854
96.29817 91.559135 70.3108
96.29817 91.559135 70.3108
150.40894 173.51622 196.36008
150.48814 173.60786 196.42812
77.78663 90.41101 72.9996
77.04338 89.60664 72.38411
103.31945 97.038506 87.99284
83.11469 84.27823 72.076775
98.35146 105.27091 96.03996
74.71945 75.761734 79.06289
90.20291 85.38183 88.48975
74.12712 76.40472 79.78596
74.75327 77.03024 80.441376
76.61345 93.479095 87.69152
85.51162 89.63013 83.43902
85.47548 89.927864 83.86997
106.96613 103.214195 95.90611
95.53231 91.207275 79.089005
95.4916 91.189064 79.35469
106.11729 104.972115 101.12499
124.13711 105.148125 88.49514
124.02391 104.96877 88.305176
136.11693 117.97907 102.15013
136.1023 117.95622 102.0538
119.066826 100.36617 83.576126
134.1346 116.27859 100.76196
134.0709 116.20944 100.565155
123.52264 104.67555 87.74143
122.6479 103.676575 87.08405
87.367355 94.31489 76.31536
86.77416 93.79658 75.573845
74.62702 78.3423 71.34537
60.170815 64.9198 62.903324
50.99941 50.262615 46.891445
120.83099 124.63091 127.42234
120.43402 124.26175 126.913704
121.23005 122.79359 130.71544
127.37829 132.19131 129.18536
72.580215 77.35555 73.552605
116.94155 120.94262 122.75544
116.68496 120.70265 122.424034
73.475204 78.221634 74.256676
83.870834 101.059944 107.40287
84.67504 101.47017 107.34891
97.8153 106.58289 99.34108
105.46722 109.17625 105.88122
73.69247 83.287315 76.45074
91.08389 95.66265 78.42517
89.80358 93.66305 82.48685
89.446175 93.32287 82.14348
97.61463 100.88791 99.14639
96.70175 100.42097 99.0129
82.2446 90.662575 82.77349
85.01451 92.87324 85.969795
108.210266 107.20503 102.50576
94.27323 103.55111 98.679726
128.20122 129.81679 122.11316
93.193275 85.35984 82.374275
69.449165 80.25176 72.68511
78.263756 84.38824 80.65546
68.01923 75.44983 70.20023
79.39426 85.25239 74.3106
71.62726 74.150795 60.12299
145.70076 148.55032 152.34766
84.66765 94.663246 70.535576
95.61967 96.425644 95.03115
68.26529 76.81601 66.28527
84.01101 90.46218 69.61219
83.89939 90.48503 69.705444
90.08909 95.64228 83.27127
72.9847 71.68389 64.33325
93.792885 98.77794 97.07835
93.68137 98.70517 97.21939
94.50057 99.61534 98.422966
107.80869 103.3283 80.32838
114.50258 123.59288 117.359566
74.63013 82.35615 78.14568
74.66061 82.41648 78.16413
63.14057 70.14415 66.22206
83.84232 89.61321 89.051994
78.90002 79.69077 82.057816
81.03084 81.90439 84.14773
73.12539 58.989223 46.959293
72.81817 58.732784 46.754375
73.8422 59.583324 47.440235
118.46592 100.3565 82.84145
119.82997 100.70022 81.80543
119.828 100.697105 81.80629
120.13267 102.0212 84.82167
120.27815 102.15386 84.93731
113.84236 120.65321 117.29695
113.77329 120.56319 117.16358
108.19823 100.293686 83.61774
53.792015 51.223404 42.486137
89.43256 88.40044 78.06612
60.777973 56.537975 45.69066
65.76397 63.289913 49.77298
65.1661 62.759254 49.31343
70.54682 68.74796 58.472527
74.71827 75.83446 65.94332
73.76904 71.69624 61.43536
82.605545 78.01943 61.119488
73.51689 70.67182 61.09113
77.435555 73.216835 63.250423
77.32071 73.107376 62.951347
77.166016 73.005936 63.073315
77.10553 73.02615 63.299942
76.677246 72.71292 63.28421
66.25452 70.27799 67.38509
80.979195 96.65829 96.925156
113.62737 113.08771 109.892586
102.8057 108.796776 84.34741
102.901634 108.90812 84.37758
122.05385 127.02903 109.3821
122.05385 127.02903 109.3821
87.44342 108.96877 134.36284
87.45585 109.0092 134.45947
123.60574 133.52916 131.69443
78.685745 90.58938 56.797325
78.685745 90.58938 56.797325
82.15811 91.619354 68.515434
88.47221 95.3847 72.23988
129.32822 145.1025 146.46793
114.859116 123.345215 109.0855
84.70069 92.45278 95.13196
84.090775 91.93868 94.577034
52.90694 46.780018 33.66541
29.236225 27.880825 16.63646
29.677286 28.243618 16.89597
94.08716 93.31717 85.77557
93.50045 93.00684 85.5574
93.09207 92.12488 84.42785
108.7121 118.15139 101.58596
109.21731 118.68051 102.24055
121.469574 135.43996 137.97581
27.112843 28.957758 27.779665
73.89145 89.97943 83.099
71.995476 73.097145 64.53003
71.20822 72.3613 63.677246
76.212 67.152054 44.92924
121.64653 127.70033 124.33971
115.167786 125.52578 126.61695
122.1858 128.02328 123.97451
122.862854 103.003975 84.90655
122.90372 103.04472 84.92027
123.55658 103.36024 84.76771
99.6479 86.00637 80.40913
119.24716 99.7744 82.04626
128.38364 102.5097 81.0389
128.84232 102.97184 81.53416
120.63976 117.30666 119.14749
110.40374 95.72523 83.41282
110.436104 95.75418 83.46702
110.107925 95.503914 83.62179
153.96829 159.02481 156.52995
154.32468 159.39767 156.94002
86.61903 90.87284 72.57144
85.63662 107.54777 115.53196
104.99261 115.7563 114.431305
73.400986 79.10222 79.35504
71.86714 77.69199 77.974785
71.87178 77.729324 78.05176
84.21609 88.01396 86.33208
83.886215 87.624344 85.848656
76.29502 81.58938 82.06973
75.84051 81.131996 81.656364
127.25664 138.27606 140.25148
127.56987 138.49931 140.38875
142.21605 150.84538 156.79886
93.08114 90.34316 91.480156
124.65585 129.59248 128.0791
142.15425 150.30324 153.31862
142.13153 150.30403 153.362
184.11867 190.0372 194.67064
144.13019 164.56648 175.86517
169.02466 178.67226 192.7667
168.26903 177.86584 191.87737
180.46616 189.21246 196.08736
154.84972 160.46155 160.35576
206.06046 210.04762 212.99048
204.54686 214.45486 221.46284
196.73117 203.25557 207.16988
193.98666 199.25487 201.29895
193.88023 199.07751 201.06667
169.77884 171.85416 171.12538
170.80232 172.90234 172.17542
211.47787 216.79205 220.21254
169.50615 174.58415 178.30396
187.44409 189.8719 190.36488
159.64496 168.63391 176.10855
150.42462 157.07414 160.41814
155.83748 166.98412 170.14615
186.54521 191.31941 192.73947
147.73428 152.5167 156.45605
147.70116 152.52849 156.49612
136.63646 142.59898 145.33797
135.00633 140.67426 142.89404
135.00633 140.67426 142.89404
164.32657 171.07843 175.63037
108.20543 124.41011 129.14828
122.5257 132.50809 134.20972
122.69157 132.47241 134.10458
164.72539 171.0026 170.39702
50.353863 67.46977 90.88189
97.15992 98.8811 87.6116
98.913155 100.92071 89.710365
98.54478 100.577545 89.44468
108.625404 93.15776 80.306
125.2918 112.130066 98.58611
125.28252 112.18085 98.63367
87.99099 70.36527 56.59528
93.34663 102.59174 96.97558
93.23237 102.54887 97.101944
129.14427 141.62903 121.83386
88.74781 107.0105 110.969635
103.51154 122.70911 124.89089
102.34549 111.06895 111.95005
102.48386 110.728455 111.38214
86.162476 79.78557 72.68767
119.94364 132.66714 125.978485
119.62899 132.33118 125.66089
113.77782 120.831154 106.83441
112.61998 119.698685 105.449715
118.899704 133.9342 173.17137
118.899704 133.9342 173.17137
63.111427 60.620766 66.02458
129.68149 137.67386 124.02478
88.42623 113.22934 111.746826
92.34423 109.976006 114.13015
33.223206 36.521103 34.05585
33.223206 36.521103 34.05585
123.46836 127.3244 122.71201
123.089516 126.86997 122.229935
43.035164 50.476067 52.69235
135.27087 143.20296 145.97195
64.4177 66.1753 52.30509
109.37829 107.15123 99.59308
109.37829 107.15123 99.59308
136.54356 85.20689 97.80822
111.01455 113.833275 91.11414
86.54364 93.15032 96.70088
95.73809 103.84051 99.119804
64.40661 63.691956 52.427727
83.48267 85.352844 69.33522
60.616245 60.29762 52.8024
87.57593 93.689674 80.583244
107.38285 112.66608 109.39398
107.94262 113.30631 110.21947
98.17459 86.86997 68.83269
98.1353 86.90308 68.805115
96.54612 101.57695 102.564445
69.45616 78.941475 64.13676
95.98978 95.58667 86.39473
87.728615 88.76743 88.82293
87.728615 88.76743 88.82293
97.79253 99.41955 95.60956
97.974434 99.66647 95.96374
91.28767 95.489876 93.597206
105.82207 106.683105 104.27571
104.8649 105.780846 103.1843
105.80311 106.63044 104.2468
105.93003 106.855736 104.54356
34.56236 42.046963 34.78061
84.11552 95.329285 89.3379
74.35882 79.95367 66.91473
58.91123 70.335106 66.95142
58.992172 70.492035 67.35068
55.85959 59.830444 42.106155
62.733963 73.89034 73.33856
62.15654 73.233665 72.48559
62.550835 73.66934 73.12508
62.900215 74.099 73.420456
62.872604 74.17007 73.553
53.67418 58.411484 41.91831
116.56952 121.651054 99.88614
116.65463 121.76807 99.868866
62.76645 68.09357 51.950363
56.531643 61.890068 44.60712
56.531643 61.890068 44.60712
70.70926 80.08425 80.58045
70.472725 79.58029 79.83001
78.43355 94.31221 84.43426
78.43355 94.31221 84.43426
111.94741 116.201256 80.241615
112.789696 124.89326 129.45247
77.566765 93.71256 89.14557
100.23843 111.21058 107.320984
128.90045 127.17302 127.50379
99.83851 111.00971 107.47241
99.46242 110.55186 106.578995
117.29093 117.21058 103.93735
112.505646 116.85554 81.7165
115.79241 128.50513 134.6859
114.875755 127.44543 133.63658
84.40323 89.614 78.66761
71.94482 82.46002 82.68551
84.357956 96.41003 99.72197
93.21573 96.40853 75.78092
108.2059 110.41384 99.37967
108.2059 110.41384 99.37967
86.32299 94.90733 97.2979
86.32299 94.90733 97.2979
101.88271 105.19218 91.59221
95.949814 93.467964 83.52114
128.68271 139.02147 120.5716
128.86647 139.33565 120.78108
91.81054 103.968414 108.99009
105.57487 120.36826 124.615654
34.149143 40.394417 45.282833
53.408337 53.068634 44.461002
