0.03508772 0.03508772 0.03508772
0.03508772 0.03508772 0.03508772
88.204094 69.33004 58.28461
67.844826 55.25477 53.792194
21.667702 25.039875 42.42013
71.582085 65.08619 67.12047
120.90251 119.61603 94.33303
67.75871 61.782425 82.05711
31.844404 27.562246 35.57596
39.26523 35.08592 36.83858
25.247835 24.388264 31.644526
26.88991 26.084463 34.560177
27.239294 27.881445 39.43358
25.871983 25.687466 31.49368
73.10572 35.80847 89.83387
73.10572 35.80847 89.83387
19.009691 13.123765 15.602544
159.21313 73.39014 52.338924
122.81732 59.665516 24.09649
145.3408 80.17015 33.614418
145.3408 80.17015 33.614418
143.36949 68.641426 32.44484
54.60737 33.48058 27.111277
54.642727 33.417988 27.011415
49.05248 32.474144 29.158968
27.51831 18.109669 10.816173
17.976557 14.350226 6.3565845
17.976557 14.350226 6.3565845
127.274765 90.697426 72.14797
95.60867 75.15019 98.889755
104.52647 94.97974 87.414314
127.23799 130.98663 151.90263
121.25075 59.179462 63.236843
76.019226 59.785797 58.14445
75.891136 59.5791 57.86712
76.287674 61.022217 55.8264
108.07715 102.14265 73.01054
101.567955 94.79315 97.02697
101.72815 94.83463 97.16717
131.10185 139.91711 154.7216
98.96744 97.46239 75.364204
37.49544 36.257336 29.226768
80.02413 77.38811 46.24385
132.91978 119.91251 100.25435
123.60346 108.791275 96.04915
123.526505 108.54068 95.86283
87.33675 78.40308 51.15613
115.946144 127.912476 139.84778
116.14522 128.53896 140.77231
105.46683 86.9648 78.83647
105.46683 86.9648 78.83647
59.15257 35.518158 27.927986
86.789055 81.56297 81.15805
86.8151 81.53141 81.11882
109.68674 99.953575 84.565
105.34088 93.85992 88.29001
75.560104 70.943535 64.18042
60.855625 44.520073 35.67632
59.109745 54.94013 47.775417
21.341454 20.324715 18.655941
46.224854 61.666245 76.92067
21.262506 25.54022 29.898836
31.255459 28.71704 23.753351
34.10354 52.01126 46.63288
35.369225 43.80828 31.264193
25.585459 36.49908 32.685513
24.831495 35.651768 30.660614
24.831495 35.651768 30.660614
32.781853 29.936451 61.740135
21.547346 35.457977 33.88539
36.69168 47.551674 52.011185
33.098293 45.717537 53.007088
35.25994 46.57301 54.13001
37.101776 43.571247 46.220066
34.314526 45.63583 50.302155
9.505056 12.465716 54.146057
14.684363 18.220486 55.363174
12.052134 21.315214 50.987896
34.659847 33.18609 41.24508
22.33816 26.906229 70.40527
49.829044 43.950703 68.360725
71.584465 59.79361 43.403545
111.68712 89.70558 47.387154
90.797516 79.006355 36.144066
90.33491 78.68306 36.069485
17.920134 25.663527 42.405693
17.720638 20.798475 22.141922
20.157282 30.84425 32.361103
20.83207 27.581629 28.696161
32.4286 32.263542 35.2604
20.215391 22.838888 30.016356
18.02287 26.235119 26.991879
18.056883 26.308588 27.107868
17.106834 19.821459 29.159504
38.299625 27.459244 43.929134
38.129547 37.55451 41.75404
38.129547 37.55451 41.75404
25.454914 29.66705 34.267143
25.37474 29.569408 34.102657
33.840343 35.750595 43.135372
44.897457 39.69773 46.46158
49.100014 41.164597 45.508617
105.350494 55.04252 48.996284
49.116447 40.962307 50.167473
26.436758 45.57393 57.691948
22.579062 21.8436 34.80265
42.756912 28.769747 33.343906
42.345707 28.395197 33.05286
41.114227 40.818317 69.50184
27.617674 25.520226 55.286255
15.021605 21.703592 45.708115
53.21003 33.824177 41.859264
23.76561 20.559757 20.674597
79.61162 21.844519 28.84134
76.960236 37.075348 44.40906
26.69643 28.554203 73.0095
26.350685 20.039837 49.243507
29.9679 29.473608 75.48713
71.17233 67.37294 77.074196
44.51965 55.92408 36.981194
57.750977 67.837204 52.715508
54.010456 36.901707 82.10024
91.41959 96.008156 82.87796
29.506283 41.428905 72.72596
53.590324 51.326553 96.62469
47.363594 49.695854 99.08117
53.221634 55.74891 94.8598
56.29273 45.982647 54.530262
56.36099 46.12311 54.950356
42.97836 40.229908 50.95369
54.608135 46.588295 44.168083
37.834213 33.237034 45.990616
55.748257 50.424004 57.756493
47.80606 42.084118 42.357964
33.273617 44.49161 70.161415
28.815062 50.65008 78.53742
33.076878 22.832415 29.920324
33.365894 40.026737 53.989082
34.009575 37.355244 60.992302
32.05696 40.456944 51.91684
32.204166 40.612656 52.150654
24.221788 27.275415 32.58427
38.213474 42.190186 51.712673
19.36168 18.302383 28.667318
46.30062 48.959854 51.852028
40.359497 45.09672 35.667126
64.642914 53.701447 42.148853
64.642914 53.701447 42.148853
53.425648 46.562477 43.53953
53.425648 46.562477 43.53953
51.139545 44.37003 41.67647
50.968628 44.194168 41.57006
67.64905 60.091896 50.2242
22.120394 39.03907 27.633188
58.902473 55.98736 48.31043
64.548874 54.52126 52.008656
64.548874 54.52126 52.008656
82.63675 86.23328 65.96196
70.56707 70.88983 69.6736
70.56707 70.88983 69.6736
76.1158 72.835594 77.0344
75.86482 69.21183 64.47564
76.02252 86.57853 81.03907
86.179924 81.24102 79.512794
87.48652 72.80828 73.44021
87.80813 73.00375 73.73083
87.98747 72.96372 73.93879
80.94116 84.55202 61.828278
84.50804 76.24163 64.438484
55.338314 60.10128 57.781124
77.36467 63.648167 77.39301
50.47947 58.898376 42.93312
50.825634 59.130238 43.33479
82.60308 63.65828 63.103386
66.06041 73.11718 65.13288
104.71083 75.9042 61.503983
104.71083 75.9042 61.503983
78.281815 82.734695 68.559105
89.0673 94.91799 83.250595
70.250595 82.38715 66.403435
85.665825 80.07247 83.004135
70.45166 76.33069 59.986248
107.7684 94.3518 106.085884
107.64621 94.47602 106.11645
73.86731 75.453384 65.36064
65.24531 61.27323 55.10986
65.24531 61.27323 55.10986
109.38118 101.949326 78.22784
70.92351 94.341606 56.641346
77.81541 85.75086 66.39121
90.79453 102.20332 58.44423
114.55566 116.43316 96.137245
94.62564 100.18846 69.99532
59.891674 92.71849 59.997204
136.58641 121.42952 59.61147
68.91098 73.410324 41.367733
115.25048 118.431854 90.47786
63.936146 72.79285 60.72803
26.277102 50.649734 29.754232
26.259098 50.59044 29.721443
99.54631 117.0375 95.341644
63.790356 67.98663 62.494675
46.152607 57.690147 46.823643
49.092854 65.3711 45.83858
49.224583 65.51103 46.01218
82.23416 64.46587 57.731594
82.23416 64.46587 57.731594
69.867195 70.77863 53.13947
41.279285 50.723625 48.863518
58.778057 60.916225 42.69333
58.778057 60.916225 42.69333
58.819122 60.818127 42.751514
62.21451 65.431244 61.421207
57.354862 58.28013 58.62675
65.41803 55.761356 63.804565
70.70141 97.5827 126.64456
70.75285 97.740944 126.94549
55.510532 59.19934 59.068913
75.191376 76.19045 73.37141
70.84314 52.68065 58.27216
73.40723 73.15974 73.888336
73.41381 73.143074 73.89041
74.86674 71.48594 83.420135
43.86275 48.294033 67.44565
103.75998 76.100204 93.75358
132.79346 68.55727 64.20578
132.79346 68.55727 64.20578
153.58932 67.49441 54.753773
133.00157 106.56734 45.24818
0.8917107 2.4890447 0.3379683
52.602314 56.353024 57.67176
52.773808 56.36869 57.634834
50.69099 56.581245 59.25818
56.284035 62.847275 64.36417
30.718878 47.50923 42.084194
55.859035 47.38455 70.6543
56.033325 61.393703 58.367004
71.69639 68.95951 56.562744
64.87045 83.47077 49.093616
65.13188 83.681564 49.106068
59.573395 72.27427 42.558453
59.80315 72.362366 42.59764
69.57236 74.24381 61.629894
68.82697 78.837814 61.88719
66.84375 76.43561 57.5154
73.39125 75.30307 63.109898
50.975407 53.116142 44.663834
44.606335 65.192444 30.754616
49.78756 61.51272 57.58006
43.109936 75.98847 46.065617
54.24523 89.88638 59.05631
54.52463 83.563934 59.620663
49.00747 90.64399 57.13671
84.33965 113.90412 81.20869
84.41462 113.55696 80.52
71.92124 96.38302 70.08638
71.9176 96.331345 70.1063
68.609474 109.33318 68.88581
50.199455 75.32234 74.601166
63.550102 95.277405 66.91902
32.53118 45.154064 37.165672
32.53118 45.154064 37.165672
81.10672 93.99268 55.928905
81.15081 94.0955 56.027237
85.72294 103.799545 78.49904
81.8287 91.31349 58.29028
81.8287 91.31349 58.29028
54.09331 66.83448 57.90374
46.991802 58.22535 57.034283
49.213017 53.9951 59.35061
46.858616 58.513752 57.83839
45.53758 68.99594 90.53616
44.00498 76.43469 95.51287
42.311844 50.3205 61.222095
42.51563 50.87256 62.093773
51.400024 55.897648 73.58634
49.357964 58.122272 80.72378
49.45097 58.22263 80.95074
51.25768 57.727726 61.119476
61.62254 74.27063 85.14433
55.34088 71.75917 112.43051
80.98357 40.350418 30.673409
80.95725 40.261166 30.709225
72.66774 64.76565 71.202866
75.66084 58.00023 60.428944
97.22209 45.763195 49.83816
121.10346 58.97828 38.26833
39.51421 37.822914 31.927948
140.06454 77.35379 68.22137
129.42397 138.3932 126.56941
148.55952 166.10748 158.2766
38.063778 50.731823 76.23244
46.031754 51.109974 44.774536
46.392784 51.363518 45.0696
59.878685 39.969204 30.489542
26.269402 24.009768 31.69574
94.83402 63.69513 39.937218
36.967247 36.410595 31.653297
52.877537 57.143646 56.78932
52.877537 57.143646 56.78932
53.676586 58.04612 56.923733
47.904545 53.966827 52.206467
49.80813 55.12051 53.487015
49.888264 56.41071 52.704437
64.67057 69.48506 63.82276
64.91822 69.73485 64.06405
66.25159 74.39527 66.34138
47.766453 37.88524 34.43373
36.914005 31.944075 26.092508
43.08274 33.77346 26.24232
38.903545 34.18015 31.129356
34.361908 32.562286 25.990997
67.52555 58.300083 45.799473
72.20647 67.05581 65.40382
109.22459 107.84647 150.97874
109.35114 107.9525 151.11981
65.144104 78.20482 92.88769
65.00256 78.020874 92.70819
51.421818 59.151497 56.563126
51.421818 59.151497 56.563126
62.84337 75.31832 90.68643
63.492302 89.729294 108.756035
73.435074 59.043324 47.937332
44.59967 51.807323 60.5683
66.73508 70.72581 77.45028
66.73508 70.72581 77.45028
60.29629 57.65161 64.19302
41.719948 39.209877 46.098213
80.50582 70.788864 73.379456
19.599325 23.474335 31.73711
19.766453 23.22941 29.063356
19.827587 23.28277 29.174059
28.49299 33.77599 40.069984
35.84149 38.364666 34.09385
35.84149 38.364666 34.09385
36.530186 34.98935 30.731096
36.499043 34.941315 30.701218
51.11239 51.809162 51.90872
51.11239 51.809162 51.90872
68.99414 50.079407 50.540413
41.80407 43.7966 60.264805
22.769976 26.851643 39.264
22.769976 26.851643 39.264
57.463226 38.424118 25.507929
68.53831 48.996628 39.187275
60.391174 46.585766 34.02597
59.18785 40.687046 33.521145
48.501686 35.7807 30.2473
49.395313 37.762276 30.773232
59.069946 42.008236 34.44369
57.527004 66.15832 82.15311
57.470467 66.06991 82.09883
57.95825 41.242626 30.36708
71.48441 41.035393 36.57006
61.244965 36.673676 29.73148
61.38405 36.97893 28.232399
54.001648 39.51578 31.979048
43.575768 29.154064 18.270971
25.113575 29.287405 29.578259
47.14667 39.719643 40.286983
83.39026 42.698154 36.55646
83.28131 42.687275 36.560715
61.040066 28.046808 24.466827
73.71485 45.099056 42.337776
61.884853 29.836054 27.764
63.668964 33.091663 33.993984
68.88846 37.29614 36.953423
71.37535 30.397188 24.73236
71.21424 30.431051 24.783115
62.40485 29.223396 24.707117
198.05064 99.38757 36.512947
143.6056 86.047424 35.710987
175.6952 108.49456 40.02436
85.52682 56.65257 35.59565
71.72853 31.525742 24.412779
64.32559 31.161036 30.366735
18.031755 24.68582 30.440205
18.059834 24.708496 30.425535
35.202904 37.62679 42.947865
58.571285 49.748142 50.130623
33.040337 38.227993 41.099133
31.015207 36.23623 38.390636
31.036926 36.17425 38.428562
49.87593 50.998928 56.8734
49.87593 50.998928 56.8734
53.876965 53.068913 60.885162
29.209606 34.7157 36.700146
70.21547 59.127403 61.307823
59.781048 54.640736 55.634872
46.939514 52.178005 52.425648
47.038765 52.302765 52.630123
40.30652 60.739254 109.497246
42.910137 58.531948 94.29526
31.767218 51.235195 88.35896
32.9294 52.85463 92.34555
32.747875 52.147934 90.63595
37.863823 61.275837 94.20091
37.829502 61.21811 94.01536
79.928406 100.10001 123.56263
31.21788 38.547768 63.433655
50.925957 40.957863 38.21022
53.683254 40.79357 47.853138
72.9168 56.070137 73.83675
96.567726 29.48667 57.32046
59.440704 47.04478 92.63798
64.51211 56.377346 86.18118
77.73941 69.742744 79.06906
84.30625 71.378876 82.794685
124.56953 63.811615 31.938597
25.371563 27.333755 36.83425
67.650345 61.448517 77.84088
96.668274 76.71964 88.63728
52.1202 51.196968 67.58048
52.1202 51.196968 67.58048
7.836972 10.000881 14.5710945
38.915768 40.89891 50.309776
34.16161 35.586723 51.215275
51.59404 47.64353 64.085884
48.038765 44.174366 59.797863
48.87907 46.384357 61.20796
49.032063 48.17107 62.424118
47.20842 46.184364 61.387802
40.401554 38.954224 50.473186
48.108482 52.074314 66.68076
34.646095 36.309315 47.43875
32.46116 34.713936 43.55355
23.305218 25.912127 33.781853
26.633265 29.924385 37.756836
38.367233 40.047497 43.495365
36.25672 33.24887 33.775185
35.566765 33.859764 35.817936
32.664406 44.223743 73.22432
40.189342 65.311806 104.86122
37.522755 30.944687 24.479086
78.745384 76.21244 71.357544
74.52946 69.02862 63.60553
67.71566 62.241554 55.91389
63.084618 56.58952 47.17559
58.902435 63.884125 52.60082
67.84402 65.04183 56.135063
63.188118 64.34521 57.11051
68.71056 30.181261 28.596529
61.174942 62.60676 55.538
61.174942 62.60676 55.538
72.040565 67.371796 63.446564
32.257988 39.144833 42.289284
32.257988 39.144833 42.289284
34.33364 36.04957 38.6338
26.01517 34.8146 61.438442
31.593311 35.378803 31.652916
31.593311 35.378803 31.652916
85.075195 33.370567 19.627748
40.282272 30.086533 11.815981
46.443386 48.468475 44.031525
63.49475 57.346394 42.311386
139.6811 138.34479 150.53941
115.90657 116.1125 124.85448
122.21125 126.92722 140.08948
101.02011 104.46518 111.84467
138.66498 131.61668 127.72596
82.8202 87.87578 95.278366
112.88731 125.99027 128.2966
98.11124 107.179 113.310616
98.198845 107.15437 113.36562
110.35942 125.52057 127.2309
110.35942 125.52057 127.2309
122.722404 136.10715 133.95415
123.481575 136.52927 134.52367
85.98671 92.84471 93.03823
100.29116 107.445145 109.550446
100.03037 107.20528 109.31973
131.71095 134.03609 139.64854
151.72934 145.83226 138.24312
139.01357 138.51314 130.3877
139.4143 138.69946 130.39359
139.76807 65.42285 69.45208
78.43718 46.45258 96.61572
78.43718 46.45258 96.61572
36.263657 44.073624 58.002296
43.174023 55.246227 45.681454
43.14625 55.234276 45.720295
137.39703 118.63897 108.6805
116.55317 95.40903 103.110664
109.824486 93.44342 87.487206
134.81131 68.73397 52.77936
134.81131 68.73397 52.77936
39.983643 57.89508 124.07638
25.10622 14.992454 10.512564
49.022255 41.57102 48.46062
96.10507 76.220406 91.295105
91.17452 70.96055 89.09599
93.86494 75.74213 89.01302
93.452156 76.16571 89.92622
86.784836 66.52015 84.82115
90.08259 71.997246 88.84299
87.95373 70.95767 87.8369
89.20014 69.727264 88.300735
89.4769 70.05435 88.59948
90.31399 68.29353 84.68873
94.497284 74.64801 90.40458
91.291504 72.56339 90.9255
91.07649 74.35345 89.94733
91.07649 74.35345 89.94733
90.54172 73.451965 91.90964
90.84352 72.29962 91.40841
91.14131 72.62384 91.68501
95.16291 77.069984 91.12285
90.60549 73.268906 90.617714
90.89792 73.64675 90.90056
91.81874 73.001495 87.172295
92.39589 73.65889 87.66154
90.15582 71.98391 91.14962
91.44304 72.856735 93.13591
93.23263 73.169464 91.78534
91.87531 72.06995 90.080826
94.42063 74.39635 90.45959
91.42347 72.246765 90.79633
92.24263 74.07887 92.808395
92.56428 74.39769 93.10442
