0.328125 0.328125 0.328125
0.328125 0.328125 0.328125
35.109547 45.279297 48.16081
5.466214 5.4612803 5.461417
34.980057 67.20025 100.61561
195.7503 205.15553 235.26881
183.10129 134.11143 121.90289
149.70175 119.36671 116.96779
128.53094 99.91567 80.80921
137.2269 100.08176 95.46937
120.73818 86.04345 84.06631
107.97783 80.88648 74.461624
189.56024 151.90776 160.78372
189.5603 151.9079 160.78395
76.18545 57.91821 65.42427
76.92352 56.945724 63.28656
82.65498 61.141106 69.36177
82.10321 62.268265 68.5403
93.575485 62.235096 67.5917
93.57559 62.229477 67.59173
150.61208 124.01662 118.21508
71.71567 53.97776 60.124863
117.47101 89.867355 90.66108
117.22149 89.6949 90.52865
108.808044 78.514046 86.66142
112.75336 101.59385 93.818634
72.38998 50.660946 44.053455
80.65142 50.175987 35.73146
92.05188 76.5515 74.12212
63.238556 61.818874 61.73811
46.717175 51.225296 57.639698
77.47944 74.259834 68.76374
77.47951 74.259766 68.764015
35.65423 36.248974 36.600536
59.342995 65.384285 71.76038
66.60979 63.079323 63.597965
67.055855 63.388397 63.87877
58.271244 60.56202 59.861534
125.51028 135.6641 147.84232
113.15413 128.4655 144.9877
53.302837 61.802597 73.0329
34.401863 37.185272 44.90118
26.31949 27.647581 30.745888
26.273163 27.588678 30.667421
83.642815 78.9904 62.35855
24.583744 30.453913 42.924957
30.92818 42.714157 50.334053
30.896347 42.658478 50.27995
39.86568 47.405872 55.838646
46.23064 56.674103 70.656456
27.766207 30.391207 36.531834
34.587685 39.02923 45.19367
44.78303 45.754078 47.047867
37.118557 33.925198 35.974884
38.971596 53.596046 62.734306
27.538 33.695244 40.984753
28.089262 39.375584 47.242943
28.406628 39.82686 47.7905
50.646175 60.560547 64.39302
61.666256 59.224335 58.043312
55.46789 42.596252 36.477726
51.450043 46.719128 40.63408
49.13809 46.46248 40.83508
65.09567 64.810104 60.92383
50.608482 56.271107 60.587032
74.005104 82.23677 88.26234
28.802837 34.281937 36.739548
55.533855 40.43404 30.664028
72.39313 37.554962 28.73715
55.782413 27.878359 21.151281
125.63007 57.781353 36.151657
125.55627 57.603138 36.019085
88.367424 52.501987 45.88535
156.14252 74.069145 44.35225
156.41495 74.18147 44.435444
96.48465 41.511444 31.117565
65.04187 33.88319 26.997122
43.959053 24.609547 14.400459
23.140419 26.234888 34.012848
46.16451 23.161938 16.223444
57.71289 29.492153 23.408031
57.5858 29.388466 23.13199
59.19274 29.99068 23.562569
59.25322 30.048553 23.57134
76.2072 47.374348 30.084532
48.36095 28.757607 20.516928
54.155052 25.121506 20.402824
49.615097 23.217688 19.603962
49.628494 23.2206 19.59889
57.655052 28.2794 26.186747
51.882023 26.70436 21.714603
51.888397 26.736534 21.742496
49.664062 44.37346 43.065823
44.04218 42.216866 40.888466
44.050232 42.21731 40.948704
49.291393 47.440857 47.315243
40.958057 39.491364 39.38696
40.988796 39.469162 39.390247
52.707306 23.240372 17.58628
68.12921 34.8602 32.420265
68.39515 34.724094 28.269463
79.27172 43.360165 34.355434
79.43849 42.5871 31.838678
64.78413 29.275494 28.56346
86.071 43.193634 37.240646
86.08433 43.27981 37.204254
90.9339 56.04629 36.35903
49.611946 23.937431 27.855743
56.554653 27.298553 21.811094
73.95494 37.917145 28.077713
90.50641 43.309895 30.462343
87.67383 49.221046 31.603003
64.356735 33.12692 27.011238
113.73373 56.145493 44.601734
110.98112 63.88223 48.148987
82.29455 61.59567 52.521862
53.609444 34.595463 28.783957
81.5343 50.695793 47.50949
80.622154 36.298725 76.11284
78.55174 61.824356 81.58282
67.04996 49.338985 70.85855
86.11027 53.85016 84.97663
71.110916 39.30777 66.211555
36.156456 49.95727 85.04965
35.699528 32.47043 52.72437
35.849987 32.754112 53.21697
31.60081 47.318943 81.18047
34.30517 42.184452 57.946
34.459877 42.312878 58.046497
31.682257 30.765385 46.472416
35.44514 40.57254 61.88809
35.445965 40.619244 61.93558
72.76367 70.30846 87.85632
51.28423 47.618046 66.51004
50.91653 47.460457 66.65128
132.03238 116.45823 120.15765
118.443665 130.91013 120.14658
129.39874 150.88795 133.62106
105.39587 122.50507 103.44977
124.083435 137.59015 121.04725
123.70237 137.34193 120.81737
92.13007 91.614655 78.78608
142.33333 126.15903 92.809654
142.36086 126.21087 92.78817
114.22337 126.18479 105.20193
110.513435 111.47694 92.38511
111.08902 112.230675 93.01069
143.97467 121.32011 112.88024
159.25993 133.30785 124.840256
159.40053 133.5346 125.15005
102.73667 112.7622 99.01364
95.09351 59.62106 85.757126
95.1619 59.660362 85.81367
87.39497 58.678387 98.18092
68.95641 38.562912 80.9068
78.13339 44.18116 84.4594
68.7745 38.17105 76.80184
77.1935 53.62332 99.071304
77.26707 53.62798 99.15505
77.62942 41.07144 85.689964
85.822815 49.91519 95.508705
100.374146 73.42413 123.894295
99.90995 73.04766 123.119
119.10023 119.35574 108.2928
77.38271 45.59714 31.968134
100.77906 94.89419 85.4867
104.33405 97.412346 84.69922
182.88834 195.00583 203.95255
148.85019 155.16574 166.66266
119.740135 113.97201 94.09683
0.328125 0.328125 0.328125
0.328125 0.328125 0.328125
174.849 159.79396 149.84705
133.28416 111.11636 99.48962
134.32185 112.16955 100.52837
113.83597 94.058495 93.35413
112.90166 97.96919 98.69483
111.89162 97.04979 97.880516
111.26045 94.91698 88.19534
121.60207 104.8946 92.792595
140.50761 107.45405 95.08752
159.80807 114.15669 96.42328
122.77488 125.171295 118.32275
65.90365 44.16091 41.680748
133.53882 106.45165 65.22978
89.1017 105.66091 118.35221
94.38943 110.87119 111.80023
94.54927 110.98345 111.79807
127.458984 100.79314 65.33279
101.22519 109.181404 109.07634
105.74483 117.8321 131.39264
67.09474 44.214638 40.4388
77.70827 54.223648 48.403473
73.362495 52.88898 45.919956
87.36229 57.49291 47.044304
106.29314 63.827133 50.49599
99.71464 58.20052 43.89364
75.59108 50.070656 43.087788
59.891518 38.17321 33.93308
108.27792 111.06815 121.486496
86.83049 90.88346 92.295334
104.54694 113.136375 114.28667
104.490746 113.09917 114.202545
116.67105 112.57419 105.03108
100.731186 90.45487 81.422386
116.72934 113.25243 107.99702
104.34735 115.71104 120.26381
99.114655 84.00003 73.647995
48.20415 56.16958 53.569557
73.52327 67.06586 52.63857
67.986946 66.072296 54.693977
112.786835 97.24681 84.605095
82.48417 91.96227 104.12503
102.87408 118.49065 133.56151
102.56503 110.576996 116.88182
112.33196 115.859344 119.003494
85.571686 87.26549 94.391174
114.38936 97.51466 78.77779
109.66478 83.961624 67.77268
94.433525 67.66982 55.266415
123.17438 93.12613 73.27327
121.629005 90.357216 70.78937
121.80825 90.421776 70.78964
125.26199 95.78769 77.62126
125.299065 95.805855 77.48509
131.82518 99.80986 73.23421
123.28499 93.46169 85.0369
122.79832 93.147995 84.82069
108.07672 82.019806 71.74795
121.5256 90.77765 69.96248
123.64018 94.051636 84.37212
125.700554 92.34022 73.631546
93.182976 58.201515 51.25836
73.8677 33.410946 28.675781
118.574455 76.30705 56.103687
118.14847 76.046394 55.911217
111.58642 69.84286 53.936813
125.127396 87.07819 71.8628
102.18346 70.07957 53.86013
92.91749 48.593235 39.96368
93.06586 48.7452 40.05897
41.885315 42.088406 49.082615
53.283615 52.325623 59.263054
43.980366 53.77707 55.31692
43.99445 53.885555 55.39669
37.56915 49.25682 54.03262
37.580833 49.366776 54.10811
80.97002 74.53276 69.47015
81.16396 74.71916 69.63552
107.94672 94.76213 85.604095
122.15954 88.26946 83.16454
121.107765 87.543106 82.4718
132.42969 101.53074 98.48715
123.840836 96.55681 89.944214
108.248146 98.05599 89.07412
89.162315 57.63 53.692093
126.122055 97.0565 76.36558
128.40996 98.30883 74.72108
89.38127 76.89347 71.64844
83.45806 61.43702 60.56603
59.89227 42.89131 31.307737
29.521965 26.89244 17.438288
43.36328 31.041153 22.003666
43.99637 31.374418 22.236328
82.56247 75.46714 50.451927
125.39207 93.610504 63.610504
84.202576 76.97317 46.114616
84.51463 77.26843 46.166805
63.86328 71.26312 48.665398
74.73311 69.3298 47.69785
47.487663 37.20186 31.543346
41.79619 29.89741 23.9878
105.34742 86.28649 71.2988
105.92691 86.72526 71.64268
113.54612 95.25473 75.75675
113.5452 95.26652 75.67948
91.86239 75.76864 51.136547
130.44778 95.80023 61.773438
131.48149 96.57511 62.261066
138.2461 132.10304 116.424034
162.36133 150.19751 137.48822
162.25517 150.2314 137.56226
141.00352 128.56541 122.32052
119.73636 121.478516 118.384865
121.887024 122.21036 118.88943
122.019394 122.39632 119.101395
130.34824 124.77967 118.748146
137.46309 134.68602 128.49599
132.1041 127.86588 127.99195
150.07518 132.08035 113.047386
53.37363 45.6213 36.413513
101.37404 94.4977 86.53886
76.00216 61.289474 49.040226
75.97495 61.32374 49.13374
96.643265 77.826996 58.15368
63.10379 44.690174 34.42914
86.82089 61.46577 44.505585
61.59615 43.80078 34.233963
89.58498 105.200935 116.86448
107.70011 85.14056 68.09594
83.13877 82.872536 88.744896
96.444626 72.24455 65.926125
75.094124 55.454872 45.537796
84.34228 59.707203 53.17472
85.23026 60.360336 53.76631
44.568325 31.507093 35.915913
74.52594 52.87757 52.511925
54.813526 39.073635 29.020937
54.70395 39.02796 29.00466
33.393265 29.958403 30.200726
124.40063 129.08156 101.64549
116.483246 124.79701 96.84049
117.39686 143.60728 112.53639
123.73132 125.11623 91.82521
123.6347 125.16403 91.78159
137.39984 147.5697 113.11493
131.45491 157.91266 121.10423
110.43099 124.11061 93.95329
137.88881 139.9914 111.79623
144.11304 158.20532 114.56757
53.090668 40.83347 30.572369
52.997257 40.74236 30.573019
110.40858 76.93651 64.28348
102.656044 86.18219 74.23338
97.42739 80.777176 68.447845
119.55527 100.99161 85.83878
107.87565 88.904434 73.62284
75.439285 39.128838 24.23561
97.647446 71.9312 57.398335
86.313805 76.096214 67.98986
86.246574 76.07381 67.96817
91.15988 98.15848 105.162315
95.00308 99.926674 105.80808
100.345604 76.41016 61.929207
99.47348 75.62569 60.43606
90.860886 73.76107 44.373013
95.58251 72.53337 40.973648
91.33628 104.10242 118.86568
91.78632 104.49853 119.16283
119.11863 102.29564 93.72769
36.168655 36.912075 35.243763
59.71152 53.839844 48.838337
54.433594 62.124313 51.484238
53.241844 46.00298 46.815514
99.76007 23.474438 27.446888
46.537624 39.193497 44.83179
77.84303 49.43404 49.362698
57.432976 56.9325 61.126198
71.29125 59.519497 58.21961
71.630554 59.730743 58.44562
54.31781 19.657038 21.017612
45.232285 28.433697 23.673315
68.817055 22.784231 44.807327
34.123837 41.68904 63.425404
52.06538 53.116947 112.21827
52.627502 53.70703 113.11928
30.875103 21.083437 10.352899
30.386272 49.44377 62.222244
56.47091 69.41444 76.81034
59.1631 68.03392 110.594025
75.970604 73.278786 139.60852
125.70285 78.493866 209.25456
109.44541 74.20241 179.7194
55.87668 25.927631 46.054516
126.46608 86.01473 66.7451
136.09369 78.07059 48.66934
54.566406 32.628185 32.571
61.83426 31.114687 38.021004
91.0624 79.866264 69.837685
68.78368 66.30229 65.720604
95.92102 80.72982 70.944046
95.61993 80.42633 70.705864
58.96008 50.624622 39.700554
76.46916 59.197506 50.674515
53.46587 51.248356 43.415024
182.98006 163.52707 147.5942
124.852005 131.9228 124.444695
124.642204 131.77646 124.62808
98.18435 111.806915 128.7891
69.722145 83.117905 84.67441
40.518368 19.950794 13.395422
71.458336 47.51165 29.308422
65.703224 45.014904 28.52145
66.25462 45.48369 28.798828
97.929924 69.0133 49.82213
45.71707 38.134148 31.89405
82.212585 59.388878 45.346355
47.241432 36.28149 29.789268
46.463062 35.092518 29.703638
45.048794 37.00466 30.572712
44.963062 36.94843 30.492496
58.45059 41.239105 29.538446
82.52697 61.261547 48.28766
82.59694 61.31531 48.349403
54.847897 38.94644 29.809278
56.441235 39.763054 32.15046
56.03447 39.433113 31.859203
52.126232 36.482834 26.844366
51.239857 39.495956 34.908787
56.032143 42.496334 32.649124
55.979576 42.46419 32.604202
46.568256 36.140385 30.609444
55.67105 37.649296 29.184006
89.60211 68.579185 59.231735
89.78803 68.73167 59.343407
124.16955 93.26374 69.72886
117.28752 105.645454 92.90347
84.94065 72.65221 66.26679
87.684105 81.22252 70.48095
99.77426 92.29095 81.58676
92.940346 82.426636 77.38569
74.09632 53.064453 47.23441
75.03015 53.829838 47.89436
82.642136 57.436302 59.89847
117.310135 93.047386 79.784195
143.08556 118.58213 99.11009
169.81734 132.02354 139.15327
135.72687 97.511925 84.999245
71.14864 59.029846 55.358585
141.46141 99.104576 85.86873
126.89607 89.259766 67.564384
127.0184 89.47828 67.775085
121.1971 95.75117 72.59889
123.126816 96.59317 70.58244
149.909 105.154396 61.4682
63.659435 33.632812 21.998116
119.463264 84.48715 61.12507
119.629524 84.6753 61.340015
73.06795 53.3199 46.263912
99.16893 74.6361 66.83412
94.54513 68.03879 55.790672
94.259834 67.81137 55.646656
93.699455 67.36928 55.365612
97.154396 73.90635 54.797802
96.987564 73.850365 54.87483
96.301605 71.8751 52.31699
119.02916 95.091385 92.094124
119.425026 95.400154 92.319695
130.48834 98.83203 124.35375
100.82275 83.38998 83.16098
141.71614 104.478035 95.122635
142.17325 104.76597 95.36811
95.83789 70.246605 42.07439
130.37643 93.54331 62.311573
196.70624 154.78595 104.85448
196.7379 154.88106 104.95751
121.42739 96.217445 92.4571
119.44655 88.91153 67.288345
108.407486 86.18044 78.473785
58.334396 46.57617 44.891552
56.44089 38.297115 25.297903
56.388844 38.285294 25.243694
55.65755 29.628803 17.460835
44.467724 76.60026 25.734032
89.104095 66.83474 34.417557
169.7256 124.386856 116.69658
127.71409 91.110435 56.303593
89.998116 69.10903 63.303795
90.01237 69.127396 63.433834
120.4889 89.23509 71.9227
180.34677 118.6972 109.069595
179.88066 118.25298 108.91718
142.82997 107.30239 81.86243
171.43082 122.04341 102.08261
161.84436 114.19185 107.06041
162.13443 114.24644 107.17893
136.6694 96.887436 75.926605
138.2069 101.36551 75.03176
137.85184 101.11455 74.923004
145.29599 99.56668 64.0968
109.79941 87.64484 64.244415
109.99561 87.825554 64.32319
91.54407 69.392715 77.81195
68.48355 50.98554 63.22567
68.93599 51.09529 63.205353
85.007195 73.44651 67.841965
74.75315 59.047115 72.57199
61.96049 53.111706 49.396656
83.76761 52.742565 70.977486
95.95052 49.374725 69.60101
74.27502 43.08902 69.96145
131.2744 163.69243 197.06116
40.590324 34.51597 30.916735
40.59053 34.516174 30.91694
103.81576 115.29386 103.32268
123.26367 118.014565 121.03368
123.314316 115.76384 110.9548
14.004969 11.564213 10.306709
13.425575 12.019189 11.047389
13.425575 12.019189 11.047389
16.719778 15.460286 14.509217
18.841969 17.613762 16.656593
13.055339 12.208333 10.856565
17.508429 15.0858345 14.470669
21.418722 17.389597 18.09793
20.414953 17.241331 16.560925
15.519428 13.641036 12.880311
14.534094 13.576789 11.0127125
5.1428866 5.135314 5.1362734
9.32182 9.308217 9.309245
7.29338 7.2781663 7.2784743
7.29338 7.2781663 7.2784743
5.3188734 5.304311 5.305784
5.3188734 5.304311 5.305784
4.352556 4.3426533 4.3433046
5.290193 5.2715187 5.272341
4.82463 4.8114033 4.8125343
4.82463 4.8114033 4.8125343
4.0871367 4.076206 4.077337
4.509149 4.4956827 4.496642
