0.123893805 0.123893805 0.123893805
0.123893805 0.123893805 0.123893805
20.024654 40.372917 77.38439
50.835876 68.78796 93.742935
41.28906 57.640106 84.98922
28.677475 26.71782 24.587587
113.367546 138.68173 121.0861
129.75778 152.42177 114.92101
110.02496 121.399155 106.723305
92.4429 108.83054 122.30321
61.29277 63.11775 83.7126
90.07072 64.29783 53.001778
160.89415 132.60799 49.483826
163.4952 129.16826 66.98458
78.41871 60.006725 30.599451
126.591415 134.63129 83.49503
84.78653 87.1038 109.08278
89.64915 101.24848 106.284966
161.82062 150.39474 155.38412
159.89331 145.26506 142.24883
104.692665 64.35978 56.512928
182.87784 204.3726 241.07532
119.96785 104.60208 87.50172
183.16339 166.81667 179.96523
103.67268 87.5574 74.579315
223.39136 198.58408 78.81544
85.526566 69.88569 37.17293
75.19944 48.37025 27.909224
45.51076 38.96696 28.472544
215.00533 178.84859 60.50902
214.00804 178.5305 60.447075
74.16899 69.42505 22.850872
51.51018 29.106 54.625576
135.89478 117.05178 42.817135
102.43545 99.52966 54.677822
73.59821 75.2947 35.661205
121.75256 127.91274 87.150986
117.61333 93.04703 60.752098
110.23546 102.583336 59.637825
121.2047 106.187195 89.92487
143.1763 133.8824 104.048965
142.31894 133.03412 103.366425
146.49913 124.59045 85.568344
139.20609 110.25482 73.61456
128.85048 109.59346 60.233257
120.9857 103.875336 66.41956
123.86057 135.80716 134.9318
128.98663 122.50547 80.072075
134.42853 111.85099 77.21571
134.42833 111.85099 77.21606
73.26414 62.176373 64.00962
131.1065 129.00815 93.30939
107.1877 95.68022 78.485374
123.18538 100.73683 79.46736
103.02021 86.81988 68.05897
103.01476 87.17962 67.857056
133.06508 110.715576 66.86409
129.24983 102.40866 81.876724
109.20806 82.43301 56.43703
94.73247 63.427135 76.2784
103.51486 72.23132 80.91916
122.67782 81.45141 101.31255
140.19052 103.30336 92.58755
74.78985 41.364147 35.090504
147.5006 97.047646 96.67798
146.51083 96.53337 96.15249
136.41794 102.24925 104.06956
92.50029 49.525524 50.15531
92.10461 49.452873 50.058548
109.07447 68.74421 39.57746
111.86772 64.8363 30.204119
141.06528 95.37647 48.096535
137.11748 92.94482 59.508793
120.219925 113.93941 98.1118
140.29173 96.24628 52.00827
133.07895 106.11798 72.094025
133.03477 106.434326 72.35162
152.17123 118.70375 82.456
151.0966 118.04394 82.25965
159.25934 131.58925 103.5217
124.70638 55.251766 50.20385
108.24157 79.848015 67.64961
105.82726 76.79248 65.35989
97.538704 66.74653 67.78522
97.78958 66.96665 67.740616
99.13564 69.935036 69.32859
98.96352 70.01673 69.3488
124.315025 86.08568 78.321365
106.180664 88.28029 86.19283
105.89156 88.164314 86.133095
156.66306 129.65417 131.25775
148.25331 112.261314 89.19678
134.0119 117.69444 80.43386
180.85532 168.0875 100.40039
125.13413 107.05754 89.48951
115.31607 80.42679 44.04966
51.988483 72.93102 108.97272
147.81865 125.8889 90.162346
143.07416 114.102135 81.92955
116.84998 94.99919 72.57329
175.63416 147.34741 137.43594
151.83769 119.64134 79.91471
100.573944 46.706417 53.959965
119.622444 93.57542 96.944626
109.102295 77.474434 64.540405
124.54067 99.01287 72.97558
136.60803 122.27457 91.59806
125.60289 99.04351 74.27453
130.6306 102.946594 77.09564
127.53248 102.37195 79.2161
128.67079 100.390465 73.98493
129.14085 108.4623 81.71086
60.29439 49.953976 18.671368
111.20354 114.36152 77.19801
94.65815 96.02408 64.81234
127.69881 108.28543 71.32075
93.918655 93.61997 51.349926
96.7555 99.503075 54.73544
91.35881 95.13089 52.217335
130.68536 137.47498 94.47888
105.89624 60.150867 43.39406
96.7742 132.18893 85.468025
102.22 110.93187 53.693897
108.25984 116.21169 50.213898
97.35738 73.26077 49.306374
122.339066 114.509026 76.6704
125.6682 119.330025 81.00398
108.065155 85.729645 52.78058
94.461914 75.04182 56.351818
151.0349 108.049545 84.81095
147.94273 132.21054 108.19678
88.24176 44.328632 48.510685
128.53696 108.86861 100.47668
132.23949 117.4555 100.09356
79.71442 72.88357 66.31429
63.252502 86.36728 80.66256
58.980484 91.69939 83.01662
58.63713 91.24029 82.61754
50.72694 69.21057 61.469723
50.59578 68.940254 61.253777
73.37524 77.96843 64.96568
48.397343 69.66724 60.87549
43.480427 62.4053 54.761833
76.49094 113.56223 105.37705
114.324265 137.9321 148.8142
86.38455 80.233795 60.048923
86.40102 79.97747 59.919426
117.03374 104.82401 70.28736
71.71086 59.731693 74.82981
121.6391 131.45717 133.25888
57.643353 75.36581 57.022064
57.623604 75.32565 57.022453
75.560616 67.00626 38.12231
66.59486 70.30672 33.222282
66.8501 70.64312 33.40681
66.26429 60.28133 33.022953
85.246666 67.59385 40.281563
109.51331 98.3781 45.057774
48.889168 66.90524 37.741276
41.08981 47.661358 36.20269
18.937511 24.028017 17.563396
19.13112 24.195463 17.637825
37.329754 41.530354 35.45175
37.359623 41.56672 35.464314
47.024 38.4606 27.001043
23.228891 25.38625 20.136492
16.979286 19.476755 16.868416
29.856243 30.515438 36.397842
33.6539 32.350388 26.09777
41.26912 37.38664 28.370367
41.335087 37.415737 28.367237
91.526146 80.442825 38.142906
13.150288 14.498241 24.743479
37.507748 33.99799 25.839432
18.470882 21.936275 29.157978
41.75739 37.12204 27.361904
119.218185 105.06523 44.06554
29.483673 28.291185 30.516945
30.52734 29.17587 30.800943
50.55447 40.518414 30.314604
25.185184 29.17015 20.935425
25.078255 29.103992 20.885227
25.377169 29.222939 20.045677
28.337635 27.755884 21.063803
148.81404 154.88747 75.50705
57.060246 45.648724 35.527805
60.97952 61.221046 43.1026
61.44642 61.57615 43.20551
146.84402 112.56819 45.021755
83.19863 62.978863 33.281525
138.6197 117.04777 46.82521
138.55241 116.97604 46.829773
168.03679 144.48692 51.941452
113.63945 115.72334 96.76211
124.74839 136.19983 103.877304
123.83491 134.97801 103.11153
90.388336 94.32098 61.205936
104.31051 103.28388 80.4082
109.255905 107.7856 84.1688
83.95529 92.388725 54.871353
105.296906 114.74209 73.35162
105.297714 115.03922 73.60861
88.07002 91.76473 68.385284
88.488235 92.022606 68.782974
123.340454 152.27406 206.05179
91.75774 85.34896 65.12401
92.37956 85.816475 65.366196
86.65807 74.66696 53.88449
65.37187 82.84326 21.903969
98.98563 95.80809 75.16455
102.73776 96.05039 88.68551
149.3573 133.08876 140.05074
60.62194 50.595432 55.31588
60.49666 50.49712 55.209335
42.4863 39.527767 42.74819
132.24014 123.18325 69.65077
133.20459 116.910034 145.1645
154.09546 113.270744 203.41685
153.49222 112.84218 202.5515
31.75515 55.265022 56.07872
52.885265 80.1288 71.07582
52.7405 79.93817 70.85624
41.760056 52.54025 38.8649
30.494377 42.613052 79.396996
86.93647 85.94613 132.836
87.42196 86.44653 133.35599
51.05302 44.025814 77.06245
38.84102 38.23376 42.48823
60.22321 57.233025 73.83275
69.65831 62.71349 89.14132
49.86142 46.78769 66.86853
57.18758 43.191174 97.79735
67.91112 59.238937 102.819725
69.66449 68.75538 93.49329
69.78039 68.66797 93.91989
72.862816 62.0558 106.73958
92.92615 86.31607 108.15597
21.98431 25.209839 7.084863
22.016695 25.242725 7.1289563
81.52286 72.974724 88.23446
70.14252 67.659775 84.54991
47.86432 43.807823 73.60188
69.125206 67.22765 88.509605
145.68388 107.66592 76.75407
145.50389 107.53016 76.66666
119.55173 90.189316 71.6049
84.42999 50.661514 46.352554
83.970245 52.438614 51.15222
124.2188 102.56112 84.23921
97.45465 78.96418 52.808983
97.355644 78.77289 52.66055
176.55597 155.26907 149.45728
93.99667 124.98473 141.20238
63.979557 73.108284 36.457203
63.86946 72.8579 36.4749
49.848824 58.785755 24.405418
51.617805 69.707115 33.46037
51.577618 69.625114 33.429688
132.44495 152.7031 158.5064
119.89377 150.5222 167.42203
119.62673 150.21065 167.1009
136.83723 159.00908 167.8247
136.80774 158.98969 167.81122
110.06357 139.65189 154.57974
96.91305 125.76009 133.81145
138.90877 172.16022 185.35835
138.4914 171.79105 185.02814
108.61556 138.11644 157.32117
122.51208 140.4746 127.1482
79.72536 58.604473 43.727325
79.77223 58.494957 43.84581
86.51683 82.36075 59.67446
87.21351 82.98995 60.312477
161.90872 155.79665 138.70529
109.38714 74.52363 56.86022
109.419174 74.53036 56.794567
109.11168 74.353325 56.60405
95.30035 95.86664 52.60741
100.64656 86.751595 63.92097
147.61696 98.40244 67.26545
147.68393 98.36021 67.050316
147.69185 96.12928 68.92993
101.31805 65.77899 49.24999
101.48676 65.823044 49.081615
92.99618 74.71701 38.8775
112.675385 90.83939 49.207058
112.515785 90.74263 49.149555
94.28489 84.54044 51.01673
124.55354 108.17162 61.422962
107.56386 100.58558 55.644627
103.23693 90.0691 56.535496
103.34664 89.9277 56.834293
113.540634 99.416855 87.97608
96.06585 96.92047 74.62314
65.857864 82.673645 71.36964
95.08896 97.43448 76.19987
66.743324 66.596054 61.52649
67.34405 66.96452 62.077522
65.21262 80.41423 68.42903
35.377827 33.10144 57.828148
35.4327 33.25598 58.186497
28.286432 26.129227 33.089077
29.765738 43.142715 50.872395
115.17803 102.19554 51.283455
69.44105 58.993393 47.0279
50.932526 37.366 38.550488
77.129265 58.321136 53.10565
77.0667 58.251575 53.05113
68.35847 50.880394 47.53936
68.2365 50.841946 47.54848
69.0017 50.86003 47.06558
78.52974 60.18043 54.641266
77.21285 64.0012 64.08015
63.595047 49.46095 57.938053
63.403446 49.331646 57.774937
74.44186 59.867992 62.644123
66.48908 50.922054 43.1921
73.19651 54.65081 47.060593
70.20574 54.57553 56.82807
70.1259 54.466553 56.74232
86.25327 63.979286 65.33342
88.94482 68.54237 66.58477
64.42014 47.2251 45.500755
69.162964 54.2229 49.41168
68.66136 53.8409 49.02817
33.90702 31.386753 27.486223
46.905243 34.722496 29.796537
112.09031 93.15303 72.45956
136.3905 95.60536 82.82038
151.38103 106.47664 87.79155
163.14488 113.631836 102.98018
42.033504 57.492832 40.856358
41.961357 57.39286 40.7463
19.894463 20.176798 13.730224
30.072535 48.923252 37.02249
30.107548 48.956604 37.07126
44.817715 71.014145 48.42281
31.380802 36.474823 20.19755
23.11458 21.36863 18.500832
23.759285 19.676855 18.328362
29.36774 27.319357 23.758087
26.761488 20.19585 18.741972
24.312943 23.452139 19.936817
33.751053 24.211655 35.039726
33.538162 23.93786 34.63771
45.87885 39.963173 22.182673
43.288982 35.140358 25.284655
94.17985 75.07126 24.121151
51.075897 35.538353 15.56927
51.312054 35.630985 15.620165
181.27094 132.39517 88.03057
80.08572 64.39986 56.955944
89.56189 71.26386 58.77343
89.25625 70.73876 58.59443
85.67098 65.147194 69.057076
85.31143 64.68416 68.52862
90.35039 71.77362 75.69166
85.20346 67.244774 72.272446
91.65444 73.188736 79.47857
65.7274 49.248173 52.813774
64.909615 40.94551 39.393246
142.92824 99.05739 118.10283
142.47757 98.68895 117.94547
84.108284 56.287205 52.264133
91.00174 61.29277 64.00243
80.91703 61.21316 62.91019
90.97581 67.53468 58.71666
90.77474 67.38857 58.54651
54.06465 33.68451 39.628086
109.8387 78.598946 72.809364
38.050816 30.502144 34.271942
41.93751 36.247322 43.656723
41.915215 36.21981 43.620514
47.29501 47.499016 38.476254
51.054413 42.926384 42.256676
108.8591 90.55988 102.594894
62.953938 55.50427 66.283806
62.735672 55.310314 66.07242
56.885612 59.148975 50.237816
50.468678 33.672565 19.92109
55.099354 19.47691 20.351818
55.8865 39.565445 17.566526
79.3456 39.656837 18.298683
50.850487 36.973877 18.74746
117.93991 67.95285 40.822044
118.32256 68.150406 40.927464
150.3024 84.86482 83.70916
132.13432 81.54913 72.21239
112.43259 82.966415 108.251656
55.388184 52.880974 36.755188
61.108437 56.208332 43.66055
58.037987 58.471306 30.337675
57.852222 58.001663 30.323492
83.77965 75.38057 43.375313
80.798355 75.9219 55.733044
77.02763 68.10125 36.968815
73.85558 65.68605 56.38335
101.08563 67.6318 56.11578
144.82095 106.826836 71.34579
122.5753 87.677246 69.85242
75.02446 54.221817 70.88271
75.38424 54.507748 71.064926
76.34351 57.592495 74.20319
97.62817 66.10735 66.90107
104.27573 82.455 74.49805
149.77083 140.81778 158.59445
149.74886 140.81575 158.40321
113.17541 65.54732 39.82038
127.38791 130.66492 151.89137
143.0085 131.3937 135.62206
123.933105 113.65742 117.62353
125.20872 114.933495 118.76636
102.30579 89.289024 126.78947
208.41887 213.64888 221.26158
76.86548 114.94899 145.54076
76.889206 115.02767 145.62871
61.388065 120.22379 151.39078
67.70472 138.60548 179.48518
67.976234 138.99004 179.89423
79.337326 83.01658 83.47772
79.512695 83.05785 83.55922
83.49395 75.881516 88.90505
83.00935 75.40488 88.49109
85.409904 70.95992 86.23357
55.487846 66.232445 102.91479
51.40712 54.43873 86.40263
58.39077 93.44202 131.59033
39.69243 43.79565 68.048225
31.59118 25.889051 28.14395
32.054256 26.144375 28.255053
28.187077 50.703484 50.200912
76.44677 75.48336 66.40897
76.46524 75.53979 66.49503
38.585693 49.455887 62.74719
77.65672 82.04641 112.55837
204.68605 168.9888 107.76825
193.6042 156.17734 94.80218
193.70892 156.1528 94.82003
190.71744 146.93076 89.99946
0.57985854 0.3741933 0.25880125
14.98176 14.956293 14.923909
14.98176 14.956293 14.923909
9.222398 9.197009 9.168412
10.347954 10.337636 10.325115
10.347954 10.337636 10.325115
8.763148 8.694555 8.300653
10.196546 10.177726 10.154732
8.845306 8.681146 8.441782
8.872937 8.760984 8.861151
9.622715 9.6005335 9.57468
14.402519 14.375585 14.34691
14.402519 14.375585 14.34691
15.432894 15.401863 15.367005
19.3478 19.318005 19.284113
19.3478 19.318005 19.284113
12.62743 12.6032 12.574487
13.333578 13.310508 13.286123
13.594118 13.567415 13.537736
14.888318 14.863585 14.83182
16.028713 15.999652 15.967654
22.922363 22.89195 22.855663
22.922363 22.89195 22.855663
24.302277 24.271978 24.234493
12.829656 12.807164 12.779921
14.314719 14.2959385 14.271825
12.539784 12.486841 12.398887
14.8475485 14.813966 14.775902
15.490976 15.4618 15.428643
15.490976 15.4618 15.428643
15.122967 15.090544 15.054836
14.149592 14.121498 14.086139
18.649342 18.616146 18.574255
18.649342 18.616146 18.574255
14.680334 14.357267 14.159678
9.945666 9.830042 9.5231285
10.188392 10.170228 10.147892
9.899061 9.88569 9.868184
14.524134 14.486687 14.446691
0.123893805 0.123893805 0.123893805
14.053175 14.053175 14.053175
14.053175 14.053175 14.053175
239.83661 232.38647 233.26791
41.724773 55.711365 83.797585
41.57383 55.62975 83.69301
