0.0 0.0 0.0
0.0 0.0 0.0
16.521387 16.209051 21.527557
13.976829 11.798517 17.663252
18.392368 22.115238 29.850761
161.33876 145.64676 159.35143
89.40246 85.64361 99.78365
97.682816 84.90708 89.98222
53.657314 54.232613 71.58659
88.58314 83.6844 93.834496
140.06696 131.70316 137.71133
8.887595 9.963903 11.113802
47.5975 75.560005 91.45346
100.99181 91.32856 129.356
87.73669 83.435844 121.6209
21.930212 23.095987 31.913174
47.46243 45.542694 75.96387
83.99414 74.58209 111.411385
97.18269 87.76409 123.197716
97.08477 87.67125 123.03583
104.073944 94.36508 129.95517
74.13332 57.921013 85.573944
45.704742 33.249416 60.93479
59.856777 78.18297 105.86485
71.117836 90.627075 121.66585
114.78485 118.19407 120.14563
164.73381 164.63751 171.57422
98.694496 102.43351 105.16084
101.27018 103.41147 104.8128
71.590515 76.98797 89.57739
70.61908 76.06148 88.89998
96.454666 104.17516 106.38721
71.950554 68.962425 73.137634
53.238396 59.99499 64.81101
75.06525 63.11415 70.281944
67.76941 60.92486 65.48137
71.230515 64.98847 69.03862
79.97388 86.22663 93.14117
82.10984 88.59312 98.51623
81.5722 89.614655 100.35744
78.08325 66.056244 98.705444
160.58652 142.05635 204.80283
99.426254 91.577705 143.82565
83.598976 64.95824 105.12447
103.83931 97.40922 151.05109
141.1757 128.23064 137.35359
96.195625 91.31672 86.870865
69.92187 65.72442 54.298943
74.602776 70.36489 58.75318
103.25117 97.541534 82.84385
157.16267 147.50516 129.55434
34.41069 36.326927 58.052437
35.02325 50.982494 67.42912
80.29619 74.42233 121.49414
103.808334 92.466774 154.3418
36.306473 42.67443 56.33966
90.06552 85.789825 76.08485
66.74119 76.20831 89.34234
120.393265 112.91954 99.47745
30.672373 29.600372 24.529964
33.536446 32.321068 30.388914
37.388527 35.629948 31.763817
50.52616 46.602818 37.22221
121.60988 111.67342 103.05826
155.66927 146.5925 122.03901
128.90724 117.997475 101.64407
94.72613 89.93044 80.38193
94.24635 84.78408 60.27484
112.25039 101.49662 85.9622
94.18161 87.12168 75.43669
50.701717 47.162086 40.5328
54.120907 50.16457 49.552475
118.82456 107.642914 93.86865
60.356583 63.75846 67.76114
92.99581 90.166664 75.072235
45.933746 75.61508 69.33325
137.77437 123.1551 133.4386
46.2139 49.373856 55.823048
65.70323 64.583176 65.75058
69.35468 73.9339 96.71456
39.19337 45.876923 66.309425
39.123 45.79879 66.20327
63.75462 79.421715 129.56711
65.39357 64.09098 89.33535
56.552166 57.030315 87.838844
56.756443 57.090008 73.15433
29.220541 28.754387 33.94302
124.84567 102.38957 85.77092
102.85115 86.252525 75.14944
103.35344 86.70156 75.528564
117.0439 98.153046 85.15739
101.44686 84.40933 71.58321
72.08213 55.23785 34.256016
72.14004 55.295956 34.247322
135.64932 114.39695 103.26735
113.09734 87.902306 80.15398
122.57367 98.69112 91.44046
75.397415 59.87172 54.979973
130.37308 107.151375 90.691666
81.213356 75.50524 98.859726
69.57693 55.006092 49.083527
113.33453 94.30216 78.037766
97.54987 78.69353 68.786644
75.953926 59.756832 51.44803
68.17866 53.97578 47.543976
48.712933 48.549683 68.77969
180.9051 160.96767 43.71798
23.59583 21.64594 19.337875
54.018085 44.07918 54.55143
51.08745 46.261684 44.294247
45.94566 45.597424 38.77713
64.28885 60.271774 51.201096
77.004814 77.17051 58.930058
51.74565 51.198532 42.956528
86.8175 79.44077 62.51281
49.54945 45.17897 43.769096
51.228188 47.351032 38.264866
39.35569 50.77717 70.18817
33.552555 47.35728 65.47023
39.262302 42.72318 46.61388
49.692867 48.286137 75.062645
79.68196 65.697716 69.05954
101.256134 76.388176 93.465416
53.10146 36.730515 39.466194
67.13165 56.402267 73.12308
62.381657 74.34331 90.848976
44.25318 51.064743 69.88399
60.41364 72.10794 97.05104
76.01836 80.53959 83.58089
33.269135 40.41954 55.789436
43.541336 51.848976 71.76545
62.76211 69.44877 105.85251
55.695465 64.41492 76.061676
38.323124 41.777054 49.08927
38.24631 41.697174 49.055
76.746506 63.71033 113.53617
34.059658 41.49018 51.324444
33.981174 41.427303 51.32724
41.73304 42.665035 57.318893
51.72815 35.14625 70.96794
86.15083 72.61528 106.2101
99.087685 69.410675 134.14836
93.90324 79.05896 107.88224
52.68821 62.031013 77.87226
32.901295 36.128086 54.166706
74.77123 64.06342 73.73168
74.894585 64.18332 73.90735
94.71515 79.246506 86.39901
24.420547 26.713438 36.276936
54.418102 47.683937 56.45552
54.338223 47.628395 56.396328
206.08066 152.25345 51.53994
51.613335 63.6728 126.27426
14.669733 15.063694 17.469376
47.758152 45.373585 73.163055
79.34567 63.90863 82.03237
79.211845 63.89726 81.93165
123.9632 86.449776 59.342068
124.16411 86.47652 59.295414
38.872925 33.612755 44.891323
51.239326 32.862328 75.685646
45.939644 30.370983 29.792269
45.699657 30.287495 29.844124
28.111279 27.44015 42.484398
158.79692 114.48595 66.14567
158.87413 114.571495 66.25419
50.51114 37.977333 66.91065
47.72675 32.80011 65.964096
47.662903 32.75916 65.98494
38.42237 32.632008 54.767582
79.479935 63.110542 127.95435
79.48335 63.42342 128.28362
51.180367 44.421364 66.97326
36.02674 40.573086 60.201523
36.210487 40.70769 60.33531
49.87048 44.28338 64.25532
49.850838 38.411312 55.88356
59.61718 52.27484 77.53358
66.826035 49.592686 68.08819
68.01595 62.424625 95.01277
66.32204 75.617256 85.23998
214.51723 236.01894 245.66982
214.11317 235.65646 245.33931
61.73983 47.5701 71.45145
28.714523 30.677147 31.626688
34.635345 37.531788 40.968212
45.416977 54.685024 63.09327
32.010403 35.52422 38.198376
56.593155 59.022938 78.58423
60.285942 54.42645 63.233505
59.103554 59.47815 70.40165
58.33706 58.810665 69.320915
66.6995 62.8782 82.335
66.29204 62.440926 81.50334
46.34059 48.618614 51.245342
62.467396 47.394894 80.40184
61.033653 49.908245 74.86924
51.092495 53.941933 57.646214
48.868225 51.872227 54.7684
41.53831 43.312763 45.354565
74.62595 58.84498 98.86508
75.33609 59.48556 99.7198
42.72842 31.48824 55.232765
42.659874 48.879833 53.51021
42.9242 49.14753 53.804028
65.33834 71.71612 78.56004
65.57336 71.98793 78.86337
128.68556 58.357864 171.61609
39.583954 38.006752 53.45715
73.02469 60.08741 48.149937
34.402657 40.319126 46.400986
43.9266 28.786757 61.37886
49.275112 61.63674 74.07254
49.213436 61.464485 73.882744
66.32627 81.7413 93.34389
46.47318 52.78571 71.70362
47.784855 42.953503 68.8704
68.024605 65.52061 113.18401
37.939995 46.616985 56.198765
46.942516 53.930176 63.046616
42.728653 50.095676 56.895706
91.44182 116.497284 127.314316
45.59944 62.193836 79.83589
45.50939 61.802517 79.46309
64.338264 78.52321 86.98098
65.11571 75.888214 86.58512
61.87172 71.474846 77.56815
78.96437 94.251396 99.501434
77.87222 93.09661 98.498024
45.004074 61.687042 77.2349
245.88623 207.34137 155.35432
68.59537 83.63608 94.41143
113.66725 96.033844 84.59933
45.405994 49.593773 52.25516
106.4733 114.4606 137.1625
106.41356 114.365585 137.04036
87.63829 65.840744 94.819244
46.697952 40.532524 58.57724
123.70928 173.27733 211.87688
59.077164 67.98327 81.57739
79.559654 57.231293 102.98882
86.316216 50.169773 110.10635
61.42447 66.77992 92.55989
147.16667 172.73257 182.40775
146.82864 172.1589 181.86008
57.465263 76.96596 95.41112
57.19376 76.55519 95.06187
75.96084 57.16329 75.01153
82.46406 60.584187 79.38464
82.5918 60.635498 79.398346
68.43747 88.80974 102.800964
68.08217 83.86745 97.290016
68.79922 71.74468 107.45253
68.21957 71.14423 106.54723
49.051003 45.093773 61.614773
52.54254 46.137943 59.894737
39.86648 36.34459 51.515175
40.043938 36.485638 51.780354
37.581394 54.868694 71.76521
37.706955 55.062607 72.01584
31.386742 40.510944 56.26801
41.804108 39.561405 42.1839
43.076385 46.69275 76.03167
48.33042 53.24274 82.999725
48.035824 52.96565 82.71383
41.514324 39.394505 46.754307
35.437122 30.51929 53.48269
32.24476 61.268436 81.8749
55.879795 76.571144 84.092064
47.93813 71.01308 81.344124
47.79297 70.79258 81.094666
61.81641 82.34024 94.52744
45.755783 68.33663 80.89175
45.308685 67.925125 80.68479
51.720154 51.52787 50.980827
41.296654 42.210796 73.81629
67.22322 68.804184 97.338066
67.06889 68.442986 96.82103
39.10569 37.3024 47.62207
39.27686 37.273754 47.556515
52.541687 48.476788 56.365044
59.752327 91.21705 106.57836
51.63639 75.97726 88.752754
66.05216 95.36214 115.24169
81.582405 108.18308 122.399475
62.27814 75.247086 81.66919
62.283962 75.40207 81.81726
42.09257 38.62634 59.63096
34.261642 35.19535 55.600063
59.847424 45.72846 65.28319
65.03416 68.7939 112.2219
64.56525 68.28388 110.94682
39.79852 51.914883 65.04778
52.735718 68.08601 86.77938
52.81257 68.33516 87.113106
55.091717 60.885616 80.37428
154.42877 131.12627 118.0635
154.40436 131.0845 117.99744
58.154907 56.997982 79.80508
40.25159 40.54735 60.225277
40.24996 40.52686 60.279655
44.60565 56.515526 71.779655
39.069168 35.69791 40.571613
39.100063 45.1872 53.46639
53.84645 58.040756 76.292076
52.625797 53.697136 66.76677
27.006016 38.875446 47.61202
66.45948 76.7604 91.0628
68.59676 76.2809 89.31901
50.960526 62.50462 84.562454
75.97884 93.79355 108.93475
64.4889 69.30426 78.58314
47.459362 67.31086 89.398155
87.05608 104.07165 120.04289
199.88376 178.82336 137.30705
201.13441 179.29138 137.05298
51.502872 63.143845 78.55407
44.39524 55.14668 77.04111
47.904945 35.88573 56.928196
60.059193 71.21002 77.384605
60.212196 71.43285 77.71441
34.347576 46.061287 62.435764
52.9209 80.97531 106.06067
54.52325 67.127464 81.07899
54.924973 67.66713 81.74317
40.486145 39.653934 51.805775
40.58737 39.90304 52.202103
85.95175 59.4037 116.88845
66.635925 70.96608 100.53652
84.46344 97.06393 114.28905
84.27484 96.8487 114.192474
151.24522 131.8945 122.04665
73.85635 81.245186 96.335976
46.956413 56.684017 76.539085
47.519913 54.89074 70.95587
47.21324 54.58531 70.632744
55.457653 63.880104 88.29704
54.192207 68.43367 81.936035
61.810085 71.42951 86.075645
120.37587 102.48343 155.99635
33.50978 46.205635 63.266148
33.595947 46.357204 63.496624
75.622925 89.79238 133.11357
57.938828 54.392136 95.013275
62.497204 74.874084 96.195
81.95859 97.37075 107.67734
82.012146 97.381775 107.573555
67.645164 86.338806 101.549446
82.745575 112.26149 134.08752
82.87428 112.35876 134.19624
76.92423 97.04976 115.94325
83.59874 111.552864 135.32495
54.36916 60.21957 74.857086
71.12642 77.259895 89.75175
43.623272 50.002834 69.38181
32.848587 40.129368 56.4443
26.909603 29.155954 34.524143
168.87933 139.97667 134.22597
98.43712 83.78443 87.518555
111.527054 98.26735 102.913795
112.80558 99.477486 104.069786
116.06731 93.05158 90.156654
120.977486 84.27946 78.34777
109.77142 98.34502 100.784546
164.28696 144.83974 149.6372
164.45311 144.93787 149.69911
81.39275 60.732338 60.08807
81.0621 60.298557 59.625988
118.10829 94.75768 92.25376
124.58605 104.52558 98.67975
117.33388 103.74589 116.92854
45.05593 49.10674 64.79514
240.61206 240.62883 242.09657
78.09385 102.74045 133.84479
75.74674 102.39532 146.60143
84.96387 102.41837 150.30252
85.048904 102.514824 150.7498
11.26409 10.358602 10.350567
11.26409 10.358602 10.350567
9.560782 8.6200905 8.615433
10.313577 9.435647 9.421518
15.819554 15.176913 15.1322
16.517117 15.7853985 15.764129
15.91822 15.228187 15.191974
16.450241 15.781594 15.739947
18.464485 17.86516 17.822699
13.832091 13.077822 13.049721
15.784079 15.070331 15.037339
15.784079 15.070331 15.037339
19.145124 18.561792 18.515293
19.286757 18.656963 18.622652
19.286757 18.656963 18.622652
13.610542 12.864035 12.832751
13.610542 12.864035 12.832751
