0.11764706 0.11764706 0.11764706
0.11764706 0.11764706 0.11764706
39.338814 26.890793 96.28164
39.338814 26.890793 96.28164
34.99567 28.752817 99.46761
45.43261 31.145168 89.34942
72.556015 44.058495 66.274925
79.03787 44.993835 74.12513
68.33764 37.10047 18.793623
151.97743 88.02301 59.795128
108.554474 60.697037 52.747643
100.66838 54.452972 51.099117
113.53198 63.107628 68.5685
93.19739 36.252945 25.122454
16.775164 24.811604 92.22869
36.81219 48.578953 41.48387
43.12352 46.311806 43.28329
65.12125 37.625774 37.62196
65.23863 37.72533 37.67814
73.20403 43.046642 41.88749
99.59058 55.86063 46.50002
54.93527 32.008842 36.486443
2.9736524 0.655242 2.9613593
22.818905 9.714102 30.276136
111.22506 80.51242 73.559425
117.93696 82.992 72.19662
101.00789 74.27786 75.457306
126.536934 107.1259 126.22678
97.688156 66.53242 67.15519
93.05989 49.956955 38.129536
92.658615 49.69678 37.925472
103.64699 77.335365 84.850136
111.838905 64.56589 45.53752
111.58736 64.38905 45.400757
105.46854 70.44865 59.031998
105.60133 70.58959 59.20036
137.44215 91.38967 76.05677
137.48761 91.4169 76.072105
131.06157 83.80217 63.145206
81.07123 54.721184 59.04565
79.62834 47.152252 42.280724
80.1833 47.557777 42.571724
83.32681 47.69821 39.17823
97.918755 57.28197 46.57411
98.13974 57.43022 46.63961
89.80085 52.09618 42.643646
112.04077 61.5915 45.529045
101.636345 59.674618 44.967304
116.44314 68.40098 52.76955
106.965614 60.464424 44.16682
95.81293 76.50439 90.313934
93.315475 59.086456 46.04154
90.07824 72.855675 82.1517
89.120476 71.95997 81.01574
85.87076 67.77725 74.78992
94.41481 78.89252 91.837875
80.35382 66.71396 78.72617
81.150566 67.45881 79.70882
86.61374 66.11075 74.86551
91.13709 77.06888 94.47187
104.14502 86.81575 100.881325
156.75087 117.29489 103.38997
155.9538 114.810905 105.31779
156.61371 109.33192 89.69715
67.50769 34.455654 24.26432
53.52574 21.893251 11.488166
53.53866 21.867125 11.46446
99.26623 58.027634 52.414555
117.08741 92.06602 80.99945
115.92455 90.95472 80.115295
51.34017 28.148766 42.52552
68.11152 33.876003 43.56897
68.08903 33.763935 43.416607
76.75748 48.747974 58.194084
45.857178 42.184727 75.83938
115.55506 54.575466 32.553886
117.351364 63.178783 42.800156
116.2405 62.26267 42.302483
47.78052 61.65491 45.66016
32.077465 54.333237 41.15893
25.896334 42.479984 36.446003
48.95894 56.215183 47.383106
36.33999 45.24201 42.011337
105.12936 38.037724 25.14649
121.085175 38.51712 27.367876
114.78903 35.168873 25.75733
82.16718 31.754284 18.39694
121.229866 45.417084 28.833767
82.679535 42.327915 46.26054
84.4332 45.339035 52.178307
101.59873 41.086235 33.694836
107.07486 44.82984 36.202194
106.80309 44.994644 36.81351
101.30905 53.04418 46.920074
101.00576 53.190964 47.56673
55.107666 47.30395 84.18623
115.79597 110.23669 132.2798
113.521706 94.745 107.2874
118.01046 96.26821 103.58391
115.967674 91.59488 100.87127
115.8632 91.30755 100.43657
124.01189 90.397934 89.24223
124.33896 105.80401 117.27955
123.92433 105.23559 116.56644
146.32297 101.751976 87.29023
139.87509 96.671425 81.367874
136.80862 106.823715 103.14814
125.781624 104.4616 111.70162
145.61113 94.94067 89.3878
126.8221 81.333565 63.597298
142.49312 108.75737 115.324135
135.24171 115.9818 123.942604
131.86118 112.87784 121.72588
141.3394 107.56497 110.45587
133.61455 107.67722 107.48963
136.22726 115.89556 122.64456
152.34076 99.94187 68.328835
149.87909 97.812744 66.593445
154.07295 99.36388 69.748116
170.81993 129.98459 111.419876
169.60123 128.81685 110.84499
151.21371 105.49958 84.67737
149.49228 92.756226 75.19324
156.62376 114.24153 95.16726
149.4092 87.713844 62.57341
81.08422 53.686214 47.172802
85.74133 53.484863 46.204285
72.409966 38.727715 22.616674
72.353676 38.710175 22.620308
78.784485 41.20194 32.569557
60.333015 32.794174 28.699167
103.28799 55.53587 37.40039
106.536125 55.515247 34.619022
121.29933 65.800995 40.346043
78.004036 42.77546 34.150234
88.2619 53.536495 46.828007
57.749 32.119446 30.320686
66.50637 35.47947 26.498404
56.52655 28.641518 25.347326
57.646324 28.812374 25.65891
86.18946 49.48743 41.224724
78.206856 43.10954 35.010788
83.73726 42.791164 39.205936
99.94393 57.115444 40.893654
85.08579 50.024586 40.63638
63.7497 27.821255 14.822135
87.17383 43.13794 21.141315
74.87098 35.22759 18.498844
94.8796 52.52112 35.878757
81.57422 42.574036 28.185167
104.24516 55.05831 31.7872
103.08451 57.53686 39.414883
129.12216 80.87395 61.263733
114.01409 81.71326 70.54835
128.14168 122.299805 138.21596
121.21251 88.42116 86.64959
38.839493 23.594913 12.558548
38.852448 23.601557 12.570364
163.84657 95.400055 58.913948
116.762764 77.31434 79.30054
97.76082 95.34905 120.27503
73.89604 55.48314 60.495064
99.52864 70.6744 90.758354
89.513306 67.69087 73.34311
80.76845 54.042824 69.76441
83.295105 57.4882 74.69821
85.80837 60.18359 68.04477
119.83047 74.7504 47.463726
74.301056 67.37261 99.21566
147.75708 91.65902 54.336723
66.057976 55.475727 77.87934
88.12121 79.61297 87.32395
99.20737 78.92558 85.89861
112.80089 92.72305 106.19585
100.36894 65.89611 53.93736
100.26476 65.803276 53.937946
90.70038 80.43419 89.62566
102.27555 93.66291 104.03541
89.0942 72.999306 77.0731
84.5511 62.957836 59.69102
96.295876 64.03112 66.62361
95.114235 65.422226 70.59454
66.01299 54.6704 57.36927
110.2295 80.97112 68.40534
95.9498 87.27892 95.72889
116.52666 106.25962 114.66159
43.355545 33.873875 37.13093
38.764706 31.054493 33.75102
48.824005 41.241203 45.630474
39.681038 32.010017 34.57407
43.63528 50.281532 63.939342
37.215992 57.2299 93.34182
47.11464 52.77384 80.20289
53.563137 60.893253 83.88489
42.09464 54.763386 84.41591
36.404793 53.624893 87.51565
37.94125 43.163372 63.997356
36.29078 46.81865 85.14939
41.16385 47.918133 81.395035
45.520714 49.668232 83.03754
186.80191 131.92998 130.08525
186.7382 131.85942 130.10208
82.72438 63.072216 63.682617
72.15214 44.498367 58.178307
67.06705 27.702103 62.016697
130.82996 82.892555 56.13706
144.25217 90.59924 63.430553
92.17383 57.21581 29.890646
23.296356 41.314262 62.76588
71.62445 41.740486 24.787127
82.12583 50.598255 47.651573
48.22825 32.850906 36.80408
70.047005 48.603134 49.55598
113.82617 99.84988 119.65741
102.996994 67.66504 38.84096
170.32208 126.87883 99.53914
234.19992 216.06201 204.151
94.5027 67.190674 61.66214
112.54288 113.38659 155.60692
150.58344 141.9779 151.34175
62.183662 38.66658 56.541336
28.986862 26.12161 101.21507
34.05886 24.50266 40.423546
58.773293 34.010494 35.580273
51.065723 34.420647 39.196762
63.904663 40.078457 38.43705
63.964844 40.13636 38.53899
41.936222 25.651573 30.360023
71.44435 45.75491 44.30964
64.69513 37.995964 36.092144
57.710175 38.34806 39.56387
48.469635 34.168617 77.956696
69.65297 36.749588 25.938314
76.622696 34.16906 23.950535
128.25143 38.804485 22.590107
134.70456 39.487614 24.2739
194.31339 64.08055 37.40648
116.53973 36.721405 21.235588
110.976 27.30098 19.551062
158.17273 46.44567 27.635756
160.41492 50.127445 29.633335
219.13438 122.17089 41.407177
196.17511 101.254745 50.72258
141.92357 58.82885 34.30399
184.4933 74.3747 37.404167
184.6471 74.46296 37.43389
131.96837 57.043373 25.032513
209.86635 82.042274 37.38901
232.26253 186.51297 132.57605
232.48949 186.65132 132.61168
25.086603 7.38905 6.1063447
37.237644 13.202855 8.914939
23.763752 12.860886 10.5390625
183.18407 94.93193 52.67572
47.030457 46.24766 90.66654
54.75924 46.239258 103.21104
54.699314 46.22014 103.30102
58.04653 47.329308 103.04224
59.567722 38.370445 55.312504
59.516716 38.36615 55.376354
81.23269 50.5482 68.085686
81.28626 50.581337 68.08826
77.4649 44.568016 59.697113
66.877 43.91112 59.09629
65.050934 38.54644 51.56831
39.09783 31.719423 62.659794
24.26898 18.341602 57.189793
24.241825 18.341345 57.212433
37.041943 25.097391 54.735165
56.491653 37.90793 55.829105
42.64757 28.196836 43.730507
83.40098 46.508385 32.11871
39.021687 28.933617 63.777107
40.27819 28.356024 61.48325
41.82298 28.75113 63.991707
28.401234 20.55363 61.191113
30.395838 23.930315 71.64064
31.14627 25.856005 62.14014
40.105427 32.612785 76.168396
25.651499 20.855858 58.981247
59.241714 39.419838 28.033356
60.126637 36.07864 24.80364
60.164948 36.142014 24.885986
76.41815 50.24876 37.871967
84.995705 53.41026 40.73234
120.7257 82.78408 56.020805
121.31966 83.19071 54.62247
44.1357 58.012367 46.670837
59.646397 32.05075 21.768303
66.87553 50.38402 35.126453
42.066345 30.627647 19.971046
45.43103 29.599464 17.029026
45.470074 29.644857 17.032146
46.13049 42.427692 33.765476
54.774284 30.16293 15.435984
58.368355 37.056915 22.521816
58.277164 36.995083 22.514109
62.44699 38.2703 19.397306
82.83538 63.425304 50.53884
99.3026 77.67704 60.547905
49.60618 27.596382 17.695902
44.09985 25.100363 15.750248
88.918976 47.26953 26.872372
108.70904 62.840374 38.381638
108.80155 62.884518 38.416718
143.32729 71.378006 32.821804
90.75711 71.402374 55.10954
115.76188 113.57602 102.07031
114.26025 90.412865 69.01196
86.78309 73.209206 60.054825
86.69253 73.16462 59.997467
44.89817 21.884628 18.350115
52.58317 36.07328 25.17801
52.55128 36.08282 25.179407
73.314995 39.78878 26.195076
81.69924 84.66992 64.151
36.54163 20.660233 15.007229
47.293053 25.249495 16.329823
50.81476 36.421417 30.726395
71.28663 38.403397 29.206451
71.33078 38.588455 29.393784
169.14055 142.09999 116.34512
114.50024 142.66754 120.977394
114.53921 142.69249 121.05963
139.38696 104.64413 82.3819
62.620712 38.88727 29.471909
119.7414 92.440575 75.19471
119.251884 92.59429 74.48134
48.38835 38.06741 37.734177
104.99211 101.11178 71.85876
105.027374 101.16128 71.86224
113.88059 93.309784 69.8003
55.82573 51.807823 39.494953
18.850391 23.528017 17.142637
34.352135 35.11581 33.479614
34.367252 35.125755 33.511284
59.139664 52.733883 38.36336
59.51965 45.99967 37.56622
59.515358 45.96679 37.513744
54.32395 44.491283 36.985138
61.953175 55.059116 39.41613
61.674286 55.103996 38.638252
64.0633 51.566547 34.30263
61.56629 55.15882 40.280907
57.311474 42.889214 29.18091
52.149574 41.011192 30.50989
55.666103 45.140472 39.13886
73.273384 53.919563 40.785694
58.250156 36.399143 22.87017
48.877472 39.412388 35.550987
78.10124 61.83384 44.29419
78.01222 61.805584 44.325676
85.85241 78.153496 41.041615
59.440388 47.484203 41.484715
59.487286 47.513744 41.535576
112.63179 104.01431 77.33151
77.03185 57.52442 29.522512
68.29607 48.30164 29.48134
91.80423 67.91618 39.369087
67.976074 48.03787 33.457817
74.118126 52.83975 32.773182
168.11691 129.82727 86.902466
116.37929 86.34318 55.990643
125.24542 99.17709 58.523247
82.10722 56.929836 43.396206
82.175995 56.980183 43.423435
124.57987 85.10785 57.17768
126.248764 87.05622 58.05831
124.11221 86.25133 57.96389
124.29082 86.51147 58.177094
132.1946 90.36017 61.603832
132.47804 90.37118 61.55877
133.0745 90.44751 63.40828
133.75017 90.84382 63.62827
116.67051 78.08224 48.470333
151.56607 106.85318 69.34788
153.55408 106.85267 69.94639
150.69678 109.28638 68.123116
156.84056 113.87891 74.249825
110.4136 87.33778 59.970055
53.116913 52.892113 43.366043
53.145134 52.942093 43.406956
51.725735 48.00301 39.862133
47.18491 44.787823 35.86338
61.05508 51.149975 40.741074
61.300835 51.416683 40.87384
48.333088 42.91758 33.087154
42.22623 46.10117 38.05875
60.484825 60.293346 50.896812
24.323217 29.492092 25.896004
34.712303 26.994532 17.308796
34.734653 27.00488 17.315622
33.11537 59.086346 59.83711
39.365932 32.39584 26.75733
38.6708 25.092657 18.896223
38.66071 25.0764 18.9338
78.02565 48.474148 47.735092
49.53235 27.571796 19.135702
73.94521 41.096912 29.344501
63.443287 39.00323 35.22667
63.302704 38.90782 35.145096
30.162233 18.776192 9.877106
50.43969 15.439213 18.63807
74.87054 17.169682 17.558842
69.67961 25.508568 19.028439
22.49011 43.756596 52.86584
35.102383 46.338997 40.42083
22.771715 36.735752 38.30131
25.07453 44.918793 52.356575
33.089943 39.780228 32.27254
33.11174 39.75733 32.16172
35.882793 37.569042 34.612713
28.60317 31.774761 29.93505
28.491028 31.653847 29.809034
49.245056 52.318153 48.405857
32.316944 33.150856 30.31797
33.226707 33.73131 31.409012
51.644638 45.239956 41.069576
32.51385 31.367693 27.41305
44.393784 57.78566 38.60871
35.98664 47.103558 40.279037
32.44582 39.484497 37.45683
78.55932 85.10473 42.492313
78.50068 84.96536 42.42725
52.921104 44.22091 32.458443
52.973907 44.263294 32.487103
70.53396 60.196213 34.857876
54.83241 51.079006 40.031155
71.23082 80.54295 75.99615
71.45246 80.81509 76.36189
69.34986 66.824486 65.06701
68.28612 80.14594 65.400314
57.889877 63.97149 70.69344
72.295105 74.201645 79.83461
72.14319 82.09589 79.73968
77.374664 74.2499 78.54721
71.299805 75.39228 65.74985
78.40351 66.22517 66.97802
78.33973 66.11955 66.882355
53.76577 77.47745 41.64592
53.74544 77.437454 41.624893
122.70529 84.065025 73.81476
97.201645 58.542732 38.30252
124.71443 72.42369 31.001799
51.422405 20.567795 20.24744
93.7916 64.88136 60.812374
110.81498 54.182194 27.309566
71.89791 34.070786 19.14271
84.32146 36.926643 22.847345
84.27448 36.894535 22.811604
89.54468 46.059814 33.12642
94.528534 42.4576 27.503908
68.90742 33.47947 29.173315
65.58332 26.122417 20.671938
88.95134 36.181717 23.199001
113.49569 51.583393 24.769659
75.462036 31.629004 31.0924
75.07376 36.583282 23.657223
82.87798 40.32083 26.29441
214.51955 122.05864 43.84008
84.86368 40.703312 30.128399
77.14102 54.14913 41.24645
76.17005 53.22249 39.99622
77.686104 55.434113 42.96921
78.43712 56.49642 46.261864
74.82716 55.29375 45.981617
122.795456 52.28329 26.716341
111.51554 41.609554 20.789402
95.489265 36.828556 18.531246
55.01857 22.332098 11.226928
113.850426 38.99475 20.168324
56.81127 24.573814 14.755201
96.37012 40.787567 23.827126
71.58181 33.208324 22.261972
141.74431 68.38868 25.225092
71.50461 30.771238 17.636564
122.760155 51.520016 26.255733
206.9425 125.149864 72.803894
120.917725 71.86316 45.674656
65.38887 47.811382 55.271255
60.001358 33.951817 29.030273
96.26205 60.485672 52.380795
76.692856 45.86727 42.14583
91.568275 58.63715 72.4285
141.99387 65.487175 65.89296
81.27577 40.18216 34.11328
193.6253 127.838425 88.47279
94.45007 43.42659 56.161865
93.08906 45.32219 52.882538
111.62122 45.807568 58.36575
86.524864 41.202084 42.33639
79.93266 34.49859 38.802174
110.58196 58.076878 36.41547
88.90742 39.71935 35.22267
134.30853 62.051228 61.508568
145.63275 58.134235 30.861546
149.77213 70.1892 35.27977
163.87865 99.676926 64.37
102.947815 39.83472 28.672232
94.640526 52.714176 89.87123
114.064476 61.222927 49.526073
110.49892 62.390957 93.25742
118.44054 63.654213 96.12638
118.55708 63.77509 96.55007
118.87277 63.93039 102.229126
48.630913 21.054934 18.908407
56.588383 28.408865 26.745733
56.55774 28.37305 26.711388
59.623905 33.12715 29.075153
59.892483 28.556458 28.756523
67.77322 36.518036 36.115627
85.85215 48.111923 44.895416
67.338554 33.96176 34.937176
142.7992 56.152657 51.285275
101.903564 49.026237 42.762833
109.222595 54.04323 47.390884
95.03167 40.523247 37.17324
95.13691 40.556053 37.186817
66.085205 30.872335 26.143372
85.515175 40.481815 35.398003
86.42545 41.66086 35.497707
79.750465 38.95666 34.075336
77.12884 42.067997 38.58174
75.788925 35.108288 33.227478
122.010864 58.607574 38.90026
113.20029 61.378334 63.78713
104.580055 68.50611 65.94106
157.50629 110.979195 101.17229
157.1767 110.706215 100.94646
143.03416 100.088806 126.75839
59.069023 32.110455 37.91472
117.72889 60.45257 41.93916
120.36072 65.050674 60.385345
132.18509 70.75549 45.745625
124.210045 71.89296 65.16752
101.725 59.78357 60.343143
64.778984 47.18961 120.282005
64.855896 47.242046 120.403946
3.9468277 3.4702947 2.4122417
2.8178048 2.4869914 1.7264688
1.5225129 1.3356574 0.97625774
1.5225129 1.3356574 0.97625774
1.8659866 1.6321236 1.2310374
1.6364537 1.3916186 1.0186049
12.665407 11.956259 11.117207
12.665407 11.956259 11.117207
13.883674 13.323291 13.209974
11.705038 11.254927 11.106051
10.153572 9.706432 9.257054
17.75377 16.938498 16.629812
17.75377 16.938498 16.629812
11.332869 10.926975 10.64449
11.100694 10.689883 10.409233
11.127261 10.810686 10.754541
18.264284 17.589006 17.741919
4.7501745 4.64016 4.6558657
14.407251 13.889839 13.9157095
14.723129 14.173242 14.077392
16.830025 16.100473 15.892114
16.2368 15.757807 15.843676
16.2368 15.757807 15.843676
13.523137 13.054053 13.199295
13.523137 13.054053 13.199295
16.056915 15.403802 14.974166
18.961248 18.194782 18.430809
25.8774 24.934498 25.120325
28.507137 27.488605 27.687021
16.499063 15.967304 16.043777
12.375583 12.05086 12.050016
27.758394 26.724121 26.942608
23.146013 22.219587 22.462368
11.123188 11.001138 10.948075
1.4732304 1.469414 1.4642031
