0.24561404 0.24561404 0.24561404
0.24561404 0.24561404 0.24561404
47.586437 82.920074 171.83965
75.68595 75.41662 83.3964
110.918976 104.71114 108.083694
108.410255 89.13238 85.53983
97.56025 91.24572 68.2283
158.49043 180.74345 190.71117
142.06738 166.3281 138.74152
157.1892 161.60912 149.91415
163.3757 148.24303 133.37642
137.73718 134.86922 99.087105
99.886375 71.55737 71.168434
155.63538 139.72061 125.56289
145.29807 130.011 103.017365
190.36226 191.84033 188.35518
189.81998 191.23064 187.71199
169.20656 163.39449 157.25543
149.5463 116.56725 100.608444
171.89807 159.23105 149.83517
81.71109 71.09975 61.593746
75.58172 55.68793 35.732407
76.095955 56.136913 36.132683
182.87753 181.06389 177.695
194.32164 195.74852 183.32661
117.06253 99.75793 89.767006
138.5473 103.984535 145.57489
145.75023 126.94247 113.43214
182.34608 164.62848 139.62683
170.28142 150.20827 137.75082
145.83441 124.89879 107.94919
154.86131 140.97623 133.52342
157.78107 135.85593 121.43442
122.71642 116.69093 107.37568
144.04538 123.521416 98.23343
123.46699 105.32279 83.05376
167.70656 145.06155 124.61229
76.04999 88.7432 51.798836
101.02265 87.02216 79.81666
165.64223 151.00764 146.74574
124.28663 113.5061 115.40035
90.30607 97.50416 150.99431
96.56871 109.763084 154.5878
116.571 154.97635 191.49039
149.48346 143.66597 149.64938
131.20612 136.14713 141.24013
90.66777 103.82718 129.07118
86.91702 94.68037 111.61114
94.858086 125.780266 163.94131
103.122475 123.57767 139.24356
127.66359 138.07861 140.12868
128.11229 136.5039 145.17648
82.130424 89.33541 101.07731
97.01477 114.97009 144.88586
72.159 89.10588 115.54835
27.177286 42.17485 55.923874
155.79128 165.22389 182.86311
149.33795 118.36257 71.5563
117.89412 114.73143 62.168873
112.06602 80.18252 62.33118
152.21614 169.62117 193.5154
174.8445 172.5642 181.77448
181.3169 171.71677 188.22443
153.04039 175.63583 198.31154
187.50862 151.84662 194.38504
135.5104 183.326 224.94264
148.53624 171.68929 192.83644
155.53737 173.52696 199.49722
169.5748 167.50655 178.16077
169.86594 167.73904 178.4289
147.37494 163.99097 180.64099
151.77094 160.09767 175.08156
155.01152 166.17368 185.10359
145.4416 155.61462 162.13876
158.4892 166.52444 167.44955
157.93062 165.90915 166.74805
126.35701 93.81982 48.351315
148.15831 166.94724 115.62837
147.86989 132.67233 96.22207
160.16713 142.34344 95.37119
140.9326 130.4317 89.84641
140.37932 129.8363 89.45696
105.71717 83.17847 56.659767
131.29958 116.22576 76.591415
131.03935 115.976555 76.35093
142.01346 130.27873 84.71055
150.99875 114.28437 68.86044
148.26982 135.1837 87.541626
130.7441 121.32076 67.503334
151.62842 133.82086 106.06063
154.2836 133.76344 95.777954
155.94524 134.59767 114.613396
158.24352 136.60913 103.27891
152.29634 141.73679 93.78196
160.31438 129.35088 88.66798
105.47533 112.08305 82.73789
134.4507 117.55686 90.943985
139.06497 106.30304 63.193905
150.83562 121.515495 71.810326
145.94572 120.50959 73.86424
171.11165 175.95567 144.13846
136.43182 173.2125 197.40097
138.79521 181.2761 211.80864
146.98453 186.15117 219.12875
135.9991 188.1333 218.6581
102.00349 97.319305 89.26791
83.081665 73.33182 58.333614
138.59808 120.13879 105.59729
149.35269 136.49466 115.716736
173.994 143.6621 108.92888
134.50143 105.142914 77.00295
129.81612 118.388145 94.50369
136.86 132.9994 156.52306
118.56876 112.53008 113.21309
88.14743 68.17359 98.05017
108.33038 112.439186 129.43863
102.83977 97.72117 111.71235
112.71891 113.641014 130.40527
121.443985 108.73774 101.36029
117.81761 91.76867 94.52293
141.75938 128.22566 128.20714
141.6847 128.16946 128.15692
89.63317 76.28532 57.23615
92.44644 75.43434 56.848747
92.36144 75.41308 56.823303
84.0997 62.70909 55.582077
82.78765 60.669205 57.807404
82.46881 60.421413 57.571945
69.77968 77.39607 95.6919
96.24959 85.98892 89.85031
96.645226 86.202065 89.804016
84.09667 81.76416 94.08249
97.42711 79.50413 76.545525
84.953674 74.58041 74.9716
133.29727 150.53477 169.9724
145.46121 117.77021 66.50798
131.92282 116.27631 83.070404
132.31407 116.520035 83.16702
107.82918 107.94077 79.10065
120.62332 121.26785 95.89797
154.35927 126.98028 106.853516
134.28284 122.4673 98.72951
136.3778 150.05116 154.9348
134.48915 151.07782 141.4977
149.60045 156.65825 147.9576
145.5047 143.11221 139.97551
145.5924 143.23369 140.04173
122.74523 130.02437 166.43149
149.81746 152.86714 154.59088
140.80518 142.92116 165.66107
140.28978 142.3005 165.17944
138.70216 142.54659 188.33894
137.34349 140.89438 186.86063
132.68713 136.15768 157.72032
62.68411 76.07895 93.90428
62.374886 75.643814 93.397484
128.51208 146.11089 168.19511
130.7272 125.5069 129.3644
101.72117 108.834946 146.4408
101.698296 108.81628 146.4076
153.87822 151.0037 138.69873
142.34203 152.22801 154.46663
142.08034 151.93193 154.15002
141.1672 152.73402 167.75456
117.959526 130.31042 150.30376
117.22971 129.59232 149.5631
169.47281 186.90503 211.19188
169.5345 186.91951 211.34628
108.012825 141.31902 168.48645
92.3911 72.135735 59.62486
93.29437 72.714066 59.711605
130.41193 110.23582 68.60144
66.93655 45.205936 41.913666
144.0128 107.573975 95.757515
146.80986 154.63535 168.6967
131.38707 133.0699 141.5695
134.11473 129.5512 184.35162
134.28203 129.75798 184.07779
176.17014 180.73561 188.31596
124.29345 148.78973 159.427
165.21379 172.14676 183.87486
165.33115 172.08295 183.71707
152.8109 144.33759 163.75647
145.56438 156.46994 177.45291
148.45076 160.95016 173.5791
148.34998 160.85092 173.3884
139.93958 106.40099 86.56097
144.12286 110.26239 89.73143
135.45319 102.07172 85.21504
121.42408 86.61496 77.079025
124.62237 98.44062 109.15641
129.74803 133.8224 145.06683
154.13481 141.44658 132.9801
184.18211 191.94688 206.95119
177.71822 176.66566 165.79909
225.44835 226.7943 219.84334
225.33026 226.65895 219.71628
171.0486 203.28221 223.68823
199.22096 199.00343 202.1941
185.92456 194.61858 193.99797
193.26521 188.51259 184.95491
171.9143 163.67 148.22408
172.49933 164.77132 149.57352
194.81761 205.63622 211.3548
190.18875 202.83144 202.47522
193.45853 206.35757 217.67752
114.844284 110.756744 110.25908
175.23637 164.83333 155.65929
179.59145 154.81776 141.19193
188.41498 165.71982 148.69104
188.56822 165.6568 148.35486
168.0374 165.04475 154.64633
104.74787 76.2706 56.860367
168.94026 172.25064 167.83939
161.27596 151.97353 142.65433
161.40286 152.02788 142.5752
172.28545 150.07684 148.46858
171.86899 149.58606 148.20973
168.75084 155.23836 171.52246
175.1475 147.24434 129.87584
175.5634 147.65572 130.25328
188.81622 166.03847 134.28293
193.56201 178.4565 157.43736
193.99474 179.24287 158.17995
196.08423 157.90952 134.82195
185.58434 163.17801 172.49356
173.06339 159.92982 168.06633
123.80966 141.12909 123.0433
123.34765 141.13484 123.03452
145.4162 114.717476 94.29889
157.9902 127.830925 104.90215
147.63748 131.25485 112.761925
148.15976 124.80635 102.260956
140.57741 126.26467 99.78155
140.51021 126.18483 99.83121
112.42213 106.074 90.64361
112.45845 106.076385 90.59813
142.04599 132.47755 102.74356
145.57085 138.90015 117.744484
145.98056 139.07364 117.92687
172.14894 164.50325 150.32394
168.50806 164.57443 165.33762
193.15933 190.16528 181.80205
171.11206 169.10626 171.56476
171.0289 169.24646 172.11523
173.00987 165.79561 155.21806
138.39642 116.50967 92.50026
138.53062 116.57115 92.44704
124.86978 121.327354 101.98279
149.20517 129.12106 100.28042
160.69049 132.27496 108.17013
160.6194 132.329 108.17834
144.14977 135.28299 130.082
155.81227 149.49518 142.48007
161.32646 129.45781 100.33341
164.49518 158.18991 154.30933
122.94514 104.338486 87.74115
147.72404 134.83008 135.89027
176.13927 166.98524 153.6892
176.12897 163.98222 170.10593
177.32002 163.8836 169.29321
178.25606 165.03748 170.56909
167.31656 156.17233 139.20717
152.05533 141.62392 135.61835
154.91754 145.45078 141.78342
142.0449 130.51913 135.29039
169.48814 155.32518 133.75993
186.86055 175.4191 171.29828
186.55138 174.93683 170.683
184.24498 177.51747 184.92859
184.35867 177.16605 184.12547
183.93088 176.56435 183.39755
180.60623 167.85068 174.27995
188.52875 185.45427 194.6353
181.28966 186.2207 201.87291
181.09451 186.02147 201.69673
183.55887 184.6701 198.05887
181.2984 183.6501 198.13647
183.58234 200.35121 224.38293
195.81769 196.63107 211.53773
191.20714 192.89697 205.53323
192.57884 196.3871 208.6371
181.68404 180.87381 194.25705
181.89426 181.11523 194.4924
187.53453 187.21217 193.85454
175.6711 179.56094 194.01775
179.87527 183.86742 195.68814
183.31648 175.15628 181.47899
79.92944 54.384655 48.61098
203.47835 205.91405 212.06235
203.26978 205.68939 211.76157
194.43898 185.9745 182.58856
171.13545 170.51178 161.73106
195.86688 177.87682 157.47127
195.7436 177.74515 157.40262
173.81128 176.48546 183.9122
170.7633 173.83766 181.77696
194.26236 175.91893 161.72609
153.26416 150.1988 156.98856
153.2165 150.15828 156.90869
198.05937 193.0551 204.22794
192.81331 200.96814 215.07002
189.21268 197.99963 215.65245
189.25851 197.98615 215.50671
178.59375 180.16234 156.36098
178.79945 180.31546 156.5308
187.58261 184.10832 191.28224
185.68913 182.5592 189.94347
123.47848 112.1275 91.72435
159.95622 137.22456 119.000694
140.3856 121.01401 97.71686
134.9375 112.065895 101.34995
135.51985 112.49898 101.913155
142.69165 121.55886 98.33387
142.91656 121.57053 98.12468
129.07504 112.40148 99.55058
149.17433 123.64881 108.4823
149.74239 124.028366 108.85436
149.47906 122.53704 105.833565
177.24002 211.41928 223.92505
176.5837 200.34593 219.87453
166.04263 183.59795 190.08919
192.18683 204.27177 207.35698
167.68639 192.90918 212.927
174.99786 195.06248 212.81805
192.07947 209.82608 221.85939
186.14731 206.22545 206.64615
186.21204 206.18295 206.54321
182.2923 190.27083 196.73935
187.3717 191.36966 199.49348
187.68898 191.73904 199.65953
178.1799 178.2167 174.31628
193.15076 197.18854 206.71866
193.30545 197.3308 206.77312
180.67937 155.55421 149.02785
152.84839 131.09624 130.30576
152.68382 131.14563 130.63275
170.3005 149.2657 155.77203
152.57033 136.61206 155.92561
168.21742 144.32262 136.79659
169.43906 160.66118 167.97736
185.95422 173.97845 183.94963
163.43578 146.3239 147.3039
185.17313 175.47528 181.41257
192.79079 166.80043 174.9627
186.14243 163.87912 172.95325
182.8806 159.15157 155.58015
193.12317 166.2737 163.6461
132.51205 116.700806 110.519646
132.33603 112.60942 102.954605
132.61926 112.878426 103.1017
137.95291 118.94344 95.49331
157.78854 130.94508 111.65079
157.38918 130.68356 111.230865
160.84729 132.0881 110.75444
154.29419 125.26354 103.07651
154.53888 125.48135 103.06769
174.45021 141.41653 127.27237
145.02922 118.43555 101.70763
144.16328 116.98156 104.65715
146.71106 105.09816 86.26883
114.92583 122.058914 141.36575
90.06027 90.22533 111.527596
72.266365 77.50177 99.941086
144.41016 119.53414 96.62306
144.56998 119.71655 96.786575
149.69763 120.77731 97.718994
141.68924 110.382095 86.9415
127.21981 101.70601 94.073074
150.18137 130.01048 108.91064
134.92616 106.48425 87.11188
141.3088 114.87645 94.49731
67.78724 53.275852 66.21514
39.924232 30.425028 29.26816
50.695343 30.150251 15.316431
48.247486 28.1996 14.503642
48.305428 28.236637 14.5159025
50.48964 30.053017 15.683518
52.16405 31.700447 16.75944
48.415333 28.088848 14.245306
48.45419 28.113907 14.253591
54.300373 34.052273 18.565353
52.94219 32.840874 17.744614
