0.53638256 0.5354375 0.5314449
0.5681818 0.56598467 0.5565347
0.56832355 0.56612647 0.5566056
88.13396 88.62632 91.52348
102.01947 102.232254 105.52495
119.20362 120.4816 120.481026
121.4501 122.261505 122.25047
113.49745 113.77348 114.42419
124.050674 124.98573 126.805664
110.22333 110.559555 113.25728
39.40935 27.925274 25.245747
44.78428 37.468414 37.63738
45.626488 38.27986 38.197506
35.31868 35.94075 61.796448
89.02164 93.81043 95.09426
89.71173 82.72718 82.6654
119.611206 112.09979 96.48247
47.04796 38.22576 28.78428
114.99029 100.26318 72.50664
51.398884 40.17395 34.346344
122.37871 111.61274 104.110374
81.823166 61.851753 54.121857
96.44961 107.64952 135.9488
105.41837 93.33491 84.35662
79.320755 66.828384 59.511433
125.300415 113.54779 95.94441
70.19039 52.955963 54.381992
117.38367 87.8265 70.40122
108.20164 128.05997 163.24327
102.94774 122.18851 155.37186
18.81608 22.557457 48.659092
80.929665 60.04087 46.62323
139.8188 120.79638 93.36947
146.23862 135.9379 123.501114
146.55635 123.17367 95.235825
101.67199 125.0781 153.80128
134.4289 110.43822 90.55911
131.58536 103.29682 84.42395
130.54349 102.863235 83.27549
132.16043 103.70221 83.38343
141.27939 118.518005 97.53714
145.37408 122.53213 101.54888
51.438526 42.23689 55.494778
155.32782 131.2686 110.87422
124.15585 115.07723 101.20471
152.26923 145.29636 137.16801
117.33278 109.02816 95.28378
122.75907 110.84788 98.41115
110.94788 96.95256 83.39631
155.40034 144.7504 135.33575
66.23961 58.42204 45.545692
117.32224 98.8582 79.67823
165.01427 136.38759 117.73701
157.51535 136.90123 119.55783
173.81683 156.16782 140.34679
154.59216 109.915634 87.08663
34.86354 25.53865 20.631922
99.84747 84.96475 76.16625
83.779366 70.75135 63.15862
120.857544 100.07123 83.69103
104.41025 78.54418 54.394634
106.30509 84.274284 68.59521
91.7972 72.63469 57.085167
94.21199 80.81388 62.396618
85.30963 67.16193 50.49615
80.723 68.73859 51.79772
80.95015 69.0201 52.05984
78.436424 55.193794 40.29602
101.38469 80.37143 64.90236
105.086136 83.73035 68.67839
106.644135 87.38355 69.85981
99.434326 79.23209 63.46962
101.24343 86.47316 71.49825
120.408005 104.28525 91.1981
65.21934 68.14945 96.40422
115.27232 80.50985 70.82269
130.61562 105.00054 87.267746
116.91479 91.269066 77.34193
158.79378 139.67847 133.59537
115.608696 88.371124 82.89482
112.99967 88.295525 84.061
124.21562 98.246666 93.93125
127.19063 101.56691 84.15056
165.1671 147.86293 137.43222
138.13487 114.81183 97.65602
150.30338 130.51048 115.009735
112.80524 86.78761 65.596176
95.22085 66.48578 52.32881
91.88114 73.40529 54.420124
115.446205 89.51883 60.375496
133.67896 121.00423 109.62715
83.5928 77.880646 69.89421
127.9068 81.29921 75.92076
113.27818 82.17313 71.075386
123.648575 98.614815 73.58101
98.957924 64.28227 48.655357
82.53773 59.52672 44.005882
111.73389 80.76474 69.34044
122.2873 101.842255 83.290184
95.24957 112.65323 136.26198
93.348 106.53419 132.63281
109.37746 89.850975 75.40387
54.236748 50.142174 49.58777
49.240078 50.096626 49.70478
65.41429 59.70452 56.1787
67.692215 60.122307 60.277332
71.18184 66.12991 61.85475
61.77346 56.573734 56.206577
15.264908 12.599131 18.121977
22.722784 23.745583 24.666014
29.125212 15.249858 11.756568
21.143333 13.850572 13.216784
20.479942 15.030405 17.281233
13.044297 10.682504 14.520317
14.444363 19.50411 24.80866
18.26368 23.671305 30.362455
16.943748 18.626795 19.816599
14.697954 17.526413 20.802778
13.670667 15.936992 18.824183
28.193205 20.510986 16.290352
31.782602 26.981077 22.248228
37.052967 31.221224 26.836397
34.7337 29.488543 24.856407
39.757347 32.694267 27.12304
23.076757 15.261671 12.985234
20.015688 14.477793 10.982282
21.470846 19.59665 17.355675
43.72954 35.977936 29.814638
13.894939 10.227509 8.354872
13.195143 9.705892 7.9682007
12.462885 8.297723 6.604895
4.366448 4.3230247 4.472028
17.979162 12.852013 12.7105465
130.19829 129.27986 127.69758
19.403278 13.298927 10.768876
21.08009 17.349342 18.064095
20.80422 16.825506 17.040186
17.907791 17.2994 15.698639
20.52958 16.305542 17.139719
17.65654 18.269466 19.866165
33.444386 32.302685 35.83288
15.268994 11.191055 11.0494
36.632442 31.834507 27.043186
37.309746 32.46428 27.008316
5.300676 5.43952 5.3321204
13.777641 16.619093 20.857588
26.56608 30.588594 43.285698
10.624622 11.231171 15.170691
12.9012 8.944765 9.461562
64.87073 47.143948 28.000944
86.56322 56.292385 32.43009
45.03083 26.707333 22.31641
47.626324 27.823048 22.388111
30.235731 24.592989 20.595964
16.044558 11.117866 10.243763
2.2868314 2.3499339 2.4770365
7.4350314 8.994779 10.229517
20.687725 15.116826 12.71083
16.88712 12.849508 10.628024
22.221485 18.101871 13.440536
45.781727 39.798172 35.957027
18.378237 10.985802 9.9514265
23.502789 17.400658 13.609762
40.931297 35.02653 25.512592
33.26089 27.796967 25.12318
30.737785 25.300795 21.275988
6.9483323 6.7658286 6.4728546
4.9969287 13.644113 37.35773
20.64383 13.973398 7.1613827
39.926502 52.39553 72.35553
9.937819 8.206459 7.7701287
18.135561 12.325057 10.770176
23.931015 14.371551 9.2673645
42.15666 36.60435 26.472311
13.08694 12.396286 11.294533
20.579357 15.11692 8.792407
20.029129 20.233864 34.369164
13.665517 12.4280615 20.161194
16.984526 18.962933 19.567024
35.05304 35.404343 44.29881
22.695852 22.556488 25.660437
24.293446 21.297722 22.523365
49.35258 41.910225 38.882465
18.580727 18.080278 18.663107
21.702797 21.731926 21.276602
26.141916 24.287067 21.73228
27.124622 28.795904 33.452892
26.429102 21.178392 20.614841
47.59275 45.646145 51.752834
45.00697 35.60036 39.34067
36.06915 33.68893 45.673386
33.919415 35.144135 44.18012
26.727226 27.046848 28.301998
19.003685 18.218603 23.730722
24.160698 22.682692 26.704994
11.148082 10.822505 14.042501
49.077583 30.451664 33.33375
19.986391 10.197884 8.472359
24.250591 14.489557 12.75893
40.566574 34.140263 46.750023
37.82045 38.745747 43.192684
23.156044 25.681227 30.532343
52.37363 59.079712 87.88381
53.008953 46.751984 57.29803
38.395058 38.602108 50.99615
26.165682 27.322363 35.63731
29.795195 27.281633 35.353405
23.659374 16.006449 14.54855
11.504678 14.698616 18.731644
29.2152 28.191576 29.437866
13.375142 14.083987 14.893404
42.26675 36.0537 40.509922
16.147491 16.375969 16.944292
35.438057 21.254702 20.432621
15.326143 6.1692967 7.6144867
49.75555 53.377033 54.105957
26.486013 15.496693 20.25397
14.686874 14.343957 15.977651
51.5146 32.669605 26.517883
13.103903 12.38523 13.708444
68.96 53.108936 62.00142
19.688362 15.597571 17.889694
7.999433 7.379772 9.472619
3.2944622 3.4656727 5.8835993
4.0083394 4.3866234 6.9761386
16.067284 16.072765 19.334412
12.182834 5.6964655 6.5318937
45.262474 35.200413 38.947056
35.095894 30.595161 37.117653
15.732305 6.7916746 6.859691
12.3165045 8.554526 9.899097
43.723186 25.551361 31.463074
19.27979 16.741755 24.754583
20.877834 18.383032 28.569387
28.192095 28.854424 36.499928
44.73044 47.946583 87.25983
21.660957 17.312914 11.964823
26.159634 25.892649 28.300274
21.60799 17.7556 10.325553
12.969902 5.7318087 5.02079
17.551266 11.591571 7.108297
13.941599 8.091476 4.922321
13.9810295 10.234857 6.6759357
7.791722 4.1507983 2.8888915
46.38575 60.843178 73.6805
26.566221 39.958492 55.71709
42.986225 56.207783 69.56856
7.5143166 4.2439046 3.0276177
44.765285 61.232235 76.31771
24.02743 25.864912 31.225266
7.5942874 5.2886505 5.2164526
19.486275 12.396121 8.395507
22.701239 19.569576 17.35643
22.395224 18.970634 15.533098
21.507488 18.637615 14.980486
16.134026 13.200931 12.026578
17.261883 16.441458 16.467894
11.144963 8.744826 7.085003
12.717492 30.894018 53.4708
25.661549 19.879324 16.059652
15.75971 12.853124 14.179833
21.831507 17.246338 17.724508
15.361675 11.372614 12.813953
7.6248584 4.3356643 4.0662446
28.765333 27.78265 24.993008
28.489794 29.001324 26.824844
12.696678 8.614818 9.485872
28.852982 22.591122 22.332428
17.524405 14.528539 17.977345
25.034515 38.72165 54.40921
19.276672 16.396996 19.02457
36.64272 27.29444 24.010607
32.94696 46.127766 71.61267
32.91932 22.018545 23.22439
23.857399 18.074749 15.280477
35.906113 23.31915 23.876465
25.938858 18.887474 18.313103
14.226422 26.77743 44.15295
18.96617 12.272586 10.55051
12.585854 22.443323 39.50652
16.92877 9.617581 7.143073
13.285177 6.526413 5.598422
22.388514 19.484312 17.057787
26.361557 18.056889 16.838736
17.962696 8.490999 6.6791015
16.973919 9.248724 6.969571
20.071796 16.55866 14.456814
3.678605 2.2152004 2.2370298
4.5191364 2.7550793 2.7868314
22.881308 13.532484 10.066954
30.465862 17.977627 16.00522
29.670029 26.950222 22.006214
19.950127 29.322245 48.74095
16.105911 7.149192 3.785414
16.382017 9.133056 8.434606
43.66781 30.82553 19.095776
30.896334 24.173384 23.893263
48.15347 37.88901 36.97491
33.60551 26.827892 25.329687
40.652832 24.903633 24.428133
55.270576 43.864532 49.28931
11.682905 5.7495985 4.8254585
23.574135 20.808874 28.350359
19.900137 14.3923645 10.902287
35.71069 31.970682 29.414667
13.3747635 10.960759 10.295785
21.619873 17.743267 20.289454
18.402405 10.259521 14.898507
19.334555 14.326073 17.516466
16.479021 28.870913 50.21792
19.743858 19.439497 21.130835
33.262897 32.9566 34.43789
8.6409 16.72184 36.949963
15.545076 10.663887 9.409942
16.66469 19.272114 24.284777
21.677683 19.43711 19.9433
34.03232 37.320168 31.188269
11.792832 11.507016 8.031398
20.785603 18.516111 16.999905
16.94212 13.296967 13.882112
12.126276 9.716027 7.874055
22.134378 18.50678 16.859762
14.308826 19.331034 22.755789
37.34098 32.389103 28.62897
48.631756 41.65739 34.543377
53.391773 45.49837 44.300083
13.459672 10.709294 11.117346
20.131142 16.727083 14.935079
13.302613 10.838617 8.525043
13.336799 7.8394914 7.8444767
32.019184 21.956861 18.425156
17.55774 9.477438 8.085641
16.797699 16.138962 16.79399
24.703318 20.85747 19.438244
17.617628 12.8221035 10.998913
31.588972 26.947624 21.83746
21.231737 18.350643 16.31537
17.223942 12.612927 9.417809
12.776484 11.170927 11.035887
18.969524 36.358036 54.549118
7.6971035 5.298573 3.965153
24.867746 15.688362 10.302401
24.810457 14.024782 9.127906
27.56374 16.875237 8.9122095
47.21527 38.085735 26.311071
20.623465 10.558401 8.486109
61.125614 53.144726 46.123558
21.113636 13.231052 12.70679
43.82796 34.099297 24.58113
43.41613 32.222878 22.788225
24.056677 15.06452 8.977721
36.76363 19.47042 12.31967
23.189236 17.592894 15.166769
44.498936 21.446796 15.998417
23.495487 16.078577 12.030075
15.057504 9.786312 4.6343317
32.630505 25.855698 16.94349
77.74464 57.802803 33.42185
37.699417 30.379631 18.876795
54.37481 26.474981 15.664005
32.35955 15.770128 10.918399
38.300083 29.368526 18.432573
37.54725 29.333208 18.225548
33.688457 26.261316 16.572317
40.438904 25.726612 15.825812
32.01559 24.825647 15.697553
38.620132 30.00964 18.477154
46.076214 29.07586 17.602652
23.07234 10.917809 9.112148
75.9252 58.412327 31.562063
27.6091 19.905123 11.621858
52.176575 27.502907 21.39461
28.443537 16.218105 12.948639
17.530571 8.904696 10.478265
29.342468 13.096745 11.036264
26.926266 13.962838 12.7502365
26.186897 14.244448 9.347335
26.41384 14.441717 9.591074
18.155005 10.701143 7.43548
14.408524 7.7805943 6.457853
23.606667 13.996291 8.90387
94.97051 59.994827 31.695024
48.997967 20.06426 13.953222
86.39083 50.454144 22.599533
84.373535 50.564568 23.797651
72.8114 34.313812 22.188599
66.67712 45.0829 38.888916
34.441765 19.238565 12.74166
60.30122 79.10242 74.98656
10.38686 4.550038 3.7115386
10.949395 7.5535107 5.2312655
37.36066 28.816717 21.454924
25.976847 16.0713 9.842185
20.93196 12.513986 5.7270837
4.3672276 2.2002692 2.5493526
64.958305 76.4928 85.85059
13.739133 14.982966 10.5144825
14.677802 15.0189 11.056511
29.975998 21.94167 17.163769
13.893617 10.690748 12.651507
18.943867 15.517152 15.539666
41.690536 40.565582 42.587128
16.05722 13.355699 10.914997
17.350193 11.110305 7.480793
21.560598 12.945733 9.651814
55.978336 32.877125 19.776957
49.035557 31.810032 12.507371
33.536453 21.716595 16.21898
49.56537 29.662209 19.197151
48.542736 32.78239 23.038935
21.48885 7.9391418 4.5608582
35.234146 24.974886 16.980345
53.6843 33.134686 23.819576
28.69226 21.546282 13.79973
33.394444 22.014032 15.572458
46.805733 29.838524 20.828577
68.09098 41.748867 23.761953
78.87169 47.663578 26.079828
48.089657 31.90394 21.77412
57.271854 32.715084 19.160887
83.04023 50.152832 27.702253
63.355747 35.06681 18.289478
4.861723 10.434606 23.085758
25.944836 11.4002075 5.1162825
24.910366 13.7646475 8.483013
37.426952 24.86678 18.992842
89.90555 67.93631 52.762993
87.47141 67.14073 52.433685
36.501347 18.14168 9.257277
51.847145 28.722336 17.606005
20.362667 10.555118 5.333042
35.38114 22.16306 16.03891
23.674849 11.599485 7.1527596
87.92901 70.872925 48.075954
50.91391 32.384804 21.071348
40.344902 29.127079 21.06712
53.800133 44.61281 31.446512
61.825577 47.58732 32.103878
40.95986 16.80611 10.368031
36.52022 15.510489 9.658288
51.03239 37.668068 25.714066
44.48845 27.811424 13.949963
65.25664 53.497284 38.01937
42.4562 20.224083 9.59235
20.86822 11.285367 6.760938
27.799778 14.176077 8.484384
1.5352721 1.5204829 1.521168
1.5350832 1.5203176 1.5210027
21.615833 38.20939 57.975075
88.57834 97.054596 109.36399
21.099154 33.79661 54.36607
16.067757 30.41658 56.04033
57.817474 69.0031 83.74029
74.50364 84.78723 98.32624
27.530287 22.769325 28.932976
15.291438 17.780901 11.853147
30.274712 81.13998 80.93791
37.04099 21.351824 17.841972
33.2225 19.915257 18.893663
22.052944 29.395576 41.75508
20.762215 12.608392 6.868527
19.606218 8.516042 3.7751133
21.605202 8.892081 5.331766
32.213383 16.996433 11.243905
94.93957 69.560715 53.97744
66.60596 46.77568 34.79796
72.17182 42.44108 27.43352
65.27556 51.27327 41.068653
19.767294 13.457593 9.538296
17.135136 9.88934 7.965271
23.182362 13.774428 8.942166
23.59457 13.125283 8.8185835
18.35284 8.503331 7.5276175
53.50392 53.833538 65.68539
7.9062796 5.795006 4.601918
19.739368 13.571017 8.603997
21.201096 20.88379 27.012829
16.608582 8.501087 6.949017
35.171753 23.425913 15.236416
32.247566 18.57612 11.476918
35.288013 27.77783 21.756874
26.977154 16.718224 11.780453
44.06563 30.663485 19.538603
55.29465 27.225382 14.962318
49.773838 28.561731 21.321726
68.12302 54.148483 44.691338
45.190018 20.33916 9.755457
22.934607 9.885985 4.724745
27.226942 18.39423 10.717232
34.870274 17.084059 8.866613
27.230415 15.786501 6.965956
37.44212 25.367321 15.073994
28.102722 17.89976 9.775137
23.48488 13.71976 15.49459
21.016466 12.303298 7.3905215
55.54954 43.82076 25.763891
69.260254 52.883884 36.864464
30.091995 21.110258 15.252103
30.523531 17.819788 10.086492
110.371925 80.53728 54.87585
17.199678 9.615267 6.720398
48.288296 30.54073 19.020554
33.747448 23.909208 19.122023
24.23181 18.834743 17.936497
25.170124 15.9491825 10.554574
20.69552 12.476398 8.803487
16.191883 8.611203 5.7261624
28.913603 17.339043 11.943489
23.612455 11.8016205 15.092894
29.623512 16.319433 12.296848
21.06908 12.544486 12.106124
37.953224 50.17043 60.942802
30.16944 42.650043 53.635468
35.24596 47.945473 62.716217
30.292927 19.420076 17.499172
29.198805 21.683306 19.625473
37.877857 20.591288 17.32182
24.185598 13.971343 10.266703
20.810621 13.581459 8.280264
32.175583 15.82293 6.274239
49.577065 25.607424 13.062654
46.956978 24.79132 7.842492
42.91627 21.647467 8.971791
4.2097664 3.4881403 2.6654224
53.13178 32.833206 16.62318
35.525208 19.458775 9.204191
28.74218 16.94356 7.6930637
1.5288697 1.5162777 1.516514
4.975123 4.3428226 3.6857164
17.066813 15.635584 14.909256
5.590224 4.6038795 2.8092043
11.010584 7.0181913 4.2548904
23.45471 16.46383 11.852414
12.82697 8.777948 7.340342
54.31206 31.01961 21.09965
33.38211 10.514009 7.7981715
29.553795 14.153209 6.11177
53.316483 33.24662 19.44812
73.759285 44.086845 27.610706
11.635182 5.3025656 2.7734125
30.197718 17.793541 10.707522
26.775303 14.022373 8.738684
15.643758 7.2910366 3.6647372
31.59039 23.286453 14.1012335
1.5351777 1.5215696 1.5214515
2.8167171 2.4260774 2.1985683
9.128024 7.295738 13.255316
29.175251 21.882772 19.621527
17.17629 16.755812 14.856383
126.833984 128.13844 123.67371
29.990171 31.321135 30.787563
134.76082 144.63069 134.90852
22.370487 24.53461 25.249386
7.1315203 7.19278 8.980273
91.76965 82.93957 78.700645
129.3115 141.77098 135.16692
36.21683 36.44309 38.46305
6.2309346 6.214444 6.212365
47.81856 53.892788 64.14546
45.64371 51.930447 62.096863
9.456081 9.439237 9.437276
12.106313 12.089492 12.087578
12.676408 12.659256 12.657484
12.606785 12.592067 12.592374
9.354565 9.337389 9.335593
11.441669 11.427447 11.427377
10.086704 10.069647 10.067237
12.496149 12.482021 12.481549
10.868432 10.851564 10.848989
17.663792 17.649712 17.648956
11.23977 10.976541 10.633647
12.217823 10.385915 10.156988
