0.0025990903 0.0025016244 0.0025990903
0.0028265107 0.0025016244 0.0028265107
0.0022092268 0.002014295 0.0022092268
17.30614 18.18015 21.433626
4.1950617 2.6110137 5.6284924
9.589571 9.498245 9.312541
68.51115 38.91251 74.28876
84.19035 84.190155 84.19035
85.745384 85.74506 85.745384
81.854614 81.85429 81.854614
68.38281 68.38262 68.38281
84.78532 84.78499 84.78532
90.98317 90.98298 90.98317
99.885704 99.88538 99.885704
95.131676 95.131355 95.131676
83.32859 83.32839 83.32859
109.912575 109.91225 109.912575
147.88788 147.88768 147.88788
140.61057 140.61023 140.61057
153.24341 153.24307 153.24341
149.93385 149.93365 149.93385
147.90298 147.90266 147.90298
149.17778 149.17746 149.17778
99.19347 99.193146 99.19347
81.10539 81.10507 81.10539
105.06933 105.06914 105.06933
87.32576 87.32544 87.32576
145.20949 145.20912 145.20952
160.45808 160.45764 160.45811
27.543438 27.543015 27.543438
13.868519 13.868129 13.868649
26.206627 26.206173 26.206627
31.919363 31.918974 31.919428
33.62479 33.624302 33.62479
34.069817 34.069397 34.069817
35.92414 35.923683 35.92417
56.04061 56.040188 56.04064
45.76845 45.767998 45.768486
62.18785 62.187393 62.18788
41.187428 41.186974 41.187458
53.159485 53.15903 53.159485
42.917675 42.91725 42.917706
81.413414 81.413025 81.413414
74.28808 74.28769 74.28818
41.13671 41.136227 41.13671
48.856075 48.85562 48.856075
46.720306 46.719852 46.72037
58.47888 58.478428 58.478916
56.77183 56.771378 56.77183
65.34909 65.34863 65.34912
56.007668 56.007214 56.007668
48.96553 48.965076 48.96553
53.12021 53.11972 53.12021
41.25156 41.251137 41.25156
63.462185 63.46176 63.462185
20.274399 20.273945 20.274399
31.224302 31.223846 31.224335
30.262053 30.261599 30.262085
57.3333 57.33288 57.333366
57.50757 57.50718 57.507633
169.48265 169.48225 169.48265
166.35666 166.35623 166.35666
45.184895 45.18447 45.184895
86.75439 86.75397 86.75442
97.77843 97.77791 97.77843
68.95562 68.95523 68.95562
104.504776 104.50439 104.504776
96.79415 96.79366 96.79415
78.59951 78.59909 78.59955
71.45887 71.45841 71.4589
85.9836 85.98314 85.9836
85.33135 85.330894 85.33138
82.196846 82.19643 82.196846
85.327644 85.32716 85.327644
72.31884 72.31842 72.31884
77.64701 77.64652 77.64701
80.474075 80.47362 80.474075
59.181904 59.18145 59.18194
40.282845 40.28236 40.28288
28.403086 28.402664 28.40315
30.658188 30.657732 30.65822
28.72206 28.721638 28.722124
41.720078 41.719624 41.72011
28.89948 28.899057 28.899513
39.65734 39.656822 39.657375
31.337233 31.33681 31.337233
26.891846 26.891455 26.891943
19.403086 19.402664 19.403118
27.601982 27.601526 27.601982
27.068226 27.067772 27.068258
26.574919 26.574562 26.574984
32.521442 32.52099 32.521442
27.409714 27.409163 27.409714
42.826057 42.82557 42.826088
33.607796 33.60731 33.60783
27.006172 27.005718 27.006172
24.95744 24.956953 24.95744
50.91787 50.917416 50.91787
26.498636 26.49818 26.498636
25.433008 25.432554 25.433073
41.545677 41.545223 41.545677
47.57469 47.574238 47.574722
46.490154 46.489735 46.49019
19.949675 19.94922 19.949675
12.184276 12.183756 12.184276
34.39873 34.398277 34.39873
36.08902 36.088596 36.08905
40.756954 40.756466 40.756954
68.067154 68.066666 68.067154
77.56777 77.56735 77.5678
71.453415 71.45296 71.453415
68.92226 68.9219 68.92232
29.814425 29.814133 29.814522
29.246979 29.246555 29.246979
40.965336 40.964943 40.965336
23.38707 23.386646 23.38707
15.438953 15.438532 15.438953
22.921345 22.920956 22.921345
15.010137 15.009714 15.010137
33.090122 33.089703 33.090122
73.004875 73.00445 73.004875
82.026085 82.025665 82.026085
46.318974 46.318584 46.318974
42.79438 42.793957 42.79438
43.955425 43.955 43.955425
64.71667 64.71625 64.71667
57.689053 57.68863 57.689053
57.38512 57.38473 57.38512
51.284016 51.283592 51.284016
50.256985 50.25656 50.256985
54.391327 54.390934 54.391327
56.194378 56.19396 56.194378
52.56004 52.55965 52.56004
57.69006 57.689636 57.69006
52.60458 52.60416 52.60458
44.03369 44.033302 44.03369
46.480377 46.479954 46.480377
41.4064 41.40601 41.4064
44.357117 44.356693 44.357117
45.677517 45.677097 45.677517
38.448246 38.447857 38.448246
39.155785 39.15536 39.155785
41.483463 41.48304 41.483463
23.088629 23.088207 23.088629
24.712507 24.712086 24.712507
39.060917 39.060528 39.060917
34.236614 34.23619 34.236614
33.66316 33.662735 33.66316
34.466537 34.466114 34.466537
27.629013 27.62859 27.629013
62.319298 62.31891 62.319298
57.102047 57.101624 57.102047
36.822838 36.82242 36.822838
20.084309 20.083885 20.084309
36.99555 36.995125 36.99555
53.819202 53.81881 53.819202
38.957115 38.95669 38.957115
16.249414 16.248993 16.249414
43.31865 43.31826 43.31865
15.452729 15.452307 15.452729
60.11257 60.112183 60.11257
39.909878 39.909454 39.909878
35.86176 35.86134 35.86176
32.33671 32.336323 32.33671
21.628038 21.627615 21.628038
11.48499 11.484568 11.48499
62.334244 62.33382 62.334244
111.66803 111.66761 111.66803
70.73077 70.73038 70.73077
56.642593 56.64217 56.642593
58.177097 58.176674 58.177097
96.96546 96.96504 96.96546
35.610817 35.610397 35.610817
26.690449 26.690058 26.690449
35.497433 35.49701 35.497433
36.860397 36.859974 36.860397
37.18535 37.184925 37.18535
32.29246 32.29204 32.29246
45.709324 45.708935 45.709324
45.933075 45.93265 45.933075
53.999252 53.9987 53.999252
56.155815 56.15523 56.15588
51.567966 51.56748 51.56803
47.606075 47.605717 47.60611
82.39298 82.392525 82.39305
142.46826 142.46783 142.46835
125.89789 125.8974 125.89789
92.20624 92.20556 92.20627
85.24425 85.2437 85.244316
65.591194 65.590614 65.59126
27.971865 27.971313 27.971897
56.19035 56.189995 56.19045
72.87212 72.871574 72.87225
112.939476 112.93892 112.93954
95.217186 95.2166 95.21722
45.791813 45.791325 45.791813
49.009033 49.008575 49.009064
24.244932 24.244379 24.24503
27.320826 27.320175 27.320858
26.321833 26.32128 26.32193
40.394638 40.394154 40.394737
28.149578 28.149187 28.149708
32.339928 32.33941 32.340027
37.2257 37.225082 37.22573
34.858578 34.857994 34.85861
33.100586 33.100063 33.10065
32.51228 32.511826 32.512314
29.96683 29.966341 29.966894
33.57378 33.573326 33.573845
26.281513 26.281092 26.281578
25.018291 25.017868 25.018454
35.022255 35.0217 35.022285
36.15588 36.155296 36.155914
26.935867 26.935349 26.935932
14.675926 14.675471 14.675991
36.861824 36.86134 36.861958
9.9245615 9.924042 9.924659
16.994087 16.993567 16.994152
16.411695 16.411144 16.41176
8.787686 8.787297 8.78772
10.87898 10.878395 10.879012
13.820175 13.819526 13.820175
14.758252 14.757765 14.674269
6.438889 6.438304 6.438954
8.436063 8.43564 8.43616
5.466764 5.466212 5.4668293
12.391066 12.390546 12.391098
13.930929 13.930474 13.931059
12.047109 12.046621 12.047271
9.332002 9.331579 9.332034
8.062443 8.061923 8.062541
4.8955817 4.894964 4.870403
13.038402 13.037817 13.038466
8.579662 8.57911 8.57976
5.6128006 5.6123133 5.6128006
9.061955 9.061371 9.062021
8.994704 8.99412 8.994769
27.488304 27.487883 27.488337
32.885544 32.88512 32.885674
35.083202 35.082684 35.083237
18.21985 18.219364 18.219883
31.965887 31.965431 31.96592
33.851883 33.851463 33.851917
51.15143 51.150845 51.151493
34.951397 34.95091 34.95156
38.950066 38.949577 38.95013
23.089052 23.088467 23.089117
37.03447 37.03408 37.034504
24.934015 24.933594 24.93408
24.54568 24.545223 24.545809
36.246555 36.245842 36.246555
39.29441 39.29386 39.294445
36.386517 36.386127 36.386517
18.135218 18.134632 18.135283
22.468323 22.467869 22.468422
11.252307 11.251689 11.252307
59.53278 59.53223 59.53288
15.411404 15.411046 15.4114685
17.632748 17.632261 17.632814
26.159973 26.159487 26.160006
11.060493 11.060202 11.060493
59.513287 59.512997 59.49662
60.31826 60.31806 60.318356
60.679142 60.678947 60.67924
0.04385965 0.043502275 0.043924626
0.1954191 0.19502924 0.1954191
12.269135 12.268713 12.269135
61.177486 61.177063 61.177486
26.722418 26.721994 26.722418
32.794933 32.79451 32.794933
31.898409 31.898018 31.898409
17.021183 17.02076 17.021183
20.760818 20.760397 20.760818
4.0904484 4.090026 4.0904484
50.588238 50.58782 50.588238
49.938435 49.938046 49.938435
50.92833 50.927906 50.92833
106.09942 106.09899 106.09942
50.713936 50.713516 50.713936
63.540318 63.539898 63.540318
47.795647 47.795258 47.795647
32.74857 32.74815 32.74857
50.565823 50.5654 50.565823
52.572254 52.57183 52.572254
43.54558 43.54516 43.54558
36.07703 36.076607 36.07703
37.608154 37.60773 37.608154
39.81225 39.81189 39.812283
36.26069 36.2603 36.26069
34.18873 34.188305 34.18873
23.480669 23.480312 23.480701
29.867966 29.867641 29.86803
49.719852 49.719524 49.719917
28.257603 28.257244 28.257635
20.867933 20.867512 20.867933
24.520403 24.519981 24.520403
30.698473 30.698051 30.698473
27.534666 27.534243 27.534666
36.75715 36.75669 36.75715
36.371346 36.370922 36.371376
41.713646 41.713257 41.713676
72.35117 72.350746 72.351204
25.765627 25.765074 25.765724
60.781384 60.780895 60.781418
60.1346 60.134113 60.1346
53.519558 53.519005 53.519592
67.985085 67.984634 67.98518
0.005360624 0.004905783 0.0053931125
33.773586 33.772938 33.77365
34.79857 34.798084 34.798702
34.75614 34.755684 34.756207
35.03314 35.03262 35.033173
34.41147 34.41095 34.41147
34.414684 34.414165 34.41472
32.155197 32.154644 32.155262
31.174398 31.173847 31.17456
31.260006 31.259455 31.260103
71.23402 71.23343 71.23408
69.73635 69.7358 69.73642
68.32304 68.32258 68.323135
53.68197 53.681515 53.682034
46.644283 46.643795 46.644283
40.159714 40.15926 40.159943
40.685314 40.68473 40.68538
41.966278 41.965755 41.966408
43.916473 43.91582 43.916473
40.32882 40.328266 40.32885
43.231808 43.231285 43.231873
44.53954 44.53905 44.539734
44.911633 44.91111 44.911697
40.007732 40.00718 40.007763
40.563515 40.56296 40.56358
41.062347 41.06176 41.062508
41.2294 41.228752 41.22953
43.886257 43.885674 43.886356
187.4716 187.47108 187.47177
196.24246 196.24203 196.24255
133.51073 133.51021 133.51076
92.29756 92.29704 92.29773
87.07297 87.07235 87.07304
80.7232 80.72258 80.72326
131.65468 131.65407 131.65471
136.14996 136.14944 136.1501
100.71621 100.71572 100.71634
51.396587 51.396038 51.39662
34.30299 34.3025 34.30315
44.76059 44.76004 44.760654
46.147854 46.14724 46.147923
44.84178 44.841164 44.841812
44.981514 44.980995 44.981644
37.788563 37.788013 37.788692
47.031773 47.031223 47.031773
50.202633 50.20208 50.20273
78.50127 78.50072 78.501335
32.043797 32.043243 32.04389
83.227646 83.22716 83.227715
61.421345 61.420826 61.42141
62.48551 62.48496 62.485542
56.467968 56.467545 56.468098
44.408382 44.40783 44.408478
31.645615 31.645094 31.645744
28.716276 28.71566 28.716341
63.000294 62.999836 63.00039
33.132 33.13148 33.132
31.094574 31.094055 31.094704
53.77102 53.770435 53.771084
36.74841 36.747887 36.748474
68.141556 68.14107 68.141685
40.758316 40.757797 40.74074
41.32654 41.326088 41.326607
49.79925 49.798733 49.79935
47.130863 47.130344 47.115433
33.376835 33.37638 33.37687
52.77544 52.774918 52.775536
40.687298 40.686646 40.670856
38.450226 38.449707 38.45029
96.13074 96.13025 96.1308
30.481384 30.48096 30.481384
53.323555 53.3231 53.323685
50.4116 50.41108 50.411663
49.937946 49.937557 49.93811
24.435608 24.435217 24.43564
22.944801 22.944412 22.944931
24.047043 24.046524 24.047075
24.728428 24.727875 24.728493
18.18941 18.188759 18.189442
68.52128 68.5207 68.52128
70.853966 70.85341 70.82957
34.174335 34.173878 34.174366
16.787426 16.786907 16.787558
15.942332 15.941911 15.942398
38.19142 38.190937 38.19152
35.16641 35.16592 35.166473
34.124886 34.124302 34.12495
36.446392 36.445843 36.446526
36.5795 36.579014 36.5795
37.26748 37.26696 37.267513
37.80604 37.805523 37.806076
37.998604 37.998116 37.99867
29.05744 29.056854 29.057472
19.942072 19.941618 19.942104
30.199545 30.199059 30.19961
22.093925 22.093405 22.093925
20.714523 20.714035 20.714556
34.20429 34.2038 34.204323
33.88889 33.888336 33.88889
30.657732 30.657213 30.657797
41.14581 41.145226 41.145874
30.079727 30.079174 30.07976
28.649675 28.649155 28.649708
25.976706 25.976187 25.976706
22.944899 22.944412 22.944963
26.529078 26.528492 26.52911
25.126802 25.126219 25.126802
31.429663 31.429012 31.429695
28.415043 28.414392 28.415075
30.178915 30.178297 30.178947
33.930603 33.93002 33.930637
37.427486 37.427063 37.427517
31.648277 31.647726 31.64831
15.959487 15.959 15.959617
21.53343 21.532879 21.533495
32.08067 32.080116 32.080734
24.237556 24.23707 24.237589
26.467415 26.46683 26.467545
20.873814 20.87323 20.873846
26.210266 26.209715 26.210363
33.482292 33.48184 33.48242
22.281221 22.28067 22.281319
22.116375 22.11579 22.116375
36.193924 36.19324 36.193924
34.32427 34.323685 34.324303
35.575893 35.575275 35.575928
32.955524 32.954777 32.955524
31.684015 31.683496 31.68408
35.328037 35.327454 35.328102
18.31332 18.312834 18.313385
41.09461 41.094086 41.09464
32.820404 32.81985 32.82047
33.20367 33.20315 33.20377
148.13895 148.13847 148.13908
114.75541 114.75479 114.75557
54.34376 54.343273 54.34389
52.11949 52.119072 52.11962
58.336647 58.33629 58.33671
64.76702 64.76663 64.76712
35.119526 35.119038 35.11959
31.699318 31.698961 31.699383
43.756336 43.755947 43.756466
43.784374 43.783787 43.78457
53.19711 53.19662 53.19727
52.25377 52.25325 52.253963
76.88976 76.88928 76.88986
86.3462 86.34565 86.34636
89.878006 89.87752 89.878105
87.46313 87.46267 87.46323
58.12102 58.120533 58.121086
51.66556 51.664944 51.66566
42.789764 42.789215 42.789864
12.430507 12.430019 12.430604
57.485577 57.48499 57.485607
32.32862 32.32807 32.32875
23.252176 23.251625 23.252241
43.66813 43.66764 43.66813
42.210915 42.210396 42.21098
54.031025 54.030506 54.031124
52.5705 52.56988 52.570564
73.9064 73.905914 73.90656
18.422611 18.422125 18.422678
52.224236 52.22375 52.22427
52.41618 52.410362 52.416927
51.0398 51.033886 51.040447
138.13892 138.13834 138.13899
49.03915 49.038532 49.039246
46.955944 46.95533 46.95598
32.49259 32.49204 32.49269
32.275795 32.26998 32.27664
45.064198 45.053997 45.066147
81.679405 81.67888 81.6795
46.965366 46.964813 46.9654
52.534016 52.533497 52.534016
32.64412 32.64373 32.644154
48.53915 48.538628 48.539246
62.925632 62.924984 62.925632
72.87225 72.871735 72.872284
37.653248 37.652794 37.653347
66.5409 66.54032 66.54103
27.745483 27.744965 27.745548
26.16631 26.165821 26.166471
34.500065 34.49951 34.50023
27.480215 27.479597 27.48028
34.141197 34.14074 34.141327
32.891487 32.890934 32.89152
24.31579 24.315302 24.31592
12.057472 12.056952 12.057537
10.648311 10.647823 10.648343
7.843795 7.8431125 7.8438272
9.9004545 9.9 9.900585
12.289669 12.289051 12.289799
9.418194 9.417674 9.418421
25.735542 25.735023 25.735704
26.034113 26.033594 26.034243
30.425179 30.424593 30.425243
26.740091 26.739473 26.740124
96.17397 96.17342 96.1741
63.25185 63.2513 63.251915
160.15724 160.15663 160.15724
107.974525 107.973946 107.97456
90.912636 90.91209 90.912735
101.25767 101.25712 101.2578
110.779144 110.77853 110.779175
105.597206 105.59659 105.59727
93.82108 93.820435 93.82115
96.16108 96.16049 96.16108
57.642464 57.64194 57.642494
108.4553 108.45484 108.45539
95.13346 95.13288 95.13356
89.66079 89.66017 89.66082
41.844673 41.844215 41.8449
51.36693 51.366375 51.367058
116.522804 116.52219 116.52287
116.36657 116.36598 116.36663
119.19158 119.191 119.19172
0.012800519 0.012215724 0.012930474
15.221052 15.220565 15.22128
17.14217 17.141586 17.142267
24.37495 24.3744 24.375114
34.48301 34.48252 34.48317
39.4154 39.414913 39.391846
33.63577 33.63522 33.63577
30.679369 30.678947 30.6795
62.37612 62.375668 62.37625
41.696167 41.695515 41.696198
39.015594 39.01501 39.01566
36.12336 36.12274 36.12339
42.881092 42.88051 42.881157
25.985477 25.984892 25.985542
27.003378 27.002827 27.003445
41.4642 41.463776 41.464394
19.129402 19.128881 19.12963
43.483364 43.48288 43.483627
44.106888 44.10627 44.107018
36.81043 36.809845 36.81056
48.635963 48.63535 48.636063
68.41702 68.416504 68.41709
70.59009 70.58951 70.59016
51.44854 51.448017 51.448605
53.187946 53.187363 53.18798
58.892365 58.891747 58.892365
65.64074 65.64016 65.64077
34.640644 34.63996 34.640675
55.16267 55.161957 55.16267
44.52014 44.519527 44.520176
60.53356 60.532974 60.53369
52.13515 52.134666 52.135284
40.552307 40.55179 40.552338
42.700844 42.70039 42.700974
63.445484 63.4449 63.445583
17.230247 17.229694 17.230442
80.882324 80.881744 80.88239
15.6959715 15.695419 15.696036
21.315887 21.315464 21.316017
40.202305 40.20185 40.20247
24.417057 24.416471 24.41722
38.166473 38.165985 38.16657
37.970825 37.970337 37.97086
39.473553 39.473034 39.47365
26.831059 26.830442 26.831156
26.294931 26.29451 26.295094
25.257862 25.257244 25.257927
25.267284 25.266699 25.267382
25.632252 25.631378 25.632414
46.40406 46.403507 46.40419
26.10942 26.108837 26.10952
26.327486 26.326868 26.327583
26.043633 26.043047 26.043697
26.212248 26.211761 26.21228
26.511307 26.510786 26.511469
14.134308 14.133691 14.13447
0.013255361 0.012800519 0.013417804
1.2916504 1.2911307 1.2917479
1.0098441 1.0093567 1.0098441
1.3923327 1.3918129 1.3923976
0.012865497 0.012345679 0.0129629625
0.012410657 0.011793372 0.012475634
2.3627355 2.3620858 2.3628006
3.753931 3.753249 3.7539961
1.9183886 1.9178038 1.918421
1.7543535 1.7538012 1.754386
2.0120533 2.0114036 2.0121183
6.0680637 6.0674787 6.0681934
5.8992853 5.898798 5.8994803
4.005848 4.005231 4.005978
7.2902207 7.289701 7.2903185
8.871865 8.871085 8.871898
8.771572 8.771052 8.771605
5.2859974 5.2854776 5.28616
