0.0057942057 0.005161505 0.005161505
0.075058274 0.06103896 0.06103896
10.145555 11.316816 12.295438
0.11365301 0.1000666 0.1000666
50.54562 58.97949 65.63017
53.095337 65.657875 74.17103
42.046253 52.997803 59.90293
28.556078 37.734833 40.35118
0.9021312 0.8884116 0.8884449
76.91172 80.76846 76.97689
81.79254 83.77126 82.33949
73.60056 75.11702 71.39304
68.67459 72.52907 69.02724
101.22354 104.891945 98.89557
131.81851 136.41734 132.09483
64.84679 66.71399 67.2651
29.594406 35.500465 40.519646
22.481451 24.122244 29.798203
29.95561 30.916151 33.20586
57.06144 59.360874 61.711956
28.214052 32.58215 36.933765
40.78295 44.222843 42.80523
23.873426 28.925707 26.401897
32.077522 40.34782 41.925907
23.29607 23.128805 20.50939
49.95278 47.580917 42.478123
79.81972 63.99797 47.702465
5.788678 7.475791 8.497469
55.328438 45.67792 39.312653
48.993107 40.18478 34.50476
51.738895 45.014484 41.46317
34.834633 38.25881 42.23177
11.9334 11.63673 8.784249
38.198734 39.003563 40.29091
61.251747 62.74502 58.22138
41.952114 37.854645 36.46467
37.727573 36.760406 37.705795
77.99127 82.47569 83.70077
68.08192 66.11615 64.14885
42.65391 36.326775 34.75268
117.18731 113.64935 113.44256
59.265835 50.60556 50.292675
45.267834 37.776123 37.88878
70.037796 69.360374 68.649414
68.094536 67.60626 66.74865
49.055344 47.63037 46.030136
73.99847 74.970566 75.244354
58.652412 59.75591 58.561737
27.777224 28.179487 26.489576
28.053513 28.547953 26.807325
29.02877 24.417648 20.965235
28.507027 24.368332 21.038961
50.436462 53.375656 51.550648
48.385082 47.40746 46.197235
75.61022 72.2674 67.468735
40.561737 35.736362 33.745556
27.457409 24.95218 21.128105
32.122143 26.61039 22.489378
29.88548 27.091276 23.92058
26.44905 22.790276 19.156311
31.914452 27.448385 24.182285
57.686012 56.06853 55.907627
41.6664 38.471363 34.87419
24.131535 20.701931 19.930803
35.417248 31.657509 29.717882
41.46607 37.169895 34.953747
33.602665 34.26064 33.09597
32.180954 28.593706 24.994173
28.267899 29.298101 29.629671
34.633232 31.175858 28.644655
27.373693 28.544622 28.967999
28.192774 25.092009 22.287012
27.810722 28.930237 29.11948
68.07326 67.10516 70.11875
100.74775 95.21755 90.38958
87.89934 89.313385 79.44309
98.993706 98.01046 85.74239
86.88315 92.157845 95.59594
48.90756 52.805927 50.03876
71.48561 73.59174 64.74815
68.58442 65.40955 57.637196
76.631065 71.32331 54.400265
71.07832 69.07959 62.096172
64.31389 61.753345 54.195206
80.95744 78.74535 71.472664
59.60816 60.463604 55.151314
82.863106 80.505165 71.109055
85.34662 85.91742 77.4365
81.07862 80.99507 72.81306
73.905495 73.04622 66.94249
39.64056 37.660805 36.457344
76.29784 73.835434 63.885216
80.765564 80.85981 70.69384
79.51618 73.25228 62.938362
62.65451 55.85448 51.24562
91.49541 92.54575 83.379555
56.446953 53.156445 53.45931
73.23437 67.370895 66.11912
69.275055 67.138565 60.2677
82.75451 80.40263 69.05022
26.295038 23.68375 21.27113
34.977657 35.411556 26.494839
35.111988 30.313286 25.736963
25.335464 20.81978 16.446886
56.34942 52.63996 46.204796
49.105827 43.421646 38.292007
42.21988 42.7362 42.698734
38.279686 33.16247 27.591408
52.381218 46.01975 38.05754
42.024242 38.037197 29.697104
29.8332 28.327173 22.601698
47.83057 43.31908 36.245922
65.947784 57.69424 46.977787
27.850582 22.454145 17.087046
37.168465 30.24975 21.09254
29.20736 22.974026 17.771095
37.405327 29.584848 19.477022
35.589844 37.23846 34.00716
45.158875 46.41595 43.467964
22.888945 24.227306 21.809258
20.010456 21.701265 22.397503
24.663736 26.640127 27.433167
25.410156 26.65711 26.95065
13.339694 15.127872 14.004096
24.402763 26.166067 27.030003
23.627539 22.647785 17.298101
17.497503 19.872095 15.689144
16.981352 17.674358 15.91302
18.77719 19.464136 22.408892
12.061206 14.585448 14.30363
45.70936 47.511124 48.894207
26.42584 25.491442 22.556011
23.070862 23.880919 23.350716
38.927338 37.048084 32.406193
37.8337 35.599266 30.76034
57.448486 55.640095 54.027107
81.77709 76.97862 70.57476
37.515385 36.6986 33.787014
39.445187 37.076557 34.128704
38.73976 36.411556 33.42241
35.168198 31.179087 25.648918
32.567 29.506027 24.223011
33.35158 27.864601 22.821146
37.058407 34.69867 29.157177
18.38931 18.80736 20.187546
17.900566 17.997702 19.891708
50.945522 42.37829 39.491108
57.85208 51.17616 50.348984
27.612488 25.99687 21.629704
49.992676 41.09114 38.52934
55.259907 50.074993 49.898067
43.658775 40.423077 42.01645
50.300232 47.05258 49.88878
35.222878 33.446285 30.735298
39.134068 34.02141 34.130634
50.64146 43.923077 37.63856
32.760773 31.840593 28.52251
52.163338 50.783283 44.479187
54.902565 51.98848 44.567997
72.626205 61.37193 57.136795
33.947052 30.666933 28.647152
13.044589 14.67699 13.873527
11.585215 13.394073 14.991741
13.28285 13.132601 14.615718
21.143257 21.218248 19.858442
27.452282 19.63037 22.093307
26.480886 19.259108 21.353514
26.405695 19.423876 21.586647
33.81059 30.1322 32.249084
37.328506 26.168331 33.141693
35.705196 38.982384 36.476425
22.781319 22.69647 21.750017
23.442724 23.50213 22.694471
28.237196 24.727606 22.641258
8.872261 10.018847 7.8379955
27.657942 28.801498 27.84572
22.099667 23.011055 21.146187
20.676558 21.705662 20.108091
28.773827 28.306194 27.187046
31.20243 30.722843 29.446054
28.645222 28.65145 26.217249
28.576456 28.515318 26.167866
30.788546 31.02281 32.78162
19.69344 18.908358 17.077322
26.641026 25.101831 23.984583
109.81112 105.45761 106.60846
108.59917 105.43856 105.80153
48.516052 45.89444 40.849117
53.47619 50.463703 44.702263
71.11592 68.47036 57.38568
60.689877 56.157677 50.41222
73.64006 59.091873 48.117115
47.722744 45.38811 40.11968
60.787945 50.10273 45.3349
70.316086 70.35918 61.679752
57.603798 59.632534 50.491108
99.80726 99.0639 94.92424
55.409157 58.303963 55.610855
196.96027 198.47389 211.82848
110.15897 109.677025 115.31861
111.29577 110.27756 116.29424
113.874855 112.67889 118.82378
95.45998 85.6692 90.79234
70.32265 71.310326 76.7321
110.49148 111.98148 118.97256
184.55667 186.66916 196.15215
73.74638 73.34855 74.250946
81.91382 79.25348 75.3317
63.879288 57.154644 51.02128
79.31016 76.09557 71.98075
57.75914 54.0681 46.32814
109.610054 106.74156 102.50752
60.92937 52.4661 47.771095
78.93063 68.403564 64.24266
71.860176 68.968 62.358376
43.07929 39.95854 36.22281
40.995804 37.94056 36.509457
49.081253 51.81635 52.491474
64.723274 59.412888 56.549717
55.552612 50.004395 46.915916
57.007725 53.834167 50.59297
20.263437 21.143623 19.407259
74.97909 80.05075 78.02321
56.9658 61.265633 64.81615
68.42487 68.57213 69.35994
47.433334 46.687347 47.95681
60.84199 64.068665 63.621677
72.11825 70.90686 68.09424
71.550285 74.105995 64.06617
104.80543 104.03513 88.88222
84.71958 83.26094 79.68055
79.6699 79.09577 75.10939
72.19257 72.40709 66.3687
86.984314 87.37316 81.47253
68.94229 69.36291 60.54735
21.664036 26.304396 32.63383
18.615118 17.172928 15.93643
48.207893 40.05701 46.661304
29.545954 30.4985 32.26064
18.717815 20.560173 19.445023
17.436464 20.099068 20.542824
13.9578085 16.128471 15.637862
15.35954 16.83007 15.5002
15.862138 18.553047 20.8987
12.001732 12.758242 13.642923
20.063736 21.0346 21.554146
17.981852 18.856144 19.114418
12.809923 13.290343 14.668665
13.529571 14.346987 16.347752
21.15974 19.069431 22.842192
25.02997 25.007393 26.797203
24.34429 24.765202 22.275457
27.757242 28.017616 25.053013
23.143057 23.010857 21.63673
22.51192 20.92251 18.861038
22.767166 21.997004 20.52967
21.786747 21.238195 19.297503
20.794006 20.583715 18.488045
19.445488 19.207193 17.694239
19.286814 18.15711 16.280487
22.820114 22.085848 20.217417
21.765568 21.17872 19.555346
15.701732 16.75521 15.281685
44.116615 55.456642 64.32564
46.99567 53.429405 56.66933
61.891876 68.74586 65.24352
39.211422 42.95205 37.132633
35.667465 36.67326 33.95005
90.94032 100.96574 96.42104
50.61725 56.616516 55.071064
56.07972 53.42048 54.73793
54.60796 52.038727 54.9658
69.23833 59.704464 58.321278
66.97153 61.45824 60.912556
76.14233 75.37805 77.95598
46.55821 46.17133 49.786648
87.56107 88.342224 91.45488
98.77263 96.28402 94.805626
77.10503 76.06986 75.9987
73.06806 71.63337 73.89524
23.405893 23.027672 21.421478
36.660973 37.6319 36.941093
59.266766 61.759907 62.238895
138.4364 141.88672 140.6304
78.230705 77.65727 73.76473
98.59114 98.49547 92.18911
109.16717 112.64595 105.156845
96.27526 99.74303 92.41625
113.61622 117.8372 110.771095
79.02891 77.340294 74.68811
69.87456 68.71202 66.636795
70.74342 69.64685 67.284515
74.38112 73.44898 70.88512
96.087875 91.799164 94.004395
37.69917 35.791542 33.260307
43.110023 41.37426 39.603764
40.282185 39.134567 36.229137
48.846455 46.505795 43.77789
52.06004 51.1344 48.976357
30.286015 27.85398 26.798069
29.97286 27.524143 26.463003
30.266268 27.853313 26.79021
47.131367 44.931004 42.607925
56.218548 54.67309 52.512955
29.504728 27.255877 25.946386
70.81475 67.79461 65.93919
128.44376 136.33333 127.86933
65.41392 66.35504 60.082253
48.749016 45.991642 39.191742
61.395638 55.95864 49.874092
57.42278 51.732166 52.941227
114.11675 115.30992 108.4616
76.927574 79.94083 72.26953
145.29248 147.05222 140.67389
54.4352 54.950184 47.049717
54.122776 53.64409 44.213787
64.52824 61.809525 53.89001
91.04156 89.30223 79.37622
57.10523 57.689976 50.868
118.32361 113.743324 109.18521
66.936195 63.70669 56.186047
68.14179 62.98175 54.35501
31.983284 33.16567 31.722012
85.74103 82.31682 82.43829
64.2401 64.0721 59.88518
111.27459 111.489044 108.91006
74.42334 68.04056 63.773293
49.593006 46.00243 43.45198
46.730904 43.193172 41.188545
62.122078 57.08478 55.018913
61.624874 59.556046 54.637463
57.541626 54.294106 50.756645
66.92384 65.94109 63.13543
72.00066 68.19987 64.911285
73.229836 68.5681 61.987278
82.883286 80.69947 77.25728
83.74785 80.68694 77.19064
83.33903 81.96064 78.84802
86.15272 84.2671 81.555176
103.02181 103.74249 103.41565
115.97309 114.82561 115.60466
90.197235 90.97589 82.04239
60.084183 60.07679 56.392075
76.838425 74.71236 73.435135
81.261604 83.74299 73.25701
36.654247 35.43753 36.99224
92.6025 96.25974 84.84466
90.259674 86.64226 85.548454
97.18365 91.982315 91.1009
82.97419 81.08055 83.08755
86.637794 81.877426 83.693375
79.82737 76.29204 74.26866
99.36091 92.74349 90.664665
88.74995 78.31442 82.47043
71.62561 71.17462 70.96034
64.76357 63.06843 59.492474
125.501564 123.86001 125.88302
130.90376 129.6046 132.01172
122.12205 125.63826 127.533966
49.829803 45.704796 43.429203
48.878986 44.64599 42.25701
50.431168 48.4022 45.573162
114.21322 114.6058 110.01722
119.88502 121.8658 118.38408
21.07892 23.11059 24.597336
31.434998 32.073727 32.47276
30.548819 30.042923 28.373493
47.70919 45.006626 43.506462
41.18285 34.813286 32.14589
104.11232 109.69414 115.00353
44.07043 38.172462 35.324177
40.719414 37.779087 34.639927
53.09394 50.892975 50.775723
38.270428 34.32058 33.282784
97.68122 95.98455 97.912155
46.38928 41.198868 42.274124
40.029236 35.249016 34.569298
55.847088 48.35561 46.374527
37.85175 33.756878 32.850216
47.14026 42.319946 40.978256
35.184982 31.450983 30.684317
53.95531 45.639095 43.988613
49.80353 44.276325 40.365402
38.07213 35.385647 35.923878
41.456543 42.312687 44.499332
37.54379 32.244156 26.728638
52.681885 52.331734 50.635998
55.65065 53.986515 51.63513
52.74755 51.974724 50.865368
57.538826 55.63663 57.294838
27.69344 22.753912 21.558874
38.186314 32.65621 28.470963
35.91905 29.85681 27.752848
28.931036 28.593674 28.910124
23.290909 22.82664 24.056276
25.894571 30.124043 30.873394
21.279055 21.47266 20.302565
29.937363 29.362637 29.732534
23.493973 22.676756 23.792841
28.664469 30.29354 32.18558
23.05408 23.865068 24.27013
21.651548 21.010456 17.025475
26.219315 26.28618 25.167133
21.01675 22.425442 23.399235
25.731834 25.603796 25.076258
30.39587 32.264137 32.80406
26.742758 26.593573 27.758276
40.205196 41.486015 42.687847
30.210157 31.777622 34.624508
12.524142 14.001232 20.617949
15.452681 17.922312 26.125708
18.452547 19.752281 22.066866
14.757176 16.879887 22.315119
7.687346 9.060506 11.993274
20.94935 21.542225 26.307526
11.288145 13.521079 15.608258
12.162604 13.3336 18.895737
11.379721 12.07689 16.110224
8.409457 8.43713 7.6409593
14.738095 15.987812 18.41605
9.1430235 9.237928 9.147386
13.287879 14.639427 16.84299
12.035498 12.950716 11.958076
16.91575 19.428339 20.894073
21.670563 24.78738 26.969065
4.733533 5.732767 4.776823
11.85015 11.76963 10.896403
8.608725 8.740859 7.6267734
38.412388 37.94196 41.145786
45.55025 43.965633 48.404564
7.900899 9.036996 10.080553
17.05874 17.083282 18.315119
18.160374 18.149551 19.10596
24.498835 22.882717 25.635464
27.626307 26.391642 29.819746
34.937897 32.888046 36.126442
41.91072 40.045387 32.15155
39.05268 34.905895 28.061306
38.826008 34.590076 27.386646
36.478455 33.409023 33.878254
35.651516 34.461174 34.350384
35.539528 30.725142 26.90656
46.583416 41.069798 37.763836
31.01242 27.42381 22.834332
29.188046 27.650782 27.96094
17.166233 17.564768 18.269398
14.424942 15.649883 17.841093
10.044289 11.193807 14.734365
28.337463 24.92381 21.092941
24.805895 21.065401 19.514252
24.839495 21.055244 19.485615
25.533867 21.144022 12.903763
37.57586 28.371029 19.511156
41.87186 30.907959 21.271929
50.236862 36.17576 25.136297
33.45248 24.454247 16.521278
9.873926 13.156277 16.25438
11.065501 13.046287 14.894772
7.3558106 11.034598 15.742757
8.367665 12.53946 17.124208
14.032701 17.559973 20.694105
11.557742 13.485314 20.047153
10.944356 12.141525 15.036197
15.083483 16.023909 18.592474
12.994406 13.668665 16.721645
16.184149 17.295605 21.446287
18.993507 20.153048 25.55015
26.645355 30.977757 37.183315
21.132002 23.435131 30.550117
20.337563 25.021711 38.04339
52.464134 60.264935 77.98991
58.429504 68.07862 87.45385
66.98685 75.86297 91.76803
26.110422 27.31282 33.80969
10.123377 9.546121 13.837429
15.55691 14.751415 17.569798
5.5878787 6.331069 9.815285
62.269463 65.96171 77.29178
5.658142 6.9712286 12.872927
16.530436 17.600067 19.032667
18.102465 17.424742 17.374725
19.788212 19.654411 19.549284
22.280952 21.020613 20.904829
27.251116 25.66993 26.727205
24.680553 23.560173 22.512388
36.032967 32.034798 32.20143
32.34642 31.40696 31.117184
23.444622 27.476856 36.268463
24.548717 26.34229 32.09364
23.651083 24.055212 31.25681
26.04602 26.826141 35.001663
27.546654 27.940659 36.806362
23.506594 23.61645 22.358175
33.39311 34.142956 32.875523
36.137596 37.494106 36.492107
23.390543 22.56124 18.966066
36.62188 35.47849 32.533634
16.396236 14.312088 9.139527
21.353912 19.587612 16.78455
31.155811 30.727705 22.187313
36.242725 35.210457 27.10323
17.605927 16.704063 11.821812
17.540792 19.070297 24.17083
6.469497 7.637196 10.702964
9.402764 9.907259 17.258741
10.608292 11.020713 10.47699
33.942192 34.751114 37.50816
20.922876 22.932335 20.686214
20.784016 23.100933 30.913786
20.52351 21.073027 27.47962
23.494673 24.083218 28.498634
32.26963 31.936197 39.91059
28.905594 28.955778 32.50223
13.618315 14.535265 15.206027
20.672161 21.277355 22.970663
50.58388 52.89031 61.40636
20.038895 20.476757 24.315285
25.708958 26.248352 32.57303
10.198602 10.761338 13.561472
17.314985 17.833834 19.954979
31.21232 30.939426 37.90736
18.800632 20.694773 21.03956
37.89484 38.200134 43.385914
31.450748 30.63723 32.41715
32.65551 32.25754 32.810356
19.713686 19.907959 23.021877
14.1403265 16.534498 19.367167
22.220646 22.973694 28.732668
10.665601 13.095871 17.80756
15.225008 16.062304 19.95085
16.258774 18.477888 22.67196
10.709024 12.323144 16.645056
12.229937 13.1666 17.44409
27.845022 25.548252 26.240726
11.520912 12.454513 17.191309
17.229704 18.431301 21.005196
15.202464 15.8422575 18.6333
22.185947 23.84359 28.452047
15.80949 17.091175 20.679121
7.630836 8.074692 8.672295
66.34949 65.03457 56.951683
37.340195 41.829338 40.560272
63.75771 60.62008 55.111122
56.90756 59.17962 56.766766
137.44106 160.14769 168.00493
71.1383 75.39724 78.92401
95.600136 99.358604 101.40217
37.154144 35.909725 37.177124
36.72594 32.98332 34.225407
99.34232 103.893074 105.560074
71.33659 71.958145 76.07922
2.3149517 2.2901433 2.2908425
1.4785215 1.4419581 1.4438561
1.9075592 1.8832834 1.8843822
2.4442558 2.4094572 2.4105227
0.097169496 0.07432567 0.07485847
7.8959374 7.873493 7.873826
8.951549 8.929237 8.929804
8.635231 8.6122875 8.613087
8.685548 8.661872 8.662904
7.4669 7.440826 7.4437895
6.0536795 6.0270395 6.0307693
10.6801195 10.6532135 10.657243
7.9858475 7.9461207 7.9521146
