0.96509 2.6412 0.77273
3.0792 4.9301 1.4447
4.0616 5.9948 2.1939
176.11 158.37 127.69
137.94 111.28 64.904
65.604 50.525 17.438
79.772 62.116 13.512
75.541 56.465 13.709
66.291 48.664 8.9663
42.22 36.381 8.0224
58.527 44.812 11.29
77.928 54.216 12.834
74.062 56.421 18.303
63.607 34.663 10.349
76.082 65.83 19.95
70.27 63.177 24.342
2.5814 3.197 1.7451
98.911 100.13 71.009
100.03 99.86 69.887
90.573 85.827 52.465
86.941 81.207 46.943
87.003 80.452 45.868
85.706 80.05 45.631
101.64 84.353 41.21
109.63 87.672 38.796
115.94 89.855 31.951
100.75 72.86 22.038
104.74 80.389 17.584
108.1 82.644 31.02
107.91 74.505 19.035
67.591 52.029 8.3484
77.155 61.465 14.615
7.7103 10.124 6.9357
130.13 119.98 120.76
138.56 127.89 123.34
118.07 104.28 89.227
110.89 98.274 86.887
106.38 91.897 82.866
64.692 56.535 44.889
93.463 79.449 63.023
109.91 95.954 81.26
82.709 73.574 60.5
83.35 73.209 58.703
78.431 68.653 52.211
111.41 91.963 68.573
102.2 80.35 60.37
108.7 86.009 66.191
148.92 129.29 93.313
96.396 83.678 61.164
157.76 147.45 125.14
65.807 67.331 61.645
174.36 168.75 148.27
61.692 58.088 37.928
64.607 61.282 43.703
129.39 124.71 109.75
101.8 94.445 79.956
39.236 45.989 30.595
62.536 64.833 48.236
127.23 115.49 94.142
77.227 73.268 54.434
73.568 71.452 63.101
63.249 54.974 40.544
67.641 57.231 39.197
63.699 56.005 43.709
55.293 48.999 34.423
68.99 57.419 43.751
54.252 47.877 33.758
86.365 66.691 57.806
80.091 65.496 55.365
75.143 61.332 47.863
103.4 107.52 128.48
104.47 97.689 115.67
93.43 74.38 41.013
47.602 35.113 10.699
96.345 75.851 39.822
119.28 93.728 54.075
93.857 72.085 40.5
31.545 25.041 4.068
33.531 31.382 12.218
45.996 39.668 12.791
44.685 37.998 14.611
17.014 21.899 8.8108
34.278 31.637 18.018
54.42 42.765 14.246
76.113 58.529 25.709
68.536 51.706 21.812
68.202 51.611 21.122
67.543 49.762 21.2
87.082 67.135 44.269
86.595 65.584 44.916
72.304 56.07 37.52
33.96 35.939 8.1401
0 0 0
74.862 56.745 30.05
42.671 43.328 9.4038
38.704 39.805 9.871
91.615 71.714 44.453
62.509 57.059 47.278
48.489 38.836 26.391
46.717 37.573 25.42
46.907 36.745 24.578
65.256 51.078 38.955
68.651 54.73 43.164
50.584 49.24 9.0469
51.225 49.596 9.0153
87.964 68.447 40.459
95.534 78.844 59.476
78.259 62.742 17.378
74.058 60.245 15.289
74.261 58.904 17.688
207.8 189.54 105.83
116.62 97.855 34.849
156.22 134.56 53.518
147.23 131.88 59.479
93.024 76.599 26.292
99.443 79.73 20.912
98.119 78.773 20.301
93.957 75.669 19.374
79.979 65.712 16.217
82.246 67.389 16.74
87.266 71.109 17.959
61.078 53.771 13.329
90.126 79.234 25.864
87.591 71.219 18.605
103.83 86.674 27.567
99.346 89.914 22.527
102.43 90.778 25.723
75.788 67.02 13.884
54.066 47.361 8.3554
58.282 50.479 9.346
59.331 49.421 8.1276
50.693 42.029 6.0708
74.696 61.27 15.67
68.467 56.788 13.672
66.666 55.315 13.26
61.103 51.951 12.243
78.191 61.675 14.608
88.853 71.506 14.701
65.296 55.782 11.349
64.917 53.976 14.189
65.665 54.339 11.612
52.255 47.347 10.942
138.65 108.16 27.13
110.79 102.28 80.953
69.126 58.96 39.262
116.95 105.22 86.453
61.812 55.987 38.181
39.817 38.63 25.996
117.53 104.67 88.897
70.743 55.609 10.37
116.07 102.69 85.938
56.364 46.048 7.8685
74.91 69.112 52.474
108.41 107.67 96.412
77.086 75.12 56.092
47.195 45.807 25.097
117.73 104.97 81.528
62.6 54.74 31.042
48.887 37.684 15.221
110.8 75.426 17.951
91.45 61.53 14.926
85.449 72.985 59.216
96.511 82.013 67.687
71.399 58.91 46.946
143.28 129.36 128.16
147.27 129.83 125.84
148.05 130.09 129.67
141.77 125.27 122.03
149.96 122.88 106.18
77.404 71.87 43.82
65.154 58.734 34.892
89.593 73.46 39.353
19.432 26.205 10.139
57.475 57.476 37.075
64.096 58.069 33.925
101.44 92.308 70.148
57.783 54.45 29.801
86.975 77.503 48.527
90.713 83.416 52.475
64.591 56.75 24.004
35.909 36.402 15.423
59.846 57.761 29.765
80.415 74.211 41.222
74.38 61.757 30.09
62.983 54.852 24.06
60.545 57.283 27.145
93.241 90.979 60.966
49.918 49.784 22.904
77.683 66.624 37.269
91.152 87.136 62.147
104.6 100.46 69.225
81.166 83.052 54.195
117.71 105.28 76.86
49.284 49.723 23.308
60.264 60.414 38.151
40.63 43.693 21.076
92.076 84.536 53.375
48.03 48.049 24.213
17.693 29.943 17.249
69.728 68.792 43.04
94.266 91.074 60.502
42.55 42.263 20.399
59.464 59.034 30.094
50.805 52.781 27.65
69.885 55.595 22.955
54.811 46.273 19.514
91.661 78.041 55.641
91.541 78.002 55.65
54.767 48.356 17.334
67.407 54.109 27.176
75.394 65.305 45.202
53.099 51.801 27.499
49.302 44.946 21.217
51.013 46.57 18.358
40.475 40.317 16.606
57.662 52.443 27.039
64.006 58.718 34.291
81.731 71.7 41.779
89.04 77.541 52.903
81.364 67.799 33.567
27.021 33.362 23.426
21.429 26.691 17.878
15.702 21.272 12.506
25.381 27.719 17.316
27.219 30.276 19.036
24.171 28.038 17.375
20.332 29.859 19.869
119.87 98.856 77.188
117.57 86.622 45.964
0.00022727 0.00022727 0.00022727
126.81 105.18 94.436
109.15 94.437 88.479
148.29 128.7 107.62
86.766 69.814 50.018
128.45 105.9 80.357
94.161 78.966 61.071
74.419 48.739 34.636
133.45 109.6 89.175
88.189 68.992 60.744
67.07 43.544 21.708
53.32 35.101 17.141
28.86 31.379 19.591
49.542 45.022 30.225
96.166 73.592 1.5489
98.831 80.077 49.43
129.29 93.245 55.683
79.556 62.877 39.943
45.636 36.202 20.338
122.03 102.82 77.524
99.772 80.284 53.318
111.24 97.643 77.094
112.64 88.128 56.471
105.15 81.797 52.887
63.605 60.211 46.243
64.245 58.093 42.127
45.945 47.117 36.519
63.348 58.665 42.919
56.122 47.674 26.163
54.454 53.007 40.871
118.93 91.301 67.774
108.14 77.946 54.663
144.54 121.57 102.99
130.52 106.72 89.013
159.14 135.64 115
254.89 254.89 254.89
82.681 66.367 15.726
59.057 49.889 12.964
45.25 42.037 27.364
47.955 45.863 33.752
41.18 34.805 22.887
42.511 35.916 23.32
52.981 38.771 25.575
39.499 48.244 59.166
35.129 38.996 32.395
46.81 46.013 35.095
36.874 32.606 25.324
62.937 56.943 47.093
50.954 47.106 31.695
47.374 41.64 27.206
61.883 57.843 52.932
50.333 46.768 42.26
50.965 42.539 31.794
51.24 42.549 32.21
56.933 50.724 42.28
50.764 42.386 33.409
70.077 56.817 38.187
47.854 40.965 32.084
55.261 33.47 19.414
44.109 34.724 22.106
42.237 34.841 23.488
53.029 43.99 31.035
23.564 24.916 13.794
42.734 40.412 28.105
4.7257 10.734 6.522
68.45 53.727 36.885
49.953 45.193 36.063
49.833 36.85 21.531
42.774 37.105 22.374
104.92 86.867 68.709
114.96 92.772 72.106
21.346 22.539 17.19
12.646 17.232 13.669
48.342 40.759 21.545
23.745 25.496 14.026
22.026 23.247 11.82
19.963 23.382 12.075
59.776 49.217 31.71
30.217 25.492 7.9389
33.746 36.601 27.359
70.165 64.335 48.447
108.98 110.76 80.434
59.562 51.596 31.128
39.684 28.311 16.085
40.432 32.622 21.351
65.837 38.622 23.928
56.928 56.094 45.221
49.327 49.876 38.49
53.618 54.112 44.123
51.747 50.352 36.282
12.516 20.764 11.177
47.966 42.742 27.144
66.645 56.681 43.339
74.139 64.188 48.75
100.74 82.447 67.52
99.291 81.315 65.536
27.309 26.624 18.417
32.336 32.248 24.958
38.724 35.884 29.164
76.79 54.691 41.232
66.701 45.663 29.512
54.812 42.307 32.476
78.644 62.596 46.274
72.489 54.768 52.91
39.031 34.088 23.004
33.465 29.289 22.065
43.695 39.751 27.881
49.904 43.408 28.782
41.95 39.378 28.777
43.506 42.187 30.244
49.576 46.948 35.676
48.128 39.707 33.954
63.068 55.415 48.164
38.121 33.265 25.911
29.767 30.799 25.338
22.159 25.805 19.029
58.323 52.142 40.75
17.941 27.213 12.71
14.329 21.755 10.703
11.608 18.134 10.768
20.63 24.78 16.326
19.24 22.561 12.393
27.228 31.07 17.177
21.916 35.394 30.722
27.788 34.529 28.032
26.152 30.607 22.478
28.764 38.018 33.43
50.819 49.515 38.062
28.79 39.686 33.75
53.655 59.198 58.129
24.033 37.918 27.893
57.091 57.223 51.101
51.66 52.011 44.014
45.879 44.395 33.113
26.987 29.475 14.622
29.221 36.096 27.639
29.13 41.44 31.984
25.362 34.094 29.008
21.45 29.154 23.489
60.292 55.374 40.448
68.702 61.913 48.591
62.646 57.577 45.106
38.025 45.078 34.514
30.225 35.792 26.987
36.506 44.288 34.83
68.62 62.761 54.911
46.063 40.256 23.711
66.579 57.433 44.565
60.824 54.104 39.88
42.251 40.27 37.573
55.603 50.951 41.86
62.243 53.667 43.74
58.135 49.336 38.663
55.593 47.051 32.402
1 1 0
58.002 66.732 65.159
56.182 72.555 73.572
47.447 55.568 51.654
63.788 75.826 74.921
24.206 26.598 16.203
43.005 40.245 27.768
67.936 66.732 56.673
59.005 55.431 41.351
61.613 56.834 41.62
62.783 58.642 45.166
48.949 53.558 44.36
51.797 48.193 34.384
42.318 42.567 37.613
59.769 51.37 41.559
74.869 64.651 55.534
28.809 35.778 26.156
49.014 51.293 44.229
36.444 36.401 25.105
24.421 25.233 19.236
28.495 34.317 28.792
47.504 47.638 40.983
60.476 60.079 54.405
73.966 69.099 60.16
54.238 54.142 46.728
59.088 56.265 46.743
18.006 31.984 25.046
30.333 39.089 34.9
31.95 39.014 36.735
36.449 37.835 24.82
53.249 57.505 52.028
38.133 38.962 31.741
79.984 82.98 75.465
59.857 56.236 47.976
39.537 40.634 32.428
53.64 51.9 42.05
48.092 46.966 36.79
48.319 47.044 36.779
49.937 49.478 40.241
58.081 50.302 35.802
27.964 39.004 35.407
13.618 27.356 19.451
25.537 30.694 23.39
36.758 41.382 33.903
52.467 39.665 28.336
26.061 35.489 29.386
23.771 28.999 18.378
33.446 47.559 38.398
14.919 27.419 18.493
18.786 19.886 6.8736
40.249 40.803 25.625
67.825 62.13 50.304
63.805 53.951 35.199
71.063 68.585 27.249
132.08 115.95 57.06
112.53 87.59 30.847
100.05 76.308 28.391
100.45 78.088 30.889
135.13 122.76 64.504
109.75 94.841 44.668
134.04 122.72 64.91
120.46 94.071 34.456
77.633 57.579 22.46
132.5 94.634 38.464
87.165 63.257 24.188
128.14 89.268 36.779
128.41 89.581 37.655
143.94 126.9 85.667
119.67 105.85 52.585
123.52 105.54 62.348
165.43 141.85 78.982
170.4 147.03 98.238
137.46 112.6 28.438
136.82 110.47 23.88
72.18 63.634 12.675
79.444 62.595 12.23
117.82 106.98 56.67
37.816 40.353 15.987
0.023118 0.023118 0.023118
2.988 3.0062 2.9707
31.702 30.984 16.611
2.1011 2.1146 2.1002
0.85358 0.85358 0.85358
4.6159 4.6159 4.6159
7.3933 7.3933 7.3933
10.567 10.567 10.567
10.954 10.954 10.954
9.6717 9.6717 9.6717
9.8882 9.8882 9.8882
9.5966 9.5966 9.5966
12.506 12.506 12.506
11.368 11.368 11.368
9.5516 9.5516 9.5516
12.97 12.97 12.97
5.8182 5.8182 5.8182
