0.0033101046 0.0029181184 0.0025261324
0.008079268 0.0068162023 0.0054660277
188.27686 166.25922 103.65651
32.26468 33.93811 32.779793
0.006707317 0.0060975607 0.0051175957
43.041985 60.756687 77.616486
14.480858 12.753855 13.08236
50.57807 45.85895 49.74164
56.422474 65.96699 58.86265
80.848366 85.46008 65.48034
83.29488 87.51705 74.267876
79.14534 87.02968 66.24924
79.346535 89.604004 76.459496
69.48752 61.57722 53.107014
43.9473 33.814133 31.935389
55.8556 52.790462 45.8157
87.61518 90.31169 81.29802
47.13948 43.813873 38.95244
50.69874 42.314198 31.979246
44.55085 35.000153 22.26287
51.689262 43.55183 29.08003
45.75808 41.301395 34.525524
40.76838 35.841682 30.60257
39.505943 35.63066 31.409864
44.71912 38.04031 28.742922
73.22163 65.36949 54.682228
52.880337 41.927677 32.763805
55.467922 41.669315 29.09804
57.848846 45.776505 32.186413
72.21143 57.24743 39.6603
73.642876 56.706642 44.854095
34.080162 31.23321 29.131882
52.28495 35.868793 26.374607
72.548996 58.14813 40.968357
49.957165 34.891464 25.406118
92.89373 73.28362 54.741356
65.30442 49.019424 35.677372
248.9448 247.32758 246.66425
214.53636 206.11568 201.27177
234.09813 232.69832 232.48108
219.46365 210.09987 205.18486
213.8569 205.05328 199.7087
100.663765 96.788635 91.91111
100.83896 93.511696 91.24246
102.37008 95.968666 94.5976
117.801544 111.95 109.7934
117.32703 111.403725 109.05921
90.33937 85.89257 85.943184
112.26703 106.77689 106.14432
100.96733 91.31439 88.90263
101.67276 88.503746 86.672325
117.55891 108.3593 110.76777
136.0154 127.5936 119.93783
111.58022 104.11925 107.37892
116.94741 111.6225 113.73188
89.37946 87.502266 90.07134
92.266396 89.84584 78.32726
104.38726 103.31973 102.69706
59.41901 68.49408 56.133778
77.63247 72.431404 70.26744
146.93744 138.67097 119.439896
104.38084 106.41736 93.8581
76.16723 72.44179 66.352196
80.17426 76.43678 71.102745
67.49811 63.554615 62.987328
53.398018 52.80364 50.991116
74.377594 78.24737 74.004814
70.96716 68.34253 66.01897
69.78778 66.55562 68.32208
57.11986 54.36359 54.69706
171.63458 167.50317 160.46533
115.54377 114.664566 118.857925
124.50222 122.86211 116.09643
130.54008 106.95061 104.60048
112.3036 109.19593 105.55111
69.854706 75.014244 59.936455
118.25688 113.51718 100.68652
130.18338 124.66505 112.7123
31.026068 34.632645 31.672169
36.877026 40.611084 38.01313
21.33469 22.635366 25.801764
31.677242 30.49438 32.495995
32.760715 31.84094 34.217747
38.03802 42.536194 39.95945
53.83604 57.724674 67.430534
32.658012 34.427658 37.082798
20.88371 20.477875 23.104813
20.42339 19.991638 22.314983
20.34314 20.8625 24.619686
27.090723 28.064024 31.927156
38.382557 36.51348 37.79347
54.08798 51.830032 54.956554
35.103485 37.460693 64.43131
61.319054 69.00059 100.98861
63.017986 69.489914 101.17025
27.263763 35.393055 49.13715
15.995492 20.902636 27.348803
31.637457 36.820774 44.309406
23.759668 23.833101 27.909779
20.507992 23.693836 28.853788
23.935474 27.121386 32.757164
24.810389 28.935104 35.97219
28.992966 25.406446 25.568924
40.405422 35.570797 37.848495
49.06716 49.828636 56.541157
18.623476 21.208471 24.508123
14.974173 18.400848 23.65736
26.647692 28.508493 30.948912
23.844707 25.070318 27.378485
22.207687 25.624413 32.15736
20.825718 23.894447 28.064177
33.053593 36.85527 47.98393
22.506685 26.43602 33.544273
36.931446 41.653526 52.9309
31.281599 34.647625 43.36261
42.982185 49.044903 62.371624
21.185932 25.737347 29.593336
51.65133 72.34144 108.93513
29.134386 39.16348 40.714417
27.166616 40.74188 36.14793
46.36701 53.278355 69.31074
38.724934 43.722496 54.200565
32.715286 36.782295 43.00292
28.125828 33.78739 41.231556
22.88798 26.21803 31.150196
20.361586 27.835518 26.370863
27.44423 30.525326 38.652527
34.830116 22.781294 15.567945
53.556404 44.969032 39.5338
43.35048 34.228462 27.700304
54.95329 47.53482 43.652287
65.15065 50.41544 49.140812
54.994316 47.244057 45.773434
52.821953 42.74745 35.272083
29.130249 30.064089 29.490614
41.395077 29.508429 24.455248
83.01853 76.288826 75.879745
78.2199 82.66337 77.12918
58.144337 47.35823 45.38164
81.86333 71.75847 67.44981
57.99388 52.79362 63.113873
64.01324 57.51422 58.888893
23.89891 18.375393 19.339024
62.618988 57.524544 58.44242
61.49939 56.168163 58.33088
63.60499 59.700348 55.47748
16.540266 10.603005 12.777896
75.56123 59.55954 51.003746
42.284843 32.93136 27.778593
61.403507 48.959232 40.681686
67.6677 56.77132 49.02772
52.569904 41.819035 34.31361
79.04667 63.499367 54.4103
53.03554 38.73286 30.139677
67.23256 51.04815 41.377613
76.57004 54.92156 46.424694
43.09558 24.909712 17.484516
73.78561 55.14571 58.545994
30.241964 32.09005 39.816246
32.569687 36.60416 44.56357
62.751373 54.472385 58.847168
9.93358 20.63247 21.174543
25.554594 33.566223 41.750523
23.729856 30.942204 41.412586
26.500349 31.816637 38.025238
25.6794 31.12807 38.06119
70.5811 58.90196 50.172844
38.70381 38.176414 30.529072
37.225567 36.80651 27.337696
49.480816 54.216877 59.57123
45.89974 47.158775 47.315918
37.052395 40.387672 40.792248
72.832924 62.565308 67.20274
35.66028 35.883186 28.191246
51.058277 42.257294 38.080685
57.054443 47.52341 44.06411
201.99634 211.83852 217.27739
58.045036 48.40638 44.209602
55.15194 46.083797 43.325523
53.88051 44.385582 41.577568
74.2372 62.924957 58.358166
82.416725 67.57968 56.216484
58.883778 46.78367 28.845297
68.63249 54.737564 49.23073
73.78025 65.28968 64.80255
66.01941 56.659725 51.43844
52.906033 43.799717 36.596275
68.69996 64.72866 66.19436
62.15 53.959755 45.306816
73.36881 62.67304 56.586304
62.2968 54.500935 45.519382
55.384647 45.49397 38.932034
70.69329 60.90355 55.081425
71.02949 67.01396 68.60986
78.65913 57.245033 36.292576
53.08345 49.334343 46.646362
52.45784 48.43552 44.612392
37.607468 35.720013 27.047756
60.859146 51.943314 43.86302
67.54083 61.4537 61.20074
66.95568 60.78114 60.455315
67.79209 60.853027 61.16076
65.60279 59.54593 60.84817
70.17485 63.352898 61.5189
37.623672 47.3375 75.04005
48.551655 33.0789 26.03848
79.877464 62.842007 52.892574
82.24691 65.3963 55.738655
85.70621 67.700584 56.83465
83.54983 65.22043 58.39094
86.358864 65.32942 57.179703
85.524414 86.872406 96.169754
60.5419 53.560497 46.4902
73.50795 65.84876 57.718662
60.647102 63.429115 61.43848
97.402245 67.916466 62.576393
91.20307 79.32916 63.31938
112.31587 100.77788 79.53658
82.721146 72.72334 61.66535
86.26762 75.26218 63.12241
80.045555 63.065243 48.82452
77.79848 63.005314 49.13299
84.98935 68.124626 54.364307
79.46747 63.725826 47.50575
76.2397 64.80366 55.014915
86.67217 56.390266 37.551285
52.686714 41.41019 31.920906
82.9647 65.13415 51.054028
82.03763 68.976875 59.86629
97.47339 91.08822 84.1473
97.55253 81.10111 68.49651
101.03757 84.25614 72.35603
99.154076 82.79005 70.614746
99.23129 81.78345 69.25096
103.75285 88.20083 73.85677
89.57012 74.0039 62.294403
78.760544 42.28051 47.57317
125.04614 125.948326 124.11934
70.38915 66.6363 66.22032
84.00908 82.1419 78.61363
88.783775 83.64959 79.69388
25.357513 16.874325 17.857382
96.094444 92.11376 88.360886
102.12546 94.214485 96.24366
114.99334 108.378944 108.33889
111.40571 93.68702 97.43691
44.395447 40.104965 37.49188
54.37245 27.437174 23.287348
73.07243 60.337955 54.552353
79.925415 64.82274 60.021275
87.82245 76.23476 70.492096
72.400955 62.110233 58.52698
55.437523 42.23552 39.926655
90.005424 76.59813 75.84804
95.64301 79.298584 76.148346
81.95492 70.60756 65.91507
78.10218 82.987236 60.70305
72.22892 77.170685 68.21908
61.153877 61.676918 58.495796
73.80198 72.36716 68.75729
74.27465 75.286476 71.27914
73.588196 72.40329 67.68441
74.4978 74.927025 70.75072
83.65024 86.10973 73.83874
60.72563 50.90322 43.99401
71.7562 59.276722 51.888176
57.99229 46.963043 40.340374
71.72899 60.747276 55.27404
80.71152 62.349087 57.744663
72.19991 62.52034 56.175262
74.819534 62.632885 55.864395
74.65658 62.328377 55.355053
84.87419 72.56374 63.40982
75.26529 53.076134 48.358864
59.213177 48.290134 45.457188
40.43356 34.495472 31.04399
72.57565 65.19505 59.307514
74.69747 56.560585 48.95588
78.34558 59.664066 53.220253
83.15921 60.476242 53.2343
65.446014 62.983124 51.341007
87.6689 89.11625 70.56568
96.76483 95.75398 81.65316
83.529396 79.68543 70.29948
79.225395 79.28582 72.787155
80.95126 84.66953 66.23981
70.66483 72.605446 69.50159
51.770668 51.717922 53.36997
64.67563 68.7086 62.213547
46.255795 44.97561 46.079006
61.032337 53.101067 49.153397
81.207664 66.11041 60.48295
64.76642 58.021233 54.998127
54.096363 48.846188 49.852505
47.251087 42.8 39.067726
45.897255 38.940353 33.53051
45.70024 38.543575 33.14582
57.951633 52.282578 50.709995
49.547062 44.680313 44.191856
53.131165 45.249413 35.362915
76.59349 74.0738 72.599846
59.80037 53.039265 44.420948
84.008514 78.24079 74.61111
94.99967 86.13988 76.84771
95.12816 85.01744 77.93683
82.83547 76.26744 61.480747
71.24913 86.78232 66.52757
79.16326 80.509735 76.89817
84.294754 95.11213 73.81298
119.26381 113.69086 106.68946
71.354706 65.22199 65.82481
80.64876 72.05675 70.817184
93.77714 92.32317 90.58781
66.745056 44.815224 40.6973
66.29343 45.007687 40.53776
75.0377 69.249344 67.511734
79.53066 71.88219 69.637344
64.36178 50.886715 45.990242
84.57356 76.31679 73.364265
82.125305 72.60488 69.21322
84.12498 75.27888 72.93388
81.44025 70.62777 66.804855
77.20257 68.309494 65.48617
85.81117 76.71674 74.33769
83.43803 74.19342 72.164635
88.55577 66.40993 54.063046
71.50013 50.153942 38.136803
95.95625 77.60157 70.45089
44.420143 46.17951 43.8745
95.05294 64.38793 63.44155
95.23767 65.69658 64.2978
55.324497 56.38188 51.6537
90.7329 62.861412 61.860584
50.177113 52.426025 50.158928
93.02618 63.592987 62.725
78.111565 70.958664 57.82731
93.77875 64.629074 63.367226
95.42606 64.93001 63.990005
48.230095 48.832947 47.41302
49.068924 50.82755 47.761326
48.25135 49.7152 46.948128
92.02445 63.702896 62.670864
47.499958 48.62929 46.652657
84.54188 63.980053 63.899193
87.45089 85.764244 78.909584
70.862175 67.641205 61.852135
76.09645 74.362915 69.10285
65.85769 63.447407 57.427658
52.39965 46.374935 44.912632
66.57387 59.356728 59.388065
75.49756 57.569077 53.320297
68.020706 54.292618 49.397278
61.89948 69.4534 64.17687
71.01002 80.73391 70.66485
79.89715 69.54667 60.132164
31.547888 21.215069 15.867073
78.321884 67.35339 54.540874
19.945013 25.991377 30.23909
61.90074 49.857185 38.028202
20.529879 26.044512 31.053507
27.711258 31.441572 40.624065
58.302353 50.896996 47.398148
39.10736 36.19778 37.79719
28.436716 32.78728 39.387436
33.717224 28.359648 24.587152
45.528442 41.31838 42.4961
38.067772 35.897625 42.15662
40.282055 36.534473 43.32047
37.106186 24.43016 28.94658
47.554966 27.283253 31.10712
36.86755 34.711864 37.299892
43.251415 43.90518 50.412827
34.620056 37.15257 39.796776
34.66481 34.775608 31.558777
48.602917 51.157707 59.552677
52.43665 52.39719 57.135365
56.57293 50.786587 48.873127
39.002438 35.279224 39.84192
62.303833 46.416813 40.819447
62.960125 47.051937 41.233364
62.738087 45.845646 36.302917
58.378506 41.884995 34.357468
58.28528 47.470535 40.366203
51.605335 41.43088 35.266506
50.65292 40.56335 34.22354
42.416073 32.526417 28.809385
53.71309 39.915527 32.72019
9.836934 18.675697 22.251219
17.220427 21.257883 21.19963
65.2927 56.428722 49.146233
60.96165 44.69081 36.597866
64.212105 54.542442 54.439396
68.28787 57.821144 48.412586
60.849457 44.440395 36.247276
65.61328 53.593338 48.425503
64.29194 54.727024 56.651417
60.030838 43.484257 35.879898
60.43358 52.099586 49.89534
61.17877 52.74188 55.290962
51.07254 39.053486 31.550087
68.158775 58.374283 54.489048
60.230705 55.11359 46.70821
58.98471 53.429115 45.003834
56.020535 42.532448 38.685474
59.354855 53.71448 45.2505
59.803116 56.455772 50.134605
63.156597 49.82807 44.050457
58.33273 44.394707 38.94227
57.30712 54.333252 48.136456
53.251896 47.43138 43.48434
51.9647 48.345646 38.03395
72.16727 57.717335 49.600086
69.78711 52.716724 46.8679
66.10329 51.474762 46.959038
62.094883 49.064854 42.202503
63.740463 49.75159 45.769817
11.9881315 9.366115 8.608667
36.102657 34.630726 35.15494
14.796145 14.015505 13.735867
10.68983 11.925675 13.852003
17.489525 11.394164 8.9809885
52.8034 35.522842 24.878397
41.49412 38.97953 35.435585
14.705248 14.134059 15.858929
32.981903 42.59595 56.35908
55.782623 57.519707 62.26309
25.278702 24.72474 28.291288
33.311413 31.142748 34.045036
37.97953 37.171406 41.07341
15.670187 15.672539 17.964003
17.60808 17.155378 19.499979
134.54558 138.31448 145.03903
68.68857 69.32491 71.565094
72.32474 69.82718 70.80409
104.10897 103.9024 102.46942
61.68234 60.49623 67.96464
11.580814 11.288524 10.521036
33.305923 33.30738 35.746124
12.126982 11.9286585 11.712043
21.183275 19.581772 21.282427
22.253353 25.094927 27.506489
37.73532 37.756184 37.0814
23.75697 29.340221 31.413261
12.275327 13.437369 13.209277
16.865505 18.14682 20.659887
28.450087 20.946974 18.424673
16.671385 17.489504 19.432426
26.222866 23.575676 21.974478
27.914156 30.964983 28.552462
58.849392 59.82855 75.22685
20.585432 26.378614 28.843424
10.878855 16.502047 19.4706
19.022081 26.835583 26.1174
22.669382 31.721909 32.769337
25.089983 30.123215 32.348454
26.487522 31.39682 31.000696
26.971123 32.230988 32.59499
20.25599 28.201698 28.980923
36.986652 44.206272 54.403397
20.031794 23.36017 31.725958
23.407818 26.112152 34.86627
44.509735 42.62378 47.47511
38.410408 43.229595 44.275196
28.133799 32.893772 43.470776
19.169643 21.297735 28.121885
25.265593 29.446907 37.566223
33.920883 40.28961 52.137894
37.70233 42.307926 53.81801
38.740723 47.16067 56.751415
24.777113 31.031773 40.674477
20.148672 24.599586 28.921036
27.57376 34.20098 39.32132
16.742226 19.508362 22.479507
30.860256 37.804573 43.837456
19.927439 22.301916 28.925718
29.980576 36.6848 41.553005
35.02378 41.12705 45.550827
23.566114 29.679682 35.360104
34.181423 42.185932 45.123844
23.556402 28.8451 31.194294
34.777092 42.72428 49.372364
23.617094 26.802004 28.76385
38.509014 45.949432 51.553528
24.297909 26.837675 29.047604
21.919773 26.643293 31.56642
28.382883 34.193966 40.441505
15.4881315 20.160954 21.735823
23.460844 30.029573 35.609146
32.371147 39.741856 43.250546
33.90346 41.016224 45.018055
27.688894 31.638588 36.237392
29.738394 34.132862 36.85954
95.267555 93.18284 90.38151
93.33129 85.008514 90.4024
95.7544 95.65475 94.32901
109.144646 105.3326 101.32692
105.68669 99.93042 95.42709
108.57439 93.75936 94.88497
79.99484 70.41176 76.47365
59.756687 37.542225 31.133406
50.739132 37.501392 30.038828
63.834625 46.49704 36.593185
60.943443 45.110104 35.086193
62.06374 45.484734 35.5157
65.78683 51.770775 40.938328
61.07574 42.874172 33.749653
48.647343 28.020035 37.305706
52.942703 70.15893 70.36516
60.31827 74.145905 79.33095
13.017225 12.974499 12.934473
