0.014133753 0.01546341 0.010415641
0.49522308 0.4469615 0.34310055
172.71152 210.97249 213.1525
12.024377 10.827932 10.064636
30.80656 28.440977 23.489166
0.04872944 0.04316458 0.033684626
112.64227 106.37282 88.661674
25.39343 3.593076 5.96016
116.84404 114.80375 97.98112
41.61524 5.5091844 9.55656
117.56134 113.29444 99.605286
105.12442 62.34278 55.945633
107.550354 59.0001 49.629494
85.36972 72.1668 53.957058
103.033165 71.256355 62.038315
118.84054 121.50751 105.26566
84.74956 75.855606 64.95807
125.89082 121.13888 102.46459
131.28418 132.52376 117.711044
130.0766 134.71722 111.58091
33.485817 1.9604304 2.8496504
33.299442 1.6706146 2.6421993
89.41426 101.22274 92.28344
157.19275 149.68808 129.86041
116.73931 101.71523 86.74687
150.11674 133.4478 111.34716
143.4151 134.09386 116.930756
165.47356 154.44531 140.46574
122.150154 113.24769 88.619865
115.23074 106.14749 90.24067
134.08803 125.37077 108.33795
96.48476 85.480576 68.34391
84.89506 72.372154 53.4297
89.83101 94.05757 81.52765
134.08699 129.62695 117.48766
99.52839 89.56538 72.60123
209.67918 196.96408 182.14821
174.65129 167.62514 157.22682
124.68512 106.88387 91.97493
99.30986 96.73692 79.711
130.8414 131.82773 115.71439
78.48473 76.45447 59.961857
134.94087 130.86021 113.39715
139.03807 136.90532 119.74779
161.79092 160.36937 145.20036
189.17722 182.57507 150.05356
188.03879 181.3529 148.91475
171.72166 163.67091 135.0555
166.34778 162.35504 148.35268
119.95506 131.71326 128.01826
175.63422 180.235 182.65062
171.77167 160.03522 133.33682
198.39818 189.4145 169.8091
163.48712 157.39235 147.48282
113.466484 99.858315 85.07326
172.88148 164.67073 154.16806
184.16751 176.418 166.26697
177.87216 168.62361 157.33041
111.31685 118.06102 87.36364
144.2149 133.73419 101.532745
165.12694 153.04585 124.49084
182.90512 178.40038 167.40259
98.31666 84.80683 65.31828
57.169605 52.156654 38.61467
108.433174 97.02361 73.61457
139.06592 125.31508 103.27223
110.068085 98.70659 80.96481
114.08323 101.700455 84.52817
85.10401 75.52726 67.242096
136.53929 131.34601 109.418106
134.364 123.80009 104.394806
82.53972 77.56678 56.93024
154.60674 134.50679 110.03563
122.57746 120.21509 106.21156
169.99385 153.99391 127.96582
140.58112 129.7007 108.78617
74.91328 73.73924 55.705112
115.79792 110.68847 93.66113
121.12639 119.076035 105.24468
176.97714 159.45518 133.09758
148.6688 124.593666 100.26817
106.221214 104.205925 88.51775
126.14855 135.17398 133.48627
73.81006 73.43984 69.88698
132.41776 128.86848 110.97466
125.652664 122.14057 98.50734
160.67975 152.32652 128.81816
160.15527 160.72565 136.35732
168.47523 169.26219 144.29065
113.14055 94.12578 63.979244
128.94098 120.264725 103.08365
127.63499 120.208435 102.04169
127.43965 119.59615 101.54927
135.48251 118.48766 93.64318
115.99266 97.17431 69.36324
122.65998 109.34113 90.66613
117.17391 109.947624 93.80651
92.35366 65.58015 31.153723
90.46385 86.151085 66.077515
121.882645 106.80176 78.78807
87.036224 83.25714 64.259674
148.41354 131.09897 126.48166
87.22493 91.84174 71.91522
88.42547 78.21457 70.231705
37.508965 38.402493 28.218359
0.0776864 0.07894219 0.07251551
69.69982 45.758915 24.507954
33.314857 23.667192 13.853688
56.359352 34.164288 19.067541
70.4691 42.820076 22.328474
78.63196 53.858196 30.970354
67.22503 42.748695 22.13203
69.54977 42.809784 22.265167
69.239365 43.862724 23.960676
42.5801 28.304861 13.809219
114.832855 103.213684 90.08217
117.86275 107.97306 92.5279
134.21686 122.139046 109.04875
144.30905 132.71693 118.04782
134.17801 122.01524 108.23279
126.58362 110.62398 96.424164
204.15205 187.9771 175.77098
140.35132 125.37203 111.399536
92.36469 78.22385 65.00377
192.96341 174.8906 155.99933
123.45464 109.15018 90.38489
154.14946 140.73564 124.073425
145.76176 135.64513 117.695335
163.58818 154.77495 138.48473
212.25104 193.46045 177.31198
151.05344 142.13434 124.295845
151.38153 142.46797 124.83382
150.79506 142.1858 124.27273
150.01628 140.73232 122.16081
145.50237 136.68367 118.26689
98.313576 89.848785 72.91362
131.10677 123.581604 105.63713
116.78617 117.996895 105.30754
116.51933 118.00295 105.62484
137.08217 128.4031 110.96371
165.72974 161.75723 152.98135
136.15791 126.56717 108.91801
129.51645 118.65237 99.2939
119.66261 109.285065 90.07732
102.55767 70.69002 55.593517
28.359549 21.263542 14.390746
34.77652 22.799911 14.7353
45.5899 41.128754 37.84554
40.08266 23.230228 12.846351
39.09564 23.359327 13.062518
37.843346 23.07084 12.98301
61.68453 36.826405 18.318256
39.488697 27.997808 18.611986
55.52935 31.651114 15.089505
31.613586 18.712376 10.436128
24.001945 14.322343 9.058825
43.185783 28.508125 16.611568
73.575294 49.332684 27.373165
93.418076 57.783783 27.901728
104.189476 63.88186 29.607235
21.921131 13.496405 7.707205
18.62873 12.926622 7.321752
20.16606 11.785901 6.3193393
32.8137 22.138653 13.013912
16.384172 12.631316 7.5900717
37.261276 25.657343 15.566113
33.434624 22.377426 13.532724
23.34512 17.4723 10.892372
75.016846 41.251995 21.367897
79.121735 46.233402 23.794249
79.021 46.287205 23.636461
81.358986 48.02657 24.639072
80.23501 47.03307 24.014158
78.27893 58.596844 38.37457
123.56082 120.15537 110.20563
119.995766 119.58751 109.57042
168.98424 162.54567 147.28554
166.83864 161.6089 145.68793
73.14047 74.25899 55.567738
62.882645 71.6435 61.44418
83.02736 75.39277 67.33355
65.07734 67.338844 52.055035
82.85322 80.52181 63.11807
76.02347 79.07589 70.54203
144.14267 144.17406 127.4281
164.23811 155.80994 139.23627
146.842 136.94731 116.45735
122.09872 110.46863 83.42155
146.36475 129.37186 108.341156
152.09622 136.80356 116.97912
135.49768 129.74606 111.70019
135.24594 124.57749 105.36659
65.63912 61.17778 46.801807
0.31842804 0.2920073 0.21936867
77.38375 72.747955 57.645008
133.55084 123.54829 106.72927
137.72989 126.901436 109.9743
126.124054 115.19029 97.54929
96.429924 91.98929 77.050995
96.80102 92.51778 77.7027
138.2791 130.03566 118.043045
56.784622 64.63085 52.203487
145.66963 137.81116 122.39018
64.47755 58.639713 43.944893
136.57704 115.64205 86.03635
146.09492 114.10837 82.509575
115.799225 92.9689 65.10691
0.030532848 0.02986802 0.023367478
196.76433 180.1576 159.03093
155.19832 149.32358 129.08968
155.64548 145.96144 125.309616
123.81806 119.25515 104.30557
127.31178 122.04498 104.84726
158.66438 154.68773 137.1164
119.83005 107.41197 88.47057
85.345024 82.53647 62.20814
109.338425 103.78625 89.785995
74.53972 71.00369 57.99249
69.41374 74.092415 56.868046
63.400696 61.883358 49.20819
172.01945 157.69656 134.9365
91.295975 88.21585 62.922928
68.66111 62.625603 40.85509
128.57574 125.417145 102.51214
104.86804 106.06584 84.35332
84.20159 77.37408 60.66421
74.162094 66.121635 46.029106
200.32118 203.11514 186.65022
111.79309 109.27692 92.50773
98.55934 92.57924 67.13171
144.8784 144.52757 120.49404
96.29196 98.025856 74.87989
98.59258 100.092316 76.49158
127.070915 116.082245 93.736725
107.98121 105.97673 81.61265
103.532745 102.17564 78.53541
146.38942 139.28305 113.796
122.35583 114.48387 87.12263
136.35278 126.049095 101.06752
110.345146 99.60012 75.45324
137.65761 126.81789 94.550674
107.61039 105.19563 83.98752
131.19936 127.852455 106.629196
125.74158 114.62415 92.18536
180.13766 156.5932 135.25308
137.9809 113.55555 93.29415
133.27649 108.74505 88.86427
92.78858 78.84768 61.65808
100.85763 82.23941 60.945904
151.9443 135.27571 113.63146
104.155075 101.1143 88.38311
51.524326 50.22405 36.965603
54.695507 45.579853 32.957623
0.011080469 0.009529203 0.007116123
46.77014 46.210087 30.612726
91.6978 78.72725 50.002018
118.65138 101.375656 72.52177
100.04652 108.49695 98.146484
118.62767 101.54738 72.71331
121.08335 105.253006 77.688934
99.493454 97.47107 72.053085
74.975006 72.4037 62.67768
75.61019 72.3412 59.80917
135.60551 117.58576 82.72838
80.74643 75.36147 61.8481
67.68928 60.176277 51.9152
72.745766 70.86797 59.560844
128.31174 111.74941 91.90894
125.46895 108.56981 88.4673
108.9298 103.08532 91.989784
114.31774 109.04846 89.1174
111.76197 102.65134 87.04959
116.774376 99.63898 75.931175
147.75089 131.14078 110.934326
57.09406 57.793068 52.870457
90.52558 81.40348 66.38762
57.16537 57.149265 52.54048
75.769135 68.342926 54.55314
159.5018 141.815 121.034225
156.16557 139.55966 118.59716
118.53383 117.85438 98.97949
159.2452 141.35757 120.37769
154.94812 153.16197 149.23203
186.4326 185.8621 177.31314
187.90749 187.62447 178.78217
83.34142 80.000496 60.375923
85.769356 81.14385 61.68332
118.078964 117.063255 98.16367
86.54829 84.38326 69.854454
94.880554 78.758224 63.167538
95.47353 84.8893 71.22897
87.79014 81.35275 61.528023
108.55589 100.387 83.55366
5.6491184 18.173594 6.137176
98.96917 96.26145 76.741776
101.746475 98.73562 79.08719
97.91424 95.23306 75.815674
91.04058 89.43755 70.09512
89.15973 87.56528 68.62989
95.08345 92.57089 73.174255
94.217155 91.82471 72.666405
91.151085 89.891335 70.6386
99.416306 93.13481 71.56843
121.75138 105.73299 85.12538
111.78932 99.95221 81.90062
97.236115 92.03479 70.38577
111.0834 104.0804 83.891045
108.028984 100.52159 80.432556
88.86182 83.783905 64.68044
128.1731 95.40882 72.43849
173.08914 142.67084 118.38023
172.91461 158.40727 134.17426
124.90788 120.83963 101.714226
157.56882 140.52106 118.754234
68.82902 64.970406 45.48951
117.71375 106.40589 89.51098
121.06365 110.07944 93.30348
120.70248 109.79989 93.06759
122.82077 112.10105 95.42118
123.67862 113.21632 96.50064
126.32781 115.849724 99.23229
123.58456 113.09965 96.51194
123.59359 114.23843 98.44192
108.763054 97.450485 79.89225
193.73508 190.22429 181.29617
139.14853 129.88484 125.894264
102.75734 89.85145 86.869
135.07542 120.4279 101.611496
101.330124 79.110535 60.58549
157.61543 129.90276 109.1552
130.48163 121.27177 105.88156
137.55614 122.60893 104.295456
120.181694 110.48363 95.01726
123.2975 124.19391 107.45386
82.94265 65.27379 50.208363
103.45499 97.02393 81.3284
85.24968 83.50652 69.01601
98.55641 91.564835 76.35568
130.01962 122.94531 101.70669
54.798756 48.072662 37.87223
97.7498 92.36571 75.771866
142.69382 137.18152 109.632225
145.23428 140.6381 116.36551
142.7986 140.48392 115.87885
112.64971 115.39548 96.58502
86.6797 91.20976 70.2175
95.320595 97.33911 80.8416
90.105606 90.45043 75.28004
95.81993 97.10433 80.884514
113.62585 77.77851 63.27002
119.33436 115.6784 98.470726
99.74101 88.441765 71.48692
119.06742 114.378265 97.088425
119.91123 115.75793 98.322685
91.099846 71.42423 65.63954
40.560474 33.06338 25.91665
93.69248 97.225204 106.46309
100.62518 90.15431 70.68462
128.82715 125.163994 106.367035
132.15367 129.34169 112.35625
122.88033 121.73195 106.533585
104.22286 102.1617 81.48781
110.6566 105.952354 85.00044
80.55513 69.32683 52.234486
96.60019 85.898674 68.792946
108.90919 100.105736 77.116394
115.9478 107.679085 85.94329
114.71907 106.46885 84.92965
81.87073 75.17662 59.04959
112.25091 95.54026 74.40355
134.7707 133.04976 118.83069
93.21789 96.6617 84.55326
80.36501 77.56345 57.74254
79.377594 74.988625 54.15877
84.2105 90.40311 79.45893
88.57781 96.999214 84.63848
62.205997 58.86819 44.259777
113.087166 114.60992 96.72235
40.44398 39.114918 27.620653
40.163918 38.758347 27.298903
60.748302 60.396557 47.196148
67.325226 67.05129 52.620678
88.26354 81.364914 60.980892
95.8286 90.00355 76.12482
54.605263 46.182976 23.603886
78.41675 78.32778 63.18135
94.33857 94.414116 79.03523
93.406334 93.15966 77.66005
98.016624 100.15387 84.22077
79.5721 70.55483 57.54228
107.24065 104.38092 84.024796
73.13567 70.76497 55.304367
100.88114 96.6829 78.81008
109.32941 109.92377 95.925026
172.85158 163.7185 135.76923
153.5209 146.73038 120.33798
169.1945 165.64801 138.59131
163.16968 160.99042 132.79169
165.51268 162.47913 134.47678
179.04944 166.99387 141.88898
173.89693 171.87646 145.04533
151.4706 141.75261 117.34283
128.76453 124.14572 104.10125
183.97112 170.89444 146.45149
166.47678 149.61125 125.17222
117.711784 115.38609 94.35903
91.254555 84.95284 69.608765
175.95105 153.51347 127.15271
174.99991 156.04858 127.97769
178.57141 160.61916 131.70815
89.95647 72.44415 39.369644
70.084854 58.633606 30.237072
59.177338 50.137276 28.986876
53.25426 44.546635 25.28659
58.718555 48.464172 27.117085
23.40168 19.363243 8.84384
0.037008766 0.031813256 0.024549395
169.83098 163.14536 147.31099
106.43044 99.15178 78.74998
122.89666 124.61206 104.61581
112.3625 109.81439 83.98456
93.60716 88.68404 65.47286
119.9931 114.20996 100.691055
135.30762 115.96415 79.72966
124.041985 105.84381 87.20474
88.22513 55.37383 35.62713
122.24603 103.31289 74.02972
121.70819 104.582115 74.67027
108.523735 100.316925 77.1585
35.106003 35.098076 35.086475
88.020485 75.41434 49.547844
153.25041 149.14557 129.85852
151.14359 147.86913 128.896
145.88649 143.00705 124.12528
133.53177 131.04727 110.601326
119.01455 128.82394 116.296
82.50889 82.68815 67.8939
52.76694 53.744633 41.857925
225.83704 215.13109 197.49423
33.20016 30.499063 22.904684
108.48678 106.26448 80.41763
98.71213 99.45804 73.80228
116.15993 113.042694 87.62644
117.26968 113.90254 88.495964
110.41995 107.60972 81.46592
129.3893 124.98786 100.90338
3.3711958 1.5585295 1.550921
1.4830838 0.7040776 0.7095686
182.43074 174.98235 160.03506
128.08505 122.18051 103.749504
172.64444 166.1592 152.4053
160.55281 150.48735 114.80595
153.1481 148.49237 134.15367
176.1753 173.10957 162.08229
136.74667 107.48732 90.40852
162.3855 151.49461 139.68436
119.266426 103.552155 95.531715
140.43726 134.05714 123.67628
1.8501182 0.4852753 0.48712203
1.5704718 0.41436028 0.44890672
1.9868265 0.50174826 0.5324535
1.817123 0.47136316 0.49465674
2.240471 0.5814291 0.57645524
2.1275485 0.5423028 0.56466067
2.7055795 0.6866197 0.72678024
2.686989 0.69398206 0.69501626
1.8216783 0.48766375 0.5470797
