0.02905039 0.020129403 0.0081694005
0.057708647 0.038200118 0.011600549
40.473434 40.632572 37.81743
34.95948 40.088196 32.861675
26.843473 2.7242336 3.019574
124.582344 89.737305 56.843834
10.341775 16.398014 22.625221
15.4702635 23.665087 31.555845
25.717209 37.444416 38.951443
7.4076204 18.006798 26.91105
23.592478 34.89775 31.74727
28.99183 37.14757 34.72639
44.00807 56.529213 59.103325
10.290831 17.537775 25.754885
18.047089 28.814392 31.898241
15.847298 26.797071 32.579113
29.91311 36.696033 40.801353
23.164858 41.36282 43.73296
31.32877 47.373928 49.437912
131.85233 157.26508 154.83253
10.13754 15.480622 19.424873
34.616432 51.71394 60.30763
38.101562 54.592773 62.279133
39.97569 60.88661 74.058655
34.014965 44.844456 44.301582
31.574963 44.117737 44.822624
43.790535 69.645645 79.0911
32.51075 57.73064 59.637768
18.055813 36.900856 39.92553
33.16587 58.011272 69.080154
24.505327 51.32462 62.926933
18.662767 38.236095 49.989315
31.537449 55.887524 65.32413
60.85184 69.94405 58.6927
26.545128 41.390728 48.329163
16.78093 32.141003 39.89808
23.46131 37.857037 43.329063
78.39951 94.94272 68.77393
44.73629 45.749622 24.043135
98.01474 96.58134 56.17551
80.36449 70.20695 42.951115
105.97281 103.81302 83.75773
117.13068 116.72649 96.801056
116.66348 111.768776 85.92098
112.87991 101.24881 83.88912
117.062775 115.92922 94.34171
139.61124 166.40158 147.40341
185.44856 175.95952 163.16443
163.03987 156.48477 118.93004
172.81844 170.16888 150.85263
166.25525 160.97885 143.16237
189.90805 185.09947 173.96751
174.66219 159.4898 130.53804
143.45186 147.58192 117.252464
145.9186 144.96599 113.50889
161.94543 154.20682 141.20882
179.55081 173.4589 160.0848
155.49445 146.18776 120.331055
118.76828 94.6279 55.802628
122.288246 94.154564 54.95523
118.386284 93.28969 58.517155
131.36563 99.87001 65.10892
113.649765 79.63901 41.255505
96.75956 76.21211 53.13182
140.0227 118.600876 88.95915
135.1246 114.179825 84.8206
143.55235 126.74113 99.47716
142.86821 125.188484 101.44824
106.70596 91.39726 61.52748
146.63614 126.34795 96.581696
149.67044 128.39507 100.1597
157.14908 133.54094 105.979546
120.831055 105.40517 77.518265
123.52689 108.362885 72.08052
148.15738 130.64699 96.37289
193.0399 194.32596 177.48471
147.32893 127.20152 92.14904
180.52902 182.18626 162.66408
136.09163 124.51833 94.15169
180.23512 173.63474 156.40497
185.71446 181.70822 160.04875
5.4059863 50.424057 49.58607
18.069407 51.604504 60.778152
22.008268 64.522125 74.74175
21.07604 54.618553 64.29815
9.581563 32.726063 46.641296
32.660904 62.63558 73.54192
33.312138 66.417 78.409874
12.911378 61.261192 83.18947
13.9605255 57.69074 77.3188
15.667995 57.32364 64.31302
14.131168 54.440136 74.50353
27.323246 57.310863 68.271255
30.515652 62.783054 70.78315
18.94716 44.916378 56.449284
22.176981 55.30501 69.61872
18.162113 46.750538 58.756584
19.148129 48.016796 58.543655
18.640121 43.884354 54.708416
17.91373 30.69247 43.0
28.679073 42.76397 53.20309
8.161755 11.758153 28.579014
10.019215 19.712011 26.132278
22.247108 40.32351 53.98438
53.167507 73.935165 80.33138
36.580486 45.145416 49.61143
39.03591 61.046074 69.11424
45.29253 71.580124 84.16747
30.771715 57.55026 70.4985
26.023527 48.224823 50.47866
50.079765 52.480427 43.18479
19.1212 32.88834 44.68927
47.083817 54.383503 65.31312
91.42533 107.07444 108.26338
95.63068 110.16839 109.44948
67.73567 66.42798 64.830666
29.345598 44.283543 52.011013
118.022415 128.50853 108.490654
32.654728 55.794098 19.255997
161.50713 144.94266 107.04075
182.61453 171.84247 149.77779
172.80017 165.00742 136.41399
93.35792 107.56421 81.44461
180.0484 161.98183 130.05663
138.87657 129.43073 93.356346
168.324 155.82204 121.721
132.26553 122.420525 84.47399
155.7308 138.33344 103.23737
154.22476 136.73201 99.48722
149.55206 134.65813 92.415886
129.46255 114.03405 72.52699
125.52336 109.78266 63.6279
169.62117 154.88037 117.47614
154.03195 122.07673 67.63992
156.95517 141.49336 105.08653
153.20528 145.32664 115.06114
141.18369 124.23626 87.183586
147.8059 124.364944 82.19636
146.36203 125.77662 82.17306
138.21378 121.539345 79.15937
66.58794 47.088394 18.8356
83.56006 69.66744 44.878048
54.82197 41.408276 18.3107
113.57506 100.952255 85.84243
82.324715 73.21731 54.93801
87.66329 76.9485 51.2955
89.960594 77.08385 47.03196
86.51941 75.76129 68.98699
126.00039 106.66434 88.11565
190.93642 186.86397 168.43373
198.1029 181.1773 152.56712
195.16084 181.25603 154.55522
175.47539 160.82655 132.4751
199.25897 184.65552 161.9654
196.16264 189.86618 163.60843
208.41373 199.6562 183.48271
157.04071 139.58176 109.579765
172.9038 168.46431 135.14645
188.48457 193.39291 183.79057
127.45912 106.608 62.47667
176.86615 154.47075 121.42066
176.5877 166.77563 141.31554
183.3622 171.01418 139.24606
155.93771 144.18309 109.92311
165.59892 150.51807 120.154106
101.826645 135.3888 131.75185
139.42801 119.92805 64.85066
125.58741 105.28701 54.77315
123.40007 102.25747 39.784622
119.490555 96.707375 35.632637
64.83851 63.581726 33.449318
113.63339 96.73241 51.763054
131.78044 113.00657 50.66231
38.555813 112.99938 110.86671
99.10856 149.01778 152.37311
178.98595 197.78795 187.36203
74.9617 141.06183 132.11084
105.22812 159.30847 153.59203
88.852036 125.521996 117.82217
121.62369 160.4183 150.17215
50.06467 71.71227 75.91125
22.317366 41.791256 51.97484
45.060715 66.090256 72.92713
104.17414 86.224495 59.610287
144.68172 118.39556 74.48209
111.890854 90.86383 63.141953
117.10764 94.575386 62.532482
166.39746 141.28969 111.1377
102.66325 118.83469 138.39664
74.46899 87.41177 95.675415
36.769295 47.781322 71.039116
40.696 52.369617 74.07829
13.57591 54.196163 72.52068
68.594246 91.3553 102.78704
41.73848 62.93275 68.372986
77.8789 107.34537 122.050064
35.09274 69.91703 79.16048
56.33707 100.87406 125.06644
9.463891 42.78302 48.08947
20.505653 54.363113 67.43147
57.47768 83.30148 92.647865
37.81181 63.151787 72.80795
84.7722 114.679825 131.1942
22.360466 69.15028 75.571266
23.78338 52.972713 65.528496
44.585125 73.543884 81.31286
32.767597 71.816414 85.02911
23.303476 51.54225 60.482845
84.95814 107.481834 98.32106
45.574734 71.65551 82.179825
19.93765 50.245834 59.220802
42.023266 73.94102 86.3089
17.7823 42.528854 48.812332
29.672766 49.94399 64.147705
21.436964 37.077087 50.539833
26.004576 63.431408 76.38174
16.157701 42.60336 52.627964
125.63055 105.3938 70.14231
155.05385 137.04529 93.07519
124.46432 107.14656 77.22753
89.4567 68.743385 39.818607
98.85341 89.14682 55.697437
49.34498 62.608654 71.95072
73.93494 88.36769 104.76413
77.54487 90.02552 110.739296
59.473465 68.62816 78.98046
52.556564 62.4419 71.27828
40.031944 50.959785 58.48937
65.81472 74.32135 90.828606
61.763023 67.63633 83.10424
100.54523 91.93788 46.541763
98.18126 83.247536 46.19577
109.96651 92.71727 48.846123
38.152737 47.11267 60.929222
76.24868 90.69577 111.724495
47.645382 52.701653 61.49562
35.74959 39.51379 42.863472
69.89481 69.222145 64.312004
54.28155 64.41213 84.89844
48.285408 64.17506 85.07516
50.01268 59.352493 77.020325
54.154926 67.08689 79.36256
53.273186 71.7292 96.603226
57.727436 63.687927 67.416084
60.963043 68.490395 81.32152
61.494934 65.05395 68.71727
87.36037 88.128426 47.289852
87.7943 89.08294 52.190575
73.297134 73.2411 40.90945
92.15532 94.7494 62.892914
58.31838 60.067543 36.001896
98.977745 97.65309 75.89948
89.0016 95.76508 74.20489
102.27821 104.36145 87.349785
78.38922 90.45507 74.42331
55.843964 64.601074 50.549213
63.78825 69.51268 59.05091
69.59 79.51477 71.24178
60.882656 68.33214 86.70211
64.45134 67.31083 45.03918
128.52347 124.00876 109.89984
136.79607 132.86443 119.613846
72.805305 80.14806 76.361084
110.849815 113.51284 119.81266
24.8455 23.48023 21.596954
41.401608 36.791843 32.801125
60.31828 55.68613 50.671066
101.51722 90.71874 89.64725
57.608883 33.611855 27.326973
40.53493 45.26943 45.590813
6.7298217 10.42556 13.007418
13.371544 17.508953 19.936802
19.194202 25.996536 29.960852
26.841187 34.52428 37.81145
11.304948 17.292007 21.190086
9.802823 14.683714 12.445331
10.015064 15.81462 14.463205
21.099993 25.319817 36.444775
20.823933 25.614698 34.934547
19.551958 24.743317 34.27652
19.770767 21.582838 27.720018
22.287857 22.31779 25.964838
29.328966 33.766422 42.707733
19.47804 25.832724 33.953857
20.6362 30.798346 39.080124
18.287106 31.43252 33.055126
29.578785 45.249886 47.248676
15.365793 19.666885 22.358637
31.318737 36.049866 27.761976
30.858244 35.778316 27.414156
25.79583 44.21822 48.677307
22.92128 32.805305 31.021404
16.703484 20.03235 20.179008
20.489838 25.299294 23.912489
21.080778 25.568851 23.373014
21.07029 25.57336 23.855074
19.372818 24.24518 22.095058
20.41226 25.04686 21.70319
4.0590158 8.957781 15.084667
13.67427 21.48559 26.748415
13.339651 21.102966 27.681067
18.168388 26.39638 36.736683
13.762499 20.081726 23.23603
7.7766814 15.671819 25.55516
13.231063 24.041271 35.516045
10.04735 20.254166 30.768478
18.57653 30.895138 44.57029
40.116005 52.41945 70.22704
30.920103 43.396675 61.850697
20.885956 33.440495 49.194954
29.747108 40.404907 56.19061
17.45572 29.000229 43.238186
12.079602 19.717796 28.804718
21.800177 27.794687 14.539736
15.611202 22.91481 11.687602
17.194431 22.72273 11.64254
13.189105 21.442324 10.599667
15.971668 21.34488 10.6761
28.237207 26.615124 14.327985
12.498399 17.050978 7.9635973
18.5531 23.426344 12.127933
24.810307 22.091007 12.991112
31.407425 24.934677 14.950428
4.9393177 16.028429 25.731455
2.7764199 15.826351 23.125483
29.055748 56.935852 69.28642
7.2367167 17.562056 26.673027
9.092902 28.017744 40.574505
17.539116 42.32485 55.752632
5.882099 21.373114 32.28191
3.8084438 18.077871 27.179335
9.052317 32.978725 44.21773
10.401281 31.595093 43.339455
22.174564 25.824848 27.830534
32.905495 35.831547 36.84233
21.97755 29.264166 31.651068
18.781452 16.975264 9.703222
18.792955 26.090288 18.06186
11.791909 19.942978 16.735409
16.65829 31.263512 39.39128
10.444579 25.64767 31.217274
2.4270964 10.626691 17.567413
10.460819 32.290833 39.704334
3.462486 10.195086 15.320338
2.4658191 10.433338 18.365074
1.8659564 2.9020326 7.4368014
22.054506 45.626724 50.516403
3.3163846 19.46474 22.686752
108.26348 137.8291 152.49991
26.56761 44.684597 48.617115
29.250769 41.990196 45.605877
80.85596 103.690575 119.49954
26.896118 42.23825 41.019115
29.250473 40.424515 45.233383
72.86632 98.1809 98.60391
17.796516 28.229004 35.98059
103.77263 128.1842 136.03578
20.341547 29.178225 32.65365
63.869553 79.12339 80.70423
25.050388 22.097052 25.872885
0.89856875 0.7277302 2.9316385
6.470198 9.062675 12.812725
3.5116658 6.949121 11.231096
1.2272727 4.3527875 9.167146
1.1165937 6.1901183 11.800014
4.701294 8.901346 13.451997
3.421443 9.926116 14.407653
1.5759754 6.4478464 9.640971
6.359323 20.2176 23.146362
1.6491733 3.7724986 13.293346
51.328705 8.395693 12.610025
70.23711 44.931934 56.81181
55.10761 26.75946 36.481766
48.936604 19.13705 26.097967
62.99575 24.064114 40.88344
61.410236 23.197144 21.131397
2.0727077 10.186622 3.7930853
25.811712 42.21293 50.564014
0.40258807 0.32729888 0.17322397
15.704987 14.164989 12.109633
50.721783 11.455232 7.816417
45.77753 8.260244 9.992157
111.38952 14.989119 18.63522
6.809065 14.900888 23.421541
24.791647 56.617477 63.118164
52.80426 83.59731 90.13417
93.72557 131.29123 142.31815
84.24619 124.89834 136.4076
97.98961 136.96935 148.3223
40.24861 80.56725 86.456215
54.48324 98.09068 107.93239
51.87739 2.453761 6.274786
52.35246 2.950657 7.7870073
91.32753 1.9513757 3.314522
91.41576 8.493007 19.158943
86.413765 7.5344095 16.939482
60.11463 2.028985 6.438664
72.473465 6.998889 7.752271
72.1813 3.0189204 2.5784917
71.673615 4.8292923 3.2444284
88.590645 2.8806615 2.1763284
12.148062 31.214758 34.00147
5.3157964 9.431083 15.254428
8.610025 26.546173 34.05248
2.9958498 14.895301 23.499084
10.375596 28.130547 31.26237
15.583328 34.557545 36.154205
13.702699 30.961636 33.074768
22.160088 47.200542 50.84769
7.7156396 23.11803 26.358767
24.707273 47.445984 50.855793
9.352559 29.554703 30.065584
14.109829 31.669237 31.079275
11.586694 30.431868 32.381413
15.736487 40.5682 45.0199
20.697176 40.881706 43.89687
20.098589 41.682438 42.322758
14.768054 42.031403 44.144794
22.569342 47.83488 46.572285
24.035978 50.27962 50.23067
13.974545 41.101562 45.849815
10.961016 24.948174 34.648224
20.052578 41.587738 52.061108
24.032024 44.606693 51.714367
26.722208 49.926117 58.890823
22.420364 43.361347 52.20221
16.060453 39.964577 47.56114
17.652637 41.06614 51.0033
23.036827 45.89285 55.035194
29.618685 45.451374 56.33282
19.702497 39.47289 48.35693
10.434187 39.922195 51.56784
37.3073 73.318344 85.74485
9.299392 32.84269 45.289555
56.41265 85.82478 95.26417
56.096397 92.88991 108.584175
21.708025 44.87037 51.814
45.521534 73.29805 77.72999
46.52 69.111824 70.22175
22.7408 45.9419 51.511177
103.850006 130.06287 134.58925
33.585777 70.14871 83.44448
52.818607 82.58225 91.47687
63.278774 87.15496 90.85762
48.00134 74.0549 82.6515
32.672047 51.989708 58.514442
16.6096 37.62094 44.759132
31.692928 61.32792 62.184856
63.603916 92.02327 99.50846
43.364746 68.275345 72.05304
32.046337 39.473957 41.57686
20.270342 39.21149 39.103653
23.170511 31.810175 34.400368
26.191 36.920265 38.006763
8.270766 24.127476 21.450886
10.772858 26.005783 19.903372
6.753774 20.248318 15.731946
14.069864 25.25322 27.017874
55.555943 8.513234 16.056042
65.65123 3.1565256 10.419613
72.35181 2.8059278 12.41311
77.567215 3.0475132 12.189955
12.532939 30.052187 25.300209
18.928175 39.135056 36.194824
17.357199 34.542515 30.468565
12.408666 26.839455 23.013626
16.739885 35.12646 30.296452
19.492517 37.20051 31.98232
18.369125 37.48742 28.825535
72.164795 3.543494 13.48621
73.71011 4.947389 16.242664
95.818184 11.959611 20.337297
95.83423 12.758774 20.674236
33.237076 35.966473 24.351807
35.929382 38.044865 25.605549
44.689205 48.03856 35.79949
26.822168 30.142017 19.040258
35.57568 39.57627 32.299194
36.072445 33.3405 25.415005
18.79351 17.168192 13.008071
14.413437 11.037285 7.8099146
28.890661 28.366774 21.659075
23.428272 22.433044 16.4352
27.458368 27.786518 14.025946
22.366022 17.331253 6.107542
50.643684 33.139633 12.555029
48.55895 28.75093 10.44618
43.595387 34.729496 15.151264
13.94301 41.322235 41.351055
12.934743 28.267727 30.16071
19.941833 48.00448 48.040585
39.12633 70.65734 72.82952
7.9799685 19.469446 27.40272
44.39383 70.690414 72.171555
35.59754 67.93883 73.7958
22.758055 44.94069 47.630547
23.149403 56.263153 69.04866
14.2931185 43.053917 54.032154
17.87563 37.119633 39.011864
22.927847 40.489838 37.04895
6.390301 13.532776 16.86769
54.051567 71.048035 74.52049
11.107215 20.142017 26.348866
7.9032087 15.29168 16.56395
16.953566 26.267042 30.48144
14.046141 19.188158 21.46046
12.436933 17.555616 19.784458
22.127115 20.13035 24.357754
20.682995 28.991995 31.269459
3.596791 16.141102 14.958597
13.36246 42.81465 44.521046
26.753023 29.28132 23.595026
15.347232 20.136984 13.07957
12.8576565 16.666656 19.841286
23.829357 28.284655 25.438795
22.354748 26.82841 24.311516
25.0416 27.183844 16.615547
24.384876 23.962584 18.585451
31.453434 30.470427 19.930397
18.371315 25.897457 28.380106
21.344912 24.955101 29.671068
28.296516 35.790276 39.31583
17.839128 16.4718 12.841285
13.058623 20.676981 25.970688
6.1447616 16.40958 18.042809
16.17868 19.520359 20.400301
15.083067 25.524704 26.492908
154.94856 135.83272 162.58482
23.2392 25.474545 25.034704
10.725672 15.735573 23.026697
15.1004505 24.82965 24.636854
25.964905 36.47239 36.694923
21.191883 31.540422 33.003105
132.67728 124.91082 114.066956
104.032875 105.87024 102.7375
198.98833 197.13293 192.52602
106.75678 98.09721 80.486664
120.054405 116.65701 101.03735
114.496376 105.29423 92.96977
136.8155 131.18741 116.57519
121.947975 120.849945 106.584145
126.684006 126.07287 117.34282
112.07473 102.5051 91.68581
117.807106 129.36226 134.19691
146.3603 164.31416 172.61928
90.14091 109.44405 117.44226
92.03617 109.857 116.54536
97.90491 115.15724 121.3175
101.32106 118.73025 125.32893
119.686165 141.38704 147.29462
129.48683 145.8227 149.9287
135.16371 150.85605 155.42514
1.897327 1.7707993 1.2751127
62.692112 92.147896 100.26129
1.3458271 1.2078949 1.0632311
4.96876 4.8731456 4.6078362
61.36112 95.35942 109.95576
87.32776 1.3942226 4.754918
11.100516 11.111464 10.772106
22.1594 44.816154 60.401413
56.01193 79.473465 85.779854
72.29838 92.548164 95.211685
11.448369 11.398471 11.11228
25.34916 39.74459 46.86563
11.043135 11.097248 10.672309
7.980361 7.883537 7.4589243
