0.0058397744 0.0032143295 0.0024291498
0.014795731 0.006845786 0.0044902465
55.975365 32.456093 34.199364
147.196 120.95071 111.28708
109.492676 86.34872 77.44792
0.10278493 0.09414796 0.09112992
164.29292 136.67778 126.48134
155.2543 132.91731 119.16722
171.624 144.01028 124.76462
159.6099 121.05742 107.00825
169.31412 99.080505 90.96665
169.991 89.52811 89.34482
146.9726 53.685707 54.687817
75.35112 48.301876 33.148006
84.06603 47.529945 22.274494
66.8212 39.040314 20.991486
61.90384 36.765675 18.7576
86.98837 52.649 26.464409
65.49314 37.20054 19.600344
134.10149 120.102585 99.7008
114.66807 93.9033 80.89486
114.132965 101.36442 88.85864
106.5205 93.53245 80.55809
106.5576 82.07526 59.165745
66.14913 38.753574 19.577427
79.74791 53.117558 34.992565
59.847454 48.544792 44.01259
51.97382 35.76182 27.958729
81.78523 52.150215 37.081264
36.20422 25.697607 19.065931
43.9417 21.0953 11.33559
75.034645 54.714954 42.92423
68.48063 50.01114 38.798283
84.11108 60.498417 47.658325
61.19855 41.173134 33.752693
103.67818 86.56842 79.14739
106.98759 86.51243 79.36219
70.62157 49.27749 42.535713
71.100334 46.588665 35.27209
75.37637 52.26821 44.079548
104.35959 84.4862 76.51682
126.34327 104.12114 90.66093
127.69923 88.405205 80.86112
159.06853 131.62128 124.06949
153.93095 130.85405 123.0797
118.91037 85.33019 75.68605
127.43507 110.81271 101.32845
115.69277 81.42672 74.88423
128.38759 108.565254 92.58133
26.001545 18.76317 11.56187
51.992027 33.802795 17.588295
60.662937 45.730854 26.698835
56.53105 34.003216 17.954239
56.153847 50.61536 38.567684
46.85629 30.577427 15.044461
58.852535 78.94506 46.449394
60.83668 37.26836 14.451135
76.15304 51.168346 21.995632
72.95821 58.587337 40.840927
119.811264 80.076454 48.96908
87.57461 61.73218 35.45911
97.50779 60.635185 32.039406
24.502195 13.016121 5.837566
48.249123 38.63813 23.430254
65.17433 39.828854 21.719666
83.77581 59.334953 38.469463
46.313015 18.342607 11.469218
41.444633 12.458275 8.489879
42.559464 25.204245 16.636389
84.02341 92.61745 95.38432
53.023285 59.382725 75.60601
48.466347 28.780788 15.183217
91.856316 62.728672 29.151466
40.430965 23.61325 15.880137
117.24532 138.23454 145.68896
99.96158 91.84714 87.7218
57.532795 35.536205 20.255821
86.38749 72.20027 67.255554
54.19318 32.049686 18.472776
63.609913 47.69984 20.420635
114.38808 98.093315 93.0715
75.49633 61.392002 81.327934
84.494125 69.894394 94.992096
67.37811 78.72188 75.025566
52.573303 49.849564 52.03749
51.76101 52.757675 55.227016
49.14263 35.00827 22.30762
45.67761 35.23165 29.64559
106.02817 88.76673 71.326416
74.174774 55.426968 49.077415
173.50264 160.21683 156.67734
91.60847 68.24809 59.43963
80.57877 54.070225 42.398186
85.86407 59.040756 48.581646
89.52011 74.373405 67.49643
87.11773 60.217667 49.461243
89.35581 61.46215 50.45776
112.14832 100.736206 94.941505
95.75132 66.57556 54.484997
89.140915 75.6743 68.99288
86.87712 53.796272 41.892036
92.91397 86.35063 91.795265
70.992004 68.554855 72.466934
38.257587 33.289536 31.094713
51.298172 50.200832 52.66792
49.94943 49.02157 51.44277
62.028633 58.819923 63.66571
81.414406 82.23158 90.91586
71.68369 49.554802 26.081364
54.807384 33.394012 17.886984
54.034843 38.196785 23.113262
47.04466 30.555637 15.106588
53.96224 30.901436 14.173402
57.062447 31.48134 14.326831
78.87059 67.62851 41.611435
33.948254 28.266985 20.311888
46.99674 36.963024 25.162827
126.79678 111.98319 97.217224
60.491596 50.72055 35.83678
52.999706 50.071182 41.461193
65.77269 61.18925 49.87258
42.134094 36.79428 22.756054
47.26095 40.562386 24.907103
47.01612 39.467426 24.485731
45.37409 43.728893 29.901386
73.563805 62.626278 51.053
44.95171 38.17335 28.762531
66.97964 58.563194 54.77821
52.127296 38.75453 31.401522
60.054546 60.907814 56.64694
100.88495 98.773056 101.45884
77.65619 73.07724 70.044586
44.75647 25.624561 8.633591
42.845074 25.35522 8.952668
138.57318 140.38908 123.32838
44.693336 49.51243 56.78177
148.10971 122.46429 103.6028
124.827774 95.2011 76.96332
128.65244 116.10124 106.30097
140.58968 122.94558 110.19777
67.30558 47.33446 38.223263
103.627846 87.08961 77.327225
124.97544 94.4567 78.222206
68.42164 54.924255 51.77755
117.472404 94.83916 96.25526
82.477264 80.836586 83.03931
89.61531 67.305534 52.915325
67.83146 51.519398 41.273514
80.759346 60.454987 51.679058
29.728033 15.649221 6.4844313
43.32337 19.17134 2.7522757
28.277021 17.200024 6.2432094
6.748203 10.68929 7.4861736
54.50342 32.705338 17.065857
54.25035 36.623016 17.907963
43.481094 23.086246 6.3683476
25.909851 38.799557 11.061514
14.191093 17.584051 11.238792
42.460705 42.17404 33.133724
26.771734 17.172102 2.5858176
42.014797 26.24478 10.171464
29.962286 98.318756 99.70266
44.878174 117.47189 121.22473
84.54146 105.386185 114.511055
78.15461 97.673 105.04844
74.76597 49.28335 38.80552
45.219753 34.472996 27.247847
83.68436 82.693016 83.29488
117.81286 117.520676 118.43408
79.654495 74.92151 78.1733
119.79367 120.23234 122.1321
126.51699 128.74803 131.03941
90.81958 76.87543 69.583755
71.61416 54.007263 45.10507
86.78 73.17659 65.11081
94.135735 66.97141 51.434475
79.87854 57.979168 44.139565
45.43359 50.02525 52.30325
55.460556 59.704403 66.88173
70.98979 75.97294 78.43462
40.14094 27.586628 17.58626
54.08458 34.761944 20.468384
129.0874 128.23619 144.40822
111.19573 109.34197 118.126564
138.7433 137.73355 163.4735
30.412489 24.018108 18.088161
26.96955 21.518463 16.07263
24.412392 19.370066 14.962827
29.024193 22.252851 15.797301
25.73775 19.79686 14.439455
28.155514 26.948498 21.36025
26.562239 24.902098 18.906834
36.221176 32.665855 26.64316
32.442547 23.489216 16.909729
49.479156 35.57517 25.234621
58.49503 39.24743 25.614502
31.93564 52.212906 27.000687
31.82142 33.738266 22.708649
47.060753 38.417767 21.837763
49.672554 35.498466 23.348915
69.14243 48.51822 33.778996
42.380566 27.735542 18.169918
35.79237 28.074543 13.028046
92.920135 88.745285 90.96295
96.7853 90.68998 82.75159
87.33824 77.20827 75.763145
108.62253 94.19858 93.731125
105.792274 101.41045 94.89974
20.416367 25.916035 28.547417
59.712944 58.1457 65.2077
46.51898 46.033737 46.668457
55.27167 47.574677 48.64451
37.60481 37.37767 38.17701
54.46252 46.659748 46.60621
48.057293 47.06625 48.078983
43.175587 39.961967 37.80979
50.75181 43.335003 44.223995
48.4054 47.37745 48.578556
49.844486 42.862423 44.018673
56.44137 50.857563 53.236732
56.46132 49.514217 51.14072
45.25813 45.92033 48.128796
74.08362 73.76567 85.436806
53.479916 31.43202 25.82947
74.83759 60.50212 68.23185
69.38491 53.90227 58.081955
69.11527 47.717434 39.725727
32.307865 36.908527 40.70119
64.70433 41.6025 35.75598
29.884897 34.168545 38.516033
44.529163 29.284578 18.49984
22.337627 19.484505 18.883596
21.857073 24.391438 26.894884
29.824266 29.932278 31.608587
36.322735 25.950853 19.313139
37.617813 37.89849 42.13812
42.77289 42.552177 47.079597
17.076088 22.307913 24.765919
48.65869 51.610626 48.699005
74.334 52.727127 46.88465
81.923836 64.83634 60.868137
107.14693 131.60461 149.72803
36.847305 43.709877 50.98832
72.434525 77.123665 86.762924
57.242718 65.13022 72.89935
55.827335 68.76047 81.64017
30.331984 38.16116 48.614403
33.948425 39.955685 49.80584
41.072826 41.60864 46.251602
38.348938 45.824097 54.596836
22.440044 29.46907 34.254204
47.35851 50.657196 60.378334
38.581745 45.56067 53.199314
79.35569 75.369995 65.29282
32.873413 41.0106 49.348057
42.70686 41.566776 43.227776
28.29989 30.185867 34.38356
64.09871 62.576298 81.53245
50.597668 47.634155 47.53093
43.90941 48.975243 62.37004
49.163685 61.57865 76.789764
46.58189 50.97703 56.753773
100.33152 95.55429 119.639336
43.915398 50.688995 68.20219
48.957993 60.62915 84.49059
60.575905 57.96675 48.52521
40.52519 35.78118 32.46949
51.5761 45.537678 41.719593
45.394947 38.439503 34.760372
57.331394 45.27626 40.858765
44.601204 36.939957 25.881437
42.333897 51.91986 59.960693
84.656975 76.66912 79.30009
109.63718 92.14293 82.60697
54.138363 74.705605 98.09047
100.97385 91.58525 100.86897
68.9044 52.59794 48.333946
86.183266 74.58989 63.637344
125.59919 93.94167 67.28738
113.41225 80.400024 54.322735
115.87543 81.60268 77.40113
104.58658 72.183754 58.658127
96.964325 148.97223 166.9786
129.88406 96.80199 87.8969
135.21057 94.23516 88.516846
191.87086 166.94006 152.84645
120.01229 157.45845 163.35411
76.13088 55.093315 30.59551
131.07033 164.15303 166.79395
64.21438 195.34401 211.86115
81.33037 131.47472 139.02187
80.50472 108.197716 112.90632
60.03894 179.19379 198.0067
90.603584 103.82539 107.13633
111.56747 144.98764 139.12743
34.84738 50.952766 66.34759
123.29052 126.97851 120.966995
117.04211 99.50024 91.49253
118.41023 101.08335 92.50806
57.60746 37.526756 22.274101
73.50973 43.39038 26.527885
95.01691 81.95942 54.399532
55.35755 33.989475 17.067133
64.20717 39.99362 20.049221
67.619804 38.63695 16.930487
56.28502 30.789621 12.430279
60.45445 30.01477 9.618599
21.603067 28.626131 30.31687
16.04927 27.665022 19.182898
111.52818 105.73613 104.98496
119.45926 109.821594 116.68028
132.52989 126.7803 129.19278
74.357086 60.28198 55.282616
68.32085 45.851234 46.5589
86.47084 71.56913 81.309875
73.64527 59.57311 58.90249
77.089 61.38037 60.1498
105.96312 87.234375 94.50411
68.47886 46.894073 51.14263
89.198456 74.332375 85.24498
82.280754 57.040928 51.305458
72.65128 49.401176 44.54899
73.384834 49.43239 49.198135
101.26338 83.287796 89.91714
96.568054 79.53755 87.99857
72.8172 49.773598 48.98501
82.40672 59.466152 55.421936
22.590431 23.036585 27.720526
25.406626 26.251429 28.95657
25.070347 26.72477 30.00027
32.088013 34.78096 37.650154
35.217422 44.197033 57.209694
17.013126 23.686222 27.410969
28.765772 34.70519 39.220734
14.027309 14.243135 15.621691
41.924427 46.05479 57.376175
19.483768 22.994871 23.762115
25.68713 31.675648 34.805862
24.068506 34.295498 32.38913
68.94261 33.897484 38.87479
86.607925 74.14911 78.935074
72.75348 41.090614 12.302858
38.175217 26.337309 12.371464
66.141846 52.091373 33.75932
65.66716 51.712772 33.56624
20.743689 16.77853 2.7773526
20.860704 17.536524 15.234474
58.96187 56.88318 70.42414
25.73294 51.35473 66.9975
53.512257 33.188614 16.55841
37.43472 101.08652 125.1853
27.193596 54.92698 74.69525
11.446988 44.83759 69.75709
22.402601 50.212368 63.999634
21.707104 66.22532 87.732475
18.112354 40.08453 51.31027
10.231432 56.49866 69.58989
56.939148 110.891914 126.59364
14.601595 29.000834 41.871525
17.323788 58.322266 73.65035
12.093436 37.026352 51.900993
21.10519 65.63624 84.28848
43.274124 86.65437 113.64358
112.1537 139.13446 152.13914
68.75853 69.510345 79.33233
10.085265 37.24895 52.37588
14.466741 35.728916 48.132107
9.876089 29.72104 43.556152
5.4440436 19.082296 28.85771
30.622477 47.683304 49.414257
1.5990921 31.26495 38.50897
31.417128 39.882664 43.853096
3.9797325 24.851797 44.49216
33.65803 92.44399 115.08365
36.737823 116.418625 128.71945
65.62829 40.224216 17.761232
86.387924 56.656876 23.559858
2.3361306 9.592492 26.467476
14.51287 28.708576 50.540497
3.331532 28.855347 42.473324
113.40991 110.60954 114.618355
17.56739 39.865196 52.532402
8.428855 36.002575 53.584297
16.274935 57.925457 82.607605
9.536769 40.63835 58.762188
68.72023 38.07307 20.205814
6.8136425 50.280113 72.81104
7.2305484 51.62704 74.7377
6.0910316 33.865025 47.51601
46.586163 102.94248 135.12405
16.31444 32.4874 42.71665
13.146829 30.537994 41.510662
20.058397 37.376324 45.84905
10.231382 47.214577 70.84623
7.8795238 30.855797 39.184322
1.8276776 17.711496 24.903791
6.1893263 26.370802 40.03673
49.266666 28.244314 10.55338
150.5721 142.81892 159.91615
55.34582 34.71201 22.913261
43.66421 65.45052 103.66512
71.6275 41.06971 15.862594
68.183655 87.807655 116.51245
70.902885 96.641396 112.5589
72.07518 44.801594 21.743761
55.60864 20.422058 76.87857
35.671894 53.410378 110.01166
64.111694 61.54896 44.535442
77.193375 46.087746 21.297754
76.43231 48.67376 30.894663
40.58037 90.43757 132.44724
79.544525 47.671944 31.329628
77.83114 45.443554 29.841738
60.86252 33.926437 15.134511
61.514244 31.851625 11.76479
73.6145 39.394405 18.410673
26.78945 153.52953 93.32352
34.99583 45.91795 94.21323
3.9156177 43.58768 14.088946
4.242817 60.915054 3.591265
9.66014 118.152885 26.556913
7.9682984 81.09304 44.14737
21.847086 69.810135 30.597006
10.162973 59.241886 24.822279
11.681414 92.813934 61.477806
0.0036559931 0.003852288 0.0033370138
11.228365 31.633541 17.304993
6.1445956 66.03668 15.056165
45.996025 22.488039 2.8400688
17.922562 25.658005 22.79502
20.75294 29.581867 25.5497
52.347416 22.764544 10.874102
81.738655 41.474247 16.848877
9.864679 53.80108 80.417915
70.1641 40.949894 20.583733
68.38088 42.84137 25.136793
100.99566 85.00052 80.46068
98.48527 82.31496 77.20015
112.87032 48.64689 49.565353
83.30958 53.463528 38.96214
75.19186 58.835186 50.46998
55.329285 43.844093 35.04689
42.897217 33.809692 23.979536
59.12028 44.250153 33.120205
82.70774 68.58327 63.821766
69.78655 54.37448 47.472874
69.41911 55.064507 49.757427
32.514416 30.525015 22.491474
113.28804 95.19321 83.15215
79.72961 62.99794 60.00672
64.273094 49.106197 40.63126
99.89932 86.63016 82.57092
95.22314 84.57068 67.824265
76.54796 55.036488 45.024513
74.767265 58.39286 51.978676
86.76589 53.76165 43.2158
74.74992 45.632145 36.46409
106.55767 64.93115 57.104404
109.508354 77.22579 63.5643
0.0049073733 0.004956447 0.0037786774
2.253515 2.2583978 3.9533064
4.230205 4.2723103 7.1653295
3.9768863 4.0153847 6.6998897
3.5010674 3.5576003 6.257981
4.403558 4.3991413 7.6002455
3.4310637 3.4689486 6.3428535
3.5254815 3.4421299 6.6830573
3.853883 3.8439455 6.8792295
3.84397 3.8404858 6.6976814
3.4015458 3.3822353 5.4566803
3.7960987 3.7478838 6.025322
4.0815606 4.051061 6.568323
4.116354 4.120844 6.6182065
3.5760028 3.5048707 6.5661883
2.938437 2.891866 6.0537114
3.4470372 3.342142 6.2102075
3.4473317 3.4468899 5.22542
2.8285608 2.827874 4.1520796
3.104478 3.1134584 3.9456508
3.6751564 3.6772175 4.7015824
3.840903 3.8524354 5.7800026
4.3242793 4.3377743 6.918096
5.031873 5.0013742 6.6296406
5.408686 5.3655014 7.274764
4.607091 4.5031285 10.053662
