0.011149369 0.008394819 0.005738646
0.019806525 0.014166256 0.0086571565
78.69303 95.127625 123.051155
85.80243 94.205574 112.93717
146.20987 148.74022 155.43013
134.40308 142.72298 151.65326
158.30516 95.88257 92.15255
139.2381 152.28558 158.81174
85.718315 90.50398 108.430855
83.93248 91.039024 107.25801
140.45341 149.52022 150.2289
141.99046 153.25633 153.54802
96.99403 94.07801 102.94445
137.25624 138.26575 149.4301
119.53012 127.33107 100.04014
144.51517 156.479 161.4684
118.219215 139.09871 165.68286
124.20751 146.19977 177.18767
118.815315 126.638695 99.58865
98.163734 95.99354 107.65657
92.51146 93.22558 102.10048
146.56593 158.06703 163.75104
165.10194 155.64804 109.595245
137.06529 109.66853 76.95022
183.50829 152.64113 91.52058
148.30818 119.61204 68.08651
162.52782 133.18784 87.200066
152.24426 123.34517 83.28706
136.12349 104.58022 62.30874
56.375732 38.777767 24.3939
131.72638 99.877815 56.17016
84.94904 57.152977 35.93917
152.58511 123.07775 95.28595
94.22728 85.25985 80.48418
154.91852 146.58614 127.886635
86.347824 44.958813 31.966553
153.42833 144.75195 124.59039
144.24597 136.1631 122.73881
140.42859 133.56314 116.38642
144.52855 136.1496 119.38541
126.231285 118.004166 101.898636
116.928116 107.52123 83.43722
82.496635 62.392292 41.19341
70.72959 52.86319 34.233974
46.426495 36.08762 26.578161
46.839024 36.352123 26.557337
84.184814 59.8122 38.847485
53.391933 39.844532 28.543564
59.026432 45.146744 29.825808
68.95875 54.291393 37.81915
49.163536 37.84522 27.681488
38.449844 32.42725 22.036629
76.335205 59.582783 41.29923
33.697624 27.382423 19.048828
27.477554 27.836498 20.306541
12.774422 14.313658 9.83794
60.655716 48.9919 31.647253
59.639385 48.266373 31.260633
39.19423 34.47339 25.541859
19.155075 20.690178 16.396393
18.205706 19.709362 16.119593
38.517822 44.078045 35.299854
21.632399 25.648336 17.618265
20.502016 23.68398 16.161665
24.911821 27.72779 20.656927
24.948418 27.844072 20.622528
24.339827 27.26332 20.29536
24.392162 26.973734 20.487293
20.709265 23.81797 17.419937
27.023577 29.857386 22.20764
26.958649 29.985867 22.29631
22.932316 24.823643 19.542711
63.33766 44.4506 32.168224
69.615906 48.04332 32.973995
82.18721 58.18557 38.8486
62.286243 43.85119 31.101656
62.76947 43.567764 30.894114
82.484146 58.43935 38.91061
71.55147 50.229908 33.672012
60.33481 41.535824 29.544056
81.76472 58.318512 38.990032
80.55088 57.39505 38.378555
81.033775 55.658993 36.673584
80.37974 86.614525 94.044304
81.82194 82.49582 78.13356
46.52786 45.60505 46.360714
88.28936 88.71235 85.61489
120.55812 121.36009 118.38128
47.306114 50.707493 48.03217
44.310017 39.482735 33.09536
91.81663 90.94291 88.00095
96.455154 100.11684 102.49346
96.4102 100.4993 103.22358
120.10736 115.16963 97.21102
121.756645 118.60442 101.4872
140.11835 125.10966 96.41794
131.39577 132.39531 125.59764
129.06627 134.59665 133.99272
91.227806 89.182945 65.302414
32.23807 33.11441 17.466143
91.12835 93.983345 81.9518
58.273224 58.888966 42.2988
127.7616 126.84607 82.91821
126.01755 125.50897 82.402
125.36642 124.98643 82.006294
125.44863 116.81974 89.53271
130.15363 126.586586 100.13802
145.37502 138.27733 105.56461
111.624985 113.460236 82.503426
135.11104 137.8004 107.55855
131.18741 130.68811 110.39023
129.6356 137.04056 113.49244
127.11494 131.89378 112.65981
103.34186 103.33484 95.56921
99.3998 97.42099 93.09667
102.33458 102.20764 95.47762
98.58387 97.988525 92.27886
106.44817 100.84378 92.41043
105.97426 106.53389 100.318214
132.01892 132.29605 102.01423
126.91815 137.01404 136.64273
171.31232 188.0222 195.56194
171.68483 188.7136 196.36586
166.1112 180.0365 184.8238
171.66165 188.61394 195.71658
41.855747 36.10913 24.20164
77.59921 72.70425 58.645058
75.789604 65.290474 50.529465
82.222626 85.52189 79.46922
123.72274 126.1415 113.44909
119.85837 122.629875 112.58485
130.5358 133.82066 129.70937
125.954056 126.1497 114.86303
134.31792 137.71156 124.17042
143.72093 148.39691 143.98468
120.96718 124.68437 122.72114
124.11107 131.6588 121.2705
98.0645 100.614006 91.76576
92.09359 95.959465 86.95167
103.48729 109.040855 101.878044
44.094276 27.164978 27.560322
55.59108 22.02033 26.254467
41.91395 13.591703 18.743893
60.661648 11.695262 17.848368
39.83896 19.239384 23.187014
47.289654 18.025644 20.104345
62.78052 11.815577 16.712347
64.50438 22.609116 19.621939
44.810165 15.620528 18.432693
59.50677 20.100672 19.18157
55.53576 9.884407 16.926218
52.473618 16.78757 17.954353
62.994164 11.954157 17.037909
39.54597 17.225056 18.366165
108.01105 93.66575 70.40243
111.096115 99.11478 76.170654
102.31881 89.25309 67.33963
95.96911 83.137596 59.62892
107.1656 94.16301 74.69988
72.95737 63.175602 48.576717
101.02433 90.08018 70.80492
63.159534 53.327923 40.42745
107.67073 99.035675 77.01394
94.10398 84.5152 66.782814
101.97386 92.77478 73.53042
112.83735 106.76232 80.87001
77.49313 74.06972 60.78416
100.79243 95.527466 75.728745
107.47657 102.54101 80.8649
71.77967 58.012856 44.136185
123.74104 119.175995 95.76278
117.7556 111.85942 81.200165
118.952484 116.63404 89.356384
108.86132 105.4646 81.474014
39.308804 37.80692 32.2505
75.56019 80.091034 65.820656
66.13487 64.36921 47.750484
98.189476 96.77603 74.54035
119.02374 109.047775 84.79547
118.09113 109.55901 83.62876
117.73441 109.404854 83.649254
106.92369 95.755104 69.56885
138.05106 138.25401 138.34317
137.87361 132.66902 126.12658
65.57993 83.378654 95.11956
58.347828 65.4022 73.61872
158.3819 156.97766 157.08418
102.77439 97.14058 86.58938
85.52792 76.311104 67.661095
113.12996 100.931854 88.19219
100.39702 86.71261 77.6226
94.15832 79.02853 69.02548
68.23027 68.262695 63.08336
117.92179 126.887 90.7718
89.544945 100.084076 102.971306
103.17318 112.35347 111.228264
55.717693 65.46598 65.895
83.75186 95.42174 92.20944
126.29887 137.55196 139.17157
126.99993 137.66759 139.37445
122.77875 138.1916 136.42876
108.30618 137.00577 123.63397
123.213875 134.13704 136.6988
159.61131 176.11084 174.81476
44.771404 57.012264 59.188816
170.4198 183.75092 182.779
59.114216 68.04479 68.06548
55.66139 64.02988 64.084274
63.94904 74.337105 76.5357
160.83916 166.8703 164.26286
166.93274 174.48277 166.76567
155.90038 161.49287 158.38737
153.78954 159.505 156.34422
177.68582 185.57022 181.38135
152.79498 158.74838 155.66293
180.09772 169.37248 169.06978
178.94241 168.6264 169.42453
160.32547 146.08057 143.52664
159.69044 146.15213 143.74307
159.73488 146.21732 143.97147
160.14429 146.62895 144.37213
163.99121 150.68317 149.01929
102.33973 119.66444 114.723465
104.20934 103.196915 82.00003
121.83154 124.610985 98.37698
94.9008 97.85811 84.93343
118.43876 105.882965 79.84132
85.19049 80.50054 75.511986
95.81223 94.71917 91.837776
88.01013 82.94822 77.940216
92.89136 87.16357 82.13058
95.24076 93.77416 89.92068
103.9494 97.49438 85.32438
124.49582 110.688866 89.83729
102.08972 98.872475 91.38944
120.127594 113.91808 106.55793
130.06503 119.00174 117.5477
118.708115 107.12628 103.48595
103.70884 95.182846 95.535
100.771866 94.732056 94.32077
106.73645 98.67067 94.588356
95.97524 90.17157 90.34281
101.98432 95.557304 95.441124
113.78823 107.269424 106.61184
126.82154 119.55953 117.51674
127.479225 120.40095 118.28277
128.18912 121.120544 118.93124
108.35143 99.59793 94.732315
106.772156 98.13196 93.39885
111.72543 113.14878 105.629875
112.165276 113.87926 106.10556
98.23817 90.08857 86.27726
98.409904 89.206985 85.36347
108.165504 91.73251 84.71927
100.69287 90.12812 85.15098
97.88736 88.229546 84.151794
108.361336 102.20085 102.1735
130.87447 121.86359 118.92166
86.83417 77.47365 74.43302
84.20312 71.9678 69.03971
103.986786 92.93891 89.083916
89.288475 77.15412 72.8322
128.58925 119.32268 120.125984
127.91441 118.860504 119.98596
127.28073 118.2447 119.13635
102.06644 88.30179 82.55852
116.176094 100.55855 97.11208
105.038826 90.827614 89.21646
112.90517 100.271255 100.42958
107.151634 93.04352 91.56888
109.080574 96.45886 97.73071
111.042336 98.2768 99.52687
85.77285 77.962715 79.46434
99.93655 87.9276 89.676834
113.42938 97.629875 98.4141
34.05037 29.684702 24.522085
31.223742 14.391933 7.5595345
21.748188 6.3891788 3.1772094
17.720348 8.267781 4.305263
41.997375 25.746222 15.168519
58.787014 40.608757 23.502148
86.74294 71.43679 49.95455
31.87998 26.489752 13.966978
118.89461 129.60226 128.37865
150.07224 142.64333 132.62627
150.10162 143.36691 133.58203
154.23778 146.8288 136.70628
154.32681 146.7564 136.4971
154.50638 146.7739 136.63489
153.84746 146.09306 136.00967
154.48851 147.07857 137.28697
153.7697 145.27522 134.5094
129.1309 120.74281 112.72923
132.92625 124.626625 116.229675
149.00587 136.0585 123.97092
141.7127 129.40472 117.82341
67.45959 54.202198 45.763668
161.83765 139.66579 135.71126
129.23204 130.13664 119.88752
123.04325 122.5494 110.553925
121.36642 120.15304 107.00184
124.78216 123.5756 110.203545
120.2263 118.8764 105.56311
115.452995 113.940056 100.66188
98.38078 100.82617 104.96353
98.53563 100.964554 105.108604
76.88578 74.546265 72.10705
77.879486 77.48168 73.768845
79.42925 78.09579 74.43295
82.89933 80.75917 76.783966
57.764683 61.399082 53.46808
85.00462 78.31166 72.37065
117.70319 97.392525 88.53002
120.38819 93.99859 79.31405
118.990166 107.297195 90.1093
109.4039 96.98495 80.21111
114.55672 96.15734 75.74583
81.11478 78.35675 66.73248
58.334087 69.30904 76.53412
88.333855 97.07467 103.78544
97.281815 100.80289 91.58957
94.47575 96.818596 93.9414
70.16265 65.503654 69.86837
77.01902 75.626595 76.513855
96.65863 96.426926 97.03466
85.15878 84.93218 84.84266
90.27716 91.01679 90.68139
73.83194 70.81486 68.72422
82.53212 79.54576 74.5355
67.91556 79.0502 74.66578
71.30035 80.32874 77.29582
82.95544 98.47775 74.50933
78.24263 77.89418 77.70549
82.42777 78.86791 76.20764
86.70146 83.68575 77.48837
67.60144 76.73819 67.9511
79.827675 80.529526 75.44043
53.5657 54.553894 63.641777
66.92536 62.652863 60.589703
80.974556 81.36176 66.63797
77.67916 75.50648 59.02856
82.43188 79.654434 65.933304
109.371765 104.73487 86.7433
95.822334 93.66411 77.29782
163.06458 150.35413 130.43256
171.01581 158.59833 137.12854
132.6503 121.12635 102.841255
148.32245 135.42142 114.305786
151.08673 135.80794 112.42758
145.94711 130.48717 107.27001
114.17278 103.75111 87.81771
122.123695 111.54953 93.99619
143.36041 128.954 107.22417
141.12943 126.70549 105.12851
148.60263 133.63187 110.692444
104.67555 93.90664 75.83414
34.68693 34.640762 29.588654
30.792229 32.475914 29.022364
47.904675 52.78065 45.166847
38.2931 41.692112 36.986393
68.8204 65.49365 59.078274
96.37737 90.231384 80.865746
75.58636 70.078896 61.971176
68.02325 64.021645 56.830498
45.005543 37.953632 32.35232
42.54304 38.12038 33.309986
117.34327 93.16131 68.72389
112.98639 108.98767 105.19065
112.45217 110.10175 111.72166
103.92271 99.061 91.51527
105.610825 92.31497 67.54478
62.19767 58.402756 56.41682
144.62256 136.75346 123.71366
139.55504 132.00742 119.038795
138.36003 130.82806 117.77475
107.98505 99.72054 91.877815
142.00337 134.18567 120.50999
142.1974 134.29926 120.68057
143.5856 135.97389 123.78839
128.32513 115.707726 103.988556
127.654236 114.90756 103.10743
137.43568 128.84918 114.66152
127.806725 114.966354 103.19584
126.883354 114.16396 102.32658
126.24778 113.782486 102.06457
113.018005 101.76439 91.1133
125.07513 112.81131 101.35862
143.93562 128.1147 115.084114
148.57544 138.15305 128.56511
147.96724 137.53665 127.72956
147.7883 137.66782 128.06041
148.5652 138.28047 128.62407
149.54031 139.11975 129.20847
148.08821 137.77036 128.10414
147.22453 137.53215 128.35849
147.20168 137.79512 129.28874
146.91585 137.45093 128.57646
146.52058 136.8828 127.855484
147.20673 137.85466 128.76071
146.08487 136.02643 126.692116
145.62584 135.10399 125.702866
145.17274 134.92546 125.44325
147.14923 136.87027 127.39137
147.96481 137.48195 128.0077
148.6527 138.35364 128.58669
148.04857 137.75223 128.13972
147.37839 137.0909 127.78193
145.96892 135.81108 126.642334
146.5136 136.32103 126.912575
146.64116 136.08202 126.77091
143.45578 132.61961 122.2785
142.24446 134.96426 122.82154
120.15501 108.11569 96.43699
132.88733 126.70169 115.58603
143.41689 137.28384 129.28555
143.7982 137.62512 129.96954
141.4081 137.61879 128.5453
150.43535 144.84073 140.83656
161.75023 157.71031 146.81459
125.1957 109.73612 96.16285
120.16599 104.82817 91.8905
40.828594 46.848007 47.13094
40.202164 45.856106 48.35419
46.968487 52.53884 60.24283
48.105362 54.880634 64.5513
49.35596 57.089752 68.45801
73.04627 83.33432 97.24791
88.165276 102.619576 108.33438
96.31261 109.52297 114.754715
104.1574 116.41102 121.01253
101.1835 113.82141 118.56432
43.19308 59.32041 67.25106
78.068306 80.63988 81.60387
107.87345 105.50562 108.72989
129.71504 129.59314 123.91103
130.21059 130.62686 125.19557
130.69516 130.77509 124.75183
126.981804 128.10464 124.41627
116.20102 113.638466 115.26916
76.23751 60.00495 55.275913
135.6542 137.43532 133.79852
121.55747 125.68316 109.26988
121.03748 125.31002 109.26316
119.25175 123.948814 108.62223
138.96924 139.27696 111.94074
142.32527 140.23221 110.42833
100.44427 94.98272 83.30392
99.30326 93.91143 82.43135
70.71628 59.991344 48.00318
80.315956 65.7681 52.674175
79.84378 65.51661 52.42092
38.212887 34.243023 30.624266
74.65142 74.08342 75.3938
80.19751 73.44752 71.064964
69.87319 74.77291 80.79056
43.583637 41.3031 41.01656
102.53258 102.08723 101.85444
211.00069 214.928 212.40196
229.55058 230.40952 226.63708
114.98088 111.233154 105.31501
113.60338 112.962975 106.35757
90.392494 89.633545 84.17783
79.908676 80.912544 75.67437
226.46768 225.45007 219.17665
213.44522 214.0766 204.86818
207.86995 200.7179 173.35864
77.75684 69.691 61.246105
46.104412 42.438007 38.144844
84.62194 82.1939 78.23391
81.46791 77.31573 72.978195
80.84565 76.38869 71.10008
163.15193 163.62646 165.4507
88.85965 82.61311 79.804886
89.94999 83.671844 79.47152
71.89716 64.73861 61.006855
91.278206 76.40043 64.95845
144.05528 148.81573 153.20981
109.850136 99.85657 87.98292
109.956154 115.86877 88.60797
88.33507 84.80918 75.70123
120.10097 118.86513 104.30031
108.72736 115.23253 94.30661
136.91835 130.9621 123.08182
41.309723 36.918774 31.67375
103.58078 99.81853 92.58698
99.47995 96.683754 90.027214
98.11421 95.13353 88.28221
98.40964 95.17291 87.9978
81.39662 70.91103 61.17954
173.88441 171.99492 156.50606
163.41518 163.51326 151.34317
116.22889 110.11057 91.51173
74.05739 69.111725 54.90828
152.68571 151.08752 138.56822
59.24512 62.641907 60.400394
104.32953 98.50221 76.663124
104.0124 97.53219 77.89362
130.41588 123.321526 100.47427
140.24591 139.35707 93.00498
84.9797 90.50972 52.25122
97.127495 92.70389 87.61308
133.81735 131.25926 127.73665
120.44719 114.511986 98.60345
107.40377 97.23588 79.07437
125.64466 115.064896 99.41128
125.387115 113.52658 102.032074
162.06207 157.37999 151.84073
133.69028 127.20495 115.505424
140.34317 138.6499 135.10654
174.01321 170.77646 163.36694
134.99033 132.84558 126.721596
129.79573 116.394325 107.39371
112.78101 102.855125 90.79131
65.05552 64.79062 57.11864
140.6102 128.39351 119.04824
80.2102 75.28457 67.229645
93.67257 85.91038 74.20564
143.21745 128.55908 120.89625
154.98698 160.76904 159.70583
117.730385 113.23892 104.007904
89.711754 86.53766 77.693886
146.12372 148.53763 142.96039
98.571045 79.82289 74.484505
100.181274 83.288734 76.54816
114.77632 102.10064 92.74478
222.18661 217.09212 213.74655
137.15002 125.59443 114.89264
123.73711 108.97262 96.67631
138.47572 123.94524 111.51304
125.09756 109.98315 98.042404
132.71553 118.56865 106.34763
140.85004 127.95157 118.1737
131.12415 115.834724 109.09359
84.66608 80.20112 71.64988
51.938778 51.58813 49.627186
76.70687 71.992 63.601444
78.37495 72.368355 65.90821
92.60252 86.27762 77.007706
65.53182 59.04965 51.210426
81.890015 75.713066 67.55586
60.30382 57.110542 52.724087
92.907 88.6345 76.91563
71.19439 62.422035 53.590885
75.27933 70.18967 64.04125
82.82269 77.86519 68.70031
54.566124 47.68054 39.984882
76.834625 69.57751 61.22866
153.87338 121.51444 42.236137
161.8205 129.78203 43.355732
141.9153 108.43729 35.936024
119.55796 90.74484 33.862698
139.0185 107.5028 37.1777
100.60279 77.65562 36.465485
98.340775 77.35206 36.466503
131.87991 106.640434 49.27283
118.961205 84.11809 21.602919
124.8321 82.70087 34.022724
113.29684 94.21941 51.60895
137.73882 100.772156 25.940744
146.60666 110.69156 33.486244
123.55816 82.19279 27.404427
68.227974 43.927692 26.690998
103.85401 76.14609 24.636564
130.19328 92.541466 22.57275
92.07791 57.91871 22.69877
102.7818 68.74307 22.43617
119.603905 82.34032 23.92143
159.21715 120.61485 28.100574
105.63129 71.76636 25.011707
97.02791 64.6688 25.16829
153.00711 115.86021 25.515068
157.11946 119.399345 25.051615
159.42905 122.03092 25.311985
74.48047 55.543236 36.367405
138.9143 114.13543 59.147205
82.6342 60.740646 33.630005
87.697296 61.80918 22.515888
157.84105 130.5773 40.325333
67.881325 67.874535 51.140972
75.10113 78.741135 56.93835
91.67411 87.08687 59.322643
94.09884 88.57668 59.420364
69.9169 69.29858 49.265125
82.58246 81.506966 57.382587
94.863686 90.18413 79.16832
79.24483 75.78931 51.06283
92.697754 85.072174 75.6711
90.820564 84.38895 56.03384
122.95786 120.130844 75.31943
96.60321 90.725136 78.07575
95.92402 90.0705 77.747536
91.07785 86.06611 72.33094
104.03319 96.02912 75.97577
105.32572 97.07257 76.390755
106.90871 98.08339 77.094635
89.42506 86.29083 75.0525
126.40338 122.9275 110.472435
114.55688 112.6021 101.32389
73.250534 63.715233 47.74622
184.03111 184.11478 181.75842
97.808624 94.09116 82.92015
89.704704 106.165405 94.64545
83.092964 94.14071 92.3416
125.45581 132.80466 120.635445
65.61131 72.47664 71.707886
56.60492 68.324776 53.86309
117.364845 125.86601 106.13701
116.628136 125.0202 105.52149
157.65178 134.71992 114.65817
139.67165 118.28447 82.468796
117.49506 95.60364 65.347404
106.56803 83.63653 58.780064
113.55779 86.79564 63.900375
111.00246 87.58761 58.48424
126.64122 103.2404 61.591934
115.312935 82.198326 47.065487
114.9051 54.489784 32.27926
84.97183 61.26063 41.191505
154.40758 122.22607 94.335495
107.52648 78.56183 56.049713
118.626724 89.58961 65.820755
111.659454 92.56731 69.737495
135.34888 112.52369 84.05775
109.80872 90.10733 68.0463
155.32114 137.52353 107.85306
120.07742 105.32455 85.62574
143.96753 129.27313 105.77239
109.44375 97.371895 80.61561
136.3531 116.254005 90.08477
95.62099 60.431644 39.764156
105.86867 85.76255 52.35124
138.97594 120.184654 74.48897
148.77612 126.55101 78.132515
160.56953 134.59013 82.562355
102.96852 85.64496 58.95035
103.737465 86.00367 59.112446
88.58977 72.48175 44.739433
111.14346 88.196915 56.29526
135.48894 111.03857 69.17803
95.707756 71.93275 54.221806
86.883095 65.35741 46.532974
115.91802 93.489555 65.91566
85.13022 63.579865 39.06608
119.54265 92.74861 65.489426
20.768553 21.702148 20.491196
67.92766 67.68657 54.241974
69.9536 70.34521 55.883194
68.46732 68.18734 54.143826
113.458176 113.15773 97.15432
91.03922 89.31349 84.71592
83.54199 76.69894 72.607605
27.54035 29.732153 32.17354
52.33966 55.74599 45.302444
50.56914 54.34645 44.777603
24.847319 22.540318 12.484637
30.06178 27.792162 14.963207
26.836071 25.326447 15.0273485
21.583277 20.423414 13.366913
35.704018 31.983505 18.848007
59.161995 38.997673 13.70182
50.21574 26.436792 6.4649944
49.3354 25.956287 6.467093
28.046696 12.511625 2.7041154
24.712444 14.014199 5.2649612
36.71474 21.79377 8.841778
46.80705 30.763502 12.86834
53.79577 35.91353 15.948418
51.445515 34.000526 15.639285
51.42879 34.039417 15.640696
53.121593 35.84604 16.451418
43.5009 28.31933 12.119954
40.723396 25.976357 10.728939
40.820133 26.232332 11.067749
42.87155 27.63827 11.781406
42.40541 27.398687 11.487588
42.851616 27.49454 11.966748
42.494705 27.337662 11.68585
42.15419 26.931366 11.384621
41.717693 26.869028 11.235285
41.869587 26.664305 11.324283
45.215084 29.237646 13.00846
37.73176 23.374159 9.493622
44.531563 29.140942 12.870438
39.917233 25.41233 10.8810625
41.84758 26.676111 11.948319
41.8585 26.765896 11.588818
41.463814 26.592392 11.728939
43.12287 27.667847 11.734153
41.194195 26.466143 11.052009
40.351597 25.434301 10.894212
40.426594 25.570486 10.241089
39.311428 24.937958 10.339367
57.505657 39.911068 19.593311
49.785637 34.104378 16.37698
49.628464 33.554256 15.709132
120.41115 116.97019 66.30556
130.66014 126.539925 74.981636
124.61181 124.04004 69.79006
126.874146 126.541695 71.74721
172.49297 158.71585 125.75619
146.18843 133.6459 109.57223
179.21758 165.86542 145.47887
165.73026 151.36058 130.84866
176.32504 161.34474 140.1311
144.33652 126.20285 96.06805
193.78938 187.10274 156.18318
192.26843 185.49815 154.54005
168.82181 159.09409 127.3678
164.15337 154.42505 122.32963
0.023807181 0.015215609 0.0110182
18.830858 3.113986 7.3356943
8.030333 7.498377 7.559403
11.360781 11.35232 11.34809
7.4808 7.4722743 7.4679785
6.0515165 6.042958 6.0385966
8.537957 8.529398 8.525004
9.064633 8.322119 8.399115
9.596688 9.588195 9.5838
8.883489 8.87011 8.863059
9.175865 9.162683 9.155632
7.237416 7.224463 7.2174125
8.593901 8.581079 8.573799
8.3950815 8.233776 8.256862
26.017511 26.069323 26.199017
24.77065 22.661354 21.382652
24.00787 20.214756 24.354353
30.631186 29.796 30.264961
34.816166 33.542908 26.63289
27.018856 26.652468 26.650171
30.257387 27.819643 27.814331
10.010264 10.0022955 9.998525
7.69959 7.691622 7.6879163
8.71215 8.703918 8.700312
11.82889 10.975012 11.089228
15.922216 15.9144125 15.911199
16.511625 16.504345 16.50136
12.850041 12.843384 12.840662
