0.0074462574 0.011331261 0.013888889
0.027259776 0.046231546 0.067955196
0.29843304 0.28826728 0.23471898
3.5807757 3.7540793 3.5977402
1.9836183 2.003885 2.0252526
10.797268 10.815236 10.837931
52.690205 42.42353 31.166376
50.62241 51.551445 52.69532
59.453865 56.37147 51.64627
85.16421 76.43891 71.43101
78.969955 71.38698 67.46056
16.566563 29.844633 43.917995
196.21231 202.65005 201.90251
132.51717 132.82501 136.36528
105.66877 108.241356 110.182106
170.48323 167.63902 167.50745
129.3682 134.56976 135.21037
34.64954 33.77415 28.507284
7.9718986 12.444768 15.510069
10.4910965 16.064913 18.271755
7.2725005 10.035936 13.3774605
5.668253 12.631346 25.522371
3.7695222 3.9216201 5.4986725
8.174696 4.649508 8.593079
2.9916148 4.062419 10.9681425
14.802447 7.771659 13.054714
28.695318 31.224165 50.316013
3.675246 5.500745 13.992198
12.900997 23.790081 39.551086
3.2345896 4.231287 16.66602
5.149508 12.743493 26.177933
7.469082 10.988701 23.952862
5.9835534 16.879791 31.130505
16.409739 55.4696 90.67444
9.89177 19.958237 39.880016
5.246536 5.975039 13.186156
13.930685 17.775026 26.138403
28.255472 23.72002 37.2523
43.84735 66.70192 100.42004
25.004759 37.152744 63.705162
3.0505373 2.533152 8.467657
4.735949 5.152001 13.5746565
9.386914 12.812516 39.888306
3.3005052 3.0146983 9.201114
64.31517 123.04944 158.16634
7.4833593 36.695805 61.746277
9.18457 17.336603 31.202797
8.453477 54.415565 108.58097
10.117327 50.945286 91.850006
9.638824 51.826145 93.08055
39.087444 36.896366 36.977142
0.043965295 0.089322716 0.11897825
118.344406 108.10729 96.572426
119.8817 121.58832 117.97902
154.45316 168.50046 164.7579
135.04433 140.03914 132.46141
148.2421 148.19856 141.0225
144.8874 152.7259 146.63274
145.37538 145.57031 138.21992
121.26544 121.931786 113.11017
129.86617 132.33572 124.19778
140.94658 146.96603 137.6531
133.30229 140.85541 134.73624
120.55471 127.10619 121.345604
131.20587 142.69649 132.30135
137.59085 142.53954 138.69888
166.40628 170.48589 167.3177
140.18312 142.9245 138.44981
129.596 138.35976 133.7928
101.2219 104.19409 101.43056
121.85765 123.182236 116.3651
150.1422 155.71109 151.4501
151.20041 146.59612 140.96442
129.57253 138.87222 136.62814
86.99139 91.81106 90.90893
100.98459 106.2736 107.100914
166.76608 180.8404 175.24036
62.225136 69.79491 65.26567
137.60973 142.29857 134.13164
62.56857 62.645947 52.43794
65.43143 66.85648 63.42761
75.28406 77.61726 66.2173
65.6217 63.921135 56.146595
70.23954 62.63481 53.324333
153.1106 145.2296 148.43755
48.149734 44.355476 41.382416
36.2466 30.167477 24.817533
32.512787 25.756508 18.307531
37.772564 33.24401 28.086765
44.563164 39.442696 33.678547
6.472287 9.08411 13.821548
17.064621 25.109364 35.221188
17.916536 26.396917 35.346123
18.645428 25.657473 31.725168
9.492424 11.705257 19.876036
5.547397 9.2257185 20.772533
15.082815 16.39993 26.55018
37.254143 44.74783 64.02195
12.87241 20.520365 37.606644
12.422979 36.60308 32.03286
3.8940365 4.399022 14.700661
14.331035 30.012821 44.282505
13.220765 30.938456 46.0371
13.839031 26.854378 42.319996
14.339517 26.733683 50.858
12.512562 15.315106 33.6554
18.275738 24.372766 39.349033
31.11859 51.003628 99.88099
48.444508 78.32964 122.855446
17.417734 19.0608 38.60496
10.601496 13.682077 41.052643
21.176315 27.06899 41.652195
14.6613245 18.230251 28.818052
22.03762 24.845507 34.043255
10.729539 13.563941 21.788689
75.36555 78.33058 76.719955
71.11587 74.84292 71.910065
46.247993 48.588936 47.991516
32.81229 41.95014 49.25178
85.442696 93.85298 81.58683
78.9492 82.084366 81.17013
30.02412 36.75913 47.75013
60.66045 65.13588 64.70212
57.47546 62.60525 62.543125
70.00625 73.44004 72.75619
37.898827 44.695286 56.762592
77.58152 81.57168 80.214905
70.66932 73.87367 72.30795
47.207264 48.588123 47.97572
45.107357 56.31258 67.76826
25.583399 29.44736 35.23161
37.79458 55.541893 75.117134
55.564266 63.26159 51.251877
32.091686 45.02752 66.59379
16.7376 31.277874 57.031143
23.876684 31.918512 49.285515
20.842981 27.813553 40.49783
21.80426 29.270073 41.274864
23.03953 31.601593 43.71565
41.817436 49.987537 66.72763
17.17217 22.769619 34.251457
15.099618 31.11778 55.820576
6.724359 12.092981 27.045519
8.965261 19.276289 31.605963
19.767223 30.128788 45.65278
20.04675 18.621923 15.085988
14.839549 13.871633 10.7854185
40.381702 39.867943 37.877815
23.10839 20.5473 12.998899
23.919127 20.115255 13.124708
22.248154 20.062063 12.9748125
14.897824 14.83738 11.948103
40.437485 39.79361 37.938778
20.060379 19.216686 14.452927
38.050117 33.424274 28.686447
13.946775 13.415145 10.22546
15.812904 16.47384 13.189717
35.874092 30.928904 26.311125
26.304747 28.06569 25.3795
55.130924 57.23116 44.705677
53.191303 53.351463 49.332558
50.11098 51.665565 47.470345
73.38542 69.82187 58.82579
40.561092 37.880146 34.973873
28.261396 26.930296 23.440073
38.85862 39.23349 35.442665
34.16683 31.825726 27.208399
75.4931 78.20571 61.493267
69.82233 71.502365 56.427383
61.58165 62.42201 48.796394
54.486176 46.77619 40.29963
127.442825 126.24433 117.976105
81.04332 83.714714 77.274086
139.14058 143.53195 144.12144
111.720085 114.53927 105.3378
77.338905 80.87286 71.72157
102.08832 103.59988 100.464
102.122314 103.6599 101.42564
83.61943 85.48582 75.90074
98.98365 101.133484 97.442116
107.58178 110.60509 106.74686
67.600365 64.44946 56.53095
104.57165 106.741905 102.34657
57.430134 55.77276 49.34473
109.296974 111.24909 107.91356
99.81436 105.20642 96.84991
104.398766 115.65077 114.64685
135.1444 143.40508 140.02107
134.2519 141.2422 138.2057
99.029076 112.63196 109.09755
105.62364 113.595665 84.165146
68.09609 66.80882 56.85894
104.861626 111.64064 104.91281
77.24369 78.437904 74.32589
20.577183 20.788948 27.228697
84.677025 95.05756 83.274765
97.06747 109.230736 94.936676
95.25388 109.9223 98.97954
209.75722 218.47041 217.4438
46.33178 65.361145 62.853535
96.828766 116.334724 111.27694
139.04745 161.90118 152.54915
78.59677 88.399345 89.470894
114.65239 116.921394 118.53655
101.47118 118.122734 111.79941
64.2646 74.43897 68.5114
121.02755 134.24686 128.77234
73.79267 82.62412 76.76729
63.683533 69.57621 62.571903
60.621567 57.56433 52.08136
72.46944 77.573685 72.66618
46.892483 40.403522 34.516445
57.767548 58.897987 60.3727
58.81841 66.0496 68.264275
16.49537 17.956974 16.962574
54.649475 56.94014 54.826115
60.086086 63.19616 59.697617
54.637337 61.805523 60.483425
64.83735 66.39025 66.594925
69.97329 82.67496 83.01965
69.53969 56.308533 52.985497
74.96361 58.710533 55.53435
51.224586 51.72235 47.374516
58.59541 51.599487 51.087994
52.248478 54.500874 54.989574
54.82757 57.363346 57.4978
74.62704 74.44409 74.193214
88.36587 96.1948 85.541275
61.941727 60.74686 62.099358
55.64915 57.236954 60.606644
71.64604 73.30617 69.66113
22.562645 23.519619 24.056074
83.63701 87.34042 81.595894
73.709625 76.66285 73.40906
65.95222 74.92107 73.166016
100.70222 112.07628 104.87639
35.813942 36.72896 34.82456
104.02577 117.56106 111.84849
56.737083 59.71348 57.816917
39.105156 34.562874 37.10059
66.628075 43.063293 46.64057
36.252235 27.971542 29.572714
34.86244 31.644005 28.286583
56.07919 57.42382 58.75081
50.01622 50.73041 51.864414
33.911617 31.937515 28.649508
48.355965 46.473354 48.84279
58.02684 58.15148 60.46533
40.35629 33.95937 27.905367
93.03629 93.611275 94.6804
73.87396 91.6869 88.97462
87.93308 115.3717 108.3716
128.16295 134.99922 132.6611
135.84218 148.89737 154.2487
44.529236 52.13633 50.779625
64.057335 77.6048 72.19004
64.878105 73.55035 64.58084
106.91187 109.795845 105.33738
85.008545 93.16825 92.75123
98.681755 108.77875 107.85661
101.35311 108.2286 96.90611
65.40427 87.26748 77.77541
84.25029 93.42557 84.377464
84.49407 96.193535 87.06475
86.990906 101.600365 92.46928
85.24006 94.12545 88.59836
80.48164 90.44101 87.02098
98.65356 116.2173 91.388466
123.024086 137.0775 131.48895
100.23521 119.31478 115.3254
49.84295 52.64229 51.116776
58.370274 59.925083 56.994755
131.99483 146.75589 149.18272
97.73679 111.350525 109.61869
101.74336 112.66158 111.62008
131.7206 145.52985 146.66774
109.98802 126.943344 123.44962
139.00754 154.2526 154.89462
12.58615 12.0474615 10.8168545
73.28613 79.28111 75.53338
62.11778 70.127365 63.949528
62.853405 83.210014 90.02671
41.813293 48.119495 44.431625
93.33955 102.40906 84.0652
75.11357 74.4179 61.8592
84.024895 91.70072 82.18978
95.00178 106.7769 100.76748
72.36532 77.74485 77.08178
49.40174 63.54416 50.17994
85.225914 92.87186 88.78182
50.589 62.37422 48.7039
78.85311 85.73779 82.46779
50.026646 63.31637 51.09337
47.747864 51.425602 46.329285
44.004208 47.16055 43.291084
47.467915 47.262627 45.979473
105.149376 125.5483 116.14093
69.77244 73.09292 65.54335
80.137856 80.91945 83.49857
196.55539 210.60162 209.88274
99.31216 101.785416 91.19985
70.99369 74.91916 69.313354
87.72909 89.91421 80.26457
39.02331 41.36448 40.147533
163.83347 181.28062 180.03902
120.90177 130.61623 117.91903
76.84486 71.58466 57.477337
159.75592 169.79756 167.50453
188.28276 196.05151 191.38847
71.71095 83.17813 63.68486
64.507545 76.91767 76.59901
91.63206 100.76651 96.96069
97.556595 106.76188 100.38649
71.502464 80.4605 76.86224
125.02797 132.4361 125.16145
147.74408 154.87543 141.89983
124.39656 131.56526 124.63448
126.94807 133.7185 126.83103
126.98271 129.33783 120.77039
81.286194 86.34431 83.86043
115.274506 123.274925 119.21568
91.536064 94.33929 90.99531
57.30507 63.169483 56.829998
102.073296 107.28448 105.86778
123.627785 130.4772 126.83631
62.31572 64.83051 56.949818
46.601044 54.816822 47.961376
123.38148 139.33298 132.79124
104.698975 122.71108 114.13015
45.618816 45.585403 45.212704
49.71238 50.58958 48.88316
50.002686 49.938618 48.85049
48.6227 50.19739 47.332783
48.12976 47.357063 45.60946
65.99815 69.35315 70.2882
68.37409 62.48255 61.46779
41.368847 39.11205 42.40948
39.924374 36.173885 38.67431
39.520752 35.539368 35.025738
55.72504 52.35742 52.425213
82.883125 91.28791 90.50945
76.219635 89.12403 88.62477
70.95688 81.31527 68.93959
92.50006 79.40145 67.14841
81.70296 88.74466 75.1351
64.22083 66.9786 59.171783
68.39086 71.177155 69.675896
83.671326 93.58732 76.21056
75.95539 84.9685 70.09117
116.08466 116.91197 117.51269
72.60185 86.66444 57.750324
65.44707 79.08227 70.584724
70.20953 75.08712 64.41116
42.384487 46.725395 42.620758
67.30986 76.497665 58.01091
112.01531 130.1036 121.11292
68.725945 78.05944 63.403522
79.07777 92.17564 76.736305
68.43428 80.139114 75.53901
147.18082 149.00621 147.03885
46.47468 50.03856 44.261265
14.844535 14.93334 12.544678
136.6666 132.5046 132.96552
23.40472 20.996439 16.374094
72.757286 83.68816 61.86616
126.87186 138.59712 137.98187
69.37998 75.616936 78.35729
62.329254 70.20539 65.28257
15.87487 15.485302 15.291245
62.813583 77.16861 64.551216
5.9591427 5.95066 3.9750712
73.82654 70.71267 71.28364
137.73453 122.45795 124.55549
12.936221 15.831488 20.00463
17.42939 21.78516 26.100817
8.552415 15.311254 21.232355
6.6546555 12.60865 17.779655
10.494723 16.514051 22.476658
12.997248 24.141706 38.248577
12.648116 24.326178 39.46497
11.732939 18.092981 25.653166
6.18907 40.85606 69.16764
42.533054 40.070576 32.865837
46.444153 42.490967 31.577312
47.975395 44.069088 32.914722
61.69639 57.74605 45.343273
48.251457 44.370888 33.07103
31.371893 28.387983 22.725006
32.14656 28.269781 23.64776
36.79584 30.994982 25.77849
30.798174 28.462315 23.57893
7.0334435 15.591524 38.70963
7.7726626 21.371698 48.5101
8.962283 26.549274 55.082558
8.497831 30.321419 60.096737
7.515249 20.06951 38.879078
7.396141 11.425149 26.472643
10.963384 22.976269 40.810898
9.113021 28.153847 61.255505
5.3789496 19.34515 42.761623
11.920455 50.753788 88.82906
13.055393 37.01311 64.93545
8.785677 26.914886 55.58385
7.2061644 36.37189 62.941727
10.494172 37.831974 69.99922
12.094438 57.460697 106.49401
10.00845 30.582783 57.89462
5.218143 29.350298 65.97727
5.120532 17.380245 38.95662
2.4598548 7.8314233 18.685509
6.8451824 25.304876 55.59991
11.864964 32.08359 60.19315
4.73773 8.320966 18.224941
6.7717237 13.809635 32.312485
3.1040533 10.251165 14.518454
7.359622 19.201632 51.67706
8.070901 17.430393 40.055847
6.67162 14.559311 34.35282
0.02457265 0.016996892 0.014083139
165.08528 169.91618 158.32112
109.55368 118.34803 123.33787
57.56219 64.56533 62.748253
112.83285 111.9358 98.78205
121.65737 109.231514 94.62422
49.88876 47.76826 44.089066
72.82465 71.68528 60.71348
73.33647 73.551735 65.92457
151.46996 168.5653 156.45853
125.17557 135.25385 129.06206
121.97685 133.60347 121.41786
112.11898 122.36419 107.730125
80.328316 77.17722 76.013664
87.3579 86.28127 81.905014
89.54481 89.48825 85.92405
143.97336 149.18474 141.01088
77.24899 89.05488 76.64711
139.029 145.0075 140.08618
38.56737 41.25573 38.88552
76.35337 82.116325 78.70008
143.11862 158.7152 153.63681
53.61383 52.878498 52.129402
59.219177 70.83761 66.72355
54.881798 52.47818 50.697357
75.65669 75.64546 73.920616
58.669807 58.832264 56.79293
62.963966 74.78781 57.926056
52.8649 55.18182 47.057076
97.465355 107.9967 104.30225
101.40569 105.47753 97.59622
68.79859 75.919 74.899025
59.403004 69.5157 75.75586
81.372665 89.22459 86.40734
91.05834 100.20639 92.98303
73.40223 92.324524 90.932755
69.280594 80.74903 80.09628
55.258904 71.89365 68.85755
93.41353 110.7772 111.525314
90.81608 95.40216 95.17509
102.795685 119.28788 111.12542
59.733425 69.00492 66.888306
106.692894 113.70772 104.97462
54.40689 58.90566 54.089066
69.17505 80.404205 66.953804
61.477566 67.88439 56.036358
64.94027 75.79384 71.731384
70.58505 69.485985 67.48193
95.19516 98.00107 95.4517
58.424015 59.35616 44.422558
117.77596 118.54208 114.41385
68.76648 66.55306 64.687546
64.8864 74.50764 68.95623
87.00327 96.072 87.100204
83.01923 98.07246 69.73161
82.61813 88.42259 77.10875
48.258095 61.31553 40.710438
94.37506 103.96095 88.85302
93.95675 103.48925 88.53432
60.591167 66.084984 63.715973
61.29348 53.253304 50.339096
69.34622 76.94157 65.453026
65.377556 66.111725 57.08683
54.664238 59.122765 60.81737
51.072098 56.8423 54.972515
43.935574 47.673046 46.93965
87.02729 96.6181 82.37646
57.71102 69.187355 65.56686
80.79254 95.51865 82.959404
68.220245 77.485886 58.802414
117.31381 142.89326 132.47504
97.84052 119.90786 111.626686
94.105576 117.36581 102.01554
99.02655 116.91702 111.252106
60.034966 76.31744 72.81562
51.411488 55.515118 44.341396
62.840584 63.46565 61.459564
54.888046 59.625324 59.493168
29.827991 38.64384 40.05517
70.410194 86.127556 89.41832
56.085083 56.233974 51.702637
17.82022 18.331455 18.071743
17.648537 17.486338 15.834498
64.579254 72.75343 55.70911
91.98993 99.81378 76.19775
102.65763 119.56928 113.02677
81.42793 91.350006 76.5935
76.44179 82.850365 72.15223
75.34991 75.84282 67.48831
73.89245 78.686516 67.62419
30.96918 29.235334 25.800537
43.1948 40.858067 32.968792
95.2929 100.60143 102.34735
38.820545 41.77791 39.664402
26.485916 24.0901 21.328089
24.580582 21.466557 20.408476
29.521498 26.47138 27.333075
26.63345 24.402357 22.746536
105.19636 119.89028 111.301155
130.41211 142.58359 130.981
116.959145 135.60382 128.67638
52.430492 64.81627 57.17845
79.9121 108.63627 98.43405
136.52953 144.66006 136.33511
108.09959 122.6079 116.8817
9.399799 9.564879 9.299339
56.691044 74.38918 65.87497
165.89702 185.89168 181.68936
132.8257 167.12413 166.15945
137.8208 174.68001 173.75055
135.76945 171.53098 170.4434
70.295975 79.59405 72.57592
33.330807 34.30089 31.935055
115.43027 151.10733 151.18204
153.91702 183.63309 185.55054
45.171394 47.993687 50.835793
56.764214 60.18564 63.30316
24.017967 25.181236 22.79633
69.121666 73.29173 63.401386
73.279915 77.475975 65.65611
140.05856 135.79584 132.20703
189.83572 197.2328 189.34137
159.49928 168.34412 161.5865
109.39494 110.62468 102.72274
131.08424 136.22772 121.28833
133.18573 137.77269 123.38452
64.83997 62.95898 57.551346
64.0225 62.47274 58.982
66.85263 65.28648 62.07456
81.768936 73.25586 63.144035
70.138725 70.98242 66.90614
118.57417 125.73534 120.05446
113.426445 124.20147 120.74537
105.48219 108.22588 101.61066
112.41236 113.02739 106.49427
83.83068 82.50929 68.759
111.69033 111.87688 107.415596
77.85308 80.85389 67.420975
106.72384 116.62328 101.1251
93.99362 102.01641 107.17913
96.16356 107.53053 105.10363
65.34107 59.020947 65.63766
56.823395 62.248253 68.08236
99.3549 127.23566 132.68094
104.731445 116.40686 115.85438
26.72695 24.550926 27.435898
58.669937 63.100784 50.733814
66.35732 74.08317 61.545357
29.27564 34.9843 30.782764
57.702442 61.626358 58.219017
87.301605 108.49625 115.41434
77.97721 77.306625 78.43541
132.02696 151.28102 154.48479
62.285645 63.65553 57.48773
35.635845 32.159966 33.01557
62.29688 73.69053 80.23492
62.021496 66.06074 70.208466
129.15343 139.32686 145.00139
60.133484 65.86295 58.084435
115.709145 122.55753 122.38973
123.42971 130.07521 131.01535
110.6261 112.72368 112.58026
0.17958431 0.27764827 0.3662911
13.148666 13.539303 13.214419
7.4250517 7.632964 7.601107
12.491583 12.879791 12.6049595
8.591848 8.811416 8.687451
17.074947 17.590326 17.094439
11.318473 11.670616 11.393195
13.578995 14.041861 13.602046
15.208787 15.660062 15.1804905
12.333592 12.638015 12.327149
13.358457 13.724877 13.279882
10.012335 10.2106 10.043188
8.408119 8.569833 8.465003
8.232906 8.448426 8.280659
12.923239 13.340779 12.889504
8.567049 8.829934 8.640378
