0.025462963 0.027451748 0.028332029
0.060609024 0.06585811 0.06820553
227.93544 234.61115 231.48386
33.310837 31.529766 30.062794
3.877967 3.8832486 3.885596
66.08034 74.84504 84.2514
74.80229 85.32554 99.56693
108.98015 108.32776 114.75994
62.74547 66.26291 80.08562
120.118576 120.04845 126.72737
107.266205 93.549194 76.28058
113.97258 102.08311 85.76523
117.268196 105.66158 89.133606
175.25224 160.78023 148.68942
128.89821 120.2574 106.83066
118.558426 109.52028 96.958595
115.8065 107.22499 95.19027
88.56165 74.826065 62.064487
60.96091 53.286842 48.275333
60.77377 53.151962 48.153168
79.45957 68.25192 47.775333
129.884 124.48777 103.868675
144.80624 144.71808 124.4017
139.89035 139.90578 120.03198
90.38449 88.906204 66.576065
94.95973 94.234024 70.38511
116.746254 110.87034 104.64202
85.7382 86.520706 79.28296
91.64075 84.70168 74.63351
92.94434 98.37507 99.5075
154.62683 149.14896 128.1428
152.34406 146.37646 120.81168
132.47728 127.781166 109.291046
128.68913 123.71055 104.674164
138.26385 128.60739 107.95794
167.87128 160.72476 149.53743
151.62357 149.8733 140.84055
150.41771 148.67929 140.41077
131.97917 127.63416 118.13338
166.73041 154.49808 135.5966
160.8016 146.08304 127.23559
120.05718 113.84269 102.4389
139.85472 125.77012 109.26705
143.69476 136.80057 126.65239
118.63683 113.718834 108.38338
74.58343 74.57127 66.418655
81.313416 77.16184 82.08493
71.74485 83.16011 92.02908
77.72842 88.013664 93.95804
45.9047 54.93522 67.05969
44.311783 51.700443 56.013367
69.76698 70.626305 76.52977
111.678406 108.873764 102.47434
163.17586 157.3213 153.3142
167.74435 161.32225 157.88957
79.965996 82.55735 77.24801
86.27742 89.7471 86.68519
123.07903 111.063416 104.16289
149.66255 145.15678 140.71101
150.44272 145.28186 140.92355
162.65758 153.18988 147.49632
103.606384 97.751564 96.53726
131.01715 120.78003 119.22242
144.52252 141.58662 151.25992
133.69548 130.53143 119.43062
143.93535 141.42668 137.35194
135.1084 131.39929 125.786156
141.14058 136.2866 128.2067
157.96564 159.991 156.58998
140.22203 139.05122 130.91148
62.195652 44.46541 35.847157
57.520607 50.22232 32.796295
73.95171 64.20191 48.17475
75.31042 66.098724 50.839626
79.28104 70.61069 53.931076
96.623634 82.46 67.294044
97.28188 84.04708 70.38752
93.0221 80.68013 67.44523
93.90715 80.663734 67.44829
78.45752 66.3049 52.43411
80.43225 66.88197 52.919308
97.28469 82.20745 68.471535
76.89476 63.49475 49.730896
28.761997 28.859644 29.273638
36.162853 34.78042 22.986404
48.329224 43.727505 33.475254
60.503815 47.735523 35.768127
53.052654 27.656006 26.914873
57.113197 39.457714 30.856318
101.05735 77.85231 54.25701
59.327335 38.42762 34.205498
80.656006 60.97711 49.899452
64.85479 42.63162 33.248436
78.991554 56.34993 45.65767
79.50919 54.667416 34.9613
5.5904408 12.946694 12.392769
66.2426 57.933945 53.712276
94.19017 90.58757 79.51734
79.813774 76.861244 69.8048
96.198715 77.08617 54.414448
159.24315 151.95425 138.57372
155.57893 142.9772 132.01122
115.503456 94.14994 89.98901
132.41699 115.36199 111.53713
137.04405 123.50753 118.15222
123.988884 106.788536 103.16321
93.986115 81.72063 78.925766
16.955498 37.251762 49.090603
32.21655 36.86799 42.80549
31.802654 36.44617 42.40105
102.04522 90.16419 82.781204
97.11727 78.47708 66.766754
115.63475 94.22252 83.913475
120.91298 104.14948 93.91471
130.55353 112.63061 106.39948
82.2022 65.03948 47.30634
57.585842 43.865677 35.273083
86.70921 66.91693 55.1503
47.96652 36.624836 28.976917
66.551575 52.5372 41.80875
58.338028 44.87259 36.150856
88.52061 70.75903 58.18463
162.29718 159.05461 156.6237
133.07596 131.89264 124.44826
139.83005 135.14857 132.06752
176.69249 173.5578 170.08699
71.23843 77.11424 69.29278
109.81808 114.85716 111.886185
104.39577 103.99557 97.89929
101.54069 102.813576 101.7947
154.88673 158.27383 146.84383
103.40441 107.13801 101.646324
112.825836 117.296364 111.98526
120.77074 125.23279 122.0981
106.73328 110.85358 105.374084
125.09276 129.20628 123.68919
129.87712 134.78012 131.18019
121.34292 122.69457 120.691154
146.8258 149.20844 139.57822
98.15262 99.55758 100.19434
130.63461 132.85297 130.93951
98.06055 98.926315 93.46104
96.976295 98.13494 93.191185
108.20269 98.05431 86.86773
69.694084 58.425175 53.310284
35.665035 30.78821 64.776764
46.575085 38.930424 32.603745
42.17045 37.715538 26.927393
110.44992 113.9153 111.69787
97.11926 100.79043 93.91295
119.62705 122.2144 111.03156
108.3305 107.02409 102.381584
77.32257 81.23203 78.64854
99.371086 101.88478 102.012
97.839264 104.43176 96.823715
112.77921 112.311356 105.766304
121.971115 113.50248 104.871544
128.34755 139.91702 150.99074
133.4776 138.16464 117.49677
92.03016 95.906166 92.39238
127.346214 125.44011 117.46704
99.74276 102.82528 98.52921
107.4418 115.001434 119.306076
117.976364 117.98973 117.14394
82.89906 79.40532 79.03035
83.04724 79.99244 78.91709
105.08209 106.11551 107.7887
66.85459 65.03228 67.15809
145.22255 141.91731 141.9094
74.66328 73.883865 74.711235
103.06997 100.99586 102.17514
118.783844 118.54434 119.768555
85.76021 91.363266 91.90724
56.678078 50.216743 35.064327
57.451912 54.77165 38.228416
90.30024 79.11287 50.36235
104.856224 94.34478 64.90513
50.34005 44.07955 30.700998
53.743416 46.776016 31.091452
106.78551 114.803505 98.77194
132.27885 135.78609 116.516335
147.83243 145.97786 134.96039
96.04496 87.2651 68.96326
138.55229 129.69037 119.29274
108.62252 105.88798 101.99081
124.11466 112.08278 104.479034
93.05315 68.72225 56.325542
100.13054 86.20233 76.02716
93.871445 75.889114 65.78316
109.46743 95.66556 86.62539
108.42002 105.96443 94.75228
126.90063 112.949005 99.4119
167.0958 163.59386 155.90431
107.89727 97.54258 86.31429
62.3364 61.120926 43.677002
61.835876 55.68036 39.02905
52.689457 51.730667 34.92384
78.14303 71.583626 54.86225
86.148735 78.94702 62.870567
88.21323 82.85511 63.270996
89.8706 85.63097 68.61939
89.92094 80.47232 62.997948
89.11043 78.80692 61.064686
0.07609546 0.079649195 0.0808555
65.59507 51.063053 37.51904
55.745632 41.888107 30.40943
58.99325 44.128487 31.909527
63.99237 49.363884 36.190533
58.3631 44.439163 33.119034
53.59778 41.813934 30.35997
30.13814 27.747784 21.701584
71.25955 54.82202 39.245403
38.523865 22.734709 15.711789
63.013237 47.39629 38.8259
49.386215 36.782864 28.30386
48.704876 37.42087 27.952204
42.73119 29.823454 22.120762
19.197216 20.582453 19.28257
19.355959 22.288568 21.841288
42.349636 23.049654 16.707485
23.512878 24.845037 16.377674
19.994295 16.124838 10.27217
53.701195 40.855244 29.44764
87.131065 70.83183 53.137684
74.18453 58.986862 44.27892
42.04108 26.200476 15.780418
35.57678 20.104101 12.729981
28.597418 16.81312 10.536515
31.565369 27.910929 20.208593
45.418102 38.335518 19.44526
75.67961 57.471016 38.01917
38.422436 35.469288 39.03769
97.68649 90.6666 89.78397
93.42071 79.42303 76.23464
100.68952 87.4628 84.166016
80.111374 74.126724 71.09788
83.08252 78.29796 75.70481
131.314 126.98158 131.22699
80.76014 72.446594 73.111046
125.18192 122.4376 127.46062
148.30243 148.54558 153.66292
85.053406 84.03557 76.5146
72.04304 70.08047 69.49957
70.75668 70.81778 70.58199
116.79558 108.98031 109.658646
134.18352 136.62608 141.35883
151.62138 152.56161 140.98308
147.93001 151.93489 142.9508
33.375065 34.595757 42.024193
138.10156 138.96857 141.77518
125.35198 128.50362 125.80963
111.593636 107.90066 103.68724
93.898895 91.56918 85.39809
96.723854 92.20002 87.71779
109.24527 108.12292 101.896255
107.32753 123.29186 125.163765
112.31576 118.46812 119.17713
114.73164 116.55937 110.186
134.18724 120.83421 126.04682
127.3231 125.698715 123.89948
124.20566 126.35994 122.55702
138.84778 136.03339 118.63811
116.176315 112.295876 104.291145
142.08366 138.04597 128.00821
108.63247 99.42316 96.316055
136.84296 130.84566 130.3257
117.47982 114.09882 103.22842
106.96561 104.18411 91.98047
90.28313 90.61261 83.40734
92.29255 91.40754 93.27038
53.778496 36.55748 23.592983
60.773506 42.215473 27.952726
24.155777 24.48911 17.586756
64.71208 53.556435 45.42397
65.8719 49.73044 56.0462
43.70752 30.88051 27.045872
62.675762 55.695652 59.02015
6.4650497 6.2933292 5.169177
46.022953 41.419926 69.21277
66.93727 51.52233 55.997784
65.766106 47.38775 54.273277
85.19849 73.28687 118.201485
57.20289 43.995075 45.242664
56.365837 45.003914 47.734447
50.46006 37.148182 29.59194
46.15819 39.508247 29.051514
49.345722 40.695488 32.066673
41.477535 29.800959 21.909462
47.30771 41.756653 31.573324
55.4583 47.62966 39.466125
50.827335 36.097286 25.496805
41.787003 32.321857 25.140877
29.951422 21.80435 14.894594
20.345037 13.767247 8.83555
25.967657 20.662754 13.400887
26.15392 20.268648 13.4817095
3.428697 3.4089072 3.6249022
42.301937 32.426872 28.60508
35.426937 24.494066 20.740187
25.42097 13.152973 10.687859
5.8874216 2.1556141 4.3814554
13.767181 3.9124284 6.1182837
19.700834 9.793492 9.804512
11.464821 3.8183684 7.0974503
27.114697 18.090702 17.547731
23.335518 15.899452 15.457616
44.59654 31.544731 24.958986
52.778103 41.444283 33.649452
5.308555 2.032179 4.8815207
13.753716 8.570194 7.584116
19.741621 11.358959 9.319314
17.945324 7.942325 6.461561
17.168493 10.004206 7.654408
21.062304 11.140715 8.750163
23.569933 14.361795 12.220005
20.025398 13.903789 10.052947
20.759943 14.096636 10.5334835
10.879695 4.3557315 4.6497455
58.203053 48.473003 37.157375
20.5194 11.878619 7.9583983
26.690107 15.322672 6.2073226
37.000847 26.048187 17.213354
26.3973 9.35746 9.423741
13.809761 9.0410795 10.516008
30.653103 19.896778 17.395702
35.49234 22.607557 14.471276
3.812011 1.0219092 5.3722615
86.25926 94.70837 90.80249
104.21518 112.80797 113.346245
154.00844 155.16014 147.53918
126.07169 124.96006 113.80083
151.19467 149.7683 136.63902
143.52536 141.22597 138.69559
139.67215 139.5417 126.783875
146.91074 146.14482 132.5818
150.19356 148.54744 134.98726
134.8808 140.2019 127.62992
134.13608 138.71342 126.22193
151.9464 151.36903 144.32567
144.95482 145.35687 139.46384
144.92113 145.30249 139.80122
138.3842 138.53322 133.19023
135.65492 133.3462 122.51754
143.65979 144.71664 138.79633
145.03929 146.1263 140.30937
129.05112 126.45054 115.97659
108.858894 111.86026 90.21792
165.03883 158.11278 151.11989
181.97588 174.04196 164.84644
135.41226 137.60492 122.57691
114.950836 118.563446 105.01721
100.708206 105.801125 107.66533
105.04291 109.34716 108.1697
102.976395 108.7681 110.43417
105.10726 106.36473 108.73582
72.53273 86.79323 90.6995
108.44001 114.22695 107.276375
96.85511 109.143 103.224045
94.47975 97.613495 88.48409
18.31312 22.18551 29.71619
21.714104 26.29496 33.17146
17.325705 20.525333 24.986437
21.91008 23.944574 28.61323
13.453769 15.309207 19.533842
21.58004 22.535603 22.413342
33.3125 32.084312 32.534428
27.993643 24.75877 17.277094
29.641008 18.27191 10.56012
23.722092 18.279604 10.523703
111.57492 105.31664 100.52918
73.97607 74.59308 75.83011
82.87575 86.55216 88.31759
96.09537 73.01415 79.34155
80.356026 74.405846 70.83718
123.32932 122.06974 122.466385
94.346214 86.48507 81.706116
116.89564 120.56514 120.68929
114.248726 114.1948 104.925896
155.95181 151.00832 142.66862
126.266396 111.93972 100.41911
121.96987 115.07668 105.18241
53.865643 53.743675 36.535374
83.760826 77.88804 55.375618
91.35583 79.9644 58.930458
64.51725 49.826714 38.2187
60.708725 42.436913 32.82479
31.398148 23.08881 9.990741
16.491589 17.039547 13.423578
37.46355 36.418003 33.701878
20.888693 20.576519 18.209084
33.01888 30.342104 25.95804
41.738525 28.171982 23.104883
14.361535 10.097124 11.617697
21.818954 14.353352 12.007727
53.37627 32.422504 22.496088
30.745174 20.159918 16.006422
20.103058 11.507108 10.0491
33.114468 20.721277 17.66921
41.891922 32.59768 24.800177
26.074923 20.87875 17.123795
30.079454 18.900105 14.111894
24.633966 14.637878 11.752054
10.427979 5.0223656 6.4919796
6.3835745 2.9431076 5.5121284
32.52628 23.700281 14.865643
32.62464 20.165655 13.2143
33.12158 20.232166 13.462343
15.220331 10.130477 9.598755
15.318792 8.8058815 7.899974
24.40731 12.21443 8.68499
27.950249 12.892018 8.687631
25.234253 14.951487 8.983665
77.92322 84.878845 88.706215
83.333466 84.86509 85.98843
49.021908 53.390194 53.87979
54.62513 58.51741 60.341484
133.00023 138.31442 141.91057
139.21297 139.00307 141.20563
109.981285 110.64948 104.963615
79.52012 84.69585 83.451195
91.8392 96.35795 94.18942
65.72245 67.89838 64.67723
56.503586 50.333755 43.119427
56.235264 49.751663 42.365284
74.40529 71.9808 72.12533
76.756226 74.19761 74.61515
74.39264 71.78065 72.228775
73.91158 71.256256 71.70266
60.559273 56.13286 52.6384
63.42785 52.932056 43.196957
87.12513 93.01457 92.609024
92.323944 99.50711 102.138565
86.08992 92.26193 90.456375
65.7753 64.064224 59.85886
90.339264 87.58777 84.07179
75.71032 77.016235 72.6769
60.25362 78.13279 66.75652
12.667677 13.0350485 8.056762
22.63002 22.67674 16.6905
31.570618 30.01327 20.749706
31.574238 30.011509 20.75401
10.099146 19.043427 21.074106
22.283875 31.227797 32.56876
22.314913 31.299654 32.63912
13.147692 28.584572 30.23986
20.11235 28.537657 28.131031
9.173057 15.390519 18.587734
21.534233 33.624348 45.883377
19.016106 27.749054 33.418785
8.161385 15.036124 20.028397
15.96505 17.064848 16.269464
38.233536 55.341972 62.020313
15.46844 18.709278 14.820716
7.2893844 14.7619 14.318597
37.91869 41.65258 28.990057
62.161743 59.658745 43.344353
59.748142 53.669666 35.340244
59.709507 52.26379 32.322117
47.86626 47.260693 34.425144
4.4256 7.413178 8.049003
37.845264 37.529667 27.13113
33.39554 28.424427 12.495305
29.117632 28.773376 14.524648
38.496773 38.21358 21.359547
13.186392 27.811066 22.364273
11.584279 23.51379 15.761803
82.30428 100.39515 97.6176
56.519073 74.66549 65.14277
76.671265 73.60485 52.46342
18.831932 19.520344 8.151311
24.153593 29.592854 22.244947
35.43215 43.396614 34.166763
38.289776 27.830595 16.436554
37.844517 30.900822 22.70804
74.116165 59.881096 48.037167
13.57052 24.6473 19.953703
24.689749 33.147007 27.17322
75.48445 70.44575 59.686195
26.037363 30.759748 24.292547
15.6789255 19.076519 13.780126
8.969842 16.590279 14.090147
9.586495 20.522398 21.256683
17.22369 23.066282 17.622393
55.058815 66.42964 51.951553
16.118479 21.083496 15.310381
14.591289 24.057219 22.505901
49.005543 53.361862 40.475353
27.962898 31.410929 21.324823
15.157733 28.32515 19.937141
8.964365 19.22933 12.646518
18.207714 18.121641 11.274843
23.050535 23.480373 15.09494
15.128358 17.520409 17.306011
49.14094 68.20573 68.65298
42.30761 39.72056 39.36108
19.754955 23.932577 27.290297
48.106415 70.17912 68.30751
47.03254 47.304382 38.706932
18.119228 26.253391 24.462017
17.953018 26.026669 24.02918
23.66207 32.88524 29.549915
14.00489 18.848982 16.529343
16.88853 20.938152 14.421622
30.755672 39.927784 31.458235
27.116459 36.628128 30.299198
10.822216 14.3062725 12.214071
7.7392735 11.779245 8.079552
14.666797 17.50727 14.236731
74.77266 61.60231 45.995567
66.05243 49.30611 38.37487
77.47222 56.120956 44.442455
87.698425 79.79584 67.90154
87.17674 82.16044 68.06664
75.646515 71.4377 55.98008
57.964233 41.864437 25.57701
84.79796 63.06967 44.27256
84.15421 62.437565 43.769855
57.838223 41.590996 29.034298
60.24772 46.506813 31.88201
56.879826 41.25091 28.714756
73.96283 57.818726 39.32254
78.54809 61.983078 42.827007
107.15209 89.25796 75.99244
79.98608 93.55836 92.02566
132.42886 120.30386 109.631325
17.40255 15.098559 8.341582
39.40607 32.14153 23.340603
16.753098 6.901148 6.289645
19.110329 11.785146 10.451845
13.812923 2.922144 3.3689358
26.520638 13.596407 9.187598
29.413244 18.637064 14.480927
5.7565207 4.957551 10.156136
31.908484 23.072184 18.374153
24.874544 15.162852 12.921753
30.145735 18.923187 14.988719
16.58105 9.115904 9.827628
19.210812 11.344223 8.979264
12.831377 4.161385 5.686098
14.409461 5.371055 5.29359
21.831964 10.018127 6.161222
3.364991 4.561098 8.060055
46.086723 64.67703 77.410995
18.138596 27.471178 33.81123
22.200378 30.244522 32.55624
6.9918165 7.4723854 11.651539
122.30259 148.40532 160.85185
16.462734 29.625946 39.561195
39.081604 58.83405 74.108734
4.9760695 6.7738004 12.812989
41.68075 54.71916 60.650105
25.718864 36.61088 44.380413
22.007238 30.97082 38.386185
39.338192 47.74716 52.203083
21.679708 30.230959 37.8765
19.56312 25.843147 31.384031
14.160896 18.083302 19.160929
24.23334 30.074987 32.939552
16.778463 20.533842 23.685413
19.088745 26.147268 31.704943
28.992664 40.982918 46.07127
23.82753 32.27357 38.648376
18.2931 21.557186 23.985329
17.365675 19.019691 21.13589
19.396128 24.292906 31.475548
16.162819 20.89818 30.159918
19.234383 21.495045 24.578835
19.64743 24.934402 28.169243
23.725939 35.248695 43.465343
11.6501045 14.551285 20.312206
5.2916994 8.133411 12.566152
20.533646 23.0283 26.17886
20.309696 22.93851 26.361078
80.89929 93.115906 106.3481
108.513435 107.76034 114.18326
124.40268 124.25701 130.5123
72.18555 76.09976 90.14046
70.06465 84.28316 90.25985
82.68176 95.66187 101.123795
92.79835 91.208824 83.4196
102.66093 98.36277 93.5444
81.76989 75.42873 68.44255
107.531364 105.56951 99.95576
113.19695 113.22496 109.1281
71.39789 69.98702 64.971016
50.51529 45.448456 41.702923
48.77765 43.83164 40.391792
77.525856 74.79134 68.674194
62.975483 49.01102 41.67964
66.65979 53.5388 45.0387
80.83565 68.39687 58.000553
75.10035 63.32238 53.963844
65.70749 50.253292 39.24739
60.115185 53.659134 45.31801
118.728645 94.358864 82.60032
0.054251436 0.051675797 0.04857851
13.220951 13.218212 13.215539
13.275789 13.272855 13.2698555
12.77354 12.770311 12.767475
16.801579 16.798122 16.795351
14.831605 14.828019 14.82528
10.970853 10.967234 10.964528
14.205823 14.202302 14.199595
