0.95318407 1.0110308 1.0232426
1.5950491 1.6868858 1.7046485
66.87554 79.526764 83.8267
63.05161 76.02735 76.44508
1.6318264 1.7256472 1.7438587
127.155846 136.402 137.44385
185.64682 189.83113 188.11104
204.5113 197.23276 191.78716
150.38846 131.75279 134.79247
131.01625 118.80343 88.10471
84.75494 78.31267 57.612858
148.41426 129.93108 106.195175
165.10632 166.27858 156.85094
117.271255 131.9072 123.589005
1.7462207 1.8435138 1.8614655
86.894394 76.94435 65.992065
173.83992 150.7066 121.75427
181.78566 159.04633 141.5226
157.00111 140.46747 134.45389
174.652 153.35721 137.29402
111.825775 110.64817 89.369896
49.66527 69.23429 137.31956
41.951412 30.677721 36.26748
98.62231 99.94817 77.61735
174.37457 150.45013 120.198814
201.94835 189.81671 174.50616
123.94619 123.02013 119.10653
76.32393 75.04707 68.01358
172.79297 149.7325 117.93946
210.5388 194.2788 174.29466
217.35997 199.15935 175.4786
223.93073 191.91249 162.26283
160.22389 120.54899 87.948364
174.38405 141.37857 122.114395
155.92574 125.61933 77.73951
149.8188 129.73758 96.71646
179.68297 171.18332 145.1229
80.82767 83.13851 85.46989
195.38255 186.66983 158.54095
157.14824 148.65509 121.74847
146.77087 145.77611 133.4285
113.03567 94.65183 83.2329
141.65382 127.91397 93.39392
127.6849 115.82688 97.39463
122.08922 111.56985 94.35884
121.87129 111.43261 94.322395
118.24093 112.23491 99.0873
70.05282 70.28435 75.460175
155.40686 136.57408 116.7944
186.09702 176.00237 151.31671
139.42091 128.19608 134.41074
65.88908 54.76013 52.308342
107.45011 101.79563 87.0197
162.98521 149.27547 127.420685
152.66135 136.42665 110.583496
172.01987 144.65659 134.25719
29.169004 12.663407 6.3901644
66.53487 91.25073 68.756096
126.87987 113.471535 99.15174
146.52844 127.96209 112.41494
114.651505 91.22869 74.73181
106.89756 99.49419 81.357735
166.05612 161.0537 141.24333
125.078255 118.70507 83.05211
164.09242 156.76642 139.67096
166.52199 152.07417 124.728836
172.1544 158.23448 129.34242
175.9576 159.41905 135.32852
160.81134 141.69116 107.21332
188.90285 177.17293 150.7205
138.36449 120.323555 92.0839
125.83302 121.02364 112.845856
106.14153 113.04842 95.557236
114.709465 117.63438 105.80435
200.1477 180.73465 168.11815
183.58844 163.67397 148.66095
167.30038 134.34996 115.41386
76.443756 73.35438 40.71001
113.96438 98.232666 70.70106
206.46492 192.65302 153.7227
146.15257 134.48283 116.86595
137.54367 142.43527 135.26694
82.31668 88.16707 79.867065
134.92902 129.81319 117.98127
147.73798 137.4012 119.86293
117.032974 107.46448 95.42541
115.78864 113.14401 93.30211
103.39017 105.98845 89.27636
66.37375 36.07795 18.384188
92.59998 67.464096 56.011856
178.22392 166.65172 140.56775
137.18256 132.05168 109.03092
156.21783 153.70827 139.63849
151.9984 123.146706 95.11836
192.21632 169.13445 152.13818
150.48535 135.68452 125.18037
196.55013 159.30792 154.33495
121.97054 100.126114 90.58862
153.7781 133.66208 101.04953
152.25092 123.04339 95.08834
136.52509 105.69364 102.004295
182.75494 172.93663 149.5391
172.74799 163.74574 142.76746
154.52454 135.40427 140.29408
61.444115 53.84318 58.997448
146.43607 126.9089 113.48711
142.2822 126.882225 118.45481
120.191536 108.346634 77.17791
134.9665 129.86714 105.900604
108.59727 107.10084 118.821594
159.23488 158.61066 144.49042
111.42302 85.247 75.85088
177.71858 168.98207 142.74837
144.91725 113.04313 70.1387
156.34566 132.91595 104.35157
131.79745 131.21837 98.398735
150.2043 131.49736 98.358795
155.33495 134.47887 101.542656
150.70656 119.314766 71.928055
153.00056 132.75107 100.16983
163.76085 126.59961 50.36071
119.92489 122.374596 105.67116
114.89735 119.5304 106.27674
149.23651 140.39203 123.246765
79.20614 76.01235 68.6695
135.81345 137.67534 115.76838
99.318756 102.172005 115.653625
163.64801 164.00461 150.91336
182.94113 173.67319 151.0847
159.24715 161.89384 150.76604
142.70634 142.17857 125.54334
109.81302 114.41142 123.29901
121.655846 123.61562 129.75914
154.06172 134.00009 101.10823
129.99492 131.20271 129.74428
143.39322 142.53441 142.83026
117.89711 104.31191 106.78744
87.25326 67.55076 57.53288
59.484222 36.890377 26.96405
54.204105 32.05976 14.901503
41.038456 28.944563 43.850365
41.14385 27.34493 16.132818
92.504654 74.84746 91.93075
19.196524 11.515283 21.413454
44.57913 41.624786 52.39014
63.34068 38.601284 53.72085
62.526833 50.022038 49.746883
74.43282 54.087067 53.384518
53.967876 34.798233 51.62566
89.436226 65.08593 77.711266
118.32438 86.93379 67.492134
135.47652 106.497826 63.085766
169.3641 174.78229 160.62582
147.79497 142.23344 117.08685
134.93422 124.13183 113.37705
153.68999 144.59753 137.00314
139.2726 133.85553 99.57237
125.70661 116.24003 58.79488
117.598946 108.491 92.681335
101.81857 96.93901 83.540695
130.57658 109.18391 101.54996
171.32162 153.3443 155.74225
186.49464 175.84885 167.30669
177.75687 158.14677 150.59276
119.64952 99.50108 76.59181
127.71519 112.75503 94.92524
171.0308 151.33934 136.21313
173.6596 151.1545 134.16599
169.17625 135.9753 113.67853
138.84496 114.36248 95.555695
176.6177 161.12268 145.59685
143.3794 131.20853 123.48571
132.90004 108.32516 92.85377
139.8097 123.20026 110.934006
142.50453 136.50134 93.91003
163.48639 140.9345 133.29053
163.45732 194.15512 226.94211
140.70816 138.47708 132.5957
137.11641 123.398506 107.61423
181.31854 161.72638 150.76509
133.26245 133.21172 121.43476
167.04596 158.26831 126.911964
115.121765 109.66499 68.61265
120.87901 131.73091 101.05698
156.6245 153.2029 137.14139
140.02348 152.3765 130.92659
125.56358 123.9186 83.36893
131.43358 146.8312 123.384
132.16508 126.96991 96.49683
146.13284 133.23212 109.58328
208.47343 206.81007 205.1215
143.92715 141.55612 119.03659
110.84283 109.35013 94.918724
171.48975 169.75328 127.19511
140.66777 148.74197 105.150795
146.86595 154.49211 97.21325
130.86453 121.656136 93.97338
113.10249 104.893776 82.4628
123.97763 141.45944 153.92383
146.54686 108.66034 121.214806
172.40991 158.43504 117.70748
171.93254 158.04556 117.59132
184.63965 172.98268 157.50583
219.32483 212.61081 198.53548
113.81966 109.23791 81.842545
142.72978 141.84216 133.7481
116.00085 114.1606 105.89664
148.46089 141.2928 112.29809
133.81065 129.97014 116.80019
150.68497 160.03952 152.08568
197.59285 193.87596 190.9994
134.764 129.1742 103.26013
125.12786 116.71419 98.91903
87.95711 102.697205 97.696945
92.779434 101.80744 103.75817
8.790911 17.85249 6.3759685
51.666786 55.351757 27.61319
36.100693 38.99915 17.039139
36.788006 39.751842 17.932446
7.0415487 13.868481 4.6069303
43.793106 39.150604 15.171509
43.028107 38.855465 16.175287
90.226425 77.40148 38.09786
74.095924 70.97813 36.003944
34.55128 32.32065 9.567508
5.1260157 12.438799 7.9164066
17.784698 24.348593 10.451365
75.33737 65.00874 27.143967
66.51554 52.39498 16.117393
56.306995 43.65214 17.270266
7.620465 9.630126 10.131188
74.839874 75.87186 62.244236
88.908775 68.49709 40.529408
123.32715 101.431946 71.8061
47.21986 46.87878 17.731955
77.27813 69.43899 27.793911
78.937996 70.47449 31.41714
73.015305 63.958096 23.133598
75.46516 64.866165 24.004086
36.51573 35.9238 11.523763
149.04922 153.33858 123.9636
55.011597 56.498535 22.31387
53.008526 58.130764 19.365032
59.603977 58.11345 34.78477
27.829931 28.482237 15.914541
7.965892 12.401597 5.8218303
4.516251 7.15077 2.940925
8.640094 11.51018 6.2692037
16.379274 16.164139 9.483772
106.29209 117.19312 95.91664
47.05832 55.609814 25.97619
108.08976 111.80841 86.59831
135.9591 138.69081 109.67406
98.47664 100.80022 65.49565
136.88345 141.83598 112.80248
131.19861 138.72603 113.12344
96.0107 99.43752 68.12434
139.38017 135.05637 104.17954
89.68271 98.437386 78.92978
183.60469 161.09035 121.81491
99.62028 104.76592 69.86853
175.41107 158.05017 125.72513
141.05397 136.05289 79.09618
103.50602 106.82455 88.894844
136.86305 119.79394 76.84614
88.54474 92.615005 59.46542
99.13901 104.796486 77.340324
129.41322 133.26059 110.068756
118.62491 117.37039 76.12049
116.96615 118.17905 86.84668
87.74069 91.58041 58.886856
114.68866 116.22671 80.93724
160.82996 163.91376 131.55388
98.08974 102.78213 71.596985
102.72241 105.88308 78.73366
119.113 108.29469 70.129036
93.177505 97.32343 69.91789
84.29136 87.30015 59.408897
83.18504 83.75924 56.88069
125.50198 122.00763 81.83683
143.66035 151.83057 118.00933
168.67354 169.91582 136.54755
89.48332 85.93422 51.06725
122.84614 129.45047 119.16983
132.85062 126.69522 75.35662
101.080925 108.228386 102.57972
132.84349 137.35452 125.6652
125.7337 97.77067 76.078964
127.83475 123.03862 82.114746
128.64023 132.58362 98.537674
145.00742 138.93896 103.96289
26.170376 39.79932 33.14902
108.87795 108.277 102.476875
104.16095 120.44532 125.36898
105.69196 112.313965 85.74497
117.98257 122.305084 124.56595
160.68594 164.37845 133.53326
81.5077 83.56016 40.23512
169.15715 170.8116 144.76263
150.61324 155.09134 129.35443
71.10825 83.59609 65.770004
129.78003 141.64456 131.98781
113.56309 124.33676 109.70656
133.0413 144.1491 138.49559
64.70798 75.27105 53.951225
172.60428 176.76074 170.97081
76.85223 94.05669 62.69766
78.087326 106.359764 63.20779
123.28191 137.84148 108.02636
121.97945 130.85501 109.81907
80.31968 90.58711 79.09737
100.391655 111.7278 103.94045
131.34363 120.01859 88.942696
59.243763 69.215965 52.907524
52.738922 61.858276 46.64333
58.500946 61.576508 36.892788
145.39792 151.1165 115.382065
6.1518564 6.4036517 6.6265116
76.56382 82.78309 56.722244
51.588505 58.876724 26.872614
55.473236 68.77688 33.468254
146.37888 153.97798 121.44504
61.01892 63.40913 44.510983
55.905186 57.027023 33.649754
37.249313 55.316303 28.035572
51.966835 71.11149 41.78489
79.22869 86.19551 57.333027
35.4593 46.851143 24.806383
69.08069 73.27502 49.37408
79.02457 85.127075 56.387047
67.7602 71.850105 43.576485
168.1187 171.50206 153.45163
145.01514 151.27892 124.485756
127.84115 133.35754 110.14082
151.19698 151.74344 126.50291
125.761925 133.01152 110.83577
127.36378 133.98193 129.82169
116.700134 140.18214 121.635086
106.63882 127.99379 117.10244
103.82261 117.66421 105.86411
79.09713 93.07278 61.63152
15.906108 19.663857 9.926422
29.835104 50.450348 35.55095
29.806925 49.85955 36.044384
50.776264 62.056927 39.868176
16.85471 32.30858 17.838152
9.162131 28.209467 13.052674
6.917682 11.300525 8.333853
9.405588 16.622873 9.451956
16.188398 19.935162 10.700515
29.76644 45.078396 33.561058
12.553831 27.194042 14.051186
18.154903 26.447042 21.074121
13.002575 20.849112 17.72194
2.5021732 8.359552 6.539635
3.0396352 5.792966 6.18365
22.172974 32.839355 22.041832
3.0681925 6.4529953 6.400156
15.863662 22.690027 14.722435
8.050642 12.602041 8.224324
3.8697562 8.693311 6.962845
66.39291 58.56817 30.245653
50.919903 47.041855 26.205238
9.295234 13.566421 6.0980725
122.911354 112.11456 79.7589
12.171864 22.34342 11.0596895
3.174556 7.1906886 4.340632
3.2361584 6.1254015 4.333971
11.681028 17.351238 7.276809
21.059902 32.959373 16.127811
25.35041 35.75236 17.717333
10.896778 19.375212 7.59512
142.76819 148.7935 140.56082
116.443054 130.55647 108.624245
123.94853 133.79639 130.61176
86.48394 98.98769 94.80142
130.73561 133.85884 134.52017
107.04181 117.049225 106.94761
114.52672 130.8579 117.98047
102.97905 124.79259 106.29334
119.33442 136.14087 109.8939
85.85457 103.11144 103.43254
123.412605 140.5134 118.13185
119.699715 134.58801 110.2213
110.54658 129.01479 102.54774
83.05737 99.744354 99.81011
77.86888 95.899704 95.651245
72.525604 96.4739 101.85355
104.72477 123.03427 104.10369
67.47449 82.44379 65.594315
103.913475 116.33647 105.37448
104.849396 122.58213 104.86754
84.41692 103.94253 83.17205
85.483864 105.02638 82.52709
128.09346 144.04189 112.75959
116.36123 120.6567 102.585815
122.40901 130.68417 108.80326
160.84445 171.44547 154.93228
174.04613 182.51862 165.01689
128.96422 141.1569 115.586006
122.78304 140.75616 124.49133
106.62578 118.671486 100.42987
97.260254 114.011505 92.109764
123.31578 115.92439 106.38235
79.53782 100.31007 73.81864
111.02303 125.49863 112.13832
127.97078 141.0235 125.06595
146.04854 160.36118 144.52525
61.99431 79.718864 66.70172
92.51155 108.754295 80.91513
145.23677 157.14085 130.62807
152.3731 164.21146 147.67143
114.29082 127.2145 100.747826
149.08142 161.11823 143.8775
63.5646 71.27974 47.234245
148.54747 159.94124 142.01422
63.921864 71.37299 47.59087
66.2038 73.491165 49.516888
95.34179 94.6764 67.01047
153.68695 163.3381 150.40009
105.59774 128.21611 112.140114
91.83888 92.19948 65.66522
100.53649 117.10892 80.21112
68.32481 73.82769 49.326603
122.57095 142.1523 126.763084
65.93677 74.02157 50.21268
104.63562 120.82466 95.66123
95.33553 114.493126 85.4194
117.78633 126.84493 104.14578
118.57615 127.33007 104.46384
54.368057 75.64364 59.586166
94.30692 111.865265 91.50985
140.21548 155.33466 132.6113
94.32615 115.58532 104.2492
21.637472 28.7851 21.90821
28.598993 51.05558 49.397465
44.264763 77.389336 59.03836
8.033235 16.805414 10.196476
82.93039 98.91931 78.549484
1.1045209 6.266676 1.5309665
60.136974 77.643166 58.63074
52.313396 68.91825 45.744495
63.27036 76.563324 64.49164
28.77936 52.707745 49.198956
87.45304 121.37634 149.20496
44.74152 57.88518 40.9692
40.8442 46.13291 31.170187
65.99291 79.24912 50.612316
31.964499 53.86581 50.126984
109.633125 147.0822 178.86945
26.026007 50.223736 43.56349
148.29741 175.12047 188.73969
51.246315 77.57636 83.3279
49.400536 53.439816 47.553642
20.610403 21.60445 8.095332
17.769392 41.358936 25.9953
19.07013 26.877361 13.45831
6.9161706 23.362623 13.893046
11.357969 26.572279 14.19435
40.89085 40.137943 31.649519
13.614655 15.68861 12.387023
75.13149 72.01911 43.9465
45.35525 64.7011 34.555485
41.902874 54.652824 37.415462
50.574406 67.48937 47.247047
30.47272 46.58624 44.079082
5.081444 15.247402 6.8851805
13.534935 23.457506 20.285408
9.267573 18.749245 19.596018
7.009259 11.340962 11.192839
3.7306547 13.288667 5.609883
76.80449 75.649734 38.883812
3.2027116 4.271235 3.871575
10.710861 17.712656 8.473947
19.495253 49.69945 44.98961
75.18332 70.00713 23.938633
15.337184 19.220026 8.96601
4.2132936 12.113119 3.2427485
53.6057 61.307682 22.086475
29.838625 36.046932 9.160313
28.859339 37.06165 14.466648
9.505126 19.553028 5.1893187
14.446523 19.194845 9.33657
1.1579034 1.540462 1.6662415
1.2804233 2.0947657 1.8003354
1.6292517 2.3777163 2.2022157
2.3714333 4.2624717 5.1318264
4.056406 10.203917 10.193381
1.4369804 1.7457247 1.5698696
11.675855 13.473356 10.698082
4.587042 6.695271 4.9423895
5.088766 9.678359 4.7176633
6.6976566 14.558319 5.0188494
12.272463 14.818004 10.690098
7.25959 13.875189 12.085436
7.2534013 14.044289 12.486489
8.865315 11.867252 10.981363
12.472648 14.566539 9.274518
3.6210554 4.013629 3.0136054
6.4912133 6.2400084 4.256401
0.9571996 1.1473687 1.3004062
4.336522 7.1776977 4.1064577
3.3352938 3.955924 3.3648903
11.548516 13.312783 9.645762
11.880409 32.391155 28.328396
1.1284014 2.170446 1.4393896
124.6409 109.49886 93.54436
2.8400888 3.0228648 3.1453846
2.7964616 2.9787178 3.0980725
1.2398431 1.4226191 1.5405566
2.6715562 2.8553004 2.9771352
5.7300644 5.914706 6.041005
9.0880575 9.272699 9.4028015
9.330499 9.514408 9.645267
13.845332 14.027234 14.1566515
14.6845 14.864324 14.991686
20.028912 20.205215 20.328491
17.978151 18.153557 18.269983
17.117537 17.293344 17.401337
16.88133 17.057068 17.16133
15.71105 15.886196 15.986489
18.977867 19.152258 19.248724
17.555603 17.729355 17.821972
11.928595 12.101923 12.19213
12.894156 13.066633 13.153297
13.09897 13.374835 13.297076
13.309878 13.693594 13.45472
13.416926 13.874645 13.526503
13.527731 14.100245 13.582648
13.615883 14.303737 13.619922
13.704696 14.509141 13.669477
13.761503 14.643589 13.704224
13.822255 14.823672 13.732332
13.791478 14.913123 13.672076
13.780399 15.02225 13.630669
13.748842 15.070579 13.577594
13.708806 15.148573 13.509307
13.608465 15.046249 13.404998
13.512732 14.948531 13.305296
13.459254 14.893731 13.249173
13.357923 14.790391 13.143849
13.266983 14.697468 13.048942
13.177627 14.606127 12.955617
13.116875 14.544052 12.89222
13.00959 14.434784 12.780991
12.919147 14.342309 12.686626
12.80624 14.227419 12.569893
12.743693 14.163548 12.504795
12.635653 14.053524 12.392928
12.546131 13.961994 12.299556
12.424674 13.838507 12.174249
12.333168 13.74563 12.080145
12.20153 13.6119375 11.94461
12.066444 13.474797 11.805627
11.93417 13.3404665 11.669454
11.821098 13.226026 11.553784
11.56772 12.9705925 11.296509
11.343041 12.743858 11.067933
11.068949 12.4677105 10.789943
10.876985 12.274377 10.59538
10.602844 11.998181 10.317342
10.320248 11.71353 10.0308485
10.007417 11.398644 9.71412
9.829365 11.219222 9.53347
9.491827 10.879653 9.192082
9.249173 10.634992 8.945579
8.9669075 10.350695 8.659462
8.81857 10.200988 8.508551
8.622402 10.002764 8.308484
8.463128 9.841435 8.145313
8.286635 9.662911 7.964947
8.18972 9.564673 7.865481
8.011881 9.384873 7.683768
7.875378 9.246457 7.5433674
7.7389693 9.108064 7.4029903
7.650274 9.018023 7.311626
7.4953465 8.861088 7.1527543
