0.24977714 0.2470583 0.24485202
0.26060796 0.25332054 0.2472143
73.870766 75.18298 59.072227
8.975018 11.656267 13.263817
1.1583616 3.738924 5.809079
6.96831 15.265265 19.780731
120.35111 81.23563 41.054554
169.37346 131.82817 75.836
124.83992 87.70369 42.38084
120.39891 95.25169 57.056473
120.27621 95.09966 56.869698
120.56095 95.42347 57.101757
118.533585 92.46174 54.245186
97.01141 68.21281 40.471943
151.93265 144.92699 137.48311
94.19625 80.8894 67.751205
84.2837 68.93466 53.931873
42.093643 21.511745 9.411014
30.410545 16.635206 9.753766
40.76482 25.689629 15.504568
81.85483 56.918213 43.466816
76.44848 51.02046 37.65482
60.06706 36.953846 22.573587
42.2268 27.977692 19.08453
41.854454 25.398579 16.559258
101.54557 85.39682 72.03893
52.15348 34.116108 22.710464
69.89147 47.056362 33.46628
57.575394 37.797512 26.736027
73.11341 51.04163 35.78414
88.56238 60.876804 43.036037
42.65101 29.895681 22.891401
43.39303 29.317213 22.15239
57.55812 34.694374 21.761633
43.732685 26.173138 17.598793
51.947807 34.53229 24.405865
54.222164 36.05609 24.709797
42.6141 27.352448 18.128677
43.491886 25.152657 14.819777
97.85911 91.992134 92.786995
108.22455 95.38612 90.48028
74.77115 64.59369 55.783382
80.76839 76.409584 74.31153
52.177216 49.30333 47.708706
24.463875 21.596764 19.894388
3.9499464 17.989214 21.920551
12.521639 25.756998 28.392204
9.582858 19.944933 22.58181
4.7429132 19.662552 23.489414
4.4596186 16.518942 21.863188
0.9910635 14.8081875 26.287039
11.204849 11.007755 10.510541
3.0584774 9.588964 14.045039
1.0567838 10.551658 14.124911
3.780197 22.076195 24.856346
1.9057987 17.531668 24.520348
5.2214746 12.501739 15.442102
4.6397753 42.34362 54.52576
2.4451106 23.202688 30.996479
1.0230879 10.480232 16.006485
1.9230924 5.581788 6.7077017
2.0580764 8.436753 9.658807
0.725419 1.4986182 1.3682029
10.988857 7.43711 4.56991
10.062511 14.744117 16.338852
11.142494 14.7053175 14.325236
22.036013 26.690943 26.05393
1.7401274 9.867623 14.037084
8.026609 8.746746 5.6904974
15.090658 14.023444 9.32459
27.967173 26.256575 21.155888
19.772062 20.290314 16.855478
123.567215 121.31274 104.72103
130.65633 128.98717 110.99477
25.964165 21.97172 17.423872
26.823677 26.944576 21.540493
19.719913 20.862677 15.209217
18.128788 19.156778 13.205295
25.04252 23.257154 18.133713
32.81993 24.591906 17.848057
6.532292 17.24795 18.360737
17.826862 23.327555 19.577822
51.68894 43.265846 38.654507
29.449078 27.314116 21.442259
33.44092 33.174587 27.556183
43.502007 38.621235 30.918947
17.782381 35.515244 25.546555
3.2448967 15.1578045 17.174252
30.657894 43.56532 52.620834
22.350397 52.113144 60.238655
1.5884293 32.781445 37.75301
18.354586 48.36809 47.642406
161.63913 189.05594 189.0045
21.915583 78.82459 70.22058
5.5379524 21.255682 19.69861
7.701395 7.6320868 9.33259
17.505817 28.916006 29.261879
48.09496 75.48043 77.2498
36.58036 34.203133 30.184525
1.0449724 1.9010296 1.1457033
2.3935862 3.8111293 3.8097477
32.571293 46.27088 46.51228
3.3896418 3.3499286 3.2424228
1.5788019 3.3347745 2.4930913
21.962894 26.91839 22.310617
3.796577 10.190787 12.754346
4.6197853 14.13806 17.079782
10.1451235 9.220204 7.5922623
18.809078 17.394411 16.179556
43.213207 71.83074 75.03178
3.3013015 11.943952 12.3204
0.83004993 11.673515 13.036347
13.254011 21.547358 20.56621
7.5397577 16.989727 19.162418
9.51433 14.3910675 12.276208
7.4836645 7.6832547 5.0730743
1.4761989 7.175588 8.459195
17.357306 16.177593 13.81679
14.160122 13.901498 12.121412
8.870164 18.172134 17.898556
10.212092 22.974304 22.764797
21.044304 38.27485 44.717907
100.12224 94.86867 88.84209
40.15613 35.0809 30.592018
139.53532 127.21187 124.490265
122.47513 110.55645 102.44979
81.88124 68.24797 60.49004
33.736137 22.547668 17.488901
38.64898 23.851088 16.994116
28.304354 17.103472 12.283585
33.585175 19.104385 12.019277
22.770548 12.578022 10.149224
28.251627 16.215101 11.223859
23.122927 11.491509 6.8030396
20.060505 11.301146 9.674162
36.076595 23.603785 17.310417
30.764284 15.8282 8.912217
42.69148 29.032158 21.445154
44.9212 26.296955 15.540315
41.228027 24.76687 16.010096
41.515934 27.729898 18.676882
44.956207 28.299429 16.250313
74.14918 66.11774 55.43417
55.303596 50.24708 44.13521
86.84269 77.13784 67.05035
81.69121 69.86216 57.949566
98.66705 86.897995 79.1874
95.005775 85.54698 74.93832
91.38494 86.66567 78.32673
95.62012 90.34418 80.8419
73.899895 63.90221 49.97526
80.00477 70.693436 56.36254
66.75109 61.98255 47.27075
59.41304 48.90386 41.52046
31.166384 14.972299 7.537083
38.12977 22.341862 15.446359
89.59413 70.4955 59.898422
78.62023 59.07762 48.2428
68.01819 47.560596 36.202065
49.02095 31.75011 24.05948
46.198143 29.715345 22.729364
48.214252 32.65007 26.72154
41.62493 26.210443 19.575304
46.17882 30.15611 22.212315
34.2736 29.130817 27.485804
63.009136 51.620853 45.87373
76.44375 61.475418 46.50869
60.57047 51.458996 51.745388
60.58239 46.062443 32.166943
52.267025 37.42989 27.267538
47.082054 39.44609 34.365685
64.31376 49.18555 42.64412
78.16674 65.78985 54.0983
71.31552 58.973904 45.420395
69.59975 57.418346 43.87861
70.37507 54.302994 48.1529
87.17499 70.091324 63.553375
70.41607 55.223213 49.92338
53.718422 40.927036 34.499355
35.6991 24.420864 20.121212
66.62979 55.478184 44.50974
52.606033 43.213474 38.173584
43.65357 30.233242 18.336111
45.95048 28.660456 18.260696
46.84213 31.382822 18.810305
53.268833 34.10084 23.599773
49.753475 29.836447 18.41576
67.915825 59.02855 49.89
62.368515 55.38855 49.786728
79.80638 61.086647 51.679466
85.43755 60.982883 47.509293
81.175095 56.604496 43.47934
83.190475 58.448364 44.684925
44.361584 30.87694 23.677816
56.11495 38.53441 27.604141
60.627472 43.40239 33.035076
50.5671 34.715168 27.424986
52.329494 38.55228 31.636967
48.288597 30.534275 20.61457
52.405754 39.357193 31.81902
44.06648 33.176525 26.128521
56.09714 31.112387 24.72163
52.648556 39.408985 31.676613
45.888306 33.958973 27.349081
46.923515 33.25682 26.383492
1.6958683 10.71285 14.850842
1.0679934 4.5700436 3.9217775
30.683077 35.312557 33.620632
7.9178553 11.084997 10.634627
16.057163 36.713318 39.41498
4.556316 18.251516 20.295818
24.590055 50.34302 53.87239
27.091192 42.619896 47.05482
36.091816 50.17452 55.82691
13.618025 28.124754 28.76482
0.7563514 8.632934 8.322718
2.920418 30.973837 34.508133
3.2788377 28.967886 32.591682
10.327599 19.982616 20.5279
8.742 15.2775 16.889664
24.578623 38.083973 41.766403
7.7598057 28.012836 31.193127
26.491465 24.466862 19.124197
8.002474 29.531155 30.122503
6.3149624 32.397373 35.756687
8.997638 35.020813 37.087227
11.5911255 23.660746 22.571047
4.846987 24.578602 26.855612
4.797134 25.394434 27.937222
36.29894 68.26072 73.43158
17.338362 23.730522 27.052372
21.796621 29.07323 31.03666
29.712204 21.564896 16.922224
23.613255 35.55108 35.833817
26.78617 41.114037 43.83373
22.676458 38.86769 41.516983
5.4934926 20.678843 25.987074
16.127518 8.803953 5.208727
13.099505 15.071871 13.9647
13.608308 14.088161 14.500647
9.863768 11.384605 11.392383
23.702152 10.3321 2.539958
25.556828 23.028793 23.840925
24.524336 16.102715 14.134494
14.954069 16.08355 16.01384
3.928597 19.102535 16.326462
9.058076 28.47074 27.156757
22.37295 11.866643 7.2476377
24.309078 14.008535 10.52184
4.355567 10.535724 9.542432
10.513015 13.337449 12.818818
6.432252 10.926681 10.690654
3.8983107 12.747593 16.090412
8.609511 22.136522 26.010696
5.4297113 19.323944 22.271818
3.69725 14.451529 17.301012
1.1051213 4.6193395 5.018341
1.0933099 4.431071 5.026364
2.835131 14.082702 13.297513
6.114704 8.454226 7.967374
26.472946 18.172379 13.435328
65.718956 40.221676 19.996479
122.2666 100.06247 75.26979
107.634026 87.81113 65.738365
95.141624 80.093285 65.002075
97.50613 79.276634 59.846317
101.10153 80.51623 59.546955
105.89602 84.18644 61.95619
111.71347 90.16164 66.84097
97.10905 81.76926 64.870384
110.71044 90.095985 67.698586
98.99586 70.842865 46.011055
72.63853 53.962738 39.61562
97.018654 77.40232 59.156223
57.60677 49.264618 46.992245
57.208862 48.736027 46.35666
52.771507 45.540424 43.48656
51.778416 44.48021 42.496346
51.304623 43.98819 41.88104
76.26872 62.73812 57.079136
70.870766 52.010876 44.412884
23.221006 14.469669 9.345071
27.22143 14.880348 8.393965
23.901186 10.756775 4.8479676
43.06652 17.774736 8.014842
16.784632 9.340078 5.8397217
35.93236 15.554688 6.128165
9.6055 2.9858708 1.1251115
34.199055 10.951195 3.8224728
54.727047 20.475151 8.032336
41.558544 17.214455 8.353338
41.948097 17.805847 9.164022
36.172756 12.9782715 5.658428
22.005705 8.684124 3.6810038
9.579114 2.971363 1.4162061
87.20754 74.71145 64.632195
84.982864 68.69698 66.24329
74.69727 56.44812 47.873528
14.4782715 11.676926 11.200481
71.19861 53.90767 44.526455
65.23817 49.28287 45.84438
70.48801 49.597878 39.214634
65.24231 43.605457 35.022976
44.89403 28.384249 25.271572
21.154194 29.20846 27.9532
28.44246 52.81318 57.933388
31.94471 59.276543 65.78138
31.261543 57.725597 63.873753
18.357796 11.833148 9.406668
28.256596 18.342909 13.305425
35.31456 22.149202 15.337181
20.771528 16.64869 14.519946
34.35735 24.322184 17.311865
23.620943 51.288532 54.77222
43.413754 70.892784 78.46659
13.61564 17.52906 17.41643
1.1142806 6.8425746 5.0078
2.3738856 10.156267 10.999465
2.140823 9.714543 13.695378
0.5019611 1.44257 1.3465413
3.7435594 10.267182 11.860537
2.385385 7.5237565 9.499643
6.013995 14.30353 16.468199
27.797268 11.36096 5.269678
76.56035 43.578823 29.818016
41.928196 18.428083 11.803775
45.778103 20.655844 14.4056425
43.8007 18.436062 13.205808
55.53998 30.022686 20.826128
85.80319 57.02311 44.25876
33.41402 12.199968 6.022464
15.226266 7.1292343 5.464209
48.85062 28.232328 22.452843
54.055626 28.894344 20.98099
32.547066 16.97232 12.288264
50.26159 22.29007 14.927014
42.007755 16.935884 7.9190364
25.702242 10.517116 5.9806337
19.259449 46.21352 48.81434
8.468577 24.304266 25.444954
23.702175 42.030865 40.775406
16.381308 25.538933 29.0704
6.3811507 21.15368 24.657537
4.382666 14.026988 15.497236
32.859333 40.566055 51.95768
23.269455 9.464008 3.904105
34.944218 31.881018 27.133068
15.565609 32.25116 31.736874
21.224594 15.9113035 12.699144
23.030888 34.448833 33.96229
20.700571 12.49844 5.2375646
24.145124 10.562445 4.0677705
86.27427 68.078064 55.916653
8.574233 8.966616 9.062333
10.949635 11.501939 11.477536
17.02692 34.01689 43.2584
28.002228 24.12315 20.048292
23.949478 14.01326 9.4723215
13.990506 42.433167 44.75051
20.306673 13.038956 9.150873
24.274202 14.015265 10.291162
59.465324 52.40602 46.34518
61.141827 76.63826 84.58836
60.44413 54.673985 54.221386
28.724684 16.02808 10.616821
17.596987 6.8825994 3.715435
3.5568728 12.698141 11.707947
13.139797 21.947584 20.482372
3.9483197 24.352224 28.802883
8.867423 15.540872 17.198275
27.194664 51.946583 59.31073
3.8854742 18.061598 22.605165
8.045329 4.093399 2.3375156
7.8933854 8.133981 9.633892
16.403257 22.267405 19.482952
38.255127 55.621235 58.04
7.4064226 4.239169 3.2242155
13.821202 24.033361 31.203646
2.5394678 9.899581 12.216906
33.991734 40.879814 51.412663
28.397999 23.034409 21.630661
23.362743 31.942547 34.38347
10.172313 26.324034 30.995476
82.70451 70.28256 50.707302
42.079803 35.403748 28.688692
148.68854 128.21075 105.976135
15.753699 27.62589 32.529217
9.494941 15.295262 17.010296
130.41716 113.13175 98.24601
123.255295 107.815414 97.09494
108.21987 100.26495 97.5932
56.89102 42.28657 33.334328
68.11377 47.050476 33.654037
56.99358 36.52253 23.467485
44.32189 23.458504 14.337248
65.58268 38.60969 22.517048
39.51725 20.826752 13.046688
34.17572 21.538532 15.057697
32.30206 12.644166 5.7915626
56.905243 45.128143 40.316612
70.850395 77.47807 80.0047
45.800587 25.620409 17.046377
41.0987 17.916273 8.935461
32.284054 14.083638 5.6971164
34.182163 15.714388 10.5940895
85.103226 61.545372 45.86981
42.96479 27.940006 21.3908
47.11905 24.327309 11.790605
55.04466 29.474371 11.963273
52.66496 34.695667 17.330963
81.1153 52.36885 31.158852
43.20467 21.313559 10.513572
39.0425 21.046888 11.730723
54.20028 30.521975 20.449167
42.7619 25.34877 17.95757
49.35978 31.995342 24.18067
52.347412 33.480835 24.673182
94.133064 83.625 75.50682
59.72778 50.66868 41.395638
60.229008 56.23157 50.730053
42.354206 36.205383 22.828602
75.13371 62.577152 51.799675
93.91235 81.16039 75.172844
65.06066 47.141758 37.359844
90.19173 75.38338 66.51912
29.432207 19.84683 13.930268
64.30429 52.022575 41.39898
46.663532 29.597967 23.46158
54.219177 36.53655 27.953312
73.45724 62.335533 51.187176
70.7787 60.11381 49.763058
73.60615 62.719913 56.28802
45.60539 44.89762 41.944332
22.334686 46.517807 48.978027
24.165247 54.029438 58.973125
7.518497 21.173805 22.35082
2.9065342 6.9054646 6.744607
35.71597 64.739815 70.168434
24.847946 54.903393 61.28129
55.00107 85.13081 89.50847
2.5817213 4.3331475 4.4247413
10.727023 7.8791003 7.675878
6.745543 8.126337 7.626092
8.693238 9.584529 8.605812
5.852692 6.514352 6.3008113
13.333772 14.750089 12.627808
14.543056 15.8672 15.561598
14.667588 15.742133 15.568328
1.146617 11.593109 17.44442
1.0340301 3.7046487 6.4009404
0.6560661 3.3072963 5.0245585
0.80477804 7.3260384 10.934837
0.7676279 3.8491488 6.3891068
21.685438 21.25624 19.35062
36.404953 26.253588 21.552326
1.1876225 13.029751 16.286348
5.8715234 10.651498 9.563804
34.601757 31.665293 25.574858
51.0595 38.09001 29.24532
53.406555 40.95153 30.330719
33.462025 26.695557 21.754145
14.350508 13.321069 9.31786
25.047535 21.357906 16.988255
23.777077 18.450815 13.5606165
23.295998 17.718576 12.682007
23.939005 19.110537 14.286102
63.89949 49.927692 35.985565
46.54602 44.175453 38.500668
67.73376 46.708794 31.900272
52.77222 37.191387 23.467375
26.730589 25.379478 21.827131
24.383402 24.167854 21.404373
27.604832 26.675789 22.839588
33.5505 26.181963 20.89207
41.78207 27.647888 20.455853
8.95008 28.228918 33.365753
12.161482 26.340212 23.894278
38.781555 37.52605 33.522644
4.880794 5.2257757 4.4314494
12.783785 28.59868 26.515177
15.742891 32.631844 30.550365
9.504101 21.22504 19.31815
8.060639 14.31231 14.871546
16.159855 24.858976 24.407248
28.475574 26.904484 18.44424
9.11486 18.43145 15.62032
28.577866 26.567526 17.063892
4.106904 10.537017 10.971051
27.80636 25.01161 16.295752
10.639152 17.495789 16.593422
37.997013 63.236183 73.06645
27.938648 30.311975 23.014196
28.361917 31.280264 23.28929
7.5497637 24.631218 27.15698
20.310127 13.161014 6.9200616
24.959753 11.22923 4.2427793
9.224706 13.978183 12.402278
35.418526 51.588562 48.012592
23.49804 38.75992 35.4881
26.54807 17.968132 10.976778
25.267895 13.744919 6.1298585
36.798115 53.62558 47.860916
28.355701 34.3329 29.1252
2.1939516 5.075548 6.387101
47.873596 63.041786 74.76745
30.949768 49.47417 53.427193
71.2732 44.217598 12.510786
8.303396 12.57742 14.493425
4.281289 9.065453 10.382978
14.08921 19.932497 21.190786
8.974862 20.243805 18.4764
7.0840836 15.096875 19.445333
2.996412 18.34828 27.00011
20.327198 27.439495 26.931004
10.069865 16.620922 23.51551
98.499664 65.03024 36.052505
11.868827 20.657135 24.102045
13.755861 21.651497 25.344046
18.904194 22.81133 23.799072
0.6450348 4.6280756 6.4246078
9.586781 12.961758 14.301992
24.317993 18.678486 12.322539
97.67561 47.908787 12.267138
116.878235 43.10659 6.106102
48.380417 39.43662 30.205786
46.434055 13.122749 4.712516
33.466682 18.137793 12.893988
16.453913 26.761633 36.738434
20.941856 30.928709 36.020058
14.049875 11.387993 6.9896593
14.908473 31.532248 31.83386
23.339188 24.921175 22.628298
9.97094 26.090302 30.489058
8.1580715 8.959597 7.812734
13.171331 33.11294 42.752472
28.69121 43.224594 41.893253
107.77763 90.38407 77.0464
237.37718 217.87692 193.5498
68.24494 52.843533 39.49452
48.25225 45.29651 40.111786
42.687824 30.507175 15.141179
41.58591 31.250513 19.613611
11.939985 24.576328 22.967999
164.80879 140.65141 119.33029
111.94901 84.474594 69.706406
209.87224 169.96448 128.4187
172.8906 152.80667 131.74815
125.669304 110.55565 99.90847
160.10283 148.39807 129.30252
169.43996 158.6977 140.60506
27.007935 21.215546 9.314829
109.613235 96.24407 80.089966
104.03151 92.60615 76.2831
32.21363 57.220314 61.566277
78.17615 77.7492 70.96233
59.2937 46.180378 38.200817
107.78722 124.9789 137.52556
51.761677 80.111786 96.84405
51.806316 75.47649 89.87567
6.768586 6.763594 6.7506685
12.269032 12.265177 12.248975
12.389196 12.384784 12.371591
15.5538645 15.5503435 15.534253
12.574568 12.569955 12.558232
15.045129 15.041362 15.025985
13.073164 13.0684395 13.057074
17.149693 17.145926 17.130548
10.902768 10.8980875 10.886388
11.764664 11.76092 11.745654
14.683589 14.678909 14.667432
9.68662 9.68272 9.668569
8.440186 8.435283 8.425009
9.351399 9.347188 9.334797
11.250022 11.245654 11.234288
13.313046 13.308611 13.29787
