0.003667661 0.0032764438 0.0051347255
0.0068952027 0.0028363245 0.023081813
5.661524 6.3774266 7.135508
30.700352 29.251993 16.486551
32.914715 34.94523 19.802141
61.02631 61.39821 46.511517
75.9902 79.91858 68.81703
38.22238 37.112427 28.780771
41.345104 39.167465 19.877598
42.531666 72.06086 98.32813
116.25635 117.969635 115.69336
102.0757 103.523766 102.27852
116.168785 116.362854 115.28383
179.448 180.99597 179.97119
61.922882 63.196465 62.729694
59.715538 62.663723 62.252384
81.34222 90.06257 74.55125
41.638615 50.460293 42.625923
44.523033 55.36872 34.617023
21.200817 32.690693 21.215927
49.32268 55.703773 37.43151
55.622353 54.787838 36.520416
39.519268 48.911293 38.187244
44.517555 55.787056 41.81642
47.587753 59.529 46.05296
33.336693 49.250282 30.093966
54.828453 64.01475 45.30679
79.863785 87.50998 60.79407
45.638294 50.640423 39.925694
33.689617 44.813583 35.06147
30.515917 29.99709 19.906279
33.473057 38.628197 28.24676
67.26889 62.81564 43.001686
16.5134 20.490904 15.929459
20.274464 22.588953 18.760233
9.886352 17.274267 18.704264
16.219522 25.689667 20.677343
19.107584 20.75341 16.607975
37.44968 37.347057 32.64568
33.053524 33.550053 27.714142
26.379139 33.182896 33.516113
25.967505 27.512373 23.132671
31.515991 34.02719 30.396719
23.386963 28.304049 25.269892
35.180695 39.845566 38.758373
22.899433 23.994816 19.411463
57.009144 53.969948 43.264904
38.980587 40.85217 36.395863
30.705414 34.03604 31.145557
23.161036 27.165607 25.957455
22.596899 20.557362 10.885447
28.698225 26.965694 18.5735
34.755245 33.211575 18.391853
37.538414 34.973152 24.356422
45.386864 42.333904 29.7873
88.51323 81.9266 64.243
18.770649 20.335102 12.301482
16.218225 18.949581 11.010832
23.547997 25.123625 16.70776
22.055529 22.269402 12.213458
50.825886 49.793705 27.554428
49.184216 50.42948 32.32537
54.92684 52.982983 33.704388
53.51726 46.52208 28.083525
54.970024 55.487873 43.509266
73.96985 72.11959 53.039047
61.979877 60.434372 40.63123
41.22864 39.633648 24.13602
94.66444 95.25786 76.035675
59.944717 56.900852 40.709717
64.01047 62.14903 44.854565
78.27094 79.16957 78.89053
148.14851 149.02066 147.97734
32.859894 27.394224 14.897721
44.17617 41.49819 28.618784
73.30894 65.74436 42.485817
25.899921 26.075773 13.63162
38.099564 40.329258 24.432123
35.815346 33.81009 25.416475
54.53494 48.23057 32.378822
36.703556 35.39826 27.630348
53.756588 50.63524 36.73067
39.33151 38.00413 29.23742
38.645164 37.322853 29.026604
38.26126 36.192257 27.8074
42.208397 40.394665 30.13815
46.55736 46.81217 35.651695
33.608757 33.14568 23.94188
25.576727 26.751234 24.31202
54.13397 49.438923 31.732456
19.25451 17.691574 15.714191
40.17529 37.01308 22.167831
53.732407 70.11543 73.16712
59.396378 76.50017 81.041176
39.797203 54.47819 55.91298
47.71688 57.06878 56.25461
22.715977 34.313976 37.216587
37.873417 51.429092 54.84168
43.733704 53.364395 54.47853
29.926573 39.903637 42.091057
24.05257 29.915987 22.033987
30.77906 32.700645 21.352732
61.95171 64.17524 51.193996
39.62426 38.0245 25.641376
40.086166 37.082695 25.05856
20.626802 23.418602 16.274267
1.6515967 5.247249 1.927307
12.0584135 21.052008 15.667465
28.063915 37.64387 43.451294
21.235561 32.63377 42.342876
21.07455 30.948874 37.524475
37.349552 47.63717 55.32427
20.893051 31.029732 35.532887
28.57042 25.068731 13.846741
43.182453 52.372047 60.227592
14.064478 24.703897 29.556067
28.147024 39.173454 44.902172
37.88058 49.500732 57.753315
30.859724 42.46369 48.426914
31.82943 33.110493 19.958017
40.418503 43.644432 29.716465
36.170425 35.715584 21.914862
13.042643 12.060468 7.090371
45.180668 48.294365 29.0679
19.849455 24.089125 12.3247595
33.577976 36.5112 19.01626
36.58504 37.27884 19.089294
26.36877 32.243607 15.60778
60.212357 63.68028 46.218567
30.235977 35.093964 19.848282
31.541176 35.356056 20.30806
15.849455 32.148685 36.23094
25.717785 48.1436 53.53494
18.233044 32.328842 38.77324
13.3087435 23.888674 27.379139
8.999658 16.266321 17.735905
32.674606 43.573254 50.217197
30.653748 40.67639 45.966476
45.98193 55.796616 54.542274
36.642597 47.936428 55.53042
7.693286 11.988729 6.2051687
45.84647 53.798645 44.840137
80.65355 94.70128 81.12328
51.60013 54.494644 47.687515
27.951342 37.265415 33.337276
40.529316 52.614872 43.10438
81.86584 94.76153 91.15683
64.03472 70.22407 53.68776
42.593258 43.794586 30.96885
30.690523 30.809404 21.530394
39.735123 40.826447 27.388845
59.624603 60.80845 47.284096
43.238323 41.339577 30.911512
35.852535 35.255733 25.670008
45.81146 45.414593 33.63133
61.44327 52.28439 32.495453
49.27928 40.84092 25.16035
57.91117 53.49658 40.11832
23.154482 27.834393 19.585726
58.935204 57.064014 47.20038
51.47638 47.949287 34.668274
46.019512 44.793266 28.967823
39.108833 53.905422 60.1437
97.82024 115.852 124.25838
57.225437 53.87662 37.88244
10.143894 12.271578 6.933591
42.690327 31.045698 14.628588
27.712187 36.182602 40.868504
20.876694 19.99171 11.585334
26.186953 22.387573 14.578317
32.32664 30.46342 21.16304
27.830017 26.547092 17.63255
22.004303 20.80351 12.137146
17.481613 20.101545 21.208347
52.789352 41.30114 24.351362
40.84833 43.528683 38.481564
26.14849 31.14008 31.037605
55.50917 69.10311 76.57866
61.025208 73.71597 80.65742
63.39212 75.31407 80.6859
91.2362 104.86041 111.08978
71.502365 68.38074 51.393646
60.20627 57.984352 43.39496
79.03663 76.002106 59.033253
41.22155 41.911415 28.739157
31.498362 39.114285 30.509512
46.760674 45.501175 35.398945
78.33454 75.533745 62.154995
26.575945 45.021248 45.976234
21.725464 38.765026 37.54697
31.128418 37.869625 26.691208
13.327424 16.827644 6.7956624
18.154163 27.170889 17.561274
42.35173 54.147392 43.250427
23.05592 32.853928 29.455866
28.09822 63.813046 64.074356
23.353245 49.443764 46.672085
59.626167 68.39242 53.194412
51.265465 71.441315 71.75353
49.389797 59.548412 53.650593
42.83483 43.691597 26.756737
103.807396 98.35293 73.14397
35.87075 34.761234 20.588121
58.027996 53.506603 37.41139
59.552593 57.434155 35.909924
52.364883 49.487335 30.041126
55.00665 52.08778 32.107094
48.064503 44.99714 26.466404
15.469387 14.897281 6.9252286
23.84921 26.680204 18.114504
38.66426 49.802654 49.499023
40.659763 54.615776 54.88393
31.449165 47.367134 49.20688
27.124285 37.130203 39.270477
53.703728 76.71057 78.92601
63.207542 80.59778 81.985504
54.65448 71.14297 71.053276
45.16798 57.897133 55.8485
48.60854 68.675095 71.97506
32.26945 47.50753 48.53103
27.252335 41.05702 43.892952
46.657246 59.60074 59.188396
52.593014 71.929825 75.06431
32.01034 46.192135 46.65074
29.750061 44.499268 43.33965
53.441242 55.1358 39.305172
22.40821 22.519415 19.402979
45.289307 46.81647 33.89909
27.475403 32.21209 24.655045
27.374908 32.06624 23.172625
47.48829 44.921585 34.106216
30.069832 46.982468 48.269573
28.214827 42.886597 43.855934
30.121864 44.30505 45.30393
28.211405 40.72781 42.79764
23.110298 31.869993 31.11514
12.363636 22.448408 24.124382
37.46672 53.793266 54.029953
15.845054 30.136095 31.005722
32.171795 46.633453 46.724483
31.295687 48.58558 53.469486
33.03929 53.78324 55.599907
37.30999 52.24522 52.45183
37.562252 54.30884 59.00604
35.962467 52.020344 55.986233
35.018803 55.398773 62.265076
18.498386 36.71214 37.67348
40.7862 59.309917 64.286545
22.865618 34.858524 35.179863
28.472664 54.050663 58.437553
38.711308 53.211674 55.40591
42.5913 61.03746 62.37493
27.001076 38.215168 41.3418
41.931633 60.10416 62.328083
45.7638 64.13216 65.61514
43.535404 53.481613 50.20101
43.199154 47.82659 44.954155
77.74261 90.624405 89.59191
42.461586 52.306324 51.1581
54.67744 46.62766 26.608881
24.472567 22.929655 12.278082
33.178787 29.638369 17.71062
32.31383 30.547092 17.390556
37.088245 33.67118 22.394249
66.40709 56.47709 32.57609
36.64624 31.7327 15.67128
35.323902 30.464033 14.6414
21.527287 26.192062 17.625801
32.15414 28.415546 17.66431
30.779917 27.38958 12.891608
30.57954 27.327888 13.032544
57.03846 50.98254 27.681965
24.53032 22.838158 12.123625
33.992493 34.2906 18.209106
36.492443 33.898994 23.256615
25.091864 25.320627 13.527605
25.812925 29.029879 18.026798
44.135044 38.89178 21.908186
47.977406 43.677784 25.430754
42.988506 39.74813 20.538877
52.38826 46.67133 25.691256
50.940876 45.004425 21.38327
48.294342 42.774437 25.935766
42.00467 55.440437 55.92897
45.05372 42.62272 22.234535
52.311775 48.002323 25.019194
17.913443 18.35317 6.3259816
50.074184 47.634262 25.914862
48.037754 44.621056 25.47863
38.130665 34.896988 18.098782
28.440168 25.180424 12.096631
52.273533 46.688812 24.904324
55.622425 53.820187 32.177784
51.252556 46.635605 23.760893
34.549904 54.60345 56.295467
61.17688 92.316666 100.24393
23.814123 35.012615 37.524452
36.039097 49.517582 50.39437
21.338648 34.654995 32.227787
47.0713 63.268963 61.97078
36.930607 49.23077 46.380386
45.756393 41.450096 21.7361
39.043056 40.118687 28.234095
29.31136 24.719229 20.034328
71.632675 57.716244 26.296982
25.401316 24.84872 12.473593
55.764854 51.574234 34.89596
57.7907 58.334686 40.07318
48.076973 39.43501 12.386791
112.09005 104.6748 78.17587
67.69141 67.82833 42.866768
41.707638 38.532986 24.507114
58.77336 49.620396 30.504547
45.93249 41.680695 24.107706
88.368576 84.70038 51.9743
50.095505 47.9021 28.289917
75.075554 68.63883 32.280697
73.713455 86.535255 89.983986
78.91757 71.089516 46.35053
18.600323 35.992077 38.66903
10.042422 19.95474 9.822583
29.831043 34.58795 20.600494
42.19947 45.54289 31.671377
44.608246 45.314465 30.96621
46.03262 48.413906 33.159325
46.86063 50.239376 35.074455
42.36217 43.161793 33.05098
39.399677 41.981785 31.616217
29.644482 32.108784 24.99484
33.33295 33.84261 25.200058
17.235146 15.207272 5.909971
15.938799 21.168028 15.833781
33.27121 37.158955 27.463396
26.836006 24.066679 14.167612
28.525673 23.441025 15.435719
19.55499 19.174726 11.810162
23.238619 21.090517 13.558291
19.315346 19.48347 13.53455
14.326056 18.505478 11.782239
10.453396 10.821092 7.333244
18.848745 18.087511 12.531175
15.021981 14.581789 9.229376
19.239498 15.539928 6.8471317
16.823048 13.2557335 7.6493716
10.346203 6.9201183 2.2140448
27.020197 25.614334 13.552203
13.328035 12.975549 7.368282
25.686367 25.33608 15.821262
20.230255 19.442638 11.226172
19.422245 18.233875 12.105213
24.014181 20.968336 13.356545
34.052326 35.07064 25.735537
12.805125 19.553083 14.142183
5.0643797 5.2938285 4.955744
25.021982 27.475353 19.415178
21.269451 33.033375 33.527946
20.182405 26.75747 26.308792
9.790357 12.571911 9.905154
13.422564 23.249401 18.825956
13.104161 17.654604 16.230476
30.453445 41.347595 42.621304
19.336594 28.675142 35.834858
29.01455 31.080053 30.80202
32.64106 36.309525 36.974766
32.011246 35.355618 36.026283
63.639347 69.4421 59.969044
50.816544 50.56411 37.62502
62.655117 43.33163 17.518608
46.901268 47.04944 35.2017
39.641376 43.43012 36.964863
63.803436 61.911537 49.273144
26.950169 29.047924 23.538877
27.70336 36.31334 34.34459
15.782679 22.165558 22.019903
19.456282 31.090689 34.390533
27.450634 37.42393 40.400238
36.48044 57.71011 67.760895
33.95721 48.84102 52.177513
20.854248 33.443836 36.442833
12.762262 42.39584 54.34537
49.862022 75.470215 79.821014
8.455181 13.840726 9.637268
63.922466 75.26662 72.70754
38.738766 59.10536 65.05768
23.868723 34.599735 36.990463
28.959728 49.23194 57.682648
23.442686 29.871387 31.186659
19.040125 32.471172 36.045918
16.268595 27.506945 28.900068
37.775295 63.869724 74.36904
37.911755 57.337254 61.29823
42.108757 57.43909 63.253532
34.778767 52.930534 59.32195
33.154728 49.416916 51.42271
41.71551 60.708176 67.75813
37.15964 48.326225 54.120888
51.609737 70.69062 75.83972
35.613697 52.209545 55.85525
64.51658 56.65722 34.734756
29.166023 21.757153 11.9068165
32.939655 29.499928 18.27901
23.39014 18.1726 7.985183
31.201208 23.835812 11.716392
9.341728 6.6173406 2.7854662
37.531616 26.28307 10.828916
47.12084 33.51736 17.882244
48.676487 36.44628 19.351534
48.279327 45.036823 30.288645
62.009438 51.041836 34.199154
32.13047 33.44545 27.74094
43.39904 50.343 39.094723
28.673725 37.657757 27.943958
25.262922 30.067486 21.627537
55.020073 59.92188 45.65204
54.21414 54.584404 40.683285
53.319233 54.478336 41.06497
37.547802 37.167343 27.483887
37.8396 39.190327 24.163969
40.39887 47.1504 36.326298
55.012936 56.232384 36.4866
16.54526 14.763216 6.0140595
37.213825 33.58768 16.641743
36.09382 32.507874 15.995355
41.50775 39.81273 22.545626
20.700548 22.921366 19.432564
56.93112 43.01318 26.004156
67.18001 68.30664 54.271236
22.55032 29.503912 29.103184
27.681818 32.709007 26.83361
32.17727 34.294952 26.085041
28.437405 32.565334 22.248888
29.494719 29.795221 24.984694
37.31488 40.4143 33.42831
32.87227 38.373024 30.575945
23.500538 26.196465 18.102743
35.79126 34.871243 23.519707
46.756077 52.911804 48.57541
25.937504 21.319233 8.942246
21.33432 18.805687 11.183408
51.68231 45.24006 24.467676
32.919212 32.449314 21.419458
15.273803 16.274927 7.019683
38.91034 36.76175 22.562374
23.242188 28.187418 24.061617
37.17275 41.35679 34.622353
12.127121 12.685975 5.9406085
38.774097 44.59201 35.6638
59.914055 60.761112 50.141693
28.684532 26.378038 15.79911
30.97792 33.509293 24.320261
20.34701 24.411316 17.418505
85.373024 97.06218 84.60316
30.01308 31.674726 19.022226
35.804024 33.560417 20.561861
56.456112 46.004574 24.219645
39.73331 35.169617 16.231747
41.849846 37.56362 17.135605
23.500244 24.969803 13.830334
20.688444 20.422026 11.581178
49.279575 44.958725 26.02489
34.885643 36.34207 23.036016
34.362045 32.788963 20.89376
41.692894 40.58333 26.872904
31.97281 31.067486 15.941953
50.915913 48.784416 33.60768
28.929386 27.749865 16.402122
47.710915 45.682503 31.450315
60.623993 58.83679 35.75258
47.365105 47.7506 27.016993
34.04807 29.234829 12.072253
19.794098 19.237762 9.204435
38.83777 36.913834 19.787935
38.576946 36.33711 18.628197
44.840897 37.13118 20.489534
107.069855 80.673454 41.58839
50.343098 38.80532 17.072962
50.5189 54.8217 39.253094
21.37574 21.023424 12.199471
53.9966 54.733067 36.787693
26.057974 27.939655 13.059685
24.889994 28.368185 14.347254
36.88469 36.858574 30.915178
46.262016 44.20984 21.667171
69.44313 72.27833 73.43271
14.866546 28.25615 24.253386
31.40046 27.532887 18.94227
28.19551 27.766443 19.930216
27.750818 31.001223 18.3408
40.000587 40.550858 28.748863
18.034647 17.992298 8.360311
29.857254 33.45215 21.289526
24.309868 24.811287 13.224021
21.534575 26.790064 15.318157
86.68187 93.6615 78.62695
3.802142 8.2442665 6.4812703
16.564526 24.895863 15.766346
144.13004 159.49196 147.84856
19.958067 26.01587 19.518778
18.482101 22.728178 16.479387
39.64035 40.01455 27.703066
98.76004 73.35537 35.80026
233.25226 216.6007 169.90575
245.15034 245.40137 244.67728
40.892857 44.232407 39.380703
65.023766 73.86943 64.3263
53.012493 54.53291 44.530247
44.683456 49.03362 40.598293
51.20979 55.430927 48.10338
9.048682 17.125435 25.651964
8.862169 16.581789 23.966232
8.785124 16.522814 24.067436
8.662967 16.735268 25.192087
8.173456 15.965181 23.359968
9.496235 17.556654 25.859846
9.969559 17.739473 25.466404
0.0055259424 0.005574845 0.009413663
6.494523 6.4879947 6.512837
10.555039 10.555039 10.558928
9.635092 9.634896 9.638809
11.351289 11.350922 11.354834
9.2764435 9.275832 9.279794
2.1950219 2.194606 2.1987138
5.7260747 5.726197 5.730036
12.916475 12.9168415 12.920509
11.225317 11.2195215 11.244559
12.138001 12.138247 12.141938
13.81251 13.812754 13.816445
11.832094 11.832363 11.836056
9.044721 9.045136 9.048804
9.875324 9.875984 9.879505
12.443127 12.443518 12.447234
12.649274 12.649054 12.653137
12.677784 12.677001 12.68128
12.703482 12.702773 12.706856
11.473372 11.473275 11.476698
8.179251 8.179495 8.182772
9.261773 9.262531 9.266223
7.551274 7.5523744 7.5566287
9.789476 9.790723 9.794636
11.615776 11.617072 11.619884
12.25566 12.257078 12.257689
15.705756 15.707101 15.705511
10.530441 10.561959 10.561519
21.623405 19.162796 19.39706
9.18062 9.180963 9.17216
0.045136683 0.045210034 0.035405155
0.89737886 0.89752555 0.8873539
2.539733 3.721869 3.6965623
