0.3959145 0.41359505 0.4112726
0.4185646 0.4391669 0.4365448
37.388374 36.17895 32.957623
108.5021 118.47101 112.78931
104.10031 104.9553 98.34115
27.474453 28.957197 27.290655
35.357357 38.50402 35.837654
34.664368 38.53561 36.578316
29.46896 33.847916 32.44316
78.631256 88.091995 86.692665
101.99396 103.12272 104.1579
104.69092 112.27205 113.62961
67.42443 65.11066 62.498676
39.112103 39.396416 39.05811
20.202452 24.112226 19.337204
32.339302 32.385975 30.114449
58.117496 57.26336 56.60254
31.160973 33.766132 24.935646
0.8526371 0.86037856 0.8669713
9.993307 9.520303 8.526221
13.318674 12.711692 11.593272
50.98117 48.085007 46.5237
40.02657 35.224426 30.761063
1.3511637 1.3867745 1.3842523
69.343445 79.72056 94.24658
45.114025 55.776997 69.48232
42.91317 51.256844 67.75637
33.11225 50.830338 74.737114
36.69114 51.258217 66.283966
21.34657 29.679752 55.93859
88.89599 66.66939 90.408424
8.974353 22.726051 31.450804
23.917715 40.931725 57.288933
19.114498 31.224253 41.277096
15.403781 23.379982 21.770952
1.1204925 1.2084457 1.3241185
119.91904 138.61163 109.74912
115.420265 121.96931 118.4526
97.2695 97.13298 92.616875
107.715416 104.70287 101.27063
98.687546 97.895515 92.8658
82.60713 80.49116 71.46736
93.06323 92.7539 87.98015
111.47016 112.66252 106.2061
59.20073 55.922787 55.596268
95.162674 104.28823 95.9572
132.29465 140.78287 138.93837
130.78384 137.92726 137.08743
60.249302 60.258465 51.436993
131.9131 139.32799 138.5528
122.49388 141.91817 122.41866
89.59522 102.10556 93.059456
72.2946 92.08159 66.05519
74.76414 91.53901 72.83893
96.84784 114.159424 105.443214
82.4534 96.53424 80.2741
111.891846 119.650955 120.42091
82.06777 93.848114 86.98759
76.2763 109.16797 75.45747
96.44386 122.11892 94.69549
34.52827 51.482967 45.05901
51.000824 47.779144 46.033813
38.130505 49.4082 50.71916
35.777893 45.87189 45.125935
35.951305 43.29997 43.53726
38.092 42.705425 47.582535
47.68335 58.68392 66.63375
24.773825 36.962193 49.35259
48.50512 53.885403 59.92271
31.064129 38.184372 46.944736
30.91789 49.503323 68.56393
23.005394 40.198357 59.520504
24.821796 39.67021 58.053764
28.16854 40.63815 57.275448
30.455399 41.2718 52.715363
62.224426 75.88155 107.860725
23.29043 32.352062 49.620117
66.79098 77.17076 101.64916
45.582607 58.251297 82.574295
37.29088 51.686047 68.85696
30.820047 37.484318 52.306236
29.692863 41.4299 61.03691
27.461992 38.509888 57.484444
77.59944 103.592224 137.75093
17.026846 38.92838 47.37209
14.362751 30.019579 41.121643
38.630207 48.927578 79.814705
28.07644 33.91392 51.81433
29.223604 37.31553 61.908176
12.091849 23.115324 31.898712
18.202253 25.34909 33.71811
9.587479 18.512686 24.402906
15.261188 16.603811 19.846668
13.4886875 15.461018 17.757292
10.680252 14.719758 14.716087
17.242609 22.898163 27.81253
13.301369 15.127859 17.884478
38.625088 40.376835 38.184372
16.967236 19.991783 20.276445
16.125013 18.140072 21.475977
26.871817 27.277494 24.392069
26.305414 27.65393 25.415342
30.93697 26.295376 24.201729
13.093572 18.346119 18.30911
18.480322 25.005493 29.892818
11.86812 16.047823 16.999352
16.7729 20.96726 29.126585
35.032116 41.71584 46.107582
12.387149 15.121991 18.180727
22.429577 28.838303 38.07117
12.505644 17.18727 14.727425
67.367874 72.247475 79.42306
25.103361 26.482294 36.78726
36.320324 35.66357 44.443962
35.80037 32.511288 33.955574
31.581985 26.812706 23.450853
37.56915 40.591747 42.492683
15.777494 17.836779 12.161323
75.710815 69.64699 54.610554
83.78421 70.81953 56.51718
65.435 49.881405 39.40071
50.777668 38.83146 28.515308
106.08258 83.097694 68.41862
69.690216 49.999725 36.402157
77.2783 49.606556 33.767857
104.59028 79.42476 53.842373
124.53421 89.06441 67.55444
31.469034 24.156677 16.117395
24.632854 23.232868 17.53611
24.414045 21.988163 17.523748
46.812557 37.63463 27.163994
53.19861 37.747803 32.57809
16.570698 26.46806 31.024698
19.230446 35.928528 42.41624
17.75477 29.07287 33.620342
15.017631 21.964664 22.690266
10.935321 19.872116 24.559284
78.467285 69.50759 68.856255
75.98884 66.40463 69.60411
21.815853 21.424433 23.819199
60.332085 54.63685 54.694912
11.485216 21.102238 23.765558
18.59964 24.501997 24.165443
12.992258 17.826366 20.48217
12.507042 17.46344 19.881355
12.596943 17.651184 20.093798
11.430326 20.846918 34.596867
33.005817 42.039505 46.084606
22.061932 28.860329 34.08668
28.04962 32.68647 32.97865
27.473753 33.163647 35.305763
17.499226 21.726202 21.87801
21.86837 31.0229 34.760963
72.259636 83.29091 89.700455
25.28531 31.651333 36.74488
29.8854 36.939617 40.477573
29.419538 36.228897 38.98419
39.8649 50.924183 58.09692
102.35152 114.66676 132.38203
32.011414 36.342922 41.81091
49.687443 57.237713 64.58538
79.03314 95.01126 115.95895
23.36867 26.590027 33.027546
33.51868 39.494606 49.055862
28.861801 33.891045 42.675083
12.332109 16.907501 31.975826
25.244781 34.643017 41.396465
20.44893 21.767605 27.91889
24.902906 29.307112 35.530365
17.076666 24.778994 28.18235
60.517033 64.09454 66.81196
27.412895 50.359978 64.29258
25.884703 33.59964 42.8175
21.120592 26.947632 35.366547
46.21082 44.697285 45.00894
14.058886 20.072845 23.722929
13.809934 16.86023 20.45882
15.4364195 17.715714 22.95068
26.586355 30.89514 39.720684
18.275272 22.88495 27.639421
19.388971 24.660223 30.411572
8.853111 22.188892 30.961767
12.450404 24.979473 36.03219
7.355434 20.787758 31.702353
11.479223 20.985367 26.833282
17.288782 28.301394 37.20425
3.764509 12.156003 15.039407
8.503121 20.618145 25.83111
13.1014385 43.076416 59.524998
8.996928 22.61365 29.086954
8.5704975 20.557837 26.044626
8.183023 15.895815 21.633278
8.195959 13.448482 17.521952
10.288558 20.111752 23.245205
19.561308 24.53124 25.304914
32.01306 31.984543 26.507193
16.199331 21.784512 20.224653
20.632454 28.598467 25.02767
107.46801 102.211296 97.09764
32.664394 43.795326 54.134727
25.757391 39.363 49.4573
20.380457 24.028044 28.038532
21.96766 30.21349 34.37339
29.778318 46.144516 53.91267
20.441988 25.214365 27.128359
11.96344 26.675007 30.860004
205.07497 183.49046 172.28667
90.81111 67.97985 57.184624
12.807587 18.49643 25.390396
98.4308 148.02327 165.25592
15.03214 19.798597 20.54118
18.758217 28.720232 38.19321
11.269079 17.140745 18.482594
19.815279 32.069897 42.808235
32.2054 25.778318 26.535736
20.818924 22.990635 24.920214
57.23786 54.982418 53.43909
68.37681 67.01311 62.4322
107.19424 105.929474 99.61305
34.907852 36.279892 40.193012
36.97505 40.990784 40.253296
14.412821 19.238987 27.679502
25.589577 29.886625 34.457745
43.33603 42.49578 41.627087
50.30229 48.989212 46.061607
67.95048 61.611576 58.357555
78.380035 71.25924 66.31695
67.70965 64.19618 57.056213
26.360254 25.008242 25.006618
27.36455 30.878208 31.376036
30.08276 34.28119 36.09969
25.344221 27.784388 25.310333
29.591024 30.855583 27.09702
28.600315 27.984392 26.005295
27.11762 35.45445 37.181126
61.24386 44.075718 36.400185
61.876984 56.186146 61.180176
154.14467 133.31728 129.254
85.603615 63.576042 52.291756
82.59385 59.509914 47.331684
45.48067 23.55359 15.404605
138.90343 120.57639 102.59709
86.61712 56.432648 40.61128
152.60709 137.10524 134.5051
97.7316 77.34138 64.40356
104.98419 82.02652 68.56967
104.439545 78.23462 61.17386
113.48806 82.45563 63.264458
79.78344 54.651432 40.133354
94.646736 92.09554 89.55102
167.93669 153.26993 143.87923
100.210594 63.530193 39.822346
53.555138 109.76306 139.60516
74.679 103.993484 114.116196
17.768755 46.216763 65.482346
33.413746 65.482796 87.117195
24.884077 51.07864 64.47088
28.938568 39.407528 56.57824
23.414145 49.29108 62.708397
22.57212 25.76773 35.77787
21.249575 23.64614 33.60551
35.732944 47.68612 67.085884
8.867471 12.360279 19.987514
16.721981 20.98669 32.084732
34.43397 42.550144 58.670937
30.23614 44.93632 40.482246
24.202902 37.18275 55.603035
24.500624 27.711367 29.238487
46.11677 51.25719 49.82522
4.69988 7.3068376 6.4589953
20.739737 22.16212 20.508291
12.430751 17.416267 18.311407
18.417866 20.797623 18.454525
61.473705 62.222004 57.08171
56.92718 58.87234 54.562557
68.000626 69.94469 64.89614
47.916317 46.310482 43.783062
27.587803 33.77607 35.973053
43.625538 43.256294 43.347042
26.027945 31.991035 33.33738
24.27777 28.750874 27.465714
147.56944 151.10977 136.25322
88.0455 71.81306 58.053967
70.80821 50.789383 37.48936
59.930252 46.136898 34.477325
80.52974 61.45275 48.653408
70.22862 56.153206 46.228024
58.66257 43.153355 36.325016
38.181976 28.462366 23.600964
38.65748 38.373913 32.64724
21.465063 36.967987 42.752247
13.098967 35.21459 43.99171
14.320248 12.015133 10.406303
99.90605 77.623886 62.37711
50.96344 38.287132 31.741709
87.219185 66.512215 54.75662
15.22218 17.121416 14.966312
29.232645 45.181427 25.784863
68.67443 48.327713 34.90965
92.250496 83.74523 73.81757
184.691 185.01715 188.52133
58.40583 43.53451 36.18542
22.770027 19.315628 18.114874
67.71703 52.050842 42.76054
31.78511 18.50904 15.224877
105.14175 81.958374 72.19524
186.71439 168.91222 168.60867
152.9199 127.996925 131.26353
114.35458 85.74853 80.86704
128.96803 102.430725 94.56051
15.814005 22.162895 26.224428
11.283788 15.055789 15.844971
17.195011 20.408075 23.253845
16.548622 21.475403 21.63213
26.313406 29.203825 25.93979
44.175182 42.22575 39.64499
47.165466 44.411346 42.379284
75.67251 70.180954 65.59717
15.480072 22.39891 23.50919
10.593797 24.167141 30.296074
7.721182 15.349066 23.235266
14.087829 29.098766 39.225403
23.318924 54.795975 64.079185
12.150584 36.298145 42.751072
10.424683 30.513386 35.318375
13.284886 16.54947 20.041105
205.48175 205.37427 208.15393
20.150833 21.12751 20.887299
19.295076 22.027445 22.898438
28.387974 25.819899 31.453402
13.619268 18.309685 20.919788
21.848316 22.728699 23.720182
20.036959 31.662546 38.53576
39.221107 29.15955 25.15985
82.92743 62.34954 53.213017
23.740934 31.734667 33.673134
20.144167 38.260563 47.429752
14.186245 21.335232 26.17743
16.230371 24.833458 33.220608
15.789981 23.814054 31.640646
13.851963 20.78179 27.247553
16.30791 19.215063 16.346394
66.768654 57.291306 46.32402
16.668116 25.784962 27.865198
34.972404 31.880457 21.910873
48.64057 39.70018 31.823645
17.270903 18.847918 18.33206
5.1716113 6.5346117 7.865698
4.2249775 8.5659275 7.9814453
4.357806 7.5594845 7.070797
101.675804 74.169716 58.14479
26.157303 21.348167 10.73212
53.169514 41.814777 32.224854
52.735714 37.03806 26.968685
59.05951 40.91397 28.93315
64.55619 50.297997 40.860554
77.55035 59.00135 47.31648
42.972855 36.742634 35.80584
10.589002 17.474802 13.171936
10.129857 16.746628 15.535011
58.92528 40.80042 29.735416
61.846844 43.095547 32.632156
11.395715 18.943388 20.089077
17.83653 22.327364 26.3185
93.5885 59.302666 48.198807
79.9108 50.045776 30.991335
34.731895 25.67296 15.269729
27.783663 24.338327 15.341649
9.424583 12.994956 14.524448
100.46556 89.35306 80.0184
15.128259 27.229174 32.10903
22.541155 25.112751 22.675133
66.77599 54.53766 49.988163
32.276344 30.689217 22.148237
38.133453 32.779095 21.399734
42.556538 38.24683 30.297123
41.91864 37.753696 30.040905
36.093323 35.765358 28.37279
38.962368 38.120342 30.639048
46.355457 39.379757 31.594347
76.15975 55.925533 40.33883
84.05379 63.145016 46.255993
74.51788 55.699158 40.406803
9.15026 18.322395 17.29972
16.26381 23.545225 25.025572
43.08321 34.852238 27.721281
29.90298 22.580585 25.320374
1.2623115 3.3796823 4.605434
5.644616 18.761162 19.950304
14.175557 26.64409 29.066502
25.406353 38.891792 44.584156
15.241409 28.615448 34.789333
101.511986 74.62484 80.86372
59.542053 45.536137 40.608482
147.01656 107.87963 109.15211
10.060858 23.742508 31.170813
12.655779 18.006893 19.479797
25.032265 28.180077 30.258242
17.382105 20.22725 22.839003
29.279716 27.724977 29.610554
14.928728 19.060858 21.19124
22.163795 25.33543 27.426031
18.492233 18.975527 19.154505
26.0236 32.559433 36.835957
25.208197 26.231596 26.048897
14.8862505 20.721556 21.361727
15.027994 16.72233 16.705074
15.145914 22.244356 27.066128
115.422386 107.93175 115.91307
83.34799 69.02517 57.014435
101.62129 74.523125 56.735416
78.59417 55.818073 41.79732
123.3903 100.898964 81.948135
111.70762 92.17623 75.44394
111.19202 91.34612 74.173134
92.10945 73.708694 56.359554
66.32227 55.78696 46.47143
81.717636 68.6827 56.667965
34.896313 41.853386 35.130657
24.733269 34.154453 29.741959
115.932846 115.462166 95.00984
79.38767 75.9055 60.60833
79.558586 73.6343 59.635826
55.71279 51.65845 40.35768
55.13575 46.534264 33.644093
87.20618 68.9066 56.26109
59.354435 54.480995 42.82819
94.34544 82.4316 66.784386
129.30963 111.790504 90.934074
151.69383 132.21149 110.05669
144.13307 122.63977 101.246254
122.06857 99.7705 82.11245
88.387024 82.19861 75.73849
125.79905 109.99378 90.28017
73.48372 62.657078 49.454723
12.07277 18.048021 19.075218
15.831086 22.46876 24.28099
58.535736 51.052094 50.489986
66.294205 53.194885 42.30042
9.074893 11.979098 9.743157
25.720432 26.805315 25.689142
22.985617 22.882055 22.117895
6.5410047 17.023224 19.716587
5.7622366 13.630232 14.214689
4.1641946 10.683923 13.397813
9.141319 20.438492 28.267906
4.5889273 28.154255 34.659824
23.49156 29.299397 27.334032
27.019203 29.47258 27.683872
18.346718 20.442913 24.793152
27.149885 30.859005 30.971706
19.628584 23.683773 25.055164
19.14102 23.602013 25.299046
15.526695 19.629084 22.379309
6.784662 11.294227 13.525422
17.457397 25.997652 35.245853
9.2398615 13.054565 17.791405
15.996979 24.798222 31.155254
26.04625 35.953926 38.655056
65.14124 59.252647 63.97413
29.216387 35.583683 36.356884
17.885101 17.931051 18.937494
24.734667 26.519255 30.707321
27.046623 25.015783 23.868244
30.223804 28.90091 28.54952
19.882528 21.560108 14.991634
22.58713 27.269878 22.244905
94.12756 90.46916 90.59427
39.477776 44.665817 53.867546
29.00834 26.443663 30.688942
49.741234 43.089226 38.62314
18.552742 27.69561 20.637175
6.9187646 19.49101 12.871266
14.398137 34.921635 34.498726
9.74036 24.893467 26.977524
7.0467734 16.896664 16.694536
14.844946 25.875711 26.255194
78.11984 70.59187 61.100315
5.9030814 15.3182 14.793552
1.8485166 9.883378 9.648961
14.784886 18.055538 17.53209
7.0228996 17.342148 18.683723
19.438093 26.405254 20.863
36.97855 32.964138 32.976227
23.274374 34.64419 36.35551
36.46037 37.058487 30.89479
24.275522 29.627384 22.193663
95.8177 76.700455 68.84654
143.59238 116.08691 105.91729
177.82324 142.74419 130.29605
35.83523 34.984966 34.36927
11.528594 18.266731 18.781015
18.26019 18.04962 15.307386
13.546574 21.535786 20.79193
33.233818 30.852812 27.877235
19.271801 24.303492 19.122066
45.945934 47.81755 44.65241
5.452952 10.325717 12.735866
25.64142 21.303192 22.068998
20.745255 24.334982 22.49498
31.191639 60.20787 66.17711
95.7287 59.08281 62.57312
120.45163 84.216934 54.67643
13.673385 61.048473 71.253624
13.237638 46.243458 58.16272
14.878758 17.406128 16.166142
16.8191 20.592123 20.849365
18.143143 25.260914 25.933023
15.959869 17.798546 16.87686
19.96846 24.461517 24.013062
18.01351 26.566378 28.401459
19.669388 38.98127 42.095345
20.134327 41.39324 44.437096
20.141869 40.404903 43.562557
6.5958695 23.939642 31.946009
28.678555 29.459095 32.363274
71.97413 42.636974 22.288982
122.755196 109.66719 104.289635
52.549297 48.87951 49.1576
48.320023 44.745678 45.30529
72.991936 68.56171 70.435394
146.6748 132.31148 121.09605
153.41931 139.09262 127.12219
153.65189 138.90965 126.85898
0.9784487 0.9785236 1.0104135
0.8013185 0.8406003 0.86007893
1.1215163 1.1616971 1.1808511
1.6040856 1.6265857 1.6615722
1.2116421 1.2528468 1.2719009
1.320922 1.362701 1.3816302
1.1250625 1.1621966 1.1990811
0.873639 0.9152682 0.9341724
0.8744381 0.91596746 0.93492156
6.5477724 6.5879784 6.62289
8.422535 8.464864 8.483593
8.850215 8.893393 8.911722
8.549695 8.595719 8.629008
7.697133 7.741809 7.75934
14.1037855 14.149236 14.1664915
12.138423 12.188268 12.22278
8.044901 8.091424 8.10888
0.6596993 0.70659775 0.7244531
0.6607232 0.7077964 0.7256518
0.6651434 0.7122915 0.72725004
0.73167014 0.7867845 0.8244181
0.79270303 0.8559085 0.9158426
0.879957 0.9549246 1.0484717
0.9605434 1.0468484 1.1740335
1.0097393 1.103661 1.2533463
1.076366 1.1808261 1.3650734
1.1349765 1.2502997 1.4689591
1.1708121 1.2937769 1.535361
1.2213315 1.3558335 1.631855
1.269953 1.4157426 1.7258266
1.3017681 1.4553741 1.7880082
1.2896314 1.442638 1.7761712
1.2775947 1.429952 1.7643592
1.2698032 1.4216362 1.7566427
1.2585406 1.4094247 1.74538
1.2479023 1.3979123 1.7346419
1.2411847 1.3906204 1.7277994
1.2316952 1.3802317 1.7179602
1.2232045 1.3707671 1.7088703
1.218135 1.3650484 1.7032764
1.211742 1.3577065 1.6960094
1.2072221 1.3523124 1.6904905
1.2053242 1.3499151 1.6879932
1.2037259 1.3477424 1.6855708
1.2026521 1.346294 1.6838228
1.2020028 1.345445 1.682749
1.2010539 1.3442214 1.6812006
1.2002047 1.3430727 1.6797273
1.1997054 1.3423234 1.6787783
1.1989561 1.3411996 1.6773549
1.198207 1.340076 1.6759315
1.1977075 1.3393267 1.6749825
1.1969583 1.338203 1.6735591
1.1961842 1.3371042 1.6721356
1.1956098 1.336305 1.6711118
1.194561 1.3349565 1.6693387
1.1932374 1.3332834 1.6671911
1.1921387 1.3319349 1.665543
1.1901658 1.3295375 1.662696
1.1877934 1.3266907 1.6593996
1.1860703 1.3246179 1.6570023
1.1832734 1.3212217 1.6530817
1.1794276 1.3166267 1.6480871
1.1764809 1.3130556 1.6443661
1.1595994 1.2951254 1.6263859
1.147363 1.2817401 1.6131755
1.1333034 1.2668815 1.5985416
1.1115023 1.2439317 1.5759165
1.0923734 1.2237539 1.5559634
1.0847318 1.2154131 1.5477475
1.0620317 1.1917391 1.5240985
1.0382329 1.1670163 1.4992758
1.0235491 1.151808 1.4838427
0.0016643621 0.0016643621 0.0016643621
0.002867824 0.003047063 0.0033287243
37.784092 36.534695 33.263252
109.47083 119.46354 113.61684
104.38139 105.165306 98.41304
27.17504 28.629078 26.980028
34.433018 37.534313 34.914555
33.7316 37.580425 35.656372
28.6395 32.971756 31.63571
78.53892 88.0094 86.55464
102.51016 103.543785 104.55198
105.17867 112.81185 114.19724
67.58491 65.238846 62.60542
38.881012 39.124573 38.794567
19.699621 23.62534 18.814129
32.12232 32.12649 29.849005
58.200157 57.31669 56.66833
30.971886 33.541454 24.623522
0.33617556 0.30995545 0.32045373
9.64672 9.133815 8.121448
13.016029 12.371127 11.228837
50.70464 47.77073 46.17665
39.907154 35.01705 30.519562
0.82470423 0.8249091 0.8250883
69.43437 79.78463 94.30798
44.359478 55.016056 68.7949
42.903236 51.209503 67.787704
32.943718 50.76791 74.869774
36.77562 51.48164 66.87689
21.081604 29.484995 56.080658
89.55049 67.06168 91.06038
8.474318 22.275747 31.057049
23.791647 41.06276 57.6088
18.714447 30.904568 41.029625
14.983587 23.02312 21.427357
0.5626056 0.6066472 0.72097605
119.99513 138.70984 109.42946
116.99306 123.67606 120.03918
97.55485 97.284935 92.764915
107.97291 104.829956 101.34711
98.81346 97.81912 92.77677
82.56878 80.30844 71.186226
93.40257 93.03731 88.18062
112.11822 113.306755 106.7241
59.217648 55.87753 55.54481
95.982155 105.314766 96.764915
134.21317 142.79953 140.87723
132.81041 140.03146 139.14664
60.108234 59.972935 51.09548
133.80478 141.29941 140.49245
122.65939 142.13266 122.381676
89.675964 102.14383 93.098015
72.70556 92.79265 66.17402
75.04138 92.0623 72.87044
97.22774 114.57464 105.77026
82.71737 97.00742 80.309494
112.47798 120.31226 121.04179
82.584755 94.48635 87.41809
76.273186 109.44577 75.27528
97.03808 122.91742 95.02077
34.36895 51.402775 44.890945
50.7168 47.37507 45.64339
38.04184 49.3362 50.64239
35.672276 45.808495 44.981976
35.737362 43.114483 43.337685
38.116863 42.74174 47.61374
47.495827 58.550903 66.52379
24.384724 36.582935 48.980156
48.02256 53.392944 59.478004
30.797382 37.913094 46.711246
30.746275 49.419754 68.722
22.721617 40.01521 59.571823
24.585241 39.521408 58.10373
27.989092 40.501663 57.34447
30.405516 41.263634 52.79938
62.295155 75.99526 108.22751
22.827751 31.86191 49.255875
66.587364 76.978516 101.61684
45.55326 58.26251 82.75493
37.347187 51.896988 69.297104
30.614815 37.292007 52.26097
29.255901 41.01398 60.704357
26.969862 38.03421 57.08145
78.029625 104.22425 138.71788
16.55472 38.55636 47.00215
13.658242 29.351257 40.432323
38.264378 48.57039 79.66029
27.250217 32.98118 50.840504
28.540302 36.571644 61.192783
11.614738 22.661469 31.437088
17.7759 24.946228 33.373558
9.105137 18.05052 23.969017
14.772546 16.056845 19.29774
13.010242 14.936677 17.236135
10.120013 14.095586 14.052389
16.77439 22.43025 27.359425
12.804169 14.588518 17.34268
38.35041 40.059048 37.839993
16.473806 19.460543 19.756721
15.6447735 17.617428 20.979183
26.491474 26.876019 23.941261
25.860628 27.244968 24.95665
30.705433 25.940876 23.787142
12.587238 17.820429 17.754597
17.923695 24.42646 29.218288
11.355661 15.495007 16.424208
16.29664 20.46492 28.64923
34.806347 41.495213 45.881165
11.899677 14.606903 17.67545
21.8858 28.260843 37.37279
12.023403 16.684616 14.187356
67.56281 72.44579 79.637245
24.736544 26.059124 36.317944
36.222668 35.464664 44.16582
35.628796 32.243816 33.65722
31.264864 26.41581 22.987478
37.375122 40.38275 42.271675
15.328596 17.362627 11.612921
75.72374 69.57014 54.34578
84.071846 70.93327 56.47703
65.58468 49.87215 39.278103
50.455345 38.46374 28.082348
106.7759 83.50499 68.611534
69.92344 49.988297 36.20815
77.3933 49.42019 33.40416
104.8773 79.536644 53.67916
125.13154 89.297615 67.53995
31.112152 23.716162 15.585421
24.105597 22.642214 16.887207
24.016054 21.558662 17.033134
46.804756 37.462822 26.85305
52.93373 37.369743 32.150383
16.167997 26.141445 30.71583
18.88101 35.77188 42.304554
17.321709 28.665565 33.19962
14.544349 21.507067 22.200518
10.447381 19.422134 24.11013
78.78653 69.72876 69.05336
76.34988 66.622086 69.87374
21.538254 21.066114 23.469452
60.498337 54.70482 54.72387
11.014134 20.669714 23.32222
18.203642 24.10739 23.756287
12.550136 17.397963 20.033901
12.059302 17.029703 19.421776
12.146439 17.209888 19.632586
10.961361 20.416296 34.246864
32.817226 41.868874 45.928383
21.727634 28.49114 33.662212
27.66083 32.28051 32.54527
27.064474 32.750526 34.883545
17.048061 21.260843 21.378347
21.50827 30.731321 34.526424
72.37535 83.42267 89.841934
24.976725 31.346598 36.467815
29.595842 36.669098 40.23772
29.218645 36.021458 38.76238
39.9313 51.04348 58.242817
103.14649 115.56429 133.38127
31.63292 35.954014 41.429253
49.56176 57.112026 64.464615
79.28 95.33917 116.44254
23.104368 26.306217 32.771317
33.315357 39.33098 49.035156
28.689148 33.74172 42.601757
11.9513235 16.528576 31.725252
24.864418 34.353176 41.143776
19.842628 21.092257 27.232525
24.533415 28.889769 35.10634
16.577303 24.202642 27.556717
60.598812 64.12127 66.80621
27.068571 50.181747 64.20794
25.560507 33.35021 42.658806
20.779408 26.591488 35.03326
46.05331 44.43578 44.682568
13.590439 19.60803 23.235085
13.351001 16.385645 19.970963
14.948097 17.185999 22.422287
26.29408 30.591822 39.466686
17.827827 22.423336 27.186588
18.964972 24.241537 30.015953
8.3467 21.726532 30.541147
11.970912 24.56537 35.714523
6.842884 20.331207 31.308266
10.983766 20.514954 26.392277
16.765606 27.778563 36.69555
3.2101705 11.603011 14.464844
7.9880676 20.145159 25.362804
12.655426 42.780098 59.221256
8.4846115 22.152071 28.643469
8.055129 20.086752 25.599274
7.6514316 15.315077 21.01147
7.6564503 12.89681 16.93591
9.731884 19.562555 22.621395
19.040022 24.004608 24.718569
31.884007 31.79367 26.19391
15.751959 21.345036 19.75475
20.190992 28.16024 24.514671
108.27372 102.91842 97.695625
32.3488 43.536232 53.923748
25.468428 39.11858 49.28481
19.926077 23.542044 27.534235
21.562683 29.825523 33.984253
29.535053 45.937447 53.699955
19.982025 24.746992 26.654785
11.482639 26.258566 30.461412
205.90332 184.06396 172.74095
90.63284 67.54952 56.64188
12.341066 18.032263 24.953321
98.8236 148.87184 166.20656
14.501562 19.20359 19.89297
18.295002 28.309494 37.835484
10.756568 16.619398 17.940979
19.349413 31.630384 42.403008
31.807676 25.221565 25.922518
20.44208 22.58204 24.496058
56.938904 54.576252 53.00269
68.60422 67.1448 62.448326
107.78136 106.43125 100.021996
34.58232 35.906822 39.82148
36.608055 40.568394 39.772034
13.987171 18.794233 27.291674
25.251728 29.548727 34.13256
43.278076 42.384315 41.50333
50.10424 48.667538 45.680134
68.064064 61.56071 58.240284
78.735954 71.435165 66.42799
67.63279 63.98707 56.78609
26.006222 24.574102 24.53695
27.01603 30.48392 30.98776
29.752625 33.91586 35.72469
25.005863 27.417524 24.884289
29.270548 30.524633 26.698494
28.347364 27.668613 25.618374
26.804758 35.163902 36.865723
61.036182 43.698467 35.95496
61.922157 56.02261 60.92226
155.1248 134.2095 130.09879
86.082146 63.796513 52.38091
82.99288 59.61236 47.28343
45.00192 22.873688 14.70382
139.75163 121.272545 103.129875
86.878296 56.3625 40.402035
153.74072 138.16174 135.51997
97.594536 76.972626 63.910583
104.9734 81.7824 68.22028
104.50384 78.0496 60.845215
113.94236 82.58857 63.220978
79.81623 54.457623 39.82542
94.76325 92.280174 89.75319
169.0247 154.20149 144.70428
100.37894 63.434475 39.521408
53.4428 110.00149 140.0308
74.87399 104.35822 114.51777
17.329979 45.9587 65.34104
32.887974 65.05472 86.81802
24.590235 50.93719 64.39089
28.59538 39.170174 56.504173
23.01398 49.14219 62.648357
22.16193 25.319225 35.366646
20.79774 23.13292 33.128437
35.397884 47.360733 66.88915
8.3323345 11.777001 19.42454
16.27334 20.494316 31.668869
34.146233 42.25846 58.482845
29.789368 44.492958 39.958878
23.80609 36.85981 55.46372
24.064167 27.215445 28.70049
45.976673 51.091618 49.628002
4.127695 6.6841807 5.7991753
20.302761 21.660599 19.969889
11.916014 16.855406 17.741255
17.872023 20.189507 17.809752
61.556767 62.228966 56.9926
57.005634 58.88718 54.51214
68.26443 70.16308 65.01682
47.95396 46.247684 43.65069
27.249372 33.431503 35.63704
43.507042 43.063885 43.176884
25.670662 31.609797 32.949146
23.912813 28.356327 27.021175
148.38657 151.80348 136.89218
88.20989 71.75145 57.837585
70.82749 50.52361 37.093433
59.74758 45.68792 33.92011
80.37031 60.95076 48.005917
69.47232 55.19455 45.229374
58.49273 42.740208 35.857327
37.850105 27.971937 23.057842
38.529984 38.09548 32.234035
21.058329 36.59538 42.413506
12.605777 34.84821 43.6744
13.865545 11.447944 9.793286
100.24881 77.64657 62.25201
50.887875 37.97086 31.342987
87.646614 66.566444 54.66554
14.693988 16.532366 14.338506
28.867697 44.892456 25.280766
68.73109 48.08995 34.526245
92.254875 83.51859 73.49109
185.30138 185.49554 189.00456
58.450813 43.253906 35.76435
22.275824 18.723537 17.500845
67.86893 51.88557 42.390766
31.405977 17.890818 14.573693
105.29856 81.84414 72.0041
187.37485 169.34557 169.04637
153.30284 128.08284 131.38075
114.88196 85.928894 81.017876
129.76376 102.95051 95.00663
15.040738 21.266605 25.282148
10.69893 14.426819 15.20761
16.699545 19.85812 22.688688
15.975214 20.854662 21.001614
25.906412 28.735622 25.422184
43.943413 41.89609 39.311157
47.21291 44.334385 42.197853
75.88068 70.259254 65.60296
14.85118 21.740847 22.806114
9.970733 23.577303 29.725918
7.0251703 14.613279 22.556435
13.476059 28.602295 38.801327
22.57715 54.07692 63.41755
11.543555 35.87804 42.382984
9.810928 30.060097 34.91919
12.644032 15.820633 19.315538
206.49557 206.30658 209.09517
19.561811 20.431608 20.168407
18.619066 21.276821 22.136606
27.855661 25.094484 30.770496
12.981641 17.640831 20.252522
21.194935 22.008526 23.01823
19.378399 31.02494 37.965073
38.839993 28.576893 24.539509
83.10076 62.12941 52.89494
23.123035 31.079275 33.04624
19.503048 37.767986 47.071747
13.442541 20.559942 25.4366
15.507092 24.0825 32.526554
15.059328 23.049444 30.932247
13.104932 19.986813 26.494137
15.574435 18.40572 15.501946
66.70093 56.894455 45.746044
15.899857 24.934092 26.958136
34.452988 31.206867 21.163286
48.27718 39.142033 31.21268
16.618015 18.13151 17.612793
4.387873 5.670098 7.019409
3.4259999 7.7348285 7.1341734
3.564731 6.702745 6.2073283
102.013824 74.17017 57.984943
25.72666 20.749935 9.974241
52.707764 41.160137 31.508963
52.385952 36.523376 26.425232
58.6026 40.28407 28.291264
64.76863 50.169662 40.640575
77.66165 58.912174 47.05385
42.706738 36.389896 35.378475
9.901265 16.757336 12.402494
9.403723 15.975982 14.715701
58.942234 40.50289 29.256977
61.779766 42.685204 32.118374
10.631152 18.15924 19.305962
17.160957 21.66928 25.680853
93.80038 59.11607 47.83236
79.97321 49.74397 30.458315
34.24003 25.054155 14.550596
27.307703 23.75964 14.653659
8.741794 12.265376 13.777308
101.04845 89.67053 80.12767
14.562887 26.759232 31.67632
21.952143 24.52092 22.019665
67.01426 54.50297 49.83131
31.868055 30.196524 21.543581
37.589596 32.186844 20.715496
42.21406 37.829468 29.792057
41.585396 37.30199 29.47437
35.655888 35.238823 27.77818
38.63307 37.702335 30.139114
45.839455 38.809467 31.018768
75.798996 55.343216 39.63983
83.83377 62.667587 45.620216
74.14805 55.14001 39.759846
8.613228 17.782122 16.698545
15.70103 22.997772 24.472652
42.873894 34.517464 27.30171
29.808214 22.25818 25.006325
0.58703333 2.6723511 3.8823423
5.029984 18.231422 19.397963
13.787064 26.33958 28.77352
25.3087 38.901676 44.658012
14.849619 28.31057 34.52581
102.51741 75.285835 81.45706
59.061504 44.926025 39.92206
148.1168 108.63878 109.85164
9.497081 23.214985 30.678574
12.12475 17.464716 18.919342
24.80399 27.858889 29.92157
16.907999 19.720566 22.323526
29.152737 27.500435 29.38667
14.446382 18.54732 20.662083
21.708916 24.827137 26.887642
18.054693 18.481564 18.626158
25.628668 32.144875 36.413685
24.830389 25.799944 25.584114
14.407718 20.2611 20.894684
14.619322 16.262354 16.213703
14.648051 21.73447 26.531622
116.8023 109.1533 117.0433
83.40377 68.91978 56.807396
101.88416 74.45857 56.521408
78.77879 55.72671 41.55075
123.993805 101.2439 82.10173
112.1629 92.40163 75.50799
111.49826 91.4365 74.11102
92.52194 73.86649 56.243073
66.33489 55.688354 46.232243
82.05085 68.85835 56.644417
34.671814 41.69583 34.91143
24.358145 33.81354 29.343601
116.27439 115.76784 95.119705
79.76476 76.23475 60.722385
79.68943 73.661674 59.517643
55.52919 51.403774 39.992214
54.90042 46.224434 33.23954
87.320045 68.79656 56.007015
59.08373 54.169277 42.415554
95.05472 82.9093 67.01641
129.79918 112.1151 91.12093
152.54744 132.7933 110.445335
145.1385 123.340096 101.71375
122.64342 100.042175 82.23652
89.26609 83.01649 76.419266
126.68979 110.72776 90.80294
73.18889 62.313335 49.02568
11.788293 17.748117 18.689558
15.677165 22.40106 24.181671
58.989628 51.42769 50.81011
66.40513 53.139217 42.122166
8.772725 11.714677 9.394633
25.719927 26.7706 25.568163
22.925436 22.778818 21.945332
6.319327 16.906206 19.558279
5.518641 13.43975 13.98392
3.894249 10.432888 13.110436
8.94843 20.346699 28.189327
4.333538 28.218466 34.769474
23.453732 29.320122 27.29554
27.048344 29.496851 27.648281
18.185358 20.303349 24.646208
27.123264 30.84652 30.926487
19.426077 23.486198 24.825293
18.925308 23.39238 25.054155
15.383981 19.52023 22.25178
6.549009 11.11269 13.339249
17.237364 25.804424 35.059532
8.95898 12.745096 17.465227
15.780432 24.627823 31.007477
26.039587 36.047062 38.73547
65.481766 59.593357 64.338554
29.209478 35.575436 36.292057
17.860706 17.875275 18.84268
24.84652 26.663134 30.841118
27.04107 24.925694 23.6903
30.21642 28.876556 28.49429
19.731909 21.426102 14.751857
22.417704 27.130768 22.02732
94.24417 90.62429 90.71964
39.677753 44.866673 54.095867
29.044016 26.42454 30.703463
50.409996 43.667744 39.100426
18.399933 27.685257 20.56276
6.6605215 19.292364 12.569596
14.300405 35.03764 34.581707
9.618503 24.958185 27.028193
6.847519 16.810518 16.581783
14.692707 25.903263 26.251114
78.323395 70.733116 61.18477
5.6820555 15.152507 14.585778
1.5685973 9.661213 9.384135
14.765709 18.017488 17.42285
6.7932606 17.195908 18.499386
19.389332 26.359962 20.719772
36.710606 32.728554 32.738953
23.052927 34.498978 36.193092
36.41335 36.965305 30.732883
24.148615 29.533005 22.011497
96.64344 77.30481 69.323654
145.10017 117.19683 106.85164
179.29628 143.96353 131.365
36.038612 35.12183 34.436806
11.270984 18.037487 18.509115
18.073334 17.861807 15.062811
13.33195 21.368004 20.582193
33.06798 30.665873 27.650587
19.106365 24.136606 18.887438
45.853947 47.718903 44.512955
5.1363754 10.014749 12.409894
25.474472 21.070978 21.822836
20.65494 24.26535 22.38754
31.217955 60.603523 66.63333
96.459724 59.49124 62.963383
121.67637 85.09282 55.16933
13.5517235 61.724663 72.08099
13.1324835 46.777256 58.853256
14.634993 17.1596 15.8800125
16.584728 20.342167 20.561556
17.925539 25.092384 25.733984
15.708429 17.537615 16.585266
19.689558 24.09026 23.603088
17.754597 26.339453 28.161213
19.358017 38.769676 41.871433
19.834818 41.215908 44.25001
19.828571 40.20579 43.357838
6.100502 23.382599 31.479542
28.45012 29.244482 32.13735
71.612175 41.790955 21.193937
122.97253 109.73224 104.294464
51.19952 47.53882 47.773186
47.448406 43.822605 44.27562
72.26873 67.791824 69.64416
147.76369 133.24034 121.90418
154.68759 140.1313 128.04645
154.89775 139.9278 127.76343
0.47075844 0.478901 0.48015568
0.42372102 0.42441234 0.4242075
0.7526758 0.75295746 0.75211245
1.1777283 1.1832846 1.1832591
0.84585446 0.84541917 0.843678
0.9568546 0.9559584 0.95383316
0.7207456 0.72599477 0.72417676
0.49388027 0.49313772 0.49152455
0.47969478 0.47918266 0.4779792
6.155784 6.1660523 6.1614175
8.110744 8.111 8.109822
8.541455 8.542019 8.5412
8.109131 8.119015 8.117863
