0.0076258946 0.008364968 0.0076258946
0.027580878 0.038532604 0.017166661
19.660833 18.612692 17.094332
2.188531 2.1994827 2.1781168
10.395673 11.990526 12.41845
167.03856 177.27155 188.09248
142.46512 154.7977 167.5146
66.756714 61.816944 32.968857
85.87285 58.88877 26.57473
90.10683 98.09534 104.46535
4.4135118 4.4244633 4.3904657
1.7199583 1.7309101 1.7095442
149.4124 174.2314 208.27463
34.306145 98.75362 129.60709
116.95609 133.41942 140.54013
123.57624 140.96217 154.15494
97.33009 99.21299 95.49874
73.111435 77.893234 78.43652
93.66809 100.79094 102.92018
108.059395 128.38858 138.95874
80.558 113.838005 138.5493
158.61964 159.84674 156.29408
74.046295 101.33269 120.03574
40.24104 98.65717 144.14912
102.92233 108.08274 108.58948
75.48016 97.0045 102.67743
11.161622 11.641112 11.181644
4.560016 4.8318944 4.592401
75.606445 101.12124 128.93547
53.699432 50.065006 36.156548
53.214195 51.35254 35.614777
63.951794 52.991936 36.350086
69.94319 56.991802 40.5192
92.862366 81.5103 61.297375
63.05879 46.059193 34.155743
63.19199 51.570835 36.2831
78.09652 64.994156 47.872005
54.687775 44.72362 30.482582
51.416164 35.49928 28.266201
62.02244 46.992947 34.20348
79.37723 74.87496 57.475525
61.205864 46.57923 31.502537
76.59455 61.42611 42.705444
79.70027 60.10639 39.735615
65.53442 53.828 37.241947
64.66335 72.28962 75.206635
90.67642 81.720566 66.90359
74.21316 64.99358 50.43471
65.06756 55.749184 41.66443
73.32721 64.511604 49.477745
58.00262 46.450397 35.13555
54.701683 48.0901 34.666744
91.58777 85.79759 67.64356
112.36302 114.911514 100.45366
94.65811 94.8074 74.988884
96.01216 94.06914 74.56328
85.43837 87.64333 72.9566
84.47882 67.65408 54.756508
81.38845 94.003395 100.07579
31.228945 30.180166 17.78204
36.9271 50.623108 52.968487
37.34286 31.832096 20.589344
23.275171 20.367455 15.311553
134.21336 145.20937 147.03958
56.43182 63.660732 69.74176
43.535862 48.74972 56.44603
24.117043 28.813383 35.652065
38.058556 41.345314 43.633015
41.866093 47.995197 52.015587
59.07085 53.147076 46.116505
78.89569 81.51349 76.45057
70.04663 29.220882 28.875769
106.127655 120.33302 124.13014
74.96946 74.70786 70.89455
70.7977 70.37222 70.42668
72.5371 74.47717 73.032455
103.38956 112.85067 108.42309
50.19266 68.110695 71.76558
31.045689 34.28441 36.293278
86.49894 72.002014 69.091446
179.2713 184.89337 180.23529
103.34125 116.37125 115.26798
92.20557 93.2403 84.4856
225.39648 230.10263 228.03299
160.37202 164.71881 159.32117
60.215405 70.78456 65.626434
91.342865 105.91719 105.457085
118.73286 138.20657 136.23369
84.74811 103.85524 107.59566
99.10941 117.29207 121.01303
42.2705 58.43249 63.867638
41.076023 57.35862 63.723755
84.23318 96.12715 95.27611
77.40679 86.01408 88.3093
102.35879 111.935 109.745155
107.24598 123.27225 136.78903
48.121746 64.674 62.8582
37.196392 52.130547 48.857796
83.88551 100.49602 62.533108
43.193974 36.854973 17.921793
84.742935 109.031006 94.2662
51.449993 50.863373 31.91615
38.69073 46.30574 46.28471
34.522995 38.755264 24.094065
45.979576 49.067627 32.388115
30.091713 32.69967 20.854301
40.8888 39.260387 26.897236
35.81429 39.806496 26.030638
21.377296 25.769308 17.990124
20.645245 22.937246 14.226493
62.07048 76.61538 81.086334
54.453724 61.367085 44.436657
44.033794 37.476467 23.939095
59.561428 67.99943 48.009506
41.723454 39.47865 23.219639
62.04522 51.944904 35.386536
51.72708 34.626766 25.120502
67.59519 57.66577 40.9402
100.60238 103.116104 79.84006
67.23287 58.96224 44.6222
58.48191 46.741158 35.32069
66.91712 54.007492 41.719387
81.38304 63.18114 46.136055
78.02385 56.954414 40.796284
103.36712 79.27265 58.9097
65.03944 50.877346 36.663116
67.62905 50.858467 38.15561
67.4675 54.498806 42.82538
66.48866 56.77129 35.384384
78.68035 72.99016 50.30554
66.69812 56.50583 34.804886
63.305943 53.208923 31.90308
65.18937 54.241005 33.119663
50.22115 68.23254 71.45517
21.01841 56.343937 61.028893
80.02808 105.37155 106.61064
42.21181 62.823597 58.628784
54.38123 64.215576 66.27026
19.525448 18.823193 19.482212
43.822453 56.470722 52.97447
78.38348 106.48366 108.80589
48.10233 72.52723 67.61753
78.65062 68.65905 52.669903
86.14345 76.22162 58.996708
84.9355 75.08106 57.815636
84.314575 72.80697 56.851814
80.30893 60.260387 47.474316
15.474653 53.847313 55.64827
39.328148 51.540028 46.257633
42.576176 52.699768 51.08536
38.318035 50.201767 49.033325
39.32882 51.959652 50.549904
48.355427 60.01525 55.924347
53.255013 65.85195 62.32986
89.40404 80.33527 62.65324
68.9529 57.421776 44.351967
91.236534 82.53808 64.73554
83.87795 78.882385 59.557766
78.67138 69.021904 53.47704
32.86999 31.113985 19.589344
36.225315 34.8023 26.64286
64.64397 59.5153 41.90869
40.158463 40.787483 27.762825
51.91598 55.430847 39.90933
50.179695 49.548996 37.90429
81.0216 66.20079 49.17116
91.9566 112.63426 103.17842
97.6871 118.18524 109.508316
11.910203 18.861525 16.941444
30.409313 35.944504 25.74314
46.41163 54.49968 43.05133
21.527296 27.633219 22.113482
47.129204 49.619812 39.515873
143.08835 124.36793 122.595024
101.546715 110.67131 87.54043
66.44314 65.91108 47.390095
85.65005 79.488594 59.394966
9.984412 9.224846 10.4275875
81.226456 85.15037 58.59855
16.25629 19.646723 13.889676
84.23389 81.694695 59.056976
64.466255 60.728157 42.94259
69.84735 60.848892 48.19545
18.693386 32.410286 29.162193
19.1331 32.773136 29.585783
20.361609 34.392548 31.39154
21.225485 34.71025 31.591259
43.4893 65.956696 66.00598
46.23916 59.38818 48.516075
73.128494 64.4077 51.910706
52.652702 43.63493 31.994053
55.860516 49.66775 35.873215
63.752243 92.079216 95.07256
61.51883 72.17009 57.82904
75.37135 82.91648 67.06991
57.082542 62.108578 51.887257
55.555347 65.16458 53.091007
58.93392 81.529884 74.210976
57.208958 64.58921 53.01572
93.24215 106.221954 96.318
102.768 99.89455 81.01861
91.61004 80.591156 60.574463
130.17667 124.41284 97.99318
53.166527 51.399605 37.999294
31.14795 31.094837 21.059193
32.16411 27.962778 19.881311
63.804718 53.38573 36.696377
44.36628 36.239964 27.552322
33.308563 31.505594 21.148453
30.436995 29.01085 18.373198
25.688581 19.45705 12.096617
49.50761 47.04374 34.477776
50.11123 47.849464 34.149395
35.81241 28.679947 21.884537
113.95599 155.01875 173.21265
120.77072 149.79913 168.29005
124.320625 155.07018 172.66574
34.53707 31.307388 23.533073
63.480534 92.980515 111.45067
16.645782 30.407297 48.109047
53.461517 39.00598 35.169888
58.691704 36.174824 30.785501
140.417 107.888435 95.72352
84.346725 61.776093 50.106327
101.03376 66.55864 56.85642
51.569557 41.811165 27.979979
51.19888 46.8884 37.466927
79.37451 61.631 44.79316
48.69147 46.92418 33.525482
107.26274 123.45654 97.95495
39.658882 36.74761 20.279942
33.766083 33.781033 21.987705
37.92149 37.61773 23.852589
40.294285 38.131588 22.11469
30.499546 29.637484 18.439077
37.052574 32.396782 16.94131
28.265831 26.39507 16.21497
28.066248 26.467094 16.013874
41.2958 38.41543 22.959854
41.88625 38.56586 21.57416
24.85111 22.9957 13.996775
33.086876 27.12282 15.04206
43.78419 40.350857 23.909834
51.185272 87.42896 96.158
145.09846 124.31367 124.587395
144.97205 124.14304 124.443985
143.99947 122.601166 122.94511
44.010044 40.451473 32.157455
60.925053 62.91736 50.060604
4.7588606 8.748379 18.571774
6.225182 11.41714 21.781603
8.311956 16.195585 27.5535
8.154736 15.676017 27.163301
27.665771 61.442604 89.651024
30.089294 66.76034 98.390434
16.944334 34.690464 50.493534
71.23368 77.492325 59.539154
59.156113 61.758022 45.316425
60.006718 62.065643 45.53499
16.155037 20.088655 22.43948
28.936138 41.678368 45.60967
12.470152 24.314745 30.669197
29.815937 58.576107 77.188225
19.62341 36.32452 56.173683
36.340946 41.583565 27.24984
43.961468 46.67306 26.045923
42.25619 40.733967 26.458158
38.804886 42.500553 31.610542
34.665974 38.52978 27.21376
30.37733 27.102295 17.62408
53.22236 56.004066 41.815098
49.949406 51.664764 36.270466
32.654182 31.994827 22.688547
42.704338 44.97803 30.006147
15.704807 17.91578 21.066349
28.458897 30.407095 20.76988
29.967918 29.354452 21.252596
43.349648 59.07078 68.42591
33.39453 42.99842 49.938118
45.069305 68.19021 70.05154
43.652634 57.713943 63.407097
17.522188 25.935534 31.854773
8.610777 21.807673 38.073437
18.765345 28.976013 37.895824
12.159976 12.272114 22.8455
12.547519 16.887224 23.49612
32.37397 60.65784 73.99395
63.123627 98.948906 109.64992
42.861694 60.967884 74.0899
27.857056 40.80895 53.65203
32.309032 70.076225 90.783585
27.297747 55.24833 70.113716
28.33275 39.448586 52.723587
60.919106 117.14553 150.9357
47.32173 98.87718 139.73152
57.46219 18.508718 22.292236
86.3862 18.68445 22.775288
78.67726 22.760708 26.580677
24.918634 38.362785 54.29835
38.777977 49.713474 46.77482
26.120771 30.1715 22.720495
32.059933 33.312897 22.605167
26.175295 28.056808 19.794504
28.77391 30.767494 21.6354
28.052912 29.226862 21.82961
43.725937 48.278496 36.212418
46.532738 45.056137 36.34498
29.83989 31.19918 21.99214
38.76783 38.267445 26.245674
30.538448 30.339907 20.0899
31.851547 31.607922 21.007692
38.197468 36.962543 28.86317
31.406557 30.45668 23.079752
30.679478 30.340176 20.281319
35.516075 34.997616 24.81362
33.46938 31.958445 21.935566
25.825243 26.879868 20.784122
30.785233 32.882553 25.003359
37.053314 32.573822 22.957907
22.380926 31.477743 47.36023
32.86055 37.56294 29.449862
32.661907 33.1203 24.99523
25.518393 25.725098 18.482582
24.365774 24.53173 17.53687
29.905466 29.783619 22.11301
26.861088 26.64884 19.320759
26.174992 26.086136 18.878658
31.289314 30.765512 23.372963
29.26452 27.691671 21.095037
31.457687 30.5408 23.034939
28.217993 35.04868 28.58548
28.249437 30.904694 22.892902
24.60614 25.264656 21.015285
37.11375 43.934357 39.284477
23.929989 23.260725 19.535593
23.963013 31.070515 25.927235
25.24386 33.44969 28.017805
20.75147 27.435146 22.956596
26.755836 22.912756 19.292103
17.798704 21.434038 18.058084
18.757751 21.518158 21.64343
16.044647 18.997715 15.237041
24.346088 26.75829 24.730137
24.998152 30.975409 30.657742
19.100481 23.642456 24.678335
18.898243 21.915712 17.605335
8.633017 21.092619 27.423489
5.1557765 15.223368 21.166897
28.62183 48.545807 61.71186
27.675446 35.72379 33.964222
9.869554 31.100582 47.119026
10.3584175 24.152988 31.317163
9.628481 18.56838 28.708872
17.225014 33.064133 43.95915
29.309235 42.177746 48.359257
11.189673 22.403467 22.444284
22.070044 45.146236 53.194946
8.570094 22.169046 28.674875
9.606947 25.663116 31.292135
6.2740617 32.979877 50.282627
7.384419 0.73161554 13.063896
15.942756 25.982027 28.501797
17.838848 36.002117 38.024895
11.077703 13.42154 10.706521
10.277153 14.448181 9.242685
9.219504 12.358316 9.611785
23.245237 61.55501 58.4633
45.049786 109.98018 116.77022
21.989586 26.27937 23.891087
28.433802 95.11459 102.18497
31.348003 89.265526 95.75997
20.981625 32.129 28.617496
22.137232 30.578594 24.454126
23.715322 54.81923 51.501293
16.135218 20.572884 18.258307
18.30396 17.854906 14.215205
2.1102898 4.4871836 4.451238
25.212887 15.229214 21.50425
26.168879 13.903249 16.807035
17.447912 15.2486315 10.890281
9.886854 15.870729 15.769846
53.1284 3.8717372 18.06037
34.463802 8.297746 23.807875
13.958847 16.941378 15.188027
18.67951 27.893002 25.210402
8.868344 16.61679 16.628716
13.992677 23.039104 30.729769
8.894011 16.831324 30.265629
7.6619077 25.824436 36.045555
15.22918 21.3048 31.187658
17.568617 27.926765 36.105015
18.151108 23.262001 29.957872
15.717472 32.28058 39.28367
15.13609 25.742567 30.162931
11.163637 18.020794 24.54893
12.01794 21.35724 30.493902
17.62818 22.971445 32.527462
3.4862432 9.193939 18.582726
7.2350254 28.0044 42.747036
7.2825947 27.848993 42.477947
40.471497 64.51359 74.65579
42.320656 70.25901 82.23227
42.029964 69.740685 81.61861
18.125238 56.628548 65.27977
21.930897 45.59492 50.339905
48.76857 85.95878 94.71391
29.71885 40.370476 54.97803
23.49313 54.185406 83.03665
24.77109 42.93439 61.893776
24.799913 40.651695 57.35798
22.22777 37.72839 52.179024
25.616823 39.641518 50.25357
24.91289 39.72456 51.021633
23.93607 37.094097 47.229885
19.673967 36.189877 47.72688
16.754225 31.59193 40.849598
6.5761747 18.604158 25.071018
11.302012 31.647093 50.84379
12.76091 39.346355 61.842377
14.84849 23.316458 33.193233
18.839554 22.033224 23.690899
12.2364025 22.120638 31.958914
19.365976 33.64259 40.51228
11.2132225 20.237646 30.890045
21.867437 30.98186 36.910908
16.340176 25.32331 34.615143
17.883327 30.338799 36.998993
13.355159 25.2877 42.841133
31.870426 46.086403 65.319244
18.393892 36.806026 58.072697
16.10441 27.132797 33.41378
18.396513 26.043438 30.676823
18.270838 22.694931 23.696644
8.912957 20.286425 23.706957
12.755803 25.209728 33.718647
18.305136 33.091274 39.668594
31.864649 60.142673 81.29825
19.704203 36.647427 50.473076
14.885713 24.310713 27.883898
13.570665 22.056303 25.94541
26.879463 47.492493 65.46041
16.927 31.762959 45.41529
34.157322 40.884502 42.729668
24.668962 49.806465 56.387207
27.198576 46.61807 54.10525
49.37824 91.97994 110.79148
31.248228 42.006516 45.113987
42.378506 75.09322 89.439415
30.30255 55.61447 86.01011
27.559008 38.289886 53.17217
28.040583 45.83411 69.295425
31.88447 55.076023 82.345856
24.571169 30.368193 48.28243
34.02674 49.387646 70.570465
27.95532 45.915276 67.10182
25.748613 49.81083 73.68516
28.308462 47.237713 71.334465
27.414856 52.83952 78.18151
17.22965 35.24974 56.26936
20.319984 40.996777 63.211643
30.779285 47.313366 74.89811
19.151476 36.367924 57.27816
33.13421 52.49884 81.87836
31.338058 49.273087 77.36174
29.234085 45.83169 70.05301
22.44771 35.175396 53.188633
0.35929048 0.31880942 0.25309908
3.014076 3.1512413 2.907112
1.8924648 1.8518493 1.7830819
1.3805556 1.3398058 1.2708032
1.1338395 1.0931904 1.024255
4.699802 4.659522 4.590318
4.0497193 4.009205 3.9400678
5.2182283 5.1405582 5.0152183
4.6785703 4.60258 4.456042
5.7861724 5.7126346 5.580744
5.3621125 5.2887764 5.156818
4.6043606 4.5664325 4.4941716
4.0746465 4.0372896 3.9650283
5.78755 5.750428 5.6573386
5.129136 5.0916452 5.019182
4.765042 4.720395 4.6503844
4.5496354 4.494944 4.428293
6.3187757 6.2488327 6.1751604
5.3297276 5.2452044 5.181207
8.230557 8.139047 8.026203
