0.27558896 0.2756892 0.27433583
0.28137845 0.2817293 0.27691728
1.7698747 2.2167418 2.0339348
32.410027 21.44604 4.2291727
0.27694234 0.2775188 0.27501252
4.4922056 6.853709 1.7254386
13.943609 14.7492485 8.076767
21.239975 20.481354 13.174086
15.587419 14.187644 7.160476
16.575914 14.738246 7.077318
26.819874 23.163734 14.275338
26.840952 21.37228 11.86792
3.836065 6.3433585 1.1535338
0.27894738 0.27909774 0.27631578
43.547894 38.497417 23.662706
27.25183 30.817444 15.160902
26.610752 31.701403 15.952983
64.575165 74.23278 67.15386
105.36331 114.497116 108.8206
106.24902 100.30982 77.394135
62.635715 56.86015 45.897266
48.87504 49.24812 30.483784
57.17441 50.594284 32.842556
89.29509 74.88073 52.259975
102.3607 85.3882 55.489475
74.219124 75.6399 50.829147
47.208195 49.553207 28.775839
101.43281 116.15065 108.01173
99.78895 105.970276 97.88887
78.80028 66.94747 38.236317
103.72504 88.86742 55.845013
100.76143 95.97346 72.65549
99.20105 84.72456 53.41639
47.345013 46.884964 29.341204
47.268898 46.192356 28.758295
67.43812 54.06792 32.726265
79.08917 79.35413 56.448673
58.316944 54.8002 27.13777
84.10526 70.378494 38.06293
83.524734 70.07955 38.15371
65.02354 59.21802 29.68554
66.53777 60.120552 30.648596
80.87614 68.24436 36.574112
54.671177 52.214485 30.587368
42.199974 44.581654 17.296015
85.99822 86.5502 64.70629
48.3892 49.285515 28.337494
61.492405 55.369675 25.897268
65.477615 57.67559 27.946592
68.56444 59.21426 27.228647
23.252607 31.505238 10.722205
57.56812 46.358322 18.415514
23.222782 28.558146 9.762933
28.487017 27.940878 12.796466
67.412735 58.412632 34.76644
66.314735 57.75386 34.0102
49.35579 48.070076 25.14233
55.788044 54.529774 38.416893
101.390755 104.16754 99.792206
50.59639 47.83093 28.497143
49.5991 45.538795 26.76807
47.29812 45.47283 26.443409
76.82321 77.86088 52.662533
78.71351 72.40534 46.170475
64.52358 61.80113 38.874134
45.10842 47.387093 27.164036
32.47717 33.434536 17.347118
35.229923 34.253685 19.41233
65.935616 59.96005 37.49005
67.00682 55.69168 22.908445
76.90035 64.07286 27.153984
97.066315 82.700424 41.86912
120.60977 92.41105 50.21436
94.11845 75.23519 45.124638
46.938946 46.207344 29.077946
82.35521 58.46529 36.702106
34.80183 35.657116 23.996517
27.415413 28.473309 13.395062
49.733635 47.129925 31.692255
43.76589 43.713432 29.61045
33.889473 34.60411 18.4702
44.947342 45.341026 21.589449
11.2151375 19.105139 13.156792
25.297243 34.71148 27.226616
8.036116 21.610275 12.814185
14.050301 30.875639 22.356491
11.0242605 23.632206 15.098597
15.622982 28.512632 19.819698
22.935062 31.962957 18.403685
41.75564 47.076214 30.742432
58.25792 61.050426 40.677795
6.2069173 18.598822 14.377318
19.047293 22.726465 5.5492983
33.697243 33.334488 12.60584
0.29170427 0.28977445 0.28115287
27.77193 31.058546 15.389975
24.893986 27.42549 12.498321
53.187843 49.491104 25.771404
45.043133 44.255566 23.159824
35.664913 39.164585 22.795414
13.542531 21.368872 7.6049876
30.506592 32.300175 13.293709
35.121555 34.312305 12.775889
54.74717 51.149498 31.551855
67.38957 53.166542 32.363983
15.284963 21.551104 13.166165
14.77391 22.3605 10.4449625
19.375513 25.496567 12.735915
28.761854 30.632908 18.288921
0.6161905 7.546391 0.61122805
19.634487 29.925514 17.00649
96.693535 96.54787 81.376465
8.495414 22.134085 19.908697
30.011679 46.10837 42.75812
83.21735 113.68401 114.01326
24.745964 47.908195 39.162155
25.37584 48.978046 40.400227
25.470827 33.190903 20.841703
27.754711 32.968773 20.151554
123.659096 55.486515 48.10203
73.40308 67.87338 45.61278
18.179022 29.285715 17.798897
72.06216 66.60511 44.607117
19.57767 27.926666 18.312557
33.24682 38.651604 22.23015
27.640852 33.272682 18.606466
12.086843 18.315088 10.602932
25.59634 31.68852 17.611805
39.07857 40.35025 21.362932
42.26501 42.715763 26.251955
68.69278 60.418045 37.961327
69.97772 61.91218 38.772934
42.72491 44.91659 23.886366
44.43213 45.83 27.061705
61.05945 54.93935 35.167843
25.617569 28.818823 16.604837
66.59436 46.52078 21.606842
72.067795 56.451378 29.061102
63.86346 45.152805 20.976265
42.03223 48.72609 17.577044
42.274612 51.870926 26.082907
20.261303 36.419476 23.971077
50.727295 50.30737 35.84208
11.483685 25.733208 16.327694
24.357042 37.406292 27.408245
15.95005 30.79539 22.950703
21.651102 35.661705 26.517218
51.980175 68.86499 53.933884
40.202957 46.932156 33.93905
23.44787 34.218422 24.499498
20.621002 33.814964 24.123909
0.287594 0.28333333 0.27714285
44.978195 49.47095 28.789349
65.385414 66.59506 47.000828
54.36281 60.14902 35.08173
114.08656 107.17579 72.843636
59.96494 60.574863 35.57664
53.890827 58.05459 34.419525
43.235638 48.966743 30.825037
50.945465 53.71461 34.382156
53.628044 60.662506 38.55609
51.612556 58.99892 39.03376
137.26494 121.74827 57.284588
65.46807 55.04514 27.121027
58.143585 59.822983 38.083332
64.9495 67.639626 46.337944
52.10524 57.320026 38.863533
133.9471 142.33664 130.95729
56.66085 65.97611 48.083134
35.59446 40.885788 31.084135
32.18787 40.977093 27.445189
19.242306 32.740376 21.29198
56.587193 67.092804 50.036343
44.815063 49.594337 33.978947
39.688297 45.449123 29.971655
76.69792 82.72759 70.81208
67.02075 72.62449 56.422104
27.144762 36.58386 23.33574
37.708496 45.862408 33.05243
62.94955 45.628395 33.157116
60.36411 51.20486 27.586315
59.523357 50.541027 27.110727
48.93183 38.588295 24.934385
47.67105 44.04872 24.557343
48.594486 44.677094 25.21817
84.05857 76.49592 51.15574
72.137695 56.911255 35.419674
67.532104 55.4603 32.848873
34.546066 40.76371 28.36654
42.72529 45.007996 27.469097
63.548946 57.923233 36.977646
67.21719 60.347343 39.336643
44.612206 42.398598 22.802256
72.41526 64.55393 40.436867
32.343582 36.939774 20.61777
81.20048 71.52647 47.23278
46.161728 42.232132 23.038422
41.065037 38.780552 14.675965
62.50509 69.060875 60.6011
86.185036 97.61649 95.81371
98.06885 109.65213 110.08531
85.09208 96.53912 99.431404
58.72431 67.05882 64.57198
63.600803 71.81647 72.02399
83.80053 91.789825 90.18975
51.897293 56.801205 52.983334
43.609673 47.785816 24.11589
36.443634 43.063736 25.91451
35.384987 41.993156 24.873785
31.58614 39.400375 22.929424
30.936968 41.259274 25.18223
11.077619 25.33193 12.733358
49.386192 50.07073 33.29401
19.171404 27.77767 18.197042
89.4402 80.75446 42.822884
70.69484 66.11349 44.99243
35.6207 42.546467 27.771029
38.063057 43.517418 27.620802
29.42203 35.426216 21.151203
25.57822 34.257545 19.395739
27.661804 33.67218 19.87441
32.422005 39.9797 27.414536
26.227194 29.861855 23.322832
23.476967 26.529299 21.866842
14.149875 25.456266 18.18619
16.098246 25.366241 17.617144
40.810627 42.805763 26.563158
14.092631 26.828722 22.887293
14.046416 25.744135 17.834837
26.493584 34.02629 21.504135
7.311103 12.191805 6.3397245
68.209145 59.390778 31.162931
21.961279 28.522482 22.16193
34.117294 37.93426 28.318823
19.46584 24.546967 18.474161
50.928974 50.40589 37.711452
51.334084 51.351505 33.05511
98.33078 94.34817 64.55812
62.08421 54.266315 36.639072
71.501205 70.10253 49.184986
21.003134 22.34 13.189474
119.45797 99.878296 70.32158
38.869675 41.716217 31.106392
49.315964 47.74446 35.71817
97.37554 76.434586 45.501328
83.95261 74.05734 55.8609
98.67296 82.89043 58.920753
115.8984 96.59411 66.11075
50.471153 48.166767 36.22519
7.9694486 15.103509 3.5324562
20.888195 22.785614 8.887343
10.580977 17.708096 7.260677
20.703259 27.636366 17.498095
26.455313 37.182457 25.859123
13.224035 20.612131 9.538421
22.458597 27.676315 16.362406
61.43714 56.87371 27.441328
46.301556 52.91148 43.47328
26.499249 34.891556 20.828697
21.696667 30.300426 23.775137
45.358273 61.691906 43.89614
50.8699 64.2876 47.705914
44.199673 31.091152 15.471278
50.256565 43.38431 18.584787
74.967064 73.40594 50.931953
99.56241 91.23235 49.933033
44.254963 47.90496 31.292181
80.64446 75.96409 47.41619
44.49461 45.200424 31.260878
57.5409 51.82431 31.922657
59.064888 53.688923 32.40554
43.246716 44.98351 25.030952
44.755566 44.873283 22.607695
82.868774 77.16083 40.806465
75.081 71.053055 36.44343
81.86965 74.820175 48.654236
104.871 92.2877 58.28697
83.30168 77.10963 47.16188
59.75664 57.74088 36.465313
114.425064 116.766846 91.567795
66.340126 71.792885 46.075714
63.39847 56.399624 32.313984
68.29632 56.12494 31.084587
136.92787 116.39772 86.15233
138.92963 130.60426 102.75384
151.35927 134.26924 95.6
124.062004 108.46532 80.178825
103.90263 93.76589 64.99514
108.7306 97.08804 65.3499
122.73752 112.410576 80.69855
97.17817 87.96682 58.251003
80.85206 69.72238 43.289574
52.617393 45.364662 19.242205
64.359276 52.85589 22.255613
53.365864 46.63406 31.655037
21.787844 21.506866 10.191654
27.489374 30.417845 22.517319
30.722733 32.69812 24.053383
69.16639 70.113785 50.781403
85.463806 87.91003 60.57233
47.54827 57.23499 42.289146
68.4604 71.037895 54.216164
60.726944 66.5201 48.747017
227.32426 224.14082 210.869
113.121475 137.29356 136.07974
70.310875 81.34609 71.54839
60.305588 70.17837 61.96569
59.417267 61.396366 54.389423
62.76098 74.43669 65.31491
74.76148 91.52561 83.78423
57.296467 65.300575 58.543934
73.74313 84.1879 77.94346
74.26383 84.713005 78.54739
63.376617 82.46747 76.588524
96.09516 115.65303 111.53444
75.79105 92.77291 87.34534
71.1613 79.10659 69.77025
32.337467 42.1997 32.496414
61.675816 73.73203 61.097317
69.80827 75.830124 62.879875
38.51782 46.07233 35.646618
39.0404 48.443558 42.2103
34.18401 46.811455 37.926716
39.844486 44.74 29.74812
43.793736 44.93188 28.01604
16.958221 22.064035 13.899674
41.746517 39.850025 24.606792
33.473106 32.92569 17.611704
39.924664 39.64396 21.705038
36.105213 34.481754 20.201578
41.238873 40.282455 22.235188
44.25158 42.599648 23.37579
43.598923 41.643284 22.853083
45.759 38.44737 23.057869
14.69584 19.642406 5.008371
24.41569 26.75574 9.811178
58.41466 52.559124 30.296566
65.799774 56.68589 34.806393
68.79995 59.303535 35.978622
57.939472 52.24797 30.493584
6.6761656 13.619624 7.5262156
15.575765 22.180426 11.529775
15.807494 22.549273 12.429674
64.994484 82.605316 62.91233
71.585266 82.18529 62.651028
16.325363 24.057545 15.833859
16.516867 24.845163 16.25842
59.093933 65.95644 50.339573
50.795666 58.08491 43.62263
7.1875186 13.852331 5.080852
24.130676 31.927193 21.811052
4.284862 10.175514 0.37190476
19.760752 30.306917 18.168095
19.036541 29.875214 17.59609
30.992832 40.730625 28.255865
25.891329 36.12303 24.379824
13.6133585 22.21183 9.993383
24.92381 33.352757 21.693058
24.083735 31.416893 15.266993
21.136942 31.730125 17.490952
44.051304 49.033733 37.999725
27.39005 32.2002 21.6098
37.024334 29.433157 21.093634
50.759247 29.875463 23.578571
28.434261 34.72915 23.818796
24.409674 32.94298 22.2698
39.1802 45.53659 32.686516
28.418997 36.282757 24.918346
28.428772 34.733585 24.127619
24.469223 30.96228 22.35797
44.94827 49.9001 36.3899
33.73143 39.120075 28.208345
41.589924 44.760525 33.21544
16.07228 26.96644 17.811804
20.854586 34.237118 24.97466
37.125866 41.695587 31.509573
43.0995 46.927116 35.905487
22.288797 31.745789 22.029247
46.992832 50.91579 39.86516
19.476517 32.01223 23.8103
20.84381 31.241604 22.428371
45.50737 59.257442 49.252758
40.880424 49.161255 34.049522
26.839548 30.88035 17.175814
28.28406 32.313408 19.530426
47.016468 46.853584 25.374235
33.131954 33.59 18.243835
65.35707 69.31308 44.27719
28.448973 31.891954 19.614536
55.58093 60.65995 39.0503
37.259197 41.295513 26.629824
60.213684 59.566666 36.53416
60.10366 59.277596 36.145866
40.636715 52.11243 38.936516
65.18238 65.4301 42.479774
56.6302 59.719498 40.892857
32.670826 34.59118 24.122105
56.909573 50.50837 34.897293
89.51288 60.13088 38.933884
44.66737 42.625412 28.013409
62.377743 46.313156 30.41178
75.1093 62.86644 42.948673
68.09589 61.470654 43.586517
83.965614 57.88386 27.821404
116.99331 85.85055 48.524284
207.5319 212.91934 202.79742
78.809975 90.01028 74.71226
151.22914 151.72797 139.77013
142.90135 145.14574 133.54755
114.71526 124.07767 114.11997
89.423004 99.48106 87.035286
83.25782 95.396996 83.03228
83.79857 95.37835 83.63073
105.92068 114.182785 101.79268
95.80814 104.81752 94.80083
108.98865 117.02719 104.37674
82.21499 93.71456 81.72569
112.946815 122.09824 112.64509
56.747417 73.82922 65.03333
60.4693 81.522484 73.92489
107.9325 119.52965 108.39511
100.35622 110.65646 99.8901
135.16878 150.21599 127.80541
107.25464 119.45007 111.60604
151.0786 164.61494 138.7534
155.16829 167.25403 141.76814
83.749245 93.311806 84.43331
117.44859 116.951126 81.14328
88.08201 88.03158 63.90684
86.513054 82.08476 72.87496
0.31310776 0.30674186 0.2910025
229.80414 227.3416 198.23686
0.31546366 0.3081203 0.2914035
32.41243 35.80817 23.026466
43.938572 42.04391 26.878721
42.71178 42.450703 27.086893
35.28544 36.43316 23.927217
45.341377 43.191856 27.583408
38.245064 38.63045 25.340576
59.90143 50.11213 31.756767
45.004864 42.676765 26.620651
30.384811 30.866993 20.606365
32.129623 33.531654 22.627794
51.84714 44.81421 28.849573
46.81183 43.188145 28.847118
36.21827 37.51614 21.04955
36.261456 37.688923 21.117168
33.31599 40.79649 27.662632
62.348545 66.14757 43.290424
67.10283 70.80962 40.47877
64.410355 67.33273 34.214237
61.44757 65.52692 35.401176
45.441956 51.390503 25.849625
48.160027 47.228695 28.307043
44.462856 46.304886 29.389725
41.02955 37.37431 22.993935
45.04917 45.068645 28.443659
43.83822 48.93985 32.154236
47.998623 51.20426 33.474762
44.815388 45.796516 27.856943
42.704235 45.46466 29.046492
43.412457 45.994785 29.614185
45.45812 47.57499 30.945189
43.279274 46.030174 30.739347
65.2004 60.18905 39.852005
25.680902 32.82188 24.968973
7.9437094 26.798096 22.774086
10.554887 26.815363 22.015062
19.33564 31.56569 25.088646
128.21637 113.58814 94.305664
120.96411 121.84196 109.86105
151.63594 148.1259 133.97466
163.18544 157.21664 143.10521
53.071503 49.261578 31.953484
161.28397 155.29083 141.38295
50.99015 37.801327 27.985588
58.930954 41.38293 30.954185
48.755314 32.217117 21.768822
32.832832 24.492983 15.358246
67.86047 50.838295 37.38717
46.317417 38.064987 26.695463
45.375237 37.742756 28.196741
45.634335 37.8896 28.258547
29.158796 30.01356 17.873634
52.253834 43.481255 32.071026
55.97782 54.37238 42.311
72.17381 50.84912 38.367268
73.10048 66.32702 52.092255
70.702255 53.789223 42.530376
22.98564 21.883158 15.044311
29.053558 29.671429 22.511204
67.93507 63.94732 54.160275
66.612885 65.90203 48.84351
35.477016 43.682934 43.33396
19.545338 56.297493 63.753235
36.258396 65.94336 67.745186
62.30218 77.76323 71.53386
26.266165 22.865639 19.57371
31.238445 40.03306 31.042707
19.882832 28.945463 19.444761
53.725414 60.57376 48.587368
34.969074 42.879196 38.88095
23.807468 32.13965 29.718672
22.306492 44.741528 40.39411
30.243057 36.24128 31.457394
24.565113 30.988546 27.798847
15.747443 25.529198 22.846743
154.74638 151.6052 136.81015
44.29526 55.321957 45.2902
17.73817 24.07564 19.264336
27.294312 35.555237 28.59782
36.02203 46.5413 39.373936
56.112354 54.936264 46.693184
25.331354 32.722733 26.279675
69.65005 83.05807 72.85288
17.671152 26.30346 20.860376
39.722984 47.246716 37.29188
50.110428 63.65569 53.438446
51.5105 62.823257 53.574387
25.139223 29.348646 23.240526
34.853535 41.597492 32.866116
69.768 79.29283 68.232056
26.743734 32.72594 27.964863
102.08366 113.25178 107.5881
17.554436 26.18 20.977219
31.361704 37.83461 30.007944
26.106842 34.52672 27.5505
31.274311 37.437843 29.665764
29.233334 44.656517 36.484337
43.43709 65.16245 63.416515
100.84288 138.27313 148.01573
62.090126 81.38875 81.66386
51.758247 71.10468 69.30506
42.10058 59.506542 56.05727
18.645538 36.769024 30.486416
149.43025 184.0667 182.45709
50.50817 77.27842 80.33586
50.021805 77.5007 80.303055
52.416943 85.75519 92.54614
53.724236 81.94303 85.7618
42.733936 68.961555 72.69907
48.00674 74.18456 79.70875
49.792255 69.92306 75.6896
46.006893 31.123434 14.962206
43.1305 68.962006 77.66298
30.74802 39.103134 34.074936
46.01138 56.51812 49.465214
49.76341 55.1404 46.301804
74.40576 80.26837 72.94767
43.12827 50.082733 44.199497
34.750378 40.80549 36.769775
31.669147 40.348072 35.11712
0.3029574 0.29581454 0.28070176
31.539124 34.86005 18.355312
43.64381 46.60461 29.09945
58.22827 61.975716 45.54416
78.409424 71.32955 46.29965
83.18807 74.81559 46.464184
76.25303 63.662506 37.735916
76.48198 65.21275 39.872005
81.449875 73.87223 44.848045
84.46637 61.859425 39.054436
57.27233 59.978622 37.764385
65.68253 54.247795 33.39732
70.33732 65.309296 44.14065
171.73882 156.33296 120.848045
0.30172932 0.2938346 0.28037593
5.231679 5.1737595 4.647293
5.758922 5.789749 5.4862404
14.066191 14.224962 13.344286
11.985564 12.084561 11.379123
11.959574 12.088145 11.360552
13.306942 13.43203 12.623885
12.375814 12.4899 11.744085
13.992206 14.1323805 13.300025
16.620527 16.802933 15.796917
13.599423 13.654787 12.681203
13.794962 13.925589 13.085714
