0.0013444826 0.0013444826 0.0013444826
0.007771766 0.0053123464 0.0038039023
2.4263978 1.7870798 1.657616
6.1717005 4.0159044 3.8808002
166.80688 120.26476 121.924576
139.20157 130.5414 116.03637
55.938843 84.4 67.41715
83.86765 69.368095 61.125298
132.58728 112.739204 99.50047
112.28821 102.71395 93.55537
119.19911 119.715065 113.184326
132.06807 120.96203 114.41984
109.59898 130.57036 103.68221
137.10976 99.33117 93.253586
72.64883 103.44381 73.87041
69.60816 66.79311 64.216064
74.62063 54.27726 51.939598
132.42339 151.36041 120.07349
0.0062305294 0.0038694867 0.0026233809
115.773834 111.96301 49.341038
107.15563 98.41627 50.76885
119.142715 109.48346 53.91707
102.13022 96.616135 73.472145
84.91195 84.704346 39.206524
122.68644 117.536644 60.7194
119.202194 112.46444 62.026134
146.20236 135.36697 119.79423
113.39836 109.46293 69.14173
119.550255 115.392 68.87195
82.456635 52.765274 35.42794
103.16265 79.61666 62.99121
107.55495 106.32989 59.747467
94.482605 51.130184 24.59472
136.13382 138.19656 95.84705
112.2059 101.988625 67.67979
118.18416 109.80286 72.855125
106.90395 104.55137 66.215836
119.91451 120.75025 71.86634
112.81436 103.73471 81.895134
132.74353 122.50487 84.84709
131.982 117.716675 105.7314
116.99485 106.12963 82.19318
100.40023 97.004654 63.037056
129.97443 127.90995 71.92156
120.214195 111.30844 63.24686
76.732254 72.3755 63.664173
38.872177 32.352024 25.814428
63.816036 54.159733 41.853157
58.012756 48.685917 36.764484
60.780586 51.255024 39.16209
53.80951 45.173668 34.586
65.385345 60.25142 52.871914
116.81643 108.79269 55.196556
95.01089 74.82535 45.917725
60.347763 52.979244 39.022694
59.513493 54.61364 48.258995
62.739563 57.546875 49.625645
51.429153 48.222168 42.795704
59.029217 53.63676 44.88244
53.802982 47.589474 39.978096
53.107395 45.68001 36.66388
58.844894 51.19557 42.18039
56.856434 48.9695 39.82338
122.064865 112.22692 84.93176
126.304214 126.81079 96.502014
135.33957 136.58694 96.28503
73.43496 64.53189 52.000885
121.32848 106.534546 92.76583
107.27693 115.858765 46.212887
84.96236 93.2081 43.060402
200.42924 202.28365 195.216
85.88493 83.39298 64.69861
36.4948 31.12707 20.170454
117.80196 113.31838 96.93094
135.25539 131.0669 115.616005
117.7716 113.1576 95.34848
73.777245 69.65693 58.007347
116.38403 123.24991 102.37278
124.27034 126.19987 105.52999
94.96504 87.26018 84.14593
127.843254 112.67703 83.93048
46.411446 38.46119 27.993279
52.00705 45.051125 27.736448
45.44099 40.946877 29.256731
64.21207 55.728054 44.70336
42.18544 45.038628 32.392853
56.286015 50.731007 34.16547
48.391407 45.18875 31.29218
44.604362 31.6343 21.56852
25.72015 36.969273 41.107166
15.221086 29.913002 30.807379
11.791113 16.918674 23.80964
15.382358 24.464962 17.91379
16.326118 23.601706 18.65027
15.991244 22.753796 18.89818
25.149303 36.763077 24.853682
28.221773 37.207806 27.5434
32.842136 40.91077 39.733368
26.43958 35.459126 26.403738
22.089195 28.415478 20.28044
18.480242 37.28349 29.522642
32.959927 40.53517 39.918118
34.417084 42.29713 41.97603
21.595901 30.11438 27.194393
66.57055 54.61 37.59426
46.73625 50.37757 41.250793
30.036825 30.192 23.368258
44.71425 39.34904 27.50864
40.083916 44.650696 37.026005
28.235777 41.2081 39.940582
26.248598 19.406132 13.88867
23.958977 17.846697 13.067913
24.361141 17.778456 13.019971
18.46178 31.18472 32.07093
30.421118 50.144318 54.347828
12.525824 27.724283 28.143991
38.7194 51.64781 47.32084
24.62407 33.14445 36.02699
13.586982 21.337564 25.687784
14.420102 23.604263 25.767141
5.6356454 17.268274 15.164945
24.078669 36.781605 33.313396
1.9413346 1.199213 0.4785047
74.0366 48.024563 26.485521
74.43158 52.322445 31.615215
96.33812 98.33733 60.638893
143.52005 132.49936 109.37875
113.07677 100.01794 77.06598
122.829414 111.77154 91.40341
108.0604 95.45431 72.67385
143.3474 126.3981 102.83378
125.05558 113.36219 84.747925
115.690704 114.19977 82.782814
101.64266 94.46584 87.61174
139.4808 135.22968 126.37285
84.947174 76.18603 65.768326
105.491264 101.44188 88.848366
102.3175 101.40948 91.00909
102.77081 90.614525 78.5415
121.04322 118.09061 113.76209
135.07428 119.96661 104.2647
156.93051 146.53992 136.76993
92.545204 82.25263 60.845287
113.38439 104.30166 89.35888
126.58531 114.92612 105.056694
149.85925 140.69319 128.75081
116.75931 123.522545 110.09769
37.271816 36.16537 25.58449
92.458275 86.79685 72.32068
108.53186 101.927826 87.33645
108.09362 102.0019 87.396194
104.22866 97.48621 83.08687
83.6345 76.66496 40.665127
123.11739 109.792816 56.467587
143.04121 138.32199 85.34383
137.14406 130.45512 108.080864
124.089264 123.47972 62.85942
158.68405 163.7634 134.58626
92.81679 85.01604 62.80836
156.82649 123.05598 13.578456
157.4442 144.4136 97.574425
202.00374 183.2521 77.742775
170.66893 125.16665 46.879948
141.59773 135.24188 84.50812
119.08116 103.683 71.1841
120.82332 122.20974 76.29533
115.38085 120.413414 72.93068
112.57491 117.319954 72.62545
122.86106 129.88011 84.00236
123.874306 132.51474 84.993805
177.21925 153.81685 142.43378
70.489586 71.028366 47.537857
77.71366 77.44421 47.039745
115.36032 115.48149 98.27545
105.706375 106.00738 58.11405
85.54051 84.57127 51.72986
134.57426 135.61708 84.55878
136.41695 137.60931 84.77078
22.023544 29.618822 35.35993
25.306837 34.25296 38.989014
21.292244 26.244663 24.614134
22.506838 30.887686 34.830433
68.46821 83.08267 83.46309
71.22866 42.359272 19.250795
69.32707 49.198326 32.02656
71.00502 39.744415 20.485392
66.191734 34.961174 18.355698
64.744545 43.531036 27.043253
70.92966 49.703625 30.147367
95.77311 64.87132 39.167667
83.92018 50.324677 26.342253
90.25145 55.697426 26.011772
99.356514 69.15783 40.515266
75.35737 48.291065 27.776947
66.96999 47.861748 31.265388
66.07936 46.7433 30.353008
103.79039 77.69982 50.77229
90.85486 59.455418 29.30746
87.54727 64.410034 42.48546
81.14527 59.854893 39.4506
87.1981 62.510773 40.82902
76.00016 49.794163 27.798262
56.917034 34.54494 17.955141
58.122677 36.03722 18.571012
60.285816 36.653877 18.874996
0.025446795 0.025446795 0.025414003
47.12474 45.242203 47.884308
50.48057 42.716217 41.429905
48.46601 40.43912 39.305264
46.763107 45.019905 47.75501
53.910706 47.365078 48.618755
56.425217 55.445515 43.201805
103.68073 110.64981 102.97777
79.71192 73.06444 53.085064
80.23784 76.64148 64.09697
70.59577 65.85614 54.88149
82.67194 69.82128 53.940514
48.328053 44.578094 36.003117
42.3293 30.589966 20.376226
52.72707 39.03889 25.251976
97.737335 83.092636 65.01253
30.936777 24.327366 16.872864
42.872997 33.25378 22.62958
34.96301 39.189114 33.243614
40.542843 43.06119 37.016495
32.235973 35.90474 31.150124
40.35878 44.51628 35.860992
36.461517 41.890835 33.948547
28.926579 29.52943 23.736612
35.700672 35.020267 31.136808
0.0147565175 0.014264634 0.0062633217
40.273193 51.67503 49.18521
0.013412035 0.012821774 0.0058370223
160.96861 132.3333 107.83669
115.21233 106.39941 79.85434
113.23387 101.34124 73.46119
114.073654 101.66499 75.59302
122.20039 109.588066 83.65886
108.960915 97.81686 66.67772
147.98245 134.15602 102.928215
108.903755 105.9535 65.48402
109.077065 105.62076 65.39213
133.04414 122.97688 102.5496
96.62961 64.272835 55.249977
145.93567 137.31212 115.45808
86.40492 79.85827 47.321297
111.36124 102.34875 71.06345
101.93245 97.55232 68.46326
105.42473 104.2102 84.123795
64.38931 42.147827 27.096672
61.35209 38.73576 24.904541
49.56252 29.980324 19.553534
39.38921 24.746187 17.673323
99.1717 92.44486 72.037544
81.11739 80.11451 38.314117
43.585373 31.701689 26.197737
30.919462 28.848959 25.044762
48.393147 55.510773 52.86378
24.118904 13.158485 15.137596
30.356222 25.922283 24.916117
24.592424 20.55937 19.698475
35.306477 26.941761 23.039122
33.95927 27.002657 22.772356
98.597015 81.942085 65.63715
71.30372 81.91343 39.79656
81.65414 77.839905 41.13527
130.73354 132.44968 83.46001
47.510246 35.935432 30.976389
48.1313 36.63348 31.627512
49.26375 37.902706 33.68549
73.879196 74.22289 82.19771
51.153664 39.01243 33.472633
54.841385 44.97124 40.65214
126.12809 123.36904 54.961044
127.69654 117.66772 70.02814
132.90182 121.93291 89.447975
90.65391 86.39905 76.58275
75.99439 71.73445 63.090508
82.77492 76.46788 61.47037
118.45178 112.56973 84.22341
120.89598 108.57219 86.77311
120.155106 110.63184 90.54629
102.21502 105.36721 62.67234
142.42844 139.58957 93.97032
122.87221 124.96708 81.526054
129.20872 105.41115 82.00003
147.14928 150.96793 84.37442
152.95714 156.38292 100.962875
93.82725 64.5819 50.393738
85.373245 59.235416 45.88136
94.32195 65.207214 52.033184
199.76721 171.3009 70.43709
96.655716 80.93107 43.40354
153.44893 148.2714 101.51507
149.02197 135.16917 93.243546
169.07814 143.91316 123.80921
156.44568 130.66667 111.27037
126.94304 120.35078 78.3939
117.47562 111.351234 66.60482
76.248795 59.576126 36.20997
96.34825 82.369865 51.291588
67.86299 73.99692 27.248598
95.531364 91.15442 65.96419
90.71264 87.69028 65.63745
81.32215 71.09536 55.21643
113.38679 96.090706 72.72913
139.14914 132.50949 82.79485
130.94812 118.0867 85.73848
160.60098 134.64447 118.98209
130.64476 111.82154 83.03984
157.74687 126.90002 105.41571
154.48709 123.737595 103.30979
142.9572 132.54114 108.784225
58.55455 68.07903 49.50041
39.6202 38.30356 34.10333
95.9012 99.77137 98.19901
50.272636 53.104343 39.196426
90.084015 93.9518 92.80354
136.23096 139.6887 140.86761
29.385145 35.131332 27.130186
36.669125 42.057224 31.18239
37.79377 31.217184 26.014397
24.522938 23.041613 18.834562
33.584293 28.64991 24.366192
0.021052632 0.019413019 0.018396458
114.47818 102.165764 66.02302
110.90602 99.101265 63.25145
109.19895 96.17458 61.483425
89.94051 73.039185 50.620136
100.55291 83.63774 62.004917
108.68073 101.45696 56.434204
108.70326 101.685326 56.374847
85.3332 73.96701 41.282047
122.962616 117.60672 54.491688
151.07448 144.4569 88.32953
105.19413 98.496605 66.66552
168.93628 146.83577 134.59511
146.22223 122.26004 109.943665
162.01213 142.125 133.09451
125.49195 98.23728 87.737236
99.36255 82.4161 67.28201
111.57485 95.5354 80.48683
96.411705 81.19131 68.084076
86.61882 86.81065 76.593376
102.43214 80.46073 58.563206
56.930054 34.29877 17.007902
101.43165 89.19794 79.72025
67.78226 57.908836 46.613247
108.87372 92.99197 77.20351
102.666374 86.704445 73.978355
192.56825 177.49939 66.3495
107.50458 98.39695 3.0539432
84.18003 26.499393 2.6320708
71.97006 59.850597 51.896244
75.27539 54.430725 38.12484
98.52753 81.458275 68.08801
62.707985 42.704773 31.066864
82.00328 58.544647 46.472733
135.13513 107.36694 90.84201
133.22925 116.1497 107.89126
110.34435 100.063126 85.456665
85.07788 73.709694 56.495785
117.19118 98.62535 84.57695
121.27877 116.51864 79.955734
101.664406 77.082344 51.483685
122.17551 107.41643 82.073616
90.06375 83.05548 67.09897
212.14651 214.11497 212.85657
115.24915 105.05939 80.16285
118.19121 107.48195 81.716835
119.733795 110.16124 85.695854
121.071686 110.78016 84.671326
121.491554 101.46935 80.205444
0.021118216 0.01944581 0.018560419
100.12674 95.420395 83.90116
96.95655 93.19032 81.41908
84.83138 79.35563 66.298904
86.42574 79.58416 66.18564
116.245125 113.22502 100.45365
116.81502 113.68788 101.19534
51.643612 48.555992 43.99833
57.282703 57.64971 42.45637
65.03135 65.33143 50.698048
64.07949 64.07398 48.915592
147.54524 144.97757 126.73019
107.22391 105.13835 94.2546
67.2927 66.98321 53.35327
61.996033 56.2404 42.996525
56.146023 57.838795 43.548157
40.4809 55.789013 54.463486
113.18682 120.90454 111.54819
84.98757 91.41099 79.8664
40.492607 39.842205 29.444794
144.93307 114.68126 93.434204
70.78551 57.253418 41.788918
104.79259 85.783936 46.822887
131.70674 121.685326 90.284966
80.89822 72.210266 32.205544
126.817116 107.93176 77.091225
104.28936 84.798325 70.75868
122.44942 113.34445 98.99606
126.11986 116.69493 100.564125
95.960846 79.6324 36.171177
133.30782 120.40931 38.40023
54.022625 10.970356 1.738744
124.35363 114.701065 66.0486
110.07821 101.910904 58.567993
82.90926 76.262436 58.40177
82.21961 73.96206 67.926315
145.88548 133.97366 77.26148
124.97547 113.88877 78.20403
149.88487 138.38882 78.4384
88.16255 81.36517 43.999115
56.868076 51.781536 29.229382
81.101494 75.73714 56.735203
117.88267 101.330025 63.926773
110.184525 95.52537 61.418102
135.69827 122.51769 70.61381
114.21259 104.30877 62.17911
115.583046 110.780914 75.74651
98.02905 84.44866 56.97511
102.79731 86.37134 69.47798
116.28651 98.28788 80.63394
122.8179 104.18845 79.29821
120.6969 102.79734 78.699265
119.58728 102.01568 77.797806
123.51077 106.070244 82.746254
128.37675 112.08667 87.575966
11.511526 27.736908 32.157894
17.406689 31.499361 41.1414
22.74504 42.61505 49.2931
22.987343 32.59334 38.046337
15.826791 32.22302 38.488506
17.647614 36.417774 41.06693
16.801247 33.31523 38.91015
39.531826 48.683357 55.329628
33.209446 40.356552 47.61794
34.2606 43.240334 49.993343
39.12392 47.463093 54.484734
24.2 32.460304 39.01938
0.011641253 0.0105919 0.0100672245
44.508705 26.483095 20.638859
100.60905 93.232796 62.6584
111.33802 107.43709 73.089355
110.29975 103.321236 65.033745
138.54353 143.57039 95.40236
128.49268 114.52219 74.20843
108.23869 96.06287 64.35429
130.88664 124.75442 85.141205
147.26909 142.62971 99.66578
117.56327 107.79498 74.929794
122.13684 103.79069 67.5879
89.6321 68.60072 51.54786
93.39127 71.69969 55.8808
99.78167 80.73632 63.54337
110.68408 94.42312 61.759174
116.491066 101.874405 57.770653
39.21751 43.234303 45.988457
39.734547 47.491096 53.26962
37.44453 46.53658 53.925823
39.7031 46.039974 51.916283
43.44827 46.892475 51.511295
24.030956 23.935072 21.01246
29.070307 29.188326 29.471914
118.90431 121.41554 121.995705
118.10851 120.18046 120.144646
0.0108870305 0.009936055 0.009542548
10.985768 10.984948 10.984522
16.263683 16.26283 16.262436
9.543991 9.5431385 9.542712
11.905723 11.904837 11.904476
10.341794 10.340974 10.340613
8.926152 8.925332 8.925004
9.976422 9.975701 9.975373
10.307854 10.307427 10.307067
10.957272 10.957206 10.956715
11.86424 11.864207 11.863519
12.134186 12.13412 12.133431
13.274373 13.274307 13.27352
10.624365 10.624103 10.623381
11.573339 11.5727825 11.572028
14.199344 14.217577 14.209214
14.652698 14.652107 14.651353
13.251254 13.250467 13.249779
21.631481 23.275389 23.871979
13.476963 13.476078 13.475652
13.18003 13.1791115 13.178619
