0.036745973 0.033886086 0.023215573
0.08360971 0.077048786 0.051429946
71.5565 73.010765 84.21098
26.823671 33.335835 50.737732
35.996178 61.7646 48.001057
15.754674 37.27044 34.72115
0.08973804 0.08457102 0.057366017
17.257511 16.064 10.979789
17.653473 13.865897 13.413915
10.088128 6.9867578 5.445854
39.65251 35.752632 30.077312
2.3751502 1.8534006 1.6704879
4.1412163 3.5731316 2.9288633
3.9440038 3.5163422 2.8157654
80.04679 69.725426 44.492477
17.354385 16.513914 10.918361
42.69166 37.318817 28.279716
53.732613 50.7826 46.92437
27.651646 22.522903 12.003989
59.727108 50.37599 32.58724
27.34732 23.510094 14.125114
145.14711 135.45499 118.52997
8.195386 3.6496274 7.095626
19.26258 25.220499 40.62682
19.222134 24.718987 39.894905
0.09918289 0.09317472 0.055082913
0.09790916 0.09185292 0.05378515
0.09723624 0.09127614 0.0530161
0.097740926 0.09182889 0.053568855
158.37868 146.31546 112.3026
152.37749 121.393364 91.42437
68.05789 46.22247 25.336458
119.32653 74.82064 85.3342
150.21805 142.48962 128.30185
57.06335 52.637924 41.779404
164.04419 154.87257 140.75475
163.49403 154.30183 139.836
197.49794 192.21712 179.27292
129.28424 119.689064 90.014565
144.8729 141.60973 123.42836
182.12932 169.71783 158.0683
166.42029 125.74864 136.36674
116.0689 88.93852 88.69702
73.83223 49.341335 55.439487
83.18474 77.08322 62.288128
0.13133863 0.123335734 0.07317952
0.12631579 0.11509252 0.06618601
144.34795 117.96736 76.63081
124.8348 99.2863 67.19084
125.192024 96.886665 53.570152
60.02235 15.00262 6.993463
62.957703 30.024153 4.6828647
99.84845 67.41043 32.009468
81.134415 49.621605 14.016679
160.84088 134.33742 92.40149
175.35849 144.00368 97.39346
95.571205 71.40644 39.78839
75.52117 60.509155 41.64785
15.238428 8.681615 12.638861
96.18909 89.24787 74.90644
110.68438 90.46414 76.60418
146.07246 129.91473 121.37741
124.56746 105.220215 93.962776
98.8701 71.287766 56.151768
171.93576 128.92514 57.951767
129.26813 105.88433 107.457825
105.17642 79.34665 40.899494
82.585846 56.126194 29.439726
93.20423 71.48128 42.43396
114.73057 92.20156 60.404255
116.0267 93.42036 61.11603
93.84494 82.227325 55.17426
111.26592 85.18772 59.257965
79.20848 55.18695 22.5441
88.12653 69.00178 42.022926
135.16643 121.9969 88.780945
154.45883 142.56345 107.72137
116.423 103.367485 83.22663
83.39137 75.48565 65.475296
69.87248 51.906055 45.52288
99.38159 77.498825 55.625572
83.77549 67.85042 47.140182
69.01785 54.312065 38.74326
115.01735 102.54763 83.32954
111.93963 77.80803 37.408363
23.050709 6.34857 3.5636146
12.1612835 3.222062 1.7762316
108.04232 86.19063 50.486614
94.1396 69.30668 33.931026
97.88464 71.68856 38.123047
116.0372 109.254364 99.56544
137.3322 136.17085 114.30829
143.45512 143.10934 122.361496
140.34602 141.17905 122.60601
140.89531 137.21396 118.026794
145.46979 140.81789 117.588776
121.76285 90.12677 78.78061
73.29029 30.001467 11.363543
89.49981 45.024296 20.784138
192.48273 173.49602 141.0568
118.327995 100.63989 71.69351
7.8916607 7.882096 7.856597
0.066306174 0.056789234 0.031290554
85.635925 72.352104 56.603027
119.3602 102.32466 76.74271
141.17253 119.72925 76.69834
104.014946 89.244606 68.573685
68.53511 58.60072 39.6739
113.41944 104.56744 87.4329
46.352512 33.614323 19.527157
42.686108 36.084354 20.077242
65.849556 48.248184 36.688946
52.75155 43.07539 24.24511
64.52117 52.827927 35.158398
68.65328 58.080437 41.533382
62.860107 50.55258 34.387745
61.921844 49.62437 32.839127
142.41646 132.48407 110.60259
138.79997 133.86047 114.354195
106.758545 97.00276 81.24235
17.661549 13.634391 11.009109
121.343475 101.72211 84.928986
0.12982456 0.12410478 0.08603701
64.72612 39.638092 20.910694
46.02956 33.75119 16.649508
79.43425 58.683323 32.191757
78.80406 58.036194 31.756212
78.48046 57.68743 31.450998
77.62538 56.851837 30.75953
71.84174 52.002354 27.061451
83.65232 62.84775 36.04249
39.32605 35.304325 24.21752
33.118984 29.48546 20.26037
153.4195 160.75462 165.07825
76.79022 64.141266 55.53021
70.10233 59.147488 49.87597
74.47919 60.559002 49.635834
85.71009 71.284935 59.13223
72.329636 60.078106 48.40615
43.61204 29.986782 20.484306
69.817566 50.50733 31.305504
38.002907 29.046743 19.352968
116.16342 99.94078 87.776855
91.84124 63.378563 43.039486
86.93679 59.943233 41.10173
88.28383 61.057365 42.033188
85.51432 58.850876 40.862797
90.548355 62.970222 42.951935
89.1584 62.463375 42.5864
88.64833 61.918793 42.20716
88.50522 61.98791 42.261234
62.36561 53.796154 29.460852
133.55827 122.82471 98.70195
113.60288 96.60656 70.36184
85.12656 66.97652 44.953907
88.001274 68.12041 48.02516
77.23987 57.29589 42.243645
102.09738 83.6261 55.24612
136.69873 117.90276 96.18224
108.751884 101.65542 81.18486
105.86263 98.83855 78.88046
107.15753 107.12006 84.194084
0.08839221 0.07060803 0.051622204
169.16899 154.20956 126.765366
132.6559 99.681786 59.636986
95.6266 54.74249 19.246431
86.34705 45.437634 12.118145
65.89142 34.853306 3.371329
53.42413 39.223385 14.676087
29.584763 25.42408 18.580727
112.825714 91.5031 59.503727
30.648354 38.049675 40.597404
43.809444 44.721054 46.544197
83.624535 64.3962 38.187744
20.829897 20.03898 22.659145
82.14131 64.09216 37.04302
32.552296 34.89781 33.114445
38.587143 36.712738 33.172676
34.873203 32.79822 32.079067
93.41889 75.10493 48.760227
48.014996 41.914925 35.463806
95.61882 76.584305 50.197983
92.48695 74.84778 48.3
18.765802 14.772434 10.396924
46.460876 30.030209 11.440399
45.582336 29.204422 11.162605
71.26011 58.933285 37.630592
48.003895 31.446287 12.487479
88.59233 82.17412 64.737755
79.497215 76.401825 65.98
72.95513 56.38921 23.546791
117.915306 96.22716 41.567654
78.020065 68.82922 59.51348
93.01291 74.464645 47.775726
17.816679 18.504494 15.645398
152.01157 124.77351 93.36962
47.560753 47.358833 60.8571
33.19178 30.312546 38.11548
37.20786 36.6124 46.423096
51.833046 51.962845 65.190674
41.079838 33.452656 35.4721
35.003315 23.926363 23.177626
167.84879 151.75415 141.23296
167.32512 149.68039 140.73917
160.28758 147.51923 134.31937
159.39813 146.88666 133.55547
163.97546 150.77994 136.65666
1.6873107 1.6768806 8.955924
132.49 107.45429 96.74799
133.59007 108.50214 97.495384
127.33115 101.42245 81.66549
92.93672 61.009468 41.674526
26.20334 26.534342 22.529968
0.028574862 0.024921894 0.015453016
0.029391972 0.025402548 0.01701514
0.029416006 0.024825763 0.016991109
0.032372028 0.026243692 0.01665465
0.047945205 0.041961066 0.027974045
53.259552 30.182024 22.382936
10.079668 2.8172073 2.4195385
13.40793 3.3447008 3.3762076
14.005695 9.505744 5.1892095
16.413363 9.415405 5.7563324
47.961403 39.11204 23.930641
49.44415 40.06001 24.512978
71.27361 59.68339 42.039318
76.41819 70.392715 46.722904
35.514782 31.018745 23.411993
133.52596 107.946236 85.637924
76.869385 56.724777 41.237827
37.61841 32.75436 23.389593
115.57488 97.47402 76.2566
94.350685 78.49618 43.519108
137.34554 111.96648 89.91944
19.255323 14.546503 13.629681
0.30769047 0.8306897 1.0129056
42.536194 35.79553 25.552752
36.05859 32.101395 23.771498
51.47859 42.03165 48.852657
56.746864 37.611366 38.789474
81.57015 40.87616 40.07676
103.903725 87.95958 94.586205
155.10829 162.15196 176.55844
117.64432 130.63867 141.10182
87.52456 99.76902 108.07234
128.0285 136.41713 146.1679
85.56957 96.91096 101.10447
108.80733 132.99731 127.45749
70.90935 53.89012 40.811054
11.904686 11.898126 11.889474
52.437515 46.353954 38.080772
54.52824 47.601612 38.945877
94.10627 80.808266 55.41245
95.56976 83.21656 59.091396
89.71339 77.65485 53.605743
103.36922 88.85165 58.39572
91.0229 80.332275 56.57657
86.47421 83.31867 64.53944
0.028142273 0.017063206 0.0076423935
0.033261236 0.020668108 0.009228551
0.03900505 0.02496996 0.009420812
0.044196106 0.028719058 0.009444845
0.04700793 0.030665705 0.009661139
0.048521988 0.031002162 0.008579669
0.04885845 0.029704398 0.007618361
0.048642155 0.028070176 0.007546263
0.05155011 0.03133862 0.010934872
107.83646 91.168976 109.882645
55.132565 50.672817 61.64172
108.37628 92.15773 111.802284
107.024414 91.612015 112.236435
115.46349 99.129944 119.788635
117.18152 99.94174 120.112495
177.73532 163.62518 188.33446
77.40901 70.606636 72.02038
36.023434 34.00798 42.400024
154.89082 137.35753 151.46753
159.10135 137.4972 153.27275
12.191252 9.723985 13.6818075
12.013266 10.247489 14.074838
80.304924 76.4442 66.40524
77.700264 70.02165 48.51
78.10017 70.59072 49.44845
67.65677 60.425163 40.22896
86.38339 76.842896 48.435207
65.06501 65.10144 57.494785
21.947752 20.340567 19.8907
25.788416 20.950901 20.901321
41.308292 30.19947 26.55441
46.044003 34.08748 28.883322
40.66578 30.004759 25.449434
89.94778 55.66001 29.733189
116.54602 95.25462 64.13629
40.102596 23.38337 15.662557
102.04155 78.21632 54.189114
89.76169 59.46383 38.40971
67.7844 44.421005 24.16806
65.9958 46.18438 26.408316
76.513336 61.89255 47.372147
104.715645 85.53689 65.22754
56.46979 57.890987 72.26135
43.735306 45.346024 60.856884
93.520645 94.23468 109.65533
56.87717 52.297043 75.74129
132.15335 147.61188 180.0726
95.01603 76.48435 54.04816
31.317255 30.88433 28.720476
88.31163 74.56255 58.690243
74.043785 62.72742 49.533646
12.532588 0.8265561 2.687479
13.228767 1.2687094 2.8577986
40.838547 44.611534 42.827564
44.744965 29.86943 19.57532
76.245636 91.543785 93.35934
85.3479 101.7952 104.116585
21.960371 34.701347 37.380123
80.12533 59.843258 38.404613
13.081831 4.1204276 1.983081
31.232492 14.194281 5.780341
38.76758 21.740255 11.981327
92.90887 70.392235 49.50394
128.04463 103.71314 75.41461
129.17877 102.91043 72.93687
53.19673 36.980053 16.308844
22.015982 8.043211 4.1372027
23.383875 12.509349 6.586181
17.748186 9.810045 4.7841625
21.99219 10.974669 5.327037
17.78397 9.817664 4.777073
25.268326 16.908028 10.2151165
18.062532 12.3860855 5.8290315
8.703485 5.3091083 3.1709445
7.3672194 3.794881 2.9934871
14.675799 6.9446287 4.8982935
57.547104 54.61084 50.7211
79.20656 63.22329 47.74254
1.3687575 1.4769046 6.1312904
77.75131 74.68517 70.29909
26.573997 17.112017 10.543956
26.653833 17.084522 10.5671
138.0924 124.82112 112.96909
157.91612 143.30038 129.26485
105.3883 84.041626 67.135445
117.62357 96.91944 71.966736
106.003296 100.74609 87.79019
91.09695 74.612495 62.73713
88.20286 75.156044 62.498295
91.24614 78.70353 66.265396
82.7952 70.584305 59.241962
86.59575 81.311295 71.88176
59.990387 44.507114 24.34285
34.801105 26.447752 16.219442
48.67652 36.06453 19.97092
23.069454 11.468181 10.283465
38.05239 26.170944 15.182192
69.436844 45.354458 22.528599
15.091012 12.677265 10.993535
15.386782 11.949652 7.469647
13.191805 10.483394 6.584883
11.386541 8.675535 5.7826004
19.233381 17.863783 14.49267
11.098823 8.503918 6.1217976
11.433694 10.497837 10.794449
11.597837 10.387191 11.24809
10.800432 10.862004 11.200673
13.596996 13.115933 12.73516
15.691877 16.488993 16.29416
6.905191 7.3313627 11.268252
3.28087 3.0203075 8.583562
0.628671 0.45979333 0.43597692
0.31888968 0.24986783 0.2233838
8.003509 6.8921413 4.8465753
1.635953 1.6742129 1.3576784
10.972674 9.654891 6.710767
2.0510695 2.5715213 1.9057198
12.8325405 7.1336455 5.6863494
9.831747 5.57801 4.659481
31.399519 14.706512 12.663423
45.00185 34.72557 27.697308
82.58428 48.22233 49.739605
116.248116 93.76407 74.1806
80.515594 64.39635 54.253304
207.76172 206.69812 198.41544
170.42456 169.69998 162.04607
139.28906 144.55133 132.66113
147.16438 154.12021 144.79536
101.16438 114.953735 103.753494
10.470416 9.090675 8.4512615
19.021294 10.068806 5.9452295
29.151598 14.228575 12.171329
5.1892333 2.4303052 2.9788032
70.44694 51.2963 35.72658
18.747633 1.9074501 2.707402
11.781591 1.4415284 2.2149243
30.086302 18.571304 30.92622
59.101467 48.063183 49.452198
4.1288633 2.9605384 5.380966
8.869622 4.9077625 3.2739966
4.772026 2.4322038 1.5495074
7.015237 3.3011296 2.1369143
24.44607 19.575655 11.425115
32.996395 25.220812 13.550805
7.716102 0.6373228 1.7489786
154.38536 178.75516 204.64581
23.98659 16.124226 7.427806
27.376928 21.36311 21.809757
29.470993 19.000433 9.2250185
11.159698 4.5497 3.3899302
3.3008893 0.7291997 0.7283826
4.259553 0.4324201 0.76193225
23.978298 0.3153088 0.9361932
47.205406 2.0356405 3.088945
31.7478 0.56767607 1.4079789
19.640398 0.47481376 1.2207882
16.241287 0.5817592 1.2414805
22.638716 7.285965 5.403869
13.022567 4.3791156 5.3503003
21.151958 7.0186734 10.1885605
178.26578 0.27534246 3.7026677
0.11677481 0.10627253 0.06575342
0.1989666 0.12489786 0.08346552
30.95042 17.9298 7.8040133
57.133575 17.821077 12.746479
107.649864 9.915837 10.279837
36.121387 1.1918288 2.7996635
1.089017 0.22915165 0.2733237
51.29954 0.27185774 1.567652
59.72252 0.22343187 1.7568854
38.85816 0.19901466 1.058904
84.37217 0.3099976 2.008868
30.749916 0.38101417 1.3388128
89.88808 2.312425 3.6964192
52.75465 0.55897623 1.7520548
18.14989 0.25472242 0.5787551
136.66068 0.29682767 2.9074502
19.773493 0.26560923 0.7252343
144.4112 11.159024 12.326964
72.31242 2.1211967 3.3528
179.47575 5.491372 8.6556835
197.86685 46.01752 41.619514
94.401566 4.868277 5.226724
117.0777 6.1752462 7.2401347
100.23831 17.314924 13.517159
143.75081 18.747007 13.790892
140.47221 16.425547 12.5025
101.18313 5.0527997 4.5944242
79.35607 4.5225186 5.295458
85.171524 4.6944485 5.176568
131.4098 16.041649 12.827133
117.56162 16.346334 11.313602
88.591736 11.156333 8.987022
86.14376 7.073588 5.7201633
91.7398 7.177097 6.0026197
106.309105 29.585821 23.945301
89.43062 1.5967556 3.3776016
86.35537 7.3385005 5.8855324
205.90567 1.6304253 5.163278
53.50281 1.5489066 2.2740927
33.54273 0.42223024 1.4634463
107.43319 0.81115115 2.7974286
41.16633 0.26214853 1.2015861
134.13963 0.56034607 3.5199711
116.85643 3.5718577 5.104182
152.23427 2.0373228 4.510791
73.25604 0.72864693 2.4388368
0.10182648 0.09216534 0.054482095
6.01317 0.7619803 1.1155491
5.5488343 0.69130015 1.0170633
5.3800287 0.7462389 1.0182889
3.274357 0.43302092 0.59372747
2.91627 0.383105 0.5446768
4.333309 0.676496 0.8985821
4.1093245 0.60283583 0.8143235
0.106344625 0.097524635 0.058135062
0.8464071 0.8383321 0.7991108
1.5806777 1.5738285 1.536818
0.48183128 0.47642395 0.44313866
7.6229753 7.6172314 7.5859647
8.520452 8.514276 8.484932
13.392189 13.385845 13.358111
12.65888 12.652679 12.625619
11.874044 11.868085 11.84136
7.486734 7.4807496 7.4541698
9.151911 9.145879 9.119635
12.9094925 12.905744 12.888128
13.492887 13.488897 13.471882
14.352632 14.34857 14.332011
9.862365 9.858279 9.841913
