9.530894E-4 0.0010460737 9.0659724E-4
0.0023711005 0.0029057604 0.0017899484
21.382654 81.29934 99.120995
152.24686 163.14998 165.48589
1.0999349 1.101167 1.0986564
1.3533638 1.354805 1.3520386
42.559673 32.884537 21.287832
55.83358 40.619602 28.88507
68.7833 41.632317 22.713028
80.364685 51.78988 27.7134
80.042496 48.176136 21.636269
65.185135 40.81266 12.076689
12.887187 7.655749 4.2362733
12.894928 7.664536 4.2423635
121.9903 117.1213 108.82884
90.84927 82.07246 75.75559
104.72953 98.11077 92.93217
124.60461 120.81222 114.913666
127.73104 128.81944 123.33328
107.91087 106.06544 92.79006
153.80043 143.06758 125.98668
115.91553 115.63618 91.011856
101.39137 92.931404 85.884605
82.19431 79.024155 63.290554
139.171 132.51523 117.989426
127.39362 123.49847 105.37231
106.29406 95.69643 79.821655
124.65143 122.02631 104.9297
119.72802 104.45397 90.80369
122.489586 119.22853 104.12474
81.93928 67.997185 58.756172
99.00921 90.57909 78.02422
75.81306 62.035103 50.744152
110.49472 112.45111 87.09431
99.25701 88.24427 71.88623
109.691895 100.97373 81.01892
133.64447 123.33293 90.613884
114.56135 108.785835 77.596794
111.0407 101.92517 73.916245
98.12095 89.546234 66.58713
81.78207 77.45781 62.305664
81.46634 77.38542 62.900436
74.967964 71.95895 53.768097
75.63629 70.52615 53.64587
83.12697 77.528915 62.5013
77.63664 59.4291 42.49212
63.360825 51.77763 38.197685
58.422543 53.41659 37.028824
84.6958 68.77233 47.169556
71.295364 55.238922 38.70217
68.69599 58.655167 40.791946
59.16963 45.753895 33.359825
71.02438 59.80055 42.295296
84.117645 74.43256 67.02132
89.94005 79.79592 68.14417
73.01295 53.54893 46.343506
76.53387 67.080154 54.624367
79.53064 63.625275 50.60393
77.36115 63.383213 49.281372
64.86757 53.65391 39.564556
72.60379 62.198708 51.05421
66.37854 56.44623 43.866173
75.251175 64.69989 54.303898
49.37947 39.30341 38.29683
61.30771 54.587288 43.592846
44.374935 33.91813 29.095984
84.863594 71.92926 58.51225
88.14703 69.27523 43.769306
68.940765 51.902367 38.93424
6.281022 4.401762 17.028801
7.7922497 5.9354687 16.601213
85.513855 73.37317 53.296993
43.849575 42.011436 32.949417
9.551816 10.347761 15.26017
49.871494 33.092335 25.254057
58.772747 40.47087 23.41206
95.37519 87.170975 71.9626
110.27986 108.794785 70.843185
109.92331 93.64401 79.2822
110.943695 97.69404 82.015945
100.817986 91.02704 65.89251
95.48366 87.093124 71.22316
106.28107 93.8035 77.94367
92.56523 73.990654 60.962227
99.00542 80.579735 64.76203
85.08406 68.65073 54.355225
102.60279 85.33704 67.1415
100.511086 83.446396 65.389046
101.96611 84.38228 68.89932
118.06797 122.30631 110.919685
81.17242 56.32212 50.85887
89.86536 67.58294 55.017643
94.53057 70.61333 63.345505
89.96567 69.73093 58.102005
79.85725 61.70761 50.565834
91.667534 71.77984 60.21626
89.6908 66.72277 57.897068
108.71465 83.218765 71.91399
83.691895 63.84204 56.265354
88.41687 64.78402 59.03008
94.61014 69.7564 63.468224
92.515854 68.46834 58.610165
35.881653 30.865753 28.942791
35.426727 41.326862 28.256754
40.299458 27.84353 24.989958
57.22207 31.064903 27.52457
49.26461 19.916594 16.560278
58.51432 34.204704 29.711609
61.67467 30.55149 20.259031
67.34918 44.34569 27.243805
33.013577 22.762657 23.138943
54.44814 26.377703 17.528221
53.011066 24.103607 20.089289
67.79825 40.01548 22.085453
62.260517 34.071854 24.120344
44.44614 26.6047 18.430239
44.948486 22.026802 16.300758
55.839603 29.712423 22.393673
68.039635 30.592472 19.058277
49.192944 22.23797 18.446138
64.265076 33.943466 24.94858
55.82068 29.376099 25.423405
40.960155 23.91771 25.864893
50.589615 29.540192 22.496862
38.09136 24.024897 24.126598
54.76975 27.591404 18.684248
50.72149 26.078966 19.734972
61.18541 39.645893 18.300665
51.64654 25.808708 18.251755
53.7492 27.005533 19.76096
68.10747 31.772747 19.422544
46.02069 20.758404 15.174718
51.31782 26.337324 18.02285
52.716747 26.19471 19.702381
57.69743 28.647264 21.44184
36.403275 19.570412 15.785671
39.019226 24.233368 22.521154
37.735367 19.511948 16.469618
49.036404 37.363873 29.570738
51.711983 28.08787 23.710075
54.497654 30.503418 21.944279
43.244595 33.395718 22.054466
53.771816 40.34165 26.02836
40.345947 27.619625 22.550838
52.579105 36.87089 26.256218
42.953438 30.191595 26.64108
51.60263 42.027966 27.514994
44.948627 31.811172 30.98489
49.95053 37.180065 29.685968
49.220654 32.796806 27.445837
50.728065 37.074715 29.916523
65.76386 45.142452 31.130735
59.61037 39.24899 31.783184
50.68139 34.364265 28.681877
48.760006 32.866848 28.812939
40.25803 27.176159 20.427193
66.877495 45.745293 30.027918
36.596447 26.539589 28.012552
31.032057 29.778605 29.634735
37.28932 31.158888 30.501045
50.951393 45.330654 41.197617
40.59368 32.99212 32.9904
34.163094 31.03466 29.591194
59.63241 59.660675 54.31566
31.346785 29.12818 24.53466
24.372913 28.537798 32.648403
33.052513 29.768028 29.68985
33.588104 28.71921 28.20396
43.146847 36.692966 29.189735
48.896927 39.285206 26.816448
45.179436 33.452557 19.309381
35.876774 31.144173 34.15368
45.018528 31.878632 28.191198
53.527454 37.265865 40.392162
51.590008 35.976685 39.92243
46.644127 35.905434 29.952717
36.36494 31.890162 31.856432
28.530033 28.799248 32.059464
36.652332 27.180344 25.921986
40.344345 32.23825 31.231972
36.784393 31.743479 32.102493
25.248802 20.891186 21.910875
38.350853 33.832745 32.04756
31.540657 25.019806 27.891558
31.11688 21.258636 18.697824
41.134827 31.697453 29.853619
48.22502 36.129642 18.619904
43.189896 34.17344 22.300898
50.005672 35.21205 19.21763
58.672604 41.63104 25.313984
32.72014 28.663002 27.298456
39.34388 29.732716 23.803967
26.832512 23.959784 24.45574
30.262913 25.458693 24.02922
41.873634 30.655981 25.087614
40.50516 25.861593 22.907248
36.51074 27.750917 23.085081
29.48196 19.04447 17.376354
28.159678 26.410015 26.825329
31.279766 26.132618 25.25208
86.12064 78.82989 72.585175
86.59503 78.90316 74.095375
82.02378 84.85587 68.3098
84.56639 77.55389 67.2627
82.69487 74.7935 65.64675
80.23776 65.8175 57.938793
93.06432 77.476685 66.979614
87.36206 75.28872 66.4353
79.03566 67.96987 58.861244
79.75278 68.37215 58.96543
81.220795 68.015015 59.889812
101.82749 91.35592 78.17872
98.630455 85.98103 76.37035
58.831512 57.811775 41.49758
51.0653 41.711006 36.03775
77.681625 70.24209 53.394043
67.60126 57.992397 46.768726
60.513367 40.644543 30.56123
70.492256 55.16379 36.73053
52.284275 41.88147 27.09317
86.48335 76.44509 52.31375
83.78204 50.250614 41.217163
59.537125 46.898182 38.314823
90.17016 71.42689 54.21454
84.4192 72.1465 50.027897
109.24567 94.58027 65.0602
94.18055 70.061554 60.697407
86.44316 62.796715 50.9185
82.47236 68.03194 54.47129
87.36415 64.973175 51.16458
92.616394 74.23146 50.96978
80.24827 61.45932 44.58952
85.292786 62.00753 54.074783
111.54398 95.08866 63.550514
94.44382 78.56167 54.91578
99.06648 82.13594 56.97715
105.61939 91.37919 62.778534
104.77782 90.42331 61.753544
102.81294 84.886116 72.07548
113.4109 100.11879 72.212234
85.89821 68.97085 57.876263
78.973595 58.967014 48.814518
106.11795 85.04958 70.45888
112.40057 98.30991 75.89855
92.56295 75.8393 66.563416
102.62785 83.657814 73.92482
83.7375 65.18034 58.715794
56.528824 44.27635 35.22923
59.788902 52.6007 35.16119
57.43919 49.173065 32.60163
48.084568 44.110626 28.156168
74.10447 73.63662 49.9397
76.35139 71.48268 49.50063
64.20933 57.02557 41.756382
87.77428 70.234276 54.037262
77.55007 70.39018 59.310986
83.34172 74.4307 60.67137
75.21445 73.94995 63.40253
65.36189 55.678135 43.094727
89.54077 72.955574 58.87489
78.03933 86.014694 48.541447
89.478355 87.32521 59.065437
85.854965 86.771095 62.418385
85.75373 86.39948 62.203495
96.87568 89.05131 73.325356
93.249176 87.30085 70.572876
109.931915 99.28316 77.411156
58.39435 51.81487 48.488445
52.08845 48.935493 45.060116
98.00444 87.6723 77.423454
67.539406 56.577408 51.65117
40.20638 33.22191 29.560184
37.318844 32.2883 30.720839
34.91915 29.516296 27.364197
41.51311 30.540518 20.037148
53.002907 39.929913 29.846878
42.42182 35.146404 30.258753
59.336117 51.80471 46.891766
35.002373 30.121996 28.390837
44.750614 34.66298 27.435003
42.445374 34.742664 27.216537
34.500767 28.704008 26.053467
43.394253 34.276047 29.530987
38.66437 33.60326 25.59596
45.79913 38.78788 30.927147
38.33858 33.132572 31.984728
39.63687 32.25494 24.79569
35.449696 30.046352 27.598028
42.537846 34.78474 28.55586
29.745409 24.661722 19.959925
35.366337 31.451113 29.968454
38.579247 31.213306 26.431448
36.508717 32.276627 27.78365
28.673857 25.070808 23.54368
49.12774 36.142384 27.49456
66.15026 62.05693 44.369427
110.99345 97.711006 61.741642
63.185806 50.336998 46.2492
61.00888 59.263912 57.528824
64.05309 63.685944 63.258194
71.19092 51.623066 42.307568
71.700775 52.77537 43.849224
78.0947 57.062626 48.288136
62.910946 62.17151 61.13183
55.912407 48.621067 45.44665
75.40583 54.857456 46.100143
51.004787 35.125202 30.146776
74.824005 54.1703 46.140617
63.160583 44.71656 37.457275
72.46165 53.775837 46.950485
81.30496 59.73974 51.681133
72.93252 51.867893 43.58069
39.818703 35.54826 20.560509
32.3767 31.58994 25.299223
34.3055 35.49656 30.153587
51.383606 42.092056 23.96183
33.001232 33.938816 28.377726
52.59982 47.426495 28.518806
48.66851 44.004906 26.921173
39.268307 41.11386 32.89809
40.693665 35.070713 30.152634
39.396114 33.956738 29.624832
44.317844 38.803944 22.698381
45.770653 39.238483 22.697521
36.84983 33.561604 20.41257
47.00416 46.509483 26.683737
27.606676 28.845274 16.681017
45.00209 37.587498 17.030592
92.998795 90.387184 76.57301
92.93568 90.279976 76.455414
76.68057 72.99389 55.73046
91.662 93.91938 69.79467
85.43489 84.9218 64.379745
94.9625 94.603424 74.49212
104.70048 104.38103 86.933075
99.7167 97.181435 79.95755
65.15254 71.2415 53.246456
46.32805 38.762657 30.09045
36.78509 33.381584 22.352295
57.650517 58.29462 41.775394
52.922054 47.89909 32.867985
46.448395 38.55228 28.271072
46.01904 36.305847 32.069298
45.003628 45.372005 48.44007
82.70847 73.72544 53.28746
47.5119 37.57102 38.84195
49.549328 38.285393 38.394207
51.750687 32.652378 30.535078
50.182365 48.324677 21.560392
55.747337 52.168743 25.124506
53.129505 45.8572 27.170929
36.424683 29.607025 21.196802
52.670696 35.31847 27.044027
65.022224 47.877655 39.709564
64.318634 43.967224 28.37605
75.78177 52.936306 41.455925
60.65705 42.969013 34.504673
32.225952 25.85585 22.523432
29.127668 27.944744 21.036055
26.770166 24.879911 19.997978
27.056883 23.351086 21.920057
28.591637 26.508484 26.915197
51.365032 49.25359 48.433586
22.521038 27.70145 35.221046
36.06925 35.31115 36.88986
20.744804 27.536776 29.9672
7.300479 12.069041 11.091962
17.942583 16.179668 19.760496
39.20589 34.09259 30.277699
19.069412 18.287298 19.614231
38.49514 28.177204 29.754265
69.34079 47.928776 38.851875
78.05665 52.527386 41.408226
77.50091 51.098656 41.827164
97.13009 73.55558 58.0126
87.68267 61.40943 49.49019
53.336834 44.219093 39.092846
54.857338 44.621227 38.89686
129.33324 135.26953 118.99698
86.281 80.427795 73.324005
81.54124 75.161255 66.23441
80.84462 74.05358 66.17655
109.703636 105.11486 94.10098
94.593216 87.870636 77.46123
86.36043 79.39618 71.086426
87.00098 76.913315 63.82905
111.28342 102.08882 90.25408
110.917984 99.446205 87.54956
115.59728 103.20817 87.57934
115.85081 106.18465 89.799736
109.164955 99.24625 87.538795
78.00897 72.502975 55.65196
80.630035 74.55718 66.891624
82.263985 75.08922 68.04177
73.47278 63.65684 52.60677
74.99982 65.258545 54.432564
82.060234 69.62248 58.425404
68.30799 58.033104 44.740597
46.090614 40.995934 34.107094
74.318306 60.680878 50.41055
41.436726 41.436306 41.436142
57.254288 57.253872 57.253708
50.94091 40.847366 39.95204
86.471085 86.470665 86.4705
42.12039 30.97587 20.780882
38.66379 38.643055 39.35162
53.444 40.740227 36.64043
52.85497 40.189873 36.058067
51.53173 51.51339 51.809032
58.089565 52.9473 49.275932
60.220932 54.719933 50.662395
62.6763 58.668346 53.40762
59.080616 59.080177 59.080036
66.44644 50.428005 39.20631
59.017643 59.016666 59.044495
65.40716 65.406715 65.40657
29.296457 29.296015 29.295876
42.22019 42.219746 42.219604
62.436863 62.43642 62.436283
45.45669 45.455715 45.45539
63.085617 63.085175 63.085033
68.70275 68.70231 68.70217
33.101795 33.101353 33.10121
98.133575 98.13313 98.13299
40.009438 40.00846 40.008137
35.060577 35.06014 35.059998
57.515762 57.51532 57.51518
26.517643 26.516691 26.516342
35.323444 30.185991 27.369892
50.61816 43.89981 41.60254
53.26024 41.32928 36.94149
55.50158 47.945534 45.320236
43.32031 30.014715 26.759031
54.173275 44.902576 38.6259
48.577152 34.56295 33.22242
48.577435 40.18592 38.73146
25.404133 27.4513 28.663815
62.740574 55.610626 47.19401
64.310356 58.672718 51.465782
68.93728 63.864475 55.242527
57.959087 56.709934 51.68355
51.533543 50.52092 47.629852
68.05249 63.388165 56.760216
58.433308 58.8731 57.044773
65.03738 62.49549 56.905785
51.594727 49.244083 44.869358
60.363987 45.164654 38.751244
63.133083 45.561672 36.997047
52.62074 41.66614 34.730785
59.99979 44.751823 38.434444
59.05642 50.17195 42.571575
73.03422 56.440166 49.26026
60.76303 44.083897 36.222046
68.46927 58.968594 51.605072
80.99556 70.822586 65.14566
63.05858 46.26568 37.589962
92.723206 81.40769 78.66163
71.24506 52.943348 44.96183
63.76259 53.2687 48.480682
66.31692 56.054676 51.703728
65.315796 54.836834 50.58564
56.1067 41.8595 40.430054
71.28746 56.20508 47.76512
55.523014 40.94742 32.707726
50.732647 47.670185 43.58127
65.00044 50.7114 45.75215
57.55165 37.880238 36.22602
53.56848 37.010227 35.54198
36.563625 32.953205 26.20352
46.345135 41.520294 34.30729
63.49979 50.047676 40.966618
26.350527 30.364592 33.494816
49.70066 40.743317 26.529871
63.836185 51.750103 37.826096
56.522896 41.446255 33.417545
60.155376 49.10447 37.39825
48.68634 44.092846 24.924728
34.142895 31.840254 23.080292
60.5159 50.39381 24.988098
72.004906 52.566483 40.68032
46.808777 42.27105 38.94665
31.66056 27.002022 24.878447
57.898045 50.435608 40.715446
18.057394 22.756334 31.735971
24.058975 24.528057 30.937027
39.597008 38.09059 38.845158
21.277302 23.293505 32.107304
48.77093 40.282253 35.950325
52.3645 42.540493 37.218468
36.06688 32.701637 30.830141
68.833046 59.010017 93.10821
101.94272 84.64087 84.827515
30.044935 26.977846 30.83751
38.598263 38.438816 39.425194
61.40676 59.890835 53.57541
36.70254 32.961433 30.0401
31.195965 28.438118 31.038101
41.593147 36.25887 36.93884
62.186947 53.325794 47.956135
34.080383 32.834164 37.171253
31.725603 27.03373 34.405224
40.22502 32.49377 30.180645
41.825443 37.00846 34.483334
47.081734 41.424984 39.670742
45.7333 32.493004 28.588474
39.305687 35.373287 32.913593
46.416313 39.54591 37.73158
44.60942 38.451786 31.916779
34.449604 30.753801 30.322748
36.01832 32.103703 31.306803
44.81152 37.53008 36.219166
35.47845 31.11637 28.928844
42.416454 38.779743 35.056187
34.173298 31.392742 30.507694
33.241875 33.431656 35.963295
41.316402 34.638245 29.993677
43.77693 37.779743 33.4268
50.163395 40.078384 23.740574
36.49714 33.015156 31.914013
37.770237 33.543774 30.55872
36.96132 31.910294 28.323795
40.384792 32.279488 29.012018
43.69885 36.760612 23.556278
60.605164 50.321167 43.811985
44.824284 38.477543 33.29913
51.35441 42.02318 37.21668
51.96134 40.024338 33.899414
49.705544 35.051514 28.128132
35.644753 28.841532 30.817867
55.864616 37.522293 31.613232
38.75662 41.48588 52.579872
35.499348 33.543888 33.014275
110.03429 108.86262 85.09543
124.13216 114.23302 83.39886
40.024895 48.876587 59.421078
114.05844 102.53215 74.28504
122.97659 109.9526 79.26849
120.67511 105.73599 76.64294
0.6595611 0.65907294 0.65893346
16.473011 16.472523 16.47236
10.135036 10.133944 10.133595
13.220535 13.220047 13.219908
9.76131 9.760844 9.760681
10.586173 10.585685 10.585546
12.928984 12.928472 12.928355
11.525501 11.524362 11.524083
11.433934 11.433447 11.433307
12.598726 12.598238 12.598099
10.665048 10.664559 10.664419
8.517969 8.517481 8.517388
11.444883 11.443814 11.443605
11.448069 11.44758 11.447487
