0.53677976 0.5296735 0.4240717
0.55713826 0.54977596 0.43991676
3.709219 3.662548 3.9833546
0.57000643 0.5626761 0.44980794
1.0137324 1.0880282 1.1011844
1.2020806 1.1573304 1.0484635
0.59036493 0.5827785 0.46555698
2.5035212 2.4958067 2.3775928
19.349968 20.703745 21.31527
30.238125 30.079 28.59283
29.34776 31.026184 30.08185
31.678074 32.044044 32.357105
19.465044 19.834347 20.826633
22.998495 22.132586 20.989244
22.589533 23.275385 23.351313
30.35269 33.78012 37.877464
28.835115 32.784122 33.885372
7.6762805 6.179065 4.7234955
30.453585 29.013573 28.47308
29.216902 30.958643 29.413956
32.27116 34.132748 33.71098
19.045519 18.673496 19.791613
16.677753 16.420263 16.165941
17.276857 18.976921 18.217285
60.563732 63.832138 64.51901
37.14968 43.114437 46.837803
29.77676 33.340748 36.609955
18.742702 18.531786 19.23537
31.039885 33.901375 35.635147
25.894526 25.52135 23.39779
35.551792 35.426983 33.518375
13.397439 10.529577 3.5265045
12.578105 9.59315 2.521479
175.9427 178.6815 168.13441
168.39357 170.60686 158.3708
168.57756 195.75615 189.46017
132.33739 134.93437 120.44174
146.31876 181.43768 176.26578
136.17369 143.05307 128.42833
158.99257 161.04411 148.92561
117.098755 129.5587 125.29094
114.63297 126.18227 122.06197
87.9419 83.01092 68.24933
60.376568 56.20224 46.708004
93.96415 90.76437 75.723465
73.12318 69.92747 53.35032
47.19248 45.429512 34.17865
80.098206 79.25464 68.19273
64.04792 60.65365 50.858547
69.67231 66.13825 54.8427
75.21066 71.46831 61.031242
95.84472 93.086105 80.557106
86.45931 82.75733 70.06117
49.150288 52.59728 42.523304
79.12132 79.270424 72.342285
45.13761 45.053555 43.043087
75.24834 70.41127 59.404835
150.17596 149.59628 137.30937
158.48035 172.57372 162.24767
132.3236 139.98277 133.35033
125.83502 133.88104 124.175224
73.79757 73.859695 70.29123
117.562004 115.22154 110.06043
26.811909 24.510372 18.086748
76.80932 79.93265 65.24802
78.621635 81.14869 83.71383
66.07577 72.551636 59.729897
51.910885 52.789917 44.854385
56.967415 55.534634 49.12215
199.5482 203.26053 196.75484
169.72174 168.57791 160.797
120.87122 119.32273 112.28473
134.845 128.80762 116.13557
122.021576 120.76725 113.97644
149.18457 148.93633 141.62334
131.54651 131.65042 125.17654
145.2237 143.75735 136.16527
136.10669 134.28531 126.860886
138.2452 137.57478 131.30304
131.70699 129.77272 122.59975
124.44257 120.67759 113.259155
154.82152 152.69737 144.283
156.61742 159.18723 150.38889
140.38223 139.87311 131.04373
110.29244 116.65929 109.95435
61.414597 60.757233 56.141037
110.04766 113.73198 108.85519
72.26092 71.420135 71.23092
109.62849 105.60096 100.44152
115.2822 108.2394 101.79216
99.51626 98.0491 96.72055
99.22945 95.78726 94.9886
94.0193 88.79712 86.954895
97.57996 93.09984 91.48409
62.525448 56.807777 47.20525
59.366516 56.03316 45.41991
63.446415 59.9121 49.126953
64.738 61.675385 50.915302
54.466038 50.419655 45.644142
78.60445 78.61735 84.26725
81.102974 77.097984 75.4106
61.493214 60.18265 60.274776
65.5766 63.334217 60.66959
112.33508 109.30547 104.6016
111.241806 109.96921 107.99984
108.181114 105.71902 102.983
105.82858 103.45135 100.82695
68.246704 66.21415 64.407585
69.830475 68.13656 66.40025
99.69094 97.55935 94.94001
92.16187 89.1508 86.82699
103.710625 100.0783 97.03345
17.67977 19.1653 19.588253
77.009346 78.91107 55.888443
81.68473 82.51232 57.987644
87.276184 95.384926 86.467224
83.35163 89.062935 78.90518
64.95788 71.34654 64.07692
56.764854 64.03076 57.039692
63.58089 70.366585 62.867573
76.67247 82.64497 75.23182
77.97977 84.10307 76.235535
83.061745 89.64433 81.45839
73.872826 79.80112 70.84389
72.16649 80.65384 72.45851
62.638508 69.90989 62.179672
72.67343 80.491615 74.26213
56.810307 60.100895 53.09805
62.644238 68.3621 61.562836
108.51713 103.43742 97.80941
44.7194 44.552593 33.698334
39.14856 39.31114 29.30653
40.064884 42.300705 36.830696
43.708866 46.308674 39.04158
113.08537 135.72644 136.81572
113.11351 123.5241 124.31735
32.318214 33.736427 26.012293
39.646862 43.66226 37.07404
99.44072 114.164215 114.39309
44.48774 47.744015 40.46194
53.609955 68.377174 68.8847
56.324425 66.23851 69.05199
26.311556 28.302048 24.22452
14.27372 25.141197 28.70493
24.875448 43.0025 47.107426
16.767286 28.57644 32.01418
42.68963 53.761875 62.44936
36.17836 44.397854 44.190395
14.858163 16.949903 16.562645
10.34139 12.614308 15.456658
4.0325546 4.463444 5.21847
25.14728 28.408258 28.21114
7.455698 8.187996 7.460051
114.79843 140.45099 149.34082
104.17071 97.52862 82.45679
26.872215 22.218502 17.050447
79.79594 74.84952 63.228043
31.773687 26.988924 20.014116
4.080538 4.4569144 4.284091
5.3853393 5.934347 5.9734955
52.670967 51.40144 46.181305
35.76402 34.321125 30.3484
86.95403 84.83284 83.12411
0.40012804 0.38325864 0.25512165
64.15589 69.23969 55.39808
70.0944 74.78265 61.300575
74.419556 78.74206 64.60631
75.98297 76.097244 72.36527
79.60637 75.49843 71.43582
55.840748 47.781467 41.295296
67.54168 64.24011 63.771927
91.78329 80.4646 69.431725
102.47065 90.11885 79.41159
75.12417 73.454865 70.40362
47.685146 41.93358 40.859795
66.466354 64.55317 61.758068
53.14296 49.75925 48.17388
78.331116 76.73281 73.68582
54.043503 50.99075 49.254833
60.105312 56.230698 54.284313
105.45618 100.54795 92.66911
47.578842 44.150608 41.903202
92.521126 91.80362 89.007904
108.92705 103.63688 95.49622
65.24616 59.60752 53.38323
154.88037 152.69565 145.28368
66.91821 69.04276 62.715366
43.52452 38.741676 32.98425
57.368404 60.856724 48.389694
79.6209 84.04623 67.604485
53.111202 55.450993 43.617638
92.38422 86.461205 72.99001
64.22663 63.20864 52.277336
49.767574 47.590687 38.79507
64.021095 68.30349 54.768566
76.449135 82.116035 70.94379
64.23377 69.05212 53.329193
62.917156 67.51626 56.61812
59.28819 62.4677 50.201344
53.968822 55.719048 45.23284
79.81152 83.57772 70.841324
91.91117 80.11898 55.801983
47.129448 47.399456 35.83649
71.19116 72.693405 66.3266
76.89046 77.87612 69.324936
55.936493 59.046574 44.966454
79.52522 85.01713 67.003265
61.85666 64.770454 51.765907
54.409252 55.193565 42.566868
61.278618 66.10557 67.521255
56.47596 55.616356 53.434765
84.33511 82.08765 79.64248
52.114662 53.888893 48.72977
96.82257 96.18291 87.70128
75.33739 74.41815 66.71511
72.984474 73.02228 67.30797
83.811584 83.66776 75.69766
92.38617 93.62916 82.586235
50.134827 54.406723 45.85541
75.76152 76.75983 53.65682
104.496544 102.14072 82.53159
66.22475 64.48876 45.89923
65.543755 55.00003 38.14235
72.35669 76.24398 70.693726
84.00173 87.10944 76.645454
63.234985 66.122475 60.739662
79.64075 84.94123 76.82033
70.39814 72.95666 64.90669
59.69283 61.316837 51.871384
34.543182 34.395008 26.897919
65.95208 64.00544 59.40746
65.94094 62.283035 58.2911
82.95298 75.008705 69.75157
53.147312 57.972153 47.263924
50.11117 53.230186 39.739918
48.557266 51.67817 39.66367
51.678455 55.067894 42.533
49.57532 54.792797 43.74062
61.750225 68.6412 55.480827
92.85503 94.70278 76.79987
34.738155 33.38054 24.417862
111.52862 112.38019 84.735405
50.525192 55.889435 36.724422
64.884155 68.384445 49.036366
72.83387 77.62292 59.589214
60.713444 65.74539 52.676186
84.413864 87.45778 85.54037
66.54491 79.37007 79.1862
99.968216 113.752914 116.734695
61.2597 66.813126 60.144527
88.99593 91.75506 80.9806
72.03995 77.95778 72.98393
43.440365 45.19123 37.303585
68.71546 69.32711 60.696285
45.273464 44.855377 37.754833
40.225544 36.82186 30.058994
68.27267 71.82071 63.34136
64.47033 64.61399 55.681755
76.77586 79.15324 69.73956
65.741486 67.13691 57.96437
38.153683 42.386074 36.087708
65.75048 64.3411 52.58758
50.2734 55.112293 41.34773
42.413765 44.310757 34.76383
65.90067 67.7306 60.630344
49.729034 49.64254 44.484924
53.64683 52.674618 47.136524
70.57164 67.4033 60.8387
41.69635 40.209763 36.330666
46.819878 41.66943 36.755024
73.03668 71.76764 60.974777
34.143696 36.00554 30.212132
82.87907 82.97007 76.88547
75.26665 75.783516 70.73473
79.1249 78.93214 72.5106
39.109795 42.99107 39.17785
20.33662 20.85893 20.76479
40.530857 39.109314 33.925095
40.915333 43.233 37.452274
42.987038 49.77132 49.01783
27.119303 29.787165 26.540909
17.941742 18.994781 17.436716
65.855316 68.41079 64.835945
52.296352 53.54241 50.239563
56.5266 55.09923 51.59427
30.641037 31.351728 28.301249
62.140015 57.50602 46.00477
23.470615 24.119333 17.381083
54.677143 57.050415 49.394848
40.376984 42.15227 36.312866
59.000385 59.312195 53.01258
44.981785 44.89853 37.892
46.507202 46.048145 39.464405
43.44702 42.856884 37.48454
58.23089 57.431755 48.706116
33.041325 37.312805 30.171606
31.063477 37.750576 30.4395
75.22596 75.70717 76.96258
44.375927 41.28534 41.918568
58.58979 57.947437 56.66988
51.60634 48.71447 44.70861
56.775993 55.238796 52.686523
57.061398 58.805313 58.171734
50.87836 47.130184 45.44584
75.02827 76.442474 74.52391
52.234955 72.47183 63.575096
112.04369 114.81056 110.539215
78.556244 76.104576 67.14078
77.60647 79.031624 73.26057
63.36085 62.43694 53.035885
45.62183 41.084637 36.385307
41.1346 40.16498 34.421734
48.153423 47.723366 40.960373
40.96831 40.158707 35.016903
76.865524 80.65861 80.63147
38.94523 47.008354 49.68966
207.85228 206.62903 195.3459
101.1243 102.45698 97.717926
190.09158 192.1589 188.29437
88.20288 92.42753 89.07794
66.89462 65.997154 60.96639
65.770424 80.9894 66.74232
62.88822 66.2218 58.654995
20.892157 24.131594 20.294014
42.29123 62.056305 47.814243
72.01012 71.51556 63.6275
78.51255 78.15064 68.26402
78.825516 80.58329 72.41684
61.133705 84.5903 63.80317
30.596191 33.507137 29.39107
49.366966 49.76863 40.824455
66.4218 64.10589 54.08441
100.11671 103.99033 100.10304
40.68758 41.109188 33.08934
23.77244 29.799744 25.004993
37.13169 37.877625 33.004387
48.43409 46.884125 42.831913
79.550125 78.06668 73.58204
66.49344 64.57065 63.233547
81.84014 76.331116 72.79827
84.02308 84.06489 83.037704
20.912195 19.61178 19.241198
51.247246 48.112324 45.968437
66.67142 66.61175 66.20224
64.289215 63.304993 61.05349
84.88748 78.1321 75.889854
67.99997 67.63083 67.30237
77.50272 70.8323 67.76309
78.83419 74.349075 68.56104
63.269943 57.235596 54.094143
50.854675 48.261395 44.597214
69.32126 65.675 60.462933
96.02257 98.83428 101.32746
65.913925 56.91607 50.205475
109.16133 112.74293 111.68787
97.76159 96.29062 89.92218
73.645615 66.79974 61.137707
96.88281 101.14898 101.67397
74.05733 73.90314 72.698975
80.02964 79.85541 75.627144
66.377014 63.337933 57.43771
59.58294 56.482426 51.61309
75.94846 74.88828 67.68563
40.159412 40.52676 39.92212
96.40496 97.31165 91.794044
36.317764 45.10131 47.596222
29.63678 37.814884 43.450417
66.79043 66.53646 64.86114
78.35739 76.26809 69.525925
66.448494 63.744556 56.87535
87.92779 89.051025 87.37743
74.61079 67.84917 62.6815
78.41895 70.88844 66.14779
24.059668 25.52708 20.830921
46.21738 48.14555 37.75272
27.053905 29.488316 27.36242
28.560787 30.69792 27.402336
83.9597 82.973015 77.32865
45.78044 49.757652 51.14299
45.588444 47.70794 46.4371
42.442127 44.300865 43.242638
87.37385 86.7259 75.47221
29.026249 35.072727 35.93886
65.97801 71.122406 71.79587
47.24904 51.74414 58.31434
34.115204 34.898464 31.340109
65.311714 69.66553 63.328392
123.93057 125.1364 124.99962
35.89824 39.233162 33.94267
25.539597 27.864372 27.209763
111.855316 111.08707 102.63515
2.9042573 2.977593 2.940301
63.125446 57.723465 50.185627
45.23214 45.110916 39.176888
68.72039 67.580154 61.665333
44.677944 44.188957 38.611973
80.10599 91.979034 102.402275
52.0483 55.65458 50.113827
51.072407 63.791485 52.13902
48.22023 70.06703 62.17263
64.38835 73.36751 73.08691
25.764948 22.95813 20.659859
44.42215 40.41466 36.75525
17.31082 17.579033 17.316454
50.77692 50.94328 49.745358
47.742928 42.140812 43.391167
71.49417 70.401726 67.807846
15.452048 14.762292 17.387869
77.842476 75.580444 77.69683
75.230156 72.527596 71.31162
48.35704 46.64523 45.448814
51.62116 52.075672 48.692863
46.942318 47.15464 44.776344
59.028267 60.292095 57.26767
36.929928 37.13777 34.614212
53.898174 54.048367 58.081627
55.840813 68.50016 71.19699
63.59894 78.218346 80.52865
67.587296 66.75211 59.083195
44.373272 42.52116 36.21258
44.897694 42.622982 37.43233
57.798943 55.940845 51.502113
55.987514 68.63525 70.94814
31.297535 31.699615 37.09776
91.223625 85.067635 83.193275
61.77122 66.24469 66.29664
46.316006 51.998398 51.54843
45.959797 46.510883 41.26754
49.84001 53.143246 51.617733
37.809605 41.366806 37.690716
42.01226 46.995903 43.52135
52.908195 59.985085 57.502815
36.957844 35.043438 32.19081
27.803617 28.14747 27.807875
30.80637 31.32724 27.19027
36.638924 38.046574 33.93886
39.34171 38.6194 33.44302
58.780025 63.679417 58.456562
83.73092 84.40634 76.67699
75.15096 75.70355 68.76159
64.74863 67.889755 62.456017
60.47948 53.60941 43.066742
79.27932 81.85544 75.91514
75.18467 72.87433 60.761013
54.184826 46.901184 34.677784
77.390976 81.8791 78.38585
37.99446 43.039948 34.69158
55.70608 60.72801 49.874134
23.74219 23.934282 18.838957
20.59792 22.870966 18.688028
65.175285 65.901215 57.501503
41.538925 42.53742 36.593918
5.3104353 7.259923 6.181146
0.3690781 0.3371319 0.24455826
50.67583 45.002304 39.870293
21.639053 21.539757 18.517221
99.19193 96.62634 89.84997
25.659668 21.000544 15.498303
21.886557 20.315397 17.333323
68.40487 65.95045 58.64808
52.281082 51.390972 47.25839
35.118404 32.1508 29.347536
15.848656 11.356946 9.378969
38.994015 37.522343 32.049038
43.539787 41.55064 35.600674
46.8193 43.46607 38.33694
58.401825 52.670902 47.04712
12.0943985 13.377497 10.7858515
55.488926 57.475834 40.01549
56.65589 57.251247 39.58396
14.095583 17.799423 15.240365
7.4316263 10.051249 7.4108195
72.28063 69.8822 44.501602
84.90311 84.044075 55.876984
116.08166 118.52305 90.109795
38.07708 39.663124 29.389084
28.332874 30.060307 22.786396
27.038507 28.73201 22.30685
13.045455 13.785788 10.567382
42.107395 46.297504 35.553265
39.212547 38.787804 33.045677
2.859571 4.8801856 6.799008
38.335243 44.78742 50.535786
13.292702 14.917862 15.484923
36.077274 35.81527 28.977016
40.738605 43.69318 37.913475
30.002329 30.804306 27.472727
25.553041 27.13486 25.044239
24.995102 25.88886 22.447792
23.33614 25.415077 22.97023
13.646606 14.811396 16.700352
46.961845 55.43425 46.675705
33.176666 36.120968 28.934027
51.236748 53.860405 42.72196
36.76386 34.26229 27.371351
50.567894 38.36719 32.548656
39.471703 30.751633 25.107553
14.027177 16.578938 15.17644
10.815813 12.516837 11.829929
8.53646 9.79379 8.807075
7.505858 9.287548 9.584475
10.347375 12.240685 11.508419
3.7978554 3.90685 3.5045455
9.733515 12.860403 14.832043
11.006082 13.922919 11.314308
25.100128 26.853554 24.851313
4.4270487 4.747535 4.217734
13.9067545 14.572343 12.104513
16.254673 19.441677 17.27676
13.751121 14.196446 13.785372
78.79334 79.9267 66.95573
34.441486 35.937164 32.691452
69.804 25.882427 21.04603
84.8162 112.5163 125.04491
45.08886 59.191772 65.11402
26.429161 35.9315 38.791965
68.74831 86.098274 92.49261
22.346254 25.175896 29.613861
43.501503 56.9162 62.243885
43.86066 57.160915 62.30605
43.948334 54.44315 60.330856
23.558931 28.721958 34.34891
38.056305 45.223206 50.476025
27.44632 30.725096 32.286522
21.067766 22.584442 24.09427
38.303616 43.47212 49.235405
37.84283 42.74696 48.15413
10.185211 13.565173 17.938189
76.02977 82.26175 88.82071
3.7133803 3.9254162 8.714788
4.314725 4.4076824 8.866198
3.3463829 8.853073 13.876569
61.404034 64.09699 68.408806
24.921864 30.546736 35.764084
10.9286175 12.502369 15.294622
43.009636 49.05682 57.33806
12.307811 11.652625 13.821223
91.01732 66.246994 38.75557
12.104065 7.2513123 8.3543215
21.62977 19.565557 24.959602
17.369493 16.044975 21.604193
1.4940782 1.3824904 1.1614597
0.6019526 0.48978874 0.26789373
73.4944 72.37599 72.455315
0.60825866 0.4946543 0.27074262
1.0101153 0.89551854 0.67048657
1.4290653 1.3138604 1.0879321
1.3110435 1.1949424 0.9677657
1.4556658 1.2988796 0.99170935
1.3604673 1.2429258 1.0142125
1.5885403 1.4314661 1.1221191
1.4354993 1.3163573 1.0853072
0.61879003 0.49887964 0.26635724
1.2847311 1.1643406 0.9307939
1.2508963 1.1295775 0.8947823
2.915877 2.79379 2.5582266
8.693118 8.569846 8.333098
8.169174 8.045038 7.8074265
8.762228 8.637356 8.39856
8.082971 7.958163 7.7184057
7.2325864 7.1079063 6.8670936
13.112964 12.988156 12.746927
9.409122 9.284187 9.0422535
11.7121315 11.549776 11.231882
8.046062 7.920038 7.6760244
8.262228 8.098752 7.7786813
9.416101 9.288829 9.042381
