0.6346491 0.6348246 0.6351462
0.63304096 0.6336842 0.63491225
4.802719 4.3399415 3.6929824
0.63304096 0.6326901 0.6331579
4.7316084 16.914093 23.05386
38.888832 51.35839 60.16348
43.642895 51.477455 59.972282
58.13009 67.68424 76.6883
55.11544 66.13 75.46204
40.33234 50.68415 58.923744
38.03275 46.257515 54.950703
53.398304 64.16219 73.51459
46.17769 55.958275 65.62503
41.8926 46.806286 54.80895
45.04857 50.619854 58.930527
39.933655 46.214706 54.140118
9.1374855 9.463947 13.165058
83.81863 99.873886 107.76234
68.61006 80.863686 86.65131
64.20971 75.7926 84.03316
53.236843 61.34424 67.47082
94.38383 100.42105 104.9779
92.67196 96.552605 97.56924
59.674885 67.720116 77.59108
63.20032 70.07038 78.51918
63.298714 72.93059 79.96655
58.735203 70.6124 79.58851
47.05117 56.68667 63.866463
44.290146 53.978245 61.23918
38.6581 49.00971 56.45202
61.230556 72.94246 79.48205
62.85026 72.257545 78.91436
58.207134 66.52529 72.51444
59.330467 69.49269 74.846725
55.894882 66.740555 68.57918
59.39126 71.26562 73.52368
61.151814 68.35921 71.86064
58.264328 66.39237 69.84468
46.45684 57.989388 60.23731
56.48225 64.43924 68.587166
44.486637 58.569386 62.301285
90.00769 99.40427 102.05395
41.02047 56.11664 59.710323
48.897484 62.58278 65.986404
51.56772 64.54541 70.88684
28.923538 42.371082 42.93652
48.71816 59.87117 59.822426
37.95801 51.26968 55.375263
81.76953 94.41234 94.5188
61.36003 73.664734 75.36126
69.33865 81.191284 82.29836
111.76669 111.264565 110.93269
60.20965 66.78842 66.9857
147.62816 146.82123 146.37483
62.978306 67.666985 71.57705
49.069855 65.98717 67.50515
55.884445 72.02082 70.95231
77.29407 95.38974 94.45103
60.449474 72.09971 73.26886
63.78997 74.4128 76.04807
68.39828 76.60842 78.001434
50.62199 67.27547 66.92555
51.97924 71.54477 71.87842
81.23942 96.94205 98.69187
84.86892 99.178856 100.6893
61.24506 77.768364 80.118805
85.81526 101.33652 100.925934
72.95488 83.23524 85.98939
84.84968 98.23345 96.98842
0.6474854 0.64877194 0.65093565
70.441666 76.88644 75.81143
60.55804 69.117836 68.23176
55.794678 63.152542 62.38807
62.35269 76.0426 74.72275
62.6257 76.1212 74.92047
65.48272 74.67351 74.63135
52.236317 57.873245 56.90579
51.02652 59.228245 59.232162
53.72494 64.95468 65.34436
58.92728 71.68605 72.72977
74.42834 85.823654 84.13301
45.415497 40.144356 36.28196
51.740906 51.093536 54.407223
114.92863 104.20979 94.49593
18.954737 33.58731 41.28187
4.6873684 7.754883 13.478216
13.89038 26.541842 32.810204
21.057573 32.371227 38.940292
7.743772 16.932135 27.99035
43.50623 44.589417 45.56193
39.458744 45.281433 52.100437
67.638885 69.97725 74.27486
55.994797 63.499004 68.97985
62.882076 70.42898 75.4005
100.95333 107.002716 109.96395
80.00635 86.29959 90.62822
83.3283 91.846405 96.5157
86.79675 96.489914 102.07345
78.31301 89.95842 95.9481
54.21921 63.090057 67.66436
50.36474 57.588478 61.959854
36.015495 50.58535 54.304356
36.50041 47.708275 50.800236
35.216724 48.41228 52.645145
74.82702 81.244064 86.886284
56.327896 62.092484 64.97184
56.79497 62.127983 65.12535
65.89877 69.678276 71.72608
66.63576 68.2893 70.138245
66.329765 67.60518 69.59754
66.71418 68.07708 70.182396
68.56225 69.4307 71.75793
70.54924 71.04643 73.28836
69.214066 69.13979 70.72535
75.061195 69.70994 69.48746
73.44816 74.22158 76.25617
61.795322 63.765 66.84248
64.4557 55.955936 54.656464
64.503685 66.55524 69.63328
60.810528 52.53962 51.94725
62.19465 53.875175 52.845818
60.401608 51.41038 50.31006
62.099503 53.028275 51.79778
57.23383 52.929443 54.837837
65.09778 59.284824 60.426197
67.13778 56.045204 49.4312
66.84968 53.67889 48.02386
51.89658 45.079475 40.792835
52.528244 45.761784 41.479355
75.433685 65.65114 60.804913
80.88746 70.2533 66.17477
75.114944 63.46295 58.2888
54.65874 45.904503 41.476696
50.80813 47.26082 45.455204
58.71623 67.0707 75.03708
46.6862 56.901928 65.35164
13.351228 19.872164 28.599882
76.57854 63.197426 54.72462
68.23722 67.456665 69.3569
67.69123 66.73403 68.543976
67.75763 66.945526 69.020905
92.01927 86.70883 85.62623
67.20143 67.87617 69.28544
73.7224 68.48968 68.01228
74.491875 69.21526 68.77178
72.511955 67.212166 66.7662
71.03222 65.919945 65.46319
71.891846 66.9255 66.48588
56.761726 55.66038 57.47316
55.789005 59.34339 67.59409
59.221287 59.66769 67.40538
49.610058 56.683773 58.322224
37.626698 33.785934 28.579765
51.422047 44.584736 38.322487
26.337807 25.628685 23.987514
93.52719 84.17751 77.89488
97.909325 87.764915 81.18289
53.777046 49.68003 50.08029
41.040115 37.588478 37.742836
42.170612 36.86193 36.323013
47.74573 45.178802 44.40851
105.82696 116.78538 119.37146
58.708595 66.53971 71.05307
46.299942 55.239124 60.013393
47.350906 54.053978 57.648273
38.654385 40.73807 41.981228
98.70365 103.91573 105.59298
52.734005 66.36351 70.467606
58.306023 67.91251 69.90669
91.3443 100.26222 101.317604
96.55205 90.5476 85.74678
89.61991 89.22734 85.970406
122.76406 115.33386 107.48617
76.32292 76.50085 73.791405
84.72787 81.70962 77.38766
69.28547 67.350876 64.857834
99.52515 90.64526 83.84997
41.647896 42.9562 43.09842
52.992134 49.222195 45.379093
42.115116 41.116463 38.455
14.283392 15.215936 13.646082
46.904766 35.41465 43.0107
36.94199 40.14456 41.674297
25.390556 27.922047 30.404882
24.405352 27.533627 30.554972
32.05702 37.742573 42.565205
37.355057 39.937923 42.012016
50.389183 43.12965 39.834007
34.56491 39.296726 41.004852
35.706226 40.387104 42.070118
37.81535 42.03582 46.527893
34.029766 39.138332 43.999416
101.241844 15.290877 16.906696
74.30213 2.2917545 2.6698537
66.93962 8.983187 6.5650587
67.26915 8.5245905 6.0815206
93.26556 10.857865 7.6603217
100.9357 31.593597 28.67807
30.017836 36.353043 43.334766
23.53389 26.374533 33.85576
28.697544 32.376637 39.565937
41.34921 39.160557 43.661755
26.950964 25.753275 32.611374
37.3019 29.34114 26.900146
30.563568 25.623333 26.116257
23.354824 25.598656 31.133245
43.942955 46.30658 52.158363
34.75465 38.154854 44.75807
28.706491 30.431667 36.281666
38.309475 35.59877 33.046257
30.188772 32.64386 35.972633
74.47696 63.2762 55.972603
58.57687 49.130905 43.553333
44.61766 33.88842 26.660965
50.36655 38.351727 29.636023
49.240555 39.17506 34.98974
28.756403 37.23643 40.399006
41.856842 46.103832 47.31304
34.878334 41.65155 43.294796
30.447252 41.903976 45.747192
25.466492 37.212574 39.731373
34.60035 48.396957 52.817543
45.338654 53.537163 54.75348
10.687807 19.955585 24.52111
37.422867 45.13936 49.159824
36.572456 47.408363 52.071022
55.662663 66.56097 70.74734
42.99693 53.853947 59.408627
43.82044 39.634766 37.205177
109.380325 103.28898 93.920845
62.871082 58.009384 54.41652
86.12556 82.210266 76.631
99.15868 92.95623 86.872986
97.71348 92.66763 88.244415
88.32462 83.38207 78.5105
105.51342 98.52521 93.90766
100.81483 94.740204 90.31304
68.251816 63.448277 60.382866
25.031578 34.710526 38.827106
43.77807 55.034065 57.81301
29.649649 39.302807 40.317398
34.325615 44.62383 45.93848
49.390057 60.920174 64.12
29.892105 36.924854 39.287838
44.18316 53.48161 57.14468
50.672016 55.607048 57.753887
56.28851 60.07643 61.788303
31.831112 38.092514 40.551285
36.7762 42.882076 45.52883
37.69962 44.114414 46.60924
63.28272 65.36635 65.955055
66.77237 68.87035 69.31322
44.873333 49.5569 51.481197
52.25947 57.376434 59.55152
41.44617 44.067135 45.345028
37.274475 43.63193 46.326813
34.870117 43.2476 46.82193
57.79386 61.2538 62.665703
57.58696 60.339153 61.575993
55.02307 58.9219 60.54848
50.95734 56.006493 58.360203
49.148598 54.04526 56.25304
46.87453 52.050846 54.372368
46.97857 52.322487 54.70655
45.231197 51.03705 53.80114
49.42775 54.44889 56.67491
49.044502 55.663948 58.984093
35.021053 34.374943 27.458479
56.603947 54.317516 44.320263
60.259735 65.514824 55.7638
42.057865 53.54506 46.473713
52.032864 58.975437 50.106697
40.988773 43.28234 36.523216
41.689533 44.125732 37.661316
68.14617 73.82795 72.63547
45.612484 48.782543 42.84465
52.346344 53.036373 42.84614
44.223713 45.25737 36.61956
32.8093 43.595615 44.836227
36.383335 35.273888 30.467953
45.179386 42.763218 36.212074
46.170906 43.77272 36.73541
43.63775 41.611958 34.509445
51.630936 49.09544 41.691376
38.927807 39.192078 35.60775
25.872105 33.83117 30.17386
29.53888 37.537384 34.22808
39.55728 43.28453 35.32509
102.77293 96.789444 85.584236
82.04886 77.012634 63.94933
67.93284 57.837074 50.8931
48.834766 44.8943 36.963303
59.10035 56.24696 47.84082
76.07895 71.29123 56.922134
59.314735 56.27541 48.087982
51.392223 50.12497 41.584473
46.53649 46.75237 39.241814
47.636814 49.18234 39.7331
48.094006 49.33842 40.041813
40.689007 40.786697 32.948364
39.220467 39.157135 31.541754
49.19649 47.23237 38.707016
38.766872 37.17602 30.27342
55.43801 54.718422 47.25623
30.861229 45.84383 46.692165
20.946783 28.516695 34.193157
43.74079 52.535145 50.12541
35.74389 44.956577 46.743362
29.05807 39.01342 43.837368
30.789913 41.695583 43.61383
0.9099123 0.9445614 0.9752632
67.537254 69.38207 64.10152
35.342457 45.352165 48.73623
37.82646 50.52588 54.475643
27.926989 34.95114 38.68956
37.961636 45.708595 49.37199
7.1850877 14.738626 24.195848
33.478832 44.76231 48.85313
18.280966 26.281141 31.832602
27.614122 37.872074 40.820995
28.060556 38.527077 41.289062
8.478128 8.07269 18.334124
48.825703 54.291462 56.138596
31.885351 40.75813 45.228596
21.403334 31.568275 35.107162
36.48813 46.93202 46.804855
29.353363 40.607925 45.122337
20.69228 33.244328 37.614037
35.076256 45.536083 48.52123
21.963713 34.689034 39.131958
33.72579 44.553364 47.57769
91.17713 35.32386 4.1647954
55.827602 50.267048 46.73608
114.30661 118.02971 116.05918
76.98743 73.30225 69.27962
50.24164 54.48374 52.083363
65.88371 65.061844 60.128304
46.44 56.00336 59.211258
75.29597 86.13193 92.12205
82.93491 81.361725 75.113686
92.04915 88.1219 85.73357
52.733013 55.027954 60.66342
126.533775 119.362045 111.96137
57.06541 59.860058 65.12699
48.359707 51.18883 57.052162
95.41296 92.31006 89.412865
102.81451 97.14129 90.51643
55.307133 50.122837 46.77266
81.3233 75.09521 70.18503
89.12176 83.353424 75.82056
93.97854 86.414505 78.867836
96.47506 92.28462 86.85828
89.087425 85.69468 81.39462
89.4962 86.202576 81.962776
101.89307 93.86155 84.83401
107.318184 104.1976 94.480995
61.155876 72.72093 79.16792
87.88564 98.25477 104.41985
69.67196 78.757805 86.37085
83.13035 84.75828 89.35573
63.364708 66.95947 72.94862
61.152718 65.657074 71.770325
78.0569 87.57742 94.27526
61.824677 73.164505 83.401634
81.19076 87.24424 94.22734
68.87778 80.26173 88.872955
69.72193 74.80889 83.717545
31.26038 38.55386 35.533627
41.93652 48.766052 44.36111
44.006374 49.637165 45.250294
43.417484 48.886578 45.133274
55.082397 53.547543 44.477455
56.42117 56.281376 47.164677
56.90231 56.450584 47.59427
52.839066 51.712368 45.041695
52.39807 50.930294 44.062572
48.151695 55.857513 51.238274
24.873158 40.797047 40.593567
67.081665 71.16585 72.45804
34.074036 42.530468 41.942894
41.75415 48.617367 46.52655
6.510468 17.014883 26.579678
43.026287 45.536198 40.653946
44.11301 45.519417 42.105057
49.213566 48.24038 42.91149
65.759796 58.618507 50.843975
65.168015 58.263393 50.66737
36.561493 32.829502 34.483715
64.859184 57.81383 50.111404
47.49883 47.586697 43.436344
74.0217 64.30719 55.863216
56.707924 54.73424 46.60804
57.27971 48.28848 39.861286
60.053627 63.22997 55.672806
57.887455 58.779472 51.427048
49.628773 58.916668 47.77971
68.02979 79.4622 76.784096
74.93833 91.3843 93.06155
47.253246 62.497105 62.849445
56.700058 68.97582 68.176346
57.6869 70.04602 68.72131
45.038364 50.735058 47.41535
53.41275 60.704884 58.536636
48.81009 56.436142 53.56684
54.48804 57.117455 52.89433
52.40494 54.23345 50.471607
52.688244 54.332428 50.645145
52.55693 54.351345 50.776257
53.378918 55.00038 51.27152
86.6107 81.78044 75.56041
98.47313 90.32085 82.51544
97.52041 90.089005 82.6288
86.49529 79.75114 72.59114
32.73544 39.030174 40.432777
94.39807 81.59556 70.20749
90.29977 77.77047 66.77386
90.27491 77.62047 66.78014
93.50301 80.44108 69.39608
91.32041 78.54485 67.64868
63.681694 56.975643 44.730644
45.263714 49.30766 47.498302
89.30524 2.7883334 2.562661
111.162544 99.30336 86.969826
75.39427 61.649708 43.316433
61.47848 48.226315 44.133945
61.511784 49.112076 45.285233
23.53962 44.08234 53.59734
36.43655 40.289474 43.44161
40.64918 32.172398 36.678947
39.43778 36.757835 41.060703
34.876873 36.0193 37.859737
25.995321 29.596024 31.641726
14.560614 22.805555 29.122456
42.188305 47.30649 55.97143
61.044533 63.111492 69.81518
67.897224 70.378365 77.4633
113.280495 114.54538 118.95684
69.42687 71.40348 80.577194
42.468685 45.74503 54.152252
42.86845 34.101288 41.83658
54.991783 59.097572 65.274414
33.324852 38.52301 47.13392
42.70614 49.176785 54.330875
23.355906 30.42462 34.69006
12.465 14.673187 18.297426
19.03044 23.09924 27.146667
36.94196 37.27301 42.784035
28.192076 31.462164 38.50462
38.083275 33.088715 34.957603
14.332894 14.289707 20.184649
59.80769 46.60105 44.614063
73.06491 59.72032 57.921753
40.60737 46.795322 48.445614
36.375206 50.41497 54.084415
28.305176 18.754328 30.752953
72.409004 15.578275 7.7555847
79.926315 24.745146 19.953333
76.282196 5.905146 4.0840936
62.543743 14.636725 3.813655
68.68059 12.79728 2.8057601
72.64386 7.069035 2.2733626
54.060616 6.47 2.4323392
60.126987 8.254942 4.2433333
39.13491 11.158041 6.169386
37.91781 48.631317 53.022896
34.20912 46.668335 51.909122
97.78582 92.05085 86.04324
82.53886 74.10483 68.07324
80.52953 72.28459 68.848274
19.960613 31.49962 40.510674
20.55658 30.575848 34.927776
93.1236 71.2619 56.476376
31.000175 42.40462 46.557457
42.336346 48.55374 53.999474
29.59503 35.96377 38.92579
109.35538 103.56357 96.214355
71.30336 69.93059 63.744884
32.520058 45.18269 50.327133
39.68778 58.210938 56.3226
34.8357 53.074913 56.57766
22.074415 32.23067 36.09781
29.109795 42.34994 48.896374
19.944094 29.544327 33.778625
58.44105 76.532196 74.446815
39.72491 50.569912 51.30231
47.29573 59.204357 60.577984
53.217834 65.62015 64.01532
31.652895 49.413567 47.22167
56.198948 72.90763 73.174446
32.119972 45.540848 46.59658
103.20898 102.06 84.23108
109.73333 110.0145 103.01316
19.544825 35.736637 37.21377
19.79149 35.84927 37.3312
28.78427 43.93082 45.66538
38.897396 48.157104 48.877514
24.270702 42.351315 36.304737
4.763304 22.184942 26.164211
42.966755 56.989708 55.049446
51.116287 63.497105 60.66509
47.65187 63.311726 59.38158
50.706345 63.94275 59.868156
50.6243 63.785557 59.84573
48.573246 52.041958 40.321636
26.658802 33.670116 43.60693
36.73722 40.36924 33.598946
36.848713 47.28725 52.249153
27.47003 34.042133 42.979736
44.18035 52.472134 58.378975
18.704884 25.11427 32.05614
59.03342 58.699738 54.643013
60.893715 54.087337 52.881813
53.759033 47.956024 47.706608
56.0531 57.865 57.394093
62.635788 59.234707 56.01819
32.861958 43.265293 46.38965
22.683363 34.50915 38.34041
47.055145 54.064064 58.512135
67.01275 66.23348 64.55567
12.882222 10.936111 21.269299
45.778244 51.17772 53.61272
59.589912 56.491287 53.86193
20.553099 34.73228 39.01898
61.388245 65.2738 64.53614
36.758625 51.356373 56.406902
10.823538 17.530409 23.295235
29.568304 46.337048 49.271404
58.306404 52.221783 46.94026
82.63649 70.48585 55.013332
16.677368 29.36196 39.34424
12.99114 24.792778 32.98807
38.62155 44.961346 43.78114
41.480644 47.08924 47.66924
52.06874 50.172604 39.842983
54.734154 53.481754 41.88199
30.952398 30.352486 23.444181
48.537838 44.658245 31.031725
31.72848 42.812603 42.019768
41.841053 39.972984 32.38605
39.49377 41.10769 40.65158
47.25231 45.526054 36.83819
40.115322 38.34395 28.302048
54.65298 51.130497 47.273624
47.58988 44.65152 35.32418
21.872164 34.577194 34.862923
57.31193 57.487633 53.095615
54.821285 53.214443 47.731346
42.434357 21.964123 18.044064
34.255848 41.58921 41.282223
58.609093 51.931374 47.416462
59.961227 58.796726 52.10886
14.626579 17.036404 15.141579
60.36506 63.951843 60.495323
80.09719 77.58251 66.49234
5.7522516 13.67231 12.201609
46.987164 44.63728 37.052074
68.92693 65.66234 44.731667
33.01155 38.41012 39.051987
5.2669883 5.020263 3.9356432
61.27883 56.61146 48.73652
27.120293 24.390789 20.005322
31.122719 27.191843 23.328568
27.54427 26.719532 24.003304
100.5464 91.151344 76.76418
96.50854 87.879326 74.24746
51.338627 47.474472 40.56032
26.804825 25.92734 25.213947
1.6109065 3.30231 5.1906724
35.93336 47.252808 58.26851
32.891872 42.966316 53.53374
31.415876 44.054417 54.67956
19.034386 29.366814 35.315292
50.66962 53.247513 59.253098
53.11009 63.878334 69.401375
55.197838 66.33272 71.7467
68.57667 80.25629 85.406784
61.59772 75.08637 80.16775
68.39635 79.4224 84.56655
42.810116 51.9457 61.21997
59.5524 69.66684 75.68234
55.616463 73.21833 75.87813
58.902542 86.106026 88.41591
71.043915 98.791756 99.73944
47.170437 59.786022 64.63462
248.70395 248.73825 248.7857
71.296524 98.21319 99.977486
4.0793858 5.1595907 7.5057893
19.347076 25.441462 38.945526
25.213333 36.54649 46.92427
7.946608 11.403275 12.920321
0.6404678 0.6554971 0.67795324
6.674737 6.7048244 6.7495613
7.0230117 7.054415 7.0994735
4.5801754 4.594386 4.618158
10.394883 10.418596 10.46804
7.658158 7.6807604 7.7308774
8.34655 8.369766 8.422193
9.821609 9.844737 9.897719
8.633216 8.645643 8.673626
9.356725 9.375205 9.427515
11.218947 11.233889 11.284415
12.400468 12.40117 12.530907
15.440556 15.450351 15.49348
14.652398 14.661316 14.701755
9.429298 9.437135 9.474064
5.2003508 5.2065496 5.2422223
