0.00454316 0.0042139455 0.0035774643
0.008208415 0.0071549285 0.0050479556
102.354324 101.84573 113.72188
0.010249545 0.008691262 0.0062550753
21.124554 19.944561 16.962996
94.384476 77.91006 58.804073
68.34747 44.38672 32.23697
60.085793 38.345345 28.48737
35.2026 18.009174 16.92237
38.319252 35.334286 32.91423
27.802208 23.829906 21.542963
26.946777 14.001295 9.276386
78.514496 51.22694 41.542896
46.715515 37.847004 21.09589
72.445145 44.109978 38.76685
3.3299387 3.328139 3.2542195
121.24844 136.7833 109.625046
134.35081 142.94743 123.72761
98.84013 90.63014 76.99855
156.46799 155.65312 152.73871
105.195335 89.71336 73.9245
118.40388 105.88102 90.49865
101.13989 85.164764 71.23862
103.4246 88.54439 74.718216
145.83688 135.99474 125.74455
101.59631 90.39688 76.27057
109.59561 93.97408 78.71907
100.872284 87.72932 72.62088
103.856964 94.25894 77.25828
40.683144 36.051334 29.364199
21.774927 29.549261 28.67287
54.883568 44.55879 35.01973
135.5492 121.7293 99.15223
112.668945 98.89454 78.83493
77.05816 66.875626 57.22345
109.78381 96.87593 80.491936
75.07686 63.686367 53.433662
75.77047 74.02566 61.80142
82.36556 79.16011 76.151375
111.827385 115.26934 101.969536
80.92597 72.56862 68.73933
73.16562 63.954437 60.284485
85.42006 76.295746 70.86272
93.97254 82.88598 80.79029
81.743805 76.46312 65.36185
111.78794 99.88247 73.7753
80.67454 60.95966 50.841057
79.5585 57.166275 42.97746
91.90352 64.776115 49.568466
108.2574 91.32996 83.342186
89.86419 67.64454 47.773743
111.09473 108.53627 98.291725
40.813663 36.29074 23.147993
82.07618 73.636986 47.538574
48.804733 52.830193 46.726883
46.77372 41.144306 25.86568
75.50699 74.4663 62.441105
49.363804 53.48796 45.31848
39.2035 36.102825 28.982925
39.263546 35.7861 28.797007
45.61144 38.601276 30.342669
38.247986 36.645744 30.341549
41.37897 34.798126 27.356825
30.333342 26.8037 20.902376
74.69423 65.8664 53.885674
83.723854 68.014 49.260868
116.95949 76.26842 40.73597
46.929417 38.401157 32.62397
107.25001 67.32138 31.014221
67.38088 44.289337 25.456686
131.88802 86.26598 41.50146
114.91056 82.74488 49.5855
111.62204 75.959465 37.427826
2.531857 2.5290916 2.527204
51.06415 31.13173 25.882843
58.615543 36.358868 28.891865
68.086975 38.05261 30.928186
63.89421 40.88752 33.3047
61.70182 39.329304 31.683296
60.865723 58.37089 42.01756
56.38103 54.11955 39.5738
54.41242 41.45877 29.466343
45.791847 41.286087 31.96135
43.25984 42.664223 35.2603
78.28921 66.02621 53.514145
34.8339 27.917015 23.020872
65.21283 55.240326 38.944714
73.15677 52.51307 34.024975
68.42467 53.246956 37.013935
81.53322 65.93244 41.291927
76.970085 61.52187 40.107674
61.470184 44.471478 33.166737
73.51976 55.809757 37.574238
81.37265 64.53414 43.499527
64.79962 48.758446 39.207253
36.295765 26.335163 22.675943
33.749424 39.771065 35.762943
74.46718 51.113182 39.94976
70.71297 48.793274 38.006912
72.24748 51.25516 40.333035
68.5704 47.552094 38.03143
94.91561 75.810814 62.775146
91.449486 72.31413 59.46079
66.685974 39.162895 31.302921
98.35325 78.71236 64.86717
85.90424 67.18348 55.245483
68.14024 46.5355 35.90681
68.465996 46.4192 36.03922
87.04076 54.507034 38.521606
96.57959 79.03472 66.30702
79.60806 53.705288 42.5053
66.0537 47.458904 37.556965
72.30176 60.005005 38.530212
46.92077 35.02274 24.056734
38.353355 16.952923 12.649913
43.076687 23.17714 17.251146
2.716656 2.7128153 2.708799
87.73766 88.19141 86.34495
52.390625 45.730263 34.759037
37.192875 35.700504 27.12554
38.394203 36.28736 27.69991
38.48454 36.53967 27.771788
54.441082 44.326206 31.70261
72.52378 55.850777 32.973354
69.5936 55.640606 48.920856
67.95705 52.21761 44.084343
100.52293 100.29322 96.70562
124.42833 111.59693 115.91388
116.26708 94.24638 73.26581
76.641335 62.33786 49.606655
151.4046 150.93422 118.33646
40.64311 27.46856 21.728617
108.39782 88.676994 74.204834
70.511444 61.613304 49.920834
65.61313 51.457344 43.607224
48.406208 36.834515 28.023506
41.129887 34.049164 27.705923
56.106686 39.565372 20.85497
73.117966 62.48364 48.696312
48.64715 37.219563 30.140003
43.716457 31.500845 22.774553
41.81024 30.53651 22.895704
38.882954 28.886202 21.779623
43.849747 35.876324 22.994535
66.48147 51.56467 33.45842
38.85736 33.939293 22.35755
100.659134 99.02076 88.42172
98.26245 97.161514 87.200554
111.037926 113.44622 109.95336
59.07818 57.372036 41.941948
137.21788 134.97882 127.90505
117.945595 119.437614 108.537125
152.53539 151.36095 142.57567
66.75502 65.80532 57.518753
60.554966 59.599873 52.453045
97.5226 100.06841 92.70127
102.61908 86.38325 74.53778
101.95404 107.526985 100.482956
83.02021 64.345474 50.15866
38.58653 31.391064 27.71907
53.691196 44.394554 37.56546
52.041702 42.049095 35.043785
59.282402 52.82826 37.47532
76.993744 69.079124 50.854244
67.52962 59.879353 43.992474
103.79185 97.14064 83.54619
146.7005 140.9484 134.32608
70.38415 72.309 63.071987
69.61245 68.70658 58.838223
107.731865 102.20966 98.21851
113.80782 108.26405 103.73057
73.1537 63.90187 54.79415
110.72109 112.078636 99.048134
107.2522 107.5042 93.578804
113.59634 98.93069 79.304436
72.754166 64.08476 55.43746
38.99596 33.174526 27.351667
39.361675 33.61069 27.710993
40.807915 35.178062 29.433971
51.062572 41.67684 33.105526
83.077255 66.21283 53.586353
110.90712 88.287094 74.45765
122.48493 131.66591 110.393654
81.60762 86.051575 81.37118
79.174614 83.425255 78.54301
77.940475 82.33295 77.978714
135.69115 123.433685 120.22292
101.74964 101.06396 93.95081
137.13974 155.40538 152.1766
140.16759 120.35597 103.38718
88.482346 70.12119 50.719925
74.77798 59.23166 41.4999
85.749756 66.742096 46.647697
148.49893 113.9488 89.90372
145.60902 124.84729 91.91583
85.306984 52.946842 39.806816
35.76334 30.288546 22.443144
41.892063 34.522747 24.137283
44.438644 32.79273 27.321358
45.047802 36.454185 26.315805
44.425915 25.576477 24.06108
43.81858 36.628582 30.013542
31.611506 23.105503 18.998222
45.822357 41.029213 32.2567
51.53447 48.00292 37.0151
52.71196 45.677807 36.01005
53.314972 49.56873 39.585693
48.641945 39.46654 26.779932
94.44308 63.858875 46.568794
68.99706 45.528564 35.098347
35.004456 29.547419 23.700085
52.983055 43.660954 32.337906
95.62107 78.527245 60.055878
87.455894 74.223206 67.90795
86.064766 66.788246 49.560696
58.35353 49.421658 46.939293
64.15078 56.783817 52.573513
102.513725 89.01337 67.11896
44.589405 34.032196 26.648596
49.863068 38.655994 29.319624
52.341133 40.55093 31.165573
66.860985 47.80833 39.88989
88.72396 69.346725 56.17986
48.124706 35.443737 30.978558
35.011917 29.358953 23.089613
64.8112 47.050545 33.998375
54.447952 41.241665 30.74578
60.41773 41.990936 31.040274
32.4289 26.270615 21.996027
74.17064 54.31743 42.22086
73.42552 51.698856 39.14255
52.931656 35.139565 28.351316
42.121326 28.857187 24.189606
69.69258 46.57446 35.258698
73.69589 47.514496 36.55903
42.70996 33.70015 26.589052
30.205978 25.53416 21.99651
34.11369 22.35204 19.672125
63.45853 44.05625 31.732853
59.489628 34.918114 27.847157
59.88326 40.626057 29.209665
70.006165 38.648552 32.524155
58.917587 41.08733 27.848627
67.19902 52.11762 42.001274
53.69012 44.201084 28.772732
33.718544 23.448631 17.3295
60.68874 66.32889 62.44648
80.086784 61.16239 41.732964
79.64331 60.826637 41.343063
59.439304 43.685204 31.963238
61.769398 44.6099 32.334568
59.948685 43.936153 32.058754
81.72232 62.32513 42.643967
2.7352676 2.7346752 2.732568
108.2202 103.875465 94.80306
144.36238 133.31668 123.72748
133.49155 128.10664 120.35876
137.98503 121.262054 110.72708
78.65421 61.68112 52.097492
98.27105 84.82811 70.88344
62.00994 51.059456 39.248512
86.32094 71.13151 60.04348
80.18357 65.10081 55.01343
93.13272 79.584595 66.7237
105.94906 110.5844 100.56399
65.72122 62.749928 52.713562
125.479904 119.25912 112.340935
113.78388 109.9572 104.071526
116.232315 110.59311 103.60097
122.66508 115.65325 109.04266
105.8706 99.606346 92.672714
93.21232 81.542564 64.413124
121.96019 116.074295 107.728226
127.08254 121.77089 114.07945
125.61629 120.213356 112.83649
93.5053 81.27171 64.34884
91.18743 78.48559 62.345455
132.33455 126.566864 118.86059
99.413475 89.89546 69.675354
124.987404 114.033424 102.50047
91.88506 80.97384 62.351227
134.99785 129.06352 122.90912
157.35458 154.61243 149.60396
161.48195 158.95589 154.31622
41.5267 36.049995 32.586132
132.96957 131.45934 114.67412
55.499264 47.533524 40.894367
44.57097 43.786407 36.483486
58.296204 47.59667 40.16838
114.22014 105.49358 84.62847
115.126945 106.07418 85.16871
114.564735 105.6063 84.80789
48.434784 46.63681 37.57314
59.13318 48.684372 41.689156
71.59228 59.6955 51.815266
98.216774 77.530716 68.16026
97.7938 76.83923 67.34131
95.127846 73.90642 63.998573
54.21493 62.16555 58.687927
129.69412 135.42627 133.92816
93.35443 90.22674 90.25003
23.65472 45.874657 43.787636
94.54546 85.13127 62.622303
108.97599 83.12787 49.953274
100.26908 89.361305 73.642586
55.088253 47.665585 38.965694
113.34605 103.86307 104.04403
83.71093 78.03246 73.35555
86.74813 84.59728 79.416504
59.640453 55.40489 47.174526
69.55082 72.8197 61.36295
118.46263 112.01595 108.9098
131.46146 94.48557 67.87799
79.05588 56.865635 40.51338
84.90455 60.86046 43.269802
60.396988 56.4546 44.476658
67.809074 60.95448 48.35191
94.84397 85.27294 73.02048
82.133026 74.52942 59.234882
54.318 61.46057 58.341923
111.980774 106.66705 103.53702
91.6869 89.67682 84.24272
90.58058 90.69559 85.2394
91.773636 79.27334 75.209404
105.54408 105.484276 100.16362
119.84261 145.71275 134.73834
43.431446 36.27189 25.251696
96.61148 66.59728 38.84007
127.6556 126.910255 113.888596
127.18423 126.24989 101.30505
102.32294 77.498215 67.147026
72.64704 59.459057 45.459717
74.1084 60.831223 46.486866
77.713585 64.949455 50.20067
175.78517 178.5513 173.01392
82.85181 70.11325 60.342033
121.98674 103.231415 89.71935
113.44389 94.9996 81.41531
54.63376 39.853786 35.016087
79.12602 68.36784 59.273315
69.982025 59.583103 42.823013
68.55159 58.00428 43.67386
79.44268 67.35371 59.34638
74.6777 63.00924 45.23752
41.88495 41.790314 39.266556
42.923733 27.363628 24.421877
33.847595 29.461142 25.431358
35.78035 27.236814 23.212893
34.456356 28.3464 23.64899
24.895222 25.375612 21.298817
43.526237 38.74104 29.107126
46.06635 27.988367 23.383623
45.165813 28.332573 23.373922
45.60187 30.114567 24.326887
38.52705 24.514013 20.38755
30.032438 24.669865 17.054342
27.698132 21.926914 15.941905
41.363056 28.9822 21.026249
42.499527 25.165442 19.309462
31.015165 48.39473 51.41459
60.005947 58.729958 47.96844
40.77148 49.87288 40.2238
42.313698 47.1402 37.290127
88.8898 69.03402 49.633213
51.118034 27.578825 23.534315
83.230255 57.441673 34.561047
56.45886 38.305973 26.550205
76.66813 53.067776 32.463974
48.97182 31.840704 24.45311
65.60584 42.74328 27.308321
76.0552 49.91719 29.653952
82.24573 54.11244 32.294033
99.475975 88.72418 72.55753
72.30674 63.97623 52.06828
76.8997 66.48445 53.609837
132.17775 124.572 113.098656
133.61224 126.13243 114.56489
127.172554 119.55984 107.98187
159.38686 151.81479 141.46924
68.73397 59.046135 47.550972
86.49575 72.37884 58.7381
87.016396 91.98944 86.330574
141.54895 132.05066 118.76288
143.81204 133.62448 121.062904
59.53943 52.40478 39.90018
148.98994 140.00584 127.3198
116.94403 128.3965 125.00509
118.066086 127.82363 130.08528
42.891994 40.623245 33.98626
51.876236 45.305183 29.583477
63.10445 42.121304 29.473497
53.728287 40.571735 31.763075
56.94107 40.994316 30.239162
153.28662 145.98967 140.12323
84.53157 72.7731 65.813576
105.19239 76.11731 52.146545
100.9098 83.64565 64.793915
72.99261 55.277176 45.892216
44.40873 35.140774 28.17916
38.91188 24.142637 20.973005
131.19356 141.54488 140.89049
77.1438 84.6281 78.16843
54.78138 52.20196 43.73832
65.40171 72.31758 69.339134
68.27474 74.91396 72.84141
71.66427 69.22187 57.357155
63.404957 61.75265 52.809277
50.465775 45.858044 36.22766
42.37592 41.523407 32.557186
47.003864 44.07559 34.832253
42.396046 40.84852 33.65461
42.668526 31.264315 23.371113
84.597984 72.253075 58.528366
51.472862 38.884228 31.513838
39.008186 30.498781 24.091192
44.60782 32.261307 23.649672
57.66611 46.527973 34.96135
41.774685 32.7521 25.864056
61.63964 48.71885 34.929703
53.801067 37.87382 26.302307
63.50844 44.65744 31.999407
112.464455 88.569214 45.57887
65.130806 42.0347 27.923908
56.654896 39.687157 27.682089
42.426334 25.312952 16.238703
34.525406 23.43509 19.808924
63.53572 58.057964 47.75006
56.871254 47.63973 39.20102
64.176414 53.18232 43.334988
48.781315 37.966553 31.179663
54.298576 41.180782 33.68604
51.040714 36.91649 30.257248
74.33995 51.49845 39.87782
51.545002 38.242653 31.911112
51.010338 41.181355 31.184338
57.766212 41.425278 32.58284
61.537827 49.47216 35.66126
51.18412 45.711277 32.76288
71.42001 62.801178 47.03009
57.869522 61.494526 48.682682
53.987755 47.43542 40.98244
53.272152 43.71637 31.245111
32.637383 39.70882 35.94803
47.13801 34.973335 27.517109
131.39877 114.04962 95.77104
52.06558 37.302307 30.494942
68.88763 54.80021 43.1307
58.529026 49.01995 38.389614
59.4753 49.988388 39.284046
68.98701 51.546673 38.184998
68.72302 51.320236 37.688126
59.511578 49.777714 39.052387
66.591225 50.98071 38.49338
13.352874 16.25095 14.85271
13.814674 16.679674 15.610452
57.564934 41.80291 31.03911
24.271866 21.27 18.613304
2.8587232 2.8569453 2.8566601
101.07342 85.140945 78.19272
64.48901 45.32779 29.321291
70.42205 48.252354 38.07157
70.233086 46.83627 35.944187
88.24663 71.86342 63.227005
85.39159 67.91734 59.453197
67.225685 47.642033 39.006847
66.708954 52.222942 44.647015
57.967453 45.689377 33.49053
48.354214 40.6786 35.18526
47.921143 40.346138 33.91504
55.508 46.838333 37.82813
43.96719 35.120975 29.354609
67.47236 58.810745 56.498013
107.37445 89.02386 77.44034
83.34943 65.52714 60.537476
51.81709 43.52479 40.33707
76.847115 66.98604 64.87198
67.32676 56.87819 53.03584
59.386322 48.70643 45.76323
61.235344 48.458595 39.67656
13.173562 13.304962 16.025965
72.79802 60.952946 57.745716
67.66642 52.415337 48.610165
101.02471 86.792946 82.467636
67.030045 46.350395 37.61339
52.185303 48.291027 44.071835
124.41101 105.06674 95.274826
70.450584 49.502316 39.190945
83.31177 63.64302 54.580647
76.16588 57.704517 49.710575
76.433334 58.964424 50.343174
88.84979 69.58346 62.71266
62.728134 45.042973 33.291466
65.63117 47.35002 35.509163
61.650726 41.48287 33.071922
63.638763 44.701775 32.490597
64.969826 43.466232 33.15179
46.761955 20.806728 11.005026
61.945503 33.47637 16.012423
65.21551 25.6615 9.53482
85.014595 45.450035 32.289425
47.01984 22.492264 7.135351
77.50776 49.008232 35.03764
60.663498 42.182713 31.702084
69.776505 55.10627 48.02998
8.482409 8.47971 8.4787655
97.9272 91.78353 75.43046
111.345985 91.782326 83.466324
94.24265 87.51059 73.71874
88.67303 82.70976 71.57663
94.12862 92.2301 75.24821
107.31253 107.33986 90.42776
0.009635011 0.0072866143 0.0062550753
3.408226 2.958058 2.9849658
12.159976 10.699295 10.772688
0.9394245 0.8481663 0.8523583
3.2067688 3.2043984 3.203301
9.738647 9.736497 9.735333
6.075917 6.0739636 6.073371
9.849 9.845642 9.84494
8.00316 7.9998245 7.9990344
7.7413034 7.739306 7.738735
11.122885 11.1209755 11.120185
9.935628 9.933169 9.931699
7.320348 7.3179116 7.316419
6.03189 6.030134 6.0291467
7.31936 7.3170996 7.3154755
9.120404 9.118144 9.116564
5.392358 5.390119 5.388429
3.896429 3.8950465 3.8937294
