0.23897156 0.23897156 0.23897156
0.23937018 0.23937018 0.23937018
118.99261 109.160225 92.98514
93.72595 84.65932 70.86877
50.923088 69.72081 103.49872
1.0326645 1.0572017 0.92800516
27.623726 30.333422 29.543604
48.25124 60.810368 72.295906
28.093565 49.030117 63.41693
35.798588 44.105167 46.8241
142.51909 113.86546 54.218464
48.077995 77.71116 95.280785
68.987335 69.33194 48.394676
105.34429 71.60544 32.307934
47.225376 53.349655 52.779785
13.347418 26.28417 36.080345
8.832869 36.75022 50.63883
6.858247 21.770617 36.839157
19.57897 44.885178 61.168636
0.5563823 0.5151475 0.5778634
101.39129 146.49918 143.37086
119.2692 153.32384 145.62488
79.50591 99.30554 91.130905
89.61075 94.047455 84.249626
45.19561 53.15575 41.69973
77.95081 79.38985 67.22807
63.891598 66.39111 60.89895
71.15002 71.61558 58.157234
81.95099 91.821 79.14419
151.78964 180.18124 171.52815
136.17548 166.91515 167.61012
71.72967 100.95642 96.68212
52.89069 71.771484 77.63081
90.18398 118.89315 117.76285
56.248074 83.16698 83.19165
52.78056 73.8555 73.16109
1.6154 31.70706 32.71924
117.65094 145.13919 139.38719
45.483723 50.923176 43.777107
48.848858 53.61779 45.699905
78.16804 108.87122 108.15679
68.86779 93.66067 90.65867
81.439476 109.62235 103.80425
5.807578 41.16246 46.467514
9.50423 54.010406 59.9649
18.909292 48.981155 46.74774
133.34392 149.7631 142.51709
86.0774 108.50086 105.39662
94.10047 124.98521 124.886086
90.8683 102.339226 96.98948
58.24227 57.114315 49.38139
38.441116 37.687393 32.464745
57.34868 58.288754 50.545353
55.235516 51.298832 44.887325
64.86015 67.79907 59.677628
53.201168 55.58103 48.831318
79.115685 86.65635 71.44789
58.569492 64.94738 60.782444
62.513287 69.32029 64.8879
62.82948 64.94676 58.570156
72.6107 76.928 67.80069
16.81792 78.27033 107.60834
8.065971 59.47181 82.476524
10.081584 43.96944 59.237534
21.653048 45.687107 51.851425
9.386328 58.969925 72.07797
13.281358 82.28027 106.151566
10.185003 65.10368 72.49951
7.1294847 55.266964 80.94847
14.296528 73.5727 104.0882
41.103333 52.819027 50.760185
5.714789 39.314686 52.672913
7.152095 24.455887 35.00514
36.654354 35.85508 38.59157
2.7943795 22.25795 37.395317
16.33112 36.758816 43.086544
3.5756931 27.497143 42.555786
2.286363 10.145695 13.051865
16.034525 17.81017 17.617039
17.300093 19.553526 18.814997
26.50155 30.65216 30.6823
26.884579 30.002945 29.750288
41.794888 43.176235 42.36489
19.793493 39.156326 55.41011
21.246214 36.71116 51.11726
37.65006 30.002214 32.505093
57.901386 48.106297 37.878666
60.428116 83.49738 102.66458
46.647778 51.09815 54.198734
50.991184 64.13179 71.9397
47.88956 59.824142 70.009254
95.722824 89.377045 77.77053
42.696674 50.88285 56.22387
46.64346 49.71964 35.7595
28.733545 29.022676 17.99402
28.93839 22.638897 22.56214
19.416512 20.377712 19.190186
28.426498 25.42847 23.73401
40.966583 42.55665 36.782974
31.298233 28.835548 27.295774
48.720146 46.787514 38.98678
47.03036 46.606476 39.861347
28.400257 25.838825 24.258924
41.112057 37.512733 34.78025
55.628265 57.692932 46.873062
31.43363 31.800026 22.605833
22.386017 26.948534 18.133427
48.904377 43.075916 32.873993
48.415936 45.39782 33.98556
8.964811 27.087143 36.959118
18.325207 25.881987 31.535477
11.886638 42.638298 47.278214
9.958632 29.95106 38.629707
48.207657 30.770107 26.853308
15.47017 32.252747 47.777905
17.291788 35.546795 53.08825
45.471542 44.33971 46.494972
48.668903 46.321285 47.124943
4.1167507 32.290592 34.19707
3.9760828 32.30853 37.10548
36.503056 39.14306 35.39585
4.715608 34.452965 37.168636
37.76211 40.043606 44.654884
23.425814 52.21027 48.04294
26.449287 60.62419 49.10827
28.958567 68.75972 58.088448
33.291103 78.32297 67.28977
27.659845 57.32184 55.898727
53.50465 55.72347 56.81212
60.19231 54.88427 45.669544
28.899925 32.442223 27.131876
67.599525 67.554985 61.71882
48.170097 48.74816 45.654022
37.583797 36.210957 32.288048
48.921406 56.762245 55.382187
35.35342 49.82733 50.37127
67.44298 92.80311 91.270836
52.098103 68.657745 66.23714
53.521416 74.24371 70.23901
48.595093 66.722496 63.78486
5.29325 38.965763 39.07651
4.122597 49.588272 78.570625
4.126805 49.689697 78.741806
4.840619 19.064665 15.23596
32.96831 69.17681 59.21911
19.068607 58.95449 49.709717
20.12572 36.186333 29.571241
19.386526 36.069336 30.335947
4.1859775 29.144478 22.203783
21.48049 64.267426 53.2659
18.150257 36.55098 30.914673
25.506134 52.00567 43.67351
34.77715 69.95571 60.085148
41.193195 90.341194 77.039795
33.389893 71.033104 60.285942
40.58619 77.096535 66.98302
46.44054 83.61367 72.82547
18.983679 47.923733 39.204094
32.5673 60.063866 50.39058
40.52283 76.44681 67.41842
39.51282 78.9843 67.43744
75.4919 98.6974 84.404594
18.095448 22.782776 14.726438
33.024914 41.57647 30.342346
34.458878 44.132874 31.879463
64.42149 49.615665 33.411552
43.664696 31.923134 20.937815
36.630703 23.554146 16.666267
27.33236 21.053259 16.201235
21.875608 29.977167 24.994
31.63533 40.30204 28.965498
35.596355 44.871624 33.680264
108.25193 92.27848 67.01648
74.175766 62.861725 45.473183
90.25802 75.74921 61.68773
153.63068 147.60117 128.29686
107.578835 104.8578 85.479805
90.18638 82.35052 64.13737
15.268093 20.621468 21.210514
18.693441 27.632252 26.5064
18.649637 27.444149 26.673754
28.7723 42.26178 40.63896
19.816679 26.117481 26.553925
27.919834 38.399372 37.918705
17.732683 27.424572 26.320644
19.822704 25.699686 24.839247
16.77095 39.86788 44.751972
89.189674 113.93569 96.89833
56.161682 40.2013 27.753544
56.761692 96.96215 83.25162
49.709473 35.299892 14.685911
67.13938 47.42909 25.193485
45.264614 32.432037 19.494972
72.923065 55.53685 23.678226
39.759235 17.127182 6.914762
17.575207 24.400944 23.250355
41.209785 18.305408 7.9984717
17.537138 34.66895 37.60973
20.909513 39.65812 44.796417
10.38697 21.512535 19.40431
35.08559 43.162327 43.679466
21.702896 42.280827 48.516544
15.25795 39.50022 46.82277
9.50135 33.166466 38.30512
30.189743 69.42741 76.38823
125.669586 148.40628 137.16109
138.61493 158.89062 145.92616
68.107895 75.16337 69.60572
92.23782 114.82498 101.502655
130.20728 138.2246 117.72145
69.82177 64.54965 55.936485
99.92311 109.465034 92.369255
44.78674 30.444923 20.859554
71.32064 61.91629 54.099213
55.721542 51.65905 41.874016
27.07556 24.55625 16.628222
55.78322 53.421562 38.634445
63.431835 57.02394 45.414783
69.94227 76.77556 58.18591
79.60154 88.64762 78.18766
61.74041 69.46065 58.550003
68.60829 80.99473 62.151363
65.273315 64.329506 50.427452
97.515015 92.00753 77.76121
88.32098 84.166534 69.14439
67.58911 61.442467 48.543427
73.007706 61.44129 48.516785
76.22265 68.43746 53.033684
79.32313 77.49661 69.140755
88.56085 92.454865 69.6614
58.27084 45.17023 34.626053
125.1391 112.7578 88.80295
130.18031 121.88843 95.53729
67.59139 58.51559 40.636993
63.345844 56.420807 41.101162
73.58267 63.166668 43.243267
69.67732 49.25131 39.074852
76.132675 50.140823 37.499424
75.77456 49.91257 37.316216
99.592834 93.08362 70.2054
89.70349 70.7277 68.87005
89.09208 96.92601 83.83597
82.29885 83.93299 75.350006
72.92287 72.134026 62.66782
136.99509 156.9863 142.27185
133.75323 160.511 149.6239
157.5101 177.18558 164.54294
91.989876 115.19958 105.79097
96.21158 102.88781 93.318565
84.28758 82.751396 71.644806
79.27522 80.49696 71.846596
41.662193 32.999935 29.621756
36.72533 30.763775 27.959984
31.155727 61.201546 20.023142
106.800026 125.07377 121.201614
95.2432 118.032776 109.806625
66.054436 57.22139 50.203762
23.740942 19.704159 14.923089
28.265081 25.092014 19.199043
44.168083 36.60083 26.349655
29.068052 25.260298 22.200504
29.754805 37.283306 31.236004
25.164608 60.297546 63.847263
74.690056 84.758484 87.19512
98.66997 105.87318 100.775955
69.555275 72.146 68.21315
116.47272 124.86234 117.123085
66.357895 72.289154 71.012825
106.07868 120.243004 118.09804
116.681725 116.07642 109.16764
137.15222 137.15231 129.37631
87.55928 91.001595 83.11533
113.630325 120.75687 109.69652
94.414894 104.19278 98.764084
112.02102 114.16144 102.29679
97.33079 103.82191 93.88258
76.35643 64.8964 49.116707
111.50469 104.412346 87.24694
80.854614 68.296814 56.54307
78.33437 70.940475 62.84879
84.56923 71.8103 61.039307
69.08668 71.67674 69.32407
38.891487 38.90347 35.806957
52.228916 51.6637 43.404133
88.42971 89.15041 77.81152
72.51504 67.22307 56.74761
66.63489 64.35081 57.159492
29.34662 28.680286 24.866043
94.45483 97.517075 81.23643
45.75062 47.20611 39.223713
7.9432635 37.017673 23.048367
3.6089113 31.659315 16.539352
3.1854239 13.302374 6.5512004
45.83225 82.64946 65.977234
9.337497 49.348015 32.835747
8.672004 49.407543 35.22172
53.16115 57.565483 47.660202
25.847816 24.750134 20.871733
25.61478 24.375698 18.208101
36.18042 35.90896 28.570068
33.05308 31.692644 23.256466
78.856346 74.69169 64.409225
84.879326 69.50009 57.957413
87.765724 80.865204 67.908936
79.98167 83.18751 68.5174
64.4238 60.624767 47.011116
103.47176 82.60233 70.2956
187.59077 179.93558 124.94794
61.258392 55.327244 45.470924
58.62273 51.761295 43.626408
71.88044 75.75463 60.251106
71.916405 71.02733 63.48718
105.40761 101.22885 89.66047
88.13048 78.46906 65.40912
73.70846 73.95451 68.563934
99.15183 148.0873 149.55818
78.04673 93.925766 74.515526
107.69141 106.05731 81.898506
33.538048 32.06028 23.268492
41.42743 42.10488 28.040327
75.29241 58.13409 49.835106
69.716095 67.5747 52.583996
70.14142 51.45252 46.046505
92.96419 91.589554 76.56538
88.27655 79.69931 64.51909
68.14713 62.659912 46.4065
85.04104 61.303837 55.57164
80.76946 81.01847 65.15258
76.659645 85.56199 68.553856
39.515125 58.79925 68.2847
49.079903 47.59642 32.606697
113.91485 81.597946 77.012665
75.97077 74.25073 58.48846
52.57051 41.80222 34.01032
56.891266 46.44145 37.81606
48.907608 53.701103 46.51147
39.857384 43.88551 38.43923
45.4847 56.2952 46.996258
74.007706 88.8854 75.80067
78.31836 97.23742 83.29396
68.31214 90.35375 71.29367
39.760166 59.150833 40.31411
58.561165 74.77378 56.766056
77.266014 104.236626 87.13493
42.355324 62.7884 49.652695
21.372553 30.075472 20.240168
55.659756 76.98481 56.513577
167.20781 180.99263 157.91275
68.04305 54.662502 31.071684
54.004562 43.83548 26.616861
78.02208 66.44094 41.30979
81.78388 61.22504 35.422867
78.08663 57.241055 31.371822
42.337208 33.646847 20.771503
69.26922 52.110638 30.636328
57.1445 43.14204 25.77148
81.197205 73.237114 45.71368
55.804897 45.17225 27.805475
90.02088 75.20918 44.262024
99.03169 81.05534 46.810833
65.17645 53.61168 32.058662
83.44171 68.588585 46.05749
79.9736 63.372486 35.577065
202.75217 220.39491 205.31409
48.778545 65.33174 71.98308
32.42114 54.336456 65.70983
32.198647 39.317345 32.81544
35.896072 91.4133 120.099014
16.804588 80.217026 105.837166
10.443662 62.329746 86.51634
12.57762 80.9577 115.1319
17.22925 78.37519 104.81712
13.5527725 83.78902 119.35182
19.186155 62.87813 87.68188
18.821928 87.931816 120.23786
20.722717 66.596664 98.3964
10.422624 71.814575 105.339066
36.254074 95.21578 123.64831
16.928293 95.53207 132.97281
47.296883 113.7824 154.45947
43.06163 90.81057 122.038666
41.096752 92.331055 125.589005
36.877335 89.24207 122.05645
44.5419 87.28207 117.20872
14.529232 52.687595 62.288887
23.397776 44.059925 49.904064
37.167576 27.148287 18.518314
49.369606 38.00383 34.559727
9.846289 29.868124 30.679777
59.533463 50.364536 36.91589
15.442643 69.925125 43.335083
17.812649 52.90021 41.17413
38.524693 93.13967 73.511116
14.304722 21.968466 17.950373
10.243821 23.40236 19.662327
32.458256 37.314312 34.61303
19.70128 23.7533 18.557114
4.4178624 44.983257 33.673065
45.086945 104.83015 113.80189
7.3601074 60.10074 50.03727
30.950949 78.51887 63.141865
92.79471 78.189255 51.600784
43.91142 42.85703 32.458523
74.10889 68.18447 46.27837
30.119917 51.029297 54.98718
30.641554 51.77301 55.66226
234.77432 235.39282 221.25658
31.904488 33.767784 28.56174
52.94612 49.183098 37.441936
10.002104 15.340996 15.26971
29.772278 35.6726 27.855013
64.188194 32.161263 15.933918
24.368235 42.38429 38.331207
16.111437 36.696697 33.223114
26.090708 59.953583 49.984653
13.578794 16.2754 15.716051
30.042055 60.421738 51.5807
27.030783 41.67705 33.959896
44.58816 76.92384 68.02066
20.876583 33.287735 26.905993
21.341173 32.376938 25.021725
23.51517 22.757196 15.594627
8.284193 45.648685 62.63019
19.290415 48.923088 61.4808
21.916267 16.121622 8.819448
23.140623 13.228497 6.9968996
34.348568 23.01072 13.285632
14.502015 22.050957 18.168837
7.5044956 13.914585 11.661595
94.43928 104.50691 83.53107
35.216385 31.91773 22.304344
58.350605 53.86662 42.97159
51.91248 49.756535 38.963837
83.13498 80.77556 62.823635
54.700195 54.822594 45.87891
27.75877 29.773983 21.195988
37.743023 60.648064 46.24307
8.427407 17.32576 15.458411
28.3237 60.392418 48.65535
15.369431 26.308796 23.037336
16.761627 37.276928 31.798653
23.869867 48.155754 45.194637
16.512535 35.38316 30.439322
4.798432 13.342457 13.463726
29.72637 56.078262 54.20254
2.1805518 48.812695 49.96038
1.1269156 34.17094 37.808266
4.138055 40.419613 41.896736
1.8928381 17.499357 19.200748
2.0791256 40.085968 46.345005
7.635818 30.23928 33.114914
13.581827 79.01924 83.35955
28.958012 24.526686 12.588117
4.1505446 4.3560324 3.4948401
19.02467 20.448622 18.92413
63.642906 74.17971 68.57093
22.61179 63.7467 51.980865
66.84456 76.890625 63.599854
60.122066 77.30253 62.92101
51.239414 58.72378 54.83843
23.23131 17.356653 15.490278
66.76612 77.0015 58.740456
34.28716 40.677494 37.13757
27.687727 34.629505 31.247852
27.326624 39.538334 35.272324
23.019709 15.4317255 13.719816
25.106054 27.186531 25.54449
23.700594 45.999027 35.33008
22.047258 42.07618 40.094692
27.344828 54.896317 49.226856
29.156723 56.10736 43.84434
29.752878 59.84403 49.61292
18.56183 47.57835 38.939278
19.272167 60.260296 52.4872
7.0277705 29.644255 23.43374
12.593431 34.129883 25.975729
63.306957 113.47622 95.09928
35.6693 83.80147 70.669235
36.620758 75.935356 61.91237
23.246279 39.913788 33.929
0.36404908 0.40964657 0.3958721
18.504805 31.40958 37.405197
16.180552 11.875963 9.273031
15.400058 11.226438 8.831318
28.600496 16.100584 6.466649
18.321552 24.488882 28.548521
17.180286 51.158253 38.517982
16.3553 65.21408 50.101448
28.998117 60.557266 46.335083
29.41102 83.2446 65.904335
32.40384 81.12482 60.3838
17.333445 75.01654 63.55461
20.159845 85.798805 69.30605
20.271015 84.47708 71.25445
26.506577 108.88385 88.117195
26.341505 110.07107 90.93403
33.840023 31.485561 24.236225
43.27609 35.146538 18.55377
31.437395 26.852268 18.268602
67.136215 60.114845 37.70881
65.28322 42.012756 19.598547
16.77394 13.376916 6.346665
24.819603 14.187129 6.4235983
13.547037 7.6947026 3.5180264
110.30375 79.81126 43.122818
174.30374 163.24475 81.79152
117.23153 97.802284 44.493336
96.764084 66.28754 26.786009
46.129307 46.51743 23.228586
212.9655 204.51726 111.36839
86.07598 57.682434 15.435889
39.88788 24.033815 12.826978
15.537603 75.643234 83.480644
10.599987 48.944324 58.469196
4.3648906 36.999138 43.25372
63.239258 43.030605 18.650301
43.75899 33.84454 21.103508
42.822216 33.60807 22.663456
6.843631 9.188834 6.2809153
28.37975 27.569515 19.274714
37.730335 34.114914 23.65752
46.05087 55.31522 47.61624
95.26263 109.01058 94.063515
33.881012 33.26597 24.444946
35.210915 36.068916 29.741385
38.423443 34.649616 28.79046
50.748894 53.31739 40.978474
96.37289 96.797104 72.80672
45.816902 33.243687 17.877203
84.077354 67.654594 28.868965
33.185844 35.226704 26.97161
94.05304 81.25822 49.01803
74.52775 78.39731 51.731796
57.427383 56.9294 33.74382
60.581562 53.840355 33.34177
50.09762 56.489304 45.457813
42.12439 49.825184 29.891886
45.380547 48.848328 25.957945
37.078506 30.31236 21.51683
45.826283 77.11071 57.69789
48.629463 53.656612 41.93527
33.849987 37.232105 30.372
31.427008 36.473446 30.603973
90.250046 70.0881 37.78993
34.538067 35.514706 23.816149
28.951502 68.42593 52.464832
42.61385 88.672844 69.69007
35.587055 84.66866 60.96138
27.889648 72.87603 54.76382
16.527527 36.63088 29.298122
30.730911 73.01648 57.906013
39.1156 88.318695 72.260765
43.37499 72.82144 57.889362
19.242958 41.492294 34.393303
21.100119 72.48709 55.35953
40.451458 85.8276 62.61613
18.632784 46.07636 39.484608
32.072414 74.548256 55.489147
13.711334 36.163788 28.506733
19.972694 69.08878 51.814865
20.588781 40.98459 34.113163
31.517584 60.292496 47.689877
38.10424 80.87667 60.821133
48.749046 89.87887 78.50709
45.615025 79.72595 79.66188
31.230667 54.620094 56.085636
26.679422 54.263245 53.40234
16.496456 34.863914 37.586567
21.106918 65.84615 71.93033
38.843586 110.88631 126.13496
12.868035 89.71625 101.38349
0.23999025 0.24041101 0.24080963
52.07359 58.51196 60.301113
117.96884 119.97314 91.352844
120.80908 106.85599 72.78607
58.141796 51.827133 40.953716
78.90728 68.37588 51.38624
127.192444 109.004166 80.12836
0.23994596 0.24056605 0.24067676
1.9363319 1.9370626 1.9370626
13.933829 13.934826 13.9346485
10.112012 10.113074 10.112809
12.436442 12.437506 12.437262
10.521415 10.522433 10.522234
11.49453 11.495549 11.495438
10.585636 10.5866995 10.586611
12.865953 12.867194 12.867149
10.698313 10.699597 10.699597
11.49765 11.498952 11.498996
9.919302 9.9206085 9.920675
12.530406 12.531734 12.531756
10.904974 10.906391 10.906458
11.52673 11.5282135 11.5282135
9.450195 9.45159 9.451524
3.1186996 3.1200283 3.1198955
22.034193 22.03561 22.035566
6.4175744 6.4191914 6.4191914
5.7018557 5.703539 5.7034726
11.225485 11.227279 11.227057
