0.0069850553 0.0062703053 0.0056530214
0.019070825 0.016341781 0.0141000645
77.01469 97.59909 165.22768
77.65793 91.5386 171.80829
77.55724 91.4142 171.64227
49.39451 54.793373 68.265205
27.147367 32.055588 44.72479
5.6726446 5.6715727 5.6701756
2.159454 2.1423001 2.1576998
84.21628 84.66238 66.433304
82.453705 69.3653 64.60227
83.56387 63.463287 44.347435
52.44906 39.02524 31.774529
59.918095 46.519753 37.7296
99.857475 82.64867 72.5988
101.723976 84.06953 73.09896
75.24899 58.815434 47.90114
69.964035 55.52742 43.144444
76.299835 60.004093 46.064003
97.69526 82.52654 65.10919
100.41872 84.43909 69.2794
50.540936 40.108025 30.965822
71.91761 58.013386 46.619884
82.92122 65.51173 48.53116
80.79516 66.43418 47.93499
72.10718 55.226185 40.017803
114.69279 94.56403 78.793015
68.49425 57.56946 64.00773
82.80406 71.419754 82.15666
52.120014 39.287914 38.23694
103.3974 88.14327 74.7294
79.09357 64.029724 49.443565
122.6512 122.289665 120.17505
72.988304 54.187817 43.867935
45.88002 41.890156 45.137558
78.676346 79.0451 84.8462
85.738434 85.13229 90.9473
78.22553 78.52128 84.659096
81.199936 80.61549 86.446655
54.95936 59.886646 65.09623
56.133984 61.110203 66.38808
56.863613 56.83892 62.46176
53.94165 52.689636 58.219784
35.955265 38.94175 47.225372
66.87008 74.22966 84.46384
74.601395 78.08421 61.87193
124.40799 132.10338 133.98041
82.98574 85.24906 75.78512
86.237625 84.51085 89.93489
116.8667 115.491974 115.43817
100.19909 92.13132 89.19798
112.50958 116.98337 109.93726
75.488594 75.04727 69.460625
58.647854 57.307766 50.971508
61.62651 62.65601 54.128883
95.22648 86.50712 81.392494
73.43863 67.220146 63.290253
74.412315 69.20786 67.41154
84.419365 86.73684 73.44808
110.06345 105.96992 104.14029
81.47375 71.611465 64.021736
103.54198 95.50715 84.47245
84.67375 74.65351 61.768585
75.97986 69.59958 62.44155
83.53317 73.566475 64.96917
39.50559 32.499092 30.647758
47.858707 37.752567 33.995094
39.6692 34.185997 25.884275
35.896168 29.295712 24.4333
30.874172 24.334698 19.115725
30.680508 21.581156 16.151333
39.447693 31.289831 27.575016
28.318682 27.369461 27.516699
20.864132 16.907246 18.177128
15.417836 17.538565 17.538303
30.660072 25.15406 22.48655
28.815334 23.554321 19.840513
41.165726 32.576412 30.43408
37.447887 30.161825 27.034634
48.34909 39.225502 34.543633
38.646687 30.762184 27.098928
30.866114 28.00666 25.498701
22.713614 21.683918 23.784502
25.019136 23.292007 24.278883
27.81384 28.946556 31.779467
56.915173 41.359875 31.42443
43.401722 34.218292 32.27791
45.92966 32.47271 24.392561
58.34305 42.360073 35.893307
57.992104 40.485542 34.109943
32.46884 18.9577 14.77742
47.83184 38.82534 32.82492
61.61527 46.872513 34.90539
53.646362 40.403442 32.846653
50.78187 30.89805 21.524788
75.57427 69.504906 62.604126
84.70104 79.41325 70.82115
53.95744 45.492626 34.733204
58.496914 44.582165 35.682747
40.248894 28.12323 19.668194
53.019005 41.662216 32.055492
36.709095 34.117413 34.665466
39.27414 28.787817 24.058836
52.929077 42.49844 38.542496
55.017967 45.31309 38.36283
69.04376 57.382034 55.211372
36.899124 26.682228 23.913645
33.636127 25.692528 21.873068
38.153996 26.390612 22.517576
32.454548 25.422157 21.890253
32.23424 25.234114 21.719818
35.716473 23.759129 18.154419
54.732944 44.96475 42.29331
35.87495 24.691326 21.5179
34.990936 24.228037 22.555134
41.21735 30.713482 26.096653
42.63226 31.484276 26.420826
31.98707 22.04126 20.872742
53.53762 43.660038 37.55432
62.40734 50.94217 43.097435
66.74087 55.36618 46.809097
20.422808 19.115269 22.359226
43.961956 38.57326 31.75796
33.838497 30.498734 28.835218
37.16923 39.337036 38.909973
36.379696 32.753574 29.931026
46.418488 32.137882 27.346199
28.627583 28.97573 28.646263
28.167381 28.946686 29.238272
40.035576 37.71943 35.105587
47.730213 43.14532 36.810265
33.495483 29.125925 25.806595
13.364002 11.178298 10.753086
58.624268 48.4704 40.3001
55.19714 38.10861 26.149122
75.59029 58.831028 43.78762
27.406433 16.452892 11.162866
42.668777 31.599447 21.941488
25.242592 21.030052 17.755653
42.846558 29.094347 24.147888
51.507896 34.85107 23.357374
44.82882 33.927616 27.670013
42.170986 28.357018 20.039766
49.837753 35.805492 24.148212
55.429337 38.968975 30.766731
55.668682 42.623 34.137653
35.6937 25.712118 17.932846
37.18158 23.28171 16.641487
53.206238 37.33512 26.385574
35.97115 26.035933 22.238207
51.018745 35.211727 24.914522
43.723034 29.162313 21.27729
35.889572 30.31095 24.81186
58.943405 44.756042 30.424593
43.97297 34.71348 27.809519
59.89152 47.409843 35.916374
49.709583 34.30955 27.82154
50.347725 32.573845 24.87781
43.679726 28.980734 23.19295
45.16446 27.971703 22.757082
40.046555 26.988434 20.689993
56.408253 39.762802 30.463873
58.9629 41.733105 31.524822
45.123848 28.784372 23.431969
46.017284 31.488758 25.70796
46.84279 25.615984 19.353054
37.85968 32.795128 29.23707
47.92742 25.449253 19.428297
45.287914 29.864197 24.6833
43.17703 27.712769 22.410105
31.692236 17.455784 16.11111
57.67804 42.046036 31.877323
47.79064 31.75939 23.188597
53.42797 37.530605 28.961176
40.842464 20.16371 17.462639
44.63418 27.932587 22.322905
45.74074 24.74165 18.0205
48.326836 27.03668 20.331903
71.755165 42.626217 26.024334
48.55887 34.219883 27.661598
50.8206 35.21407 26.179565
37.726803 23.5141 17.109388
37.699024 23.78252 17.250357
39.600033 24.948051 18.045158
39.359 25.94597 17.17963
75.65695 54.111015 40.0347
46.404713 33.030346 20.465172
37.696815 27.104712 23.11124
72.34948 44.66683 38.076347
50.73242 30.07453 22.106628
17.469948 20.382326 27.43499
22.433886 22.701853 25.622482
31.975504 30.3769 29.806562
28.527193 26.34308 26.413807
45.398052 32.79149 32.433235
45.157734 29.81004 25.988758
46.70513 34.259552 30.195028
32.965885 20.731384 18.062508
55.52947 40.782097 35.35026
38.885704 28.024399 26.264458
38.915985 24.484762 20.49581
28.136354 18.775406 18.04045
27.987783 18.29909 17.57466
20.598083 22.11803 27.662346
32.73655 33.66514 40.88561
63.392754 50.98847 42.5718
18.998604 17.606985 19.201008
45.178654 35.382683 30.64701
40.260754 27.784016 27.886387
38.51238 28.485283 24.927128
37.022385 24.585802 22.032944
39.923393 25.711859 17.288889
35.237232 23.112247 14.656498
33.939507 28.102177 20.132294
10.119039 12.288272 19.799805
14.9879465 11.683105 14.044575
17.946815 20.731255 27.690708
17.329662 20.538597 28.066895
11.978558 14.552241 21.917608
10.782164 13.415984 21.098213
8.3962965 10.346069 17.985218
29.856531 27.153347 18.795647
29.699188 25.565205 19.580181
30.665108 26.502665 22.535803
31.230637 26.607992 22.34334
27.080149 23.61033 20.568129
27.466991 23.948862 20.818844
18.268324 17.180182 18.93996
8.678753 9.241651 19.367966
13.708284 14.880215 26.151949
19.361794 23.465366 37.76761
12.915173 11.474074 18.148636
14.621963 16.052372 22.901234
32.510853 28.773457 34.151917
22.900845 21.679728 26.702957
19.229143 19.96852 24.895874
12.648701 12.446329 19.127064
30.145061 30.84909 49.878883
30.36894 31.370274 51.552666
21.885153 22.44321 39.19698
25.673618 26.637524 45.492203
28.796427 28.34048 50.030117
11.001884 10.536647 14.456628
20.555199 20.456367 26.9385
24.964588 23.798344 26.19633
21.156174 19.764555 26.267965
22.369558 21.862118 25.069038
54.419395 39.814034 26.7269
44.94009 32.081158 23.579174
15.114068 13.668388 17.303865
55.57924 39.403606 30.801722
51.030865 35.711792 28.02245
43.74935 37.387558 33.206272
50.09123 42.441326 40.22024
41.42125 33.771477 28.412184
33.450974 25.74672 25.527876
52.779663 42.439182 34.537395
60.34584 54.66654 49.51462
10.132846 12.542138 14.761144
14.983593 19.12232 25.568682
20.47898 23.99347 37.221996
24.614653 27.565887 39.328785
14.826998 14.757668 24.846134
32.942463 40.406857 58.793503
33.06504 41.336193 61.918518
24.75835 27.067186 33.567642
20.555523 21.877323 26.447271
25.332294 30.172125 40.32024
25.82846 25.627518 33.20156
37.777615 41.964134 51.175568
23.546362 22.077648 29.51631
21.566341 27.713743 41.5474
16.241293 15.136063 17.0782
64.961044 65.632164 52.433754
85.83571 84.46595 84.44753
8.456498 5.7387915 8.766569
68.53772 50.42622 42.465885
52.23057 35.106724 28.074171
59.212734 47.589832 40.778786
43.987263 37.315823 32.126347
44.88236 31.78226 24.53798
41.03626 36.1475 31.55143
53.050587 40.302536 38.665985
47.31631 33.329792 28.231773
56.00195 40.940155 35.48746
42.658707 39.957863 41.186615
44.703995 29.9026 25.789051
43.087425 37.336224 33.672546
9.342171 8.708739 9.866017
43.437458 29.396166 27.411598
48.280636 38.700325 32.51394
22.593632 21.110819 17.919071
41.746784 30.859552 28.79714
22.77976 23.507765 28.998734
55.27859 45.14139 42.566082
11.516862 12.856237 20.382488
34.786613 36.427647 40.643276
20.732943 21.049253 25.449936
59.76735 52.276608 49.41998
14.417836 15.763548 21.713938
12.688629 13.779532 20.912897
57.974205 47.840317 45.034534
50.10468 42.652958 42.791584
59.67846 54.106693 51.823814
41.05871 29.152729 26.388174
36.239994 27.170565 25.584827
50.462185 40.42771 38.741943
49.168423 38.772644 37.87157
41.588078 35.383335 33.598797
53.213676 43.016407 41.31621
25.076998 14.700455 17.518875
50.511436 38.90195 36.845387
28.781546 15.507797 16.080637
42.64373 32.952923 27.086744
27.643112 16.436256 11.397368
36.535057 26.04529 24.625439
40.383625 26.074886 23.316147
42.037037 30.889605 29.418453
40.26543 28.20276 24.37664
37.166798 31.96173 30.489084
66.22186 56.95 52.867935
45.43197 40.008156 36.024887
46.58265 40.9154 37.11423
71.23938 65.361595 63.69142
63.959812 61.587524 54.28538
66.6105 58.876347 54.710785
42.692333 39.260983 35.1103
36.838467 32.184795 28.261404
24.586226 24.27505 27.830019
26.70679 19.44607 17.045322
22.356432 17.947401 19.783106
17.506596 16.470695 16.595581
14.945191 13.887427 14.230442
29.724009 33.60117 42.785866
68.37264 41.36488 26.201885
24.555815 20.502827 21.19753
25.678362 17.592884 13.1167965
18.981838 15.701982 15.411078
30.185217 29.854158 35.40237
43.614166 27.536518 22.974594
43.96212 29.605686 24.719168
49.72622 46.33931 49.312542
12.824886 12.178005 11.462314
30.167967 28.63525 26.679922
19.969559 16.888271 18.608643
18.493599 16.82729 19.300196
37.944412 24.533203 19.46124
71.46572 49.75208 35.124496
107.76446 86.943924 77.47901
137.92384 114.179405 102.56901
51.79961 43.72609 40.431126
77.45926 64.25919 62.723522
40.15916 30.64623 29.717934
38.54776 28.689116 27.142593
56.299316 51.760395 47.54558
29.32755 18.865498 14.944835
39.702045 32.803185 26.583626
42.56514 32.57011 28.408318
38.67872 24.357212 16.901169
33.88879 20.748116 15.080669
44.871346 32.521767 27.084503
40.951008 34.90747 39.52911
21.930897 17.054905 15.358154
34.533302 25.955004 23.54909
33.14948 35.83782 34.624596
33.496037 30.232618 31.720793
35.587036 35.96176 33.773426
34.002827 33.297466 30.241749
52.172646 45.802242 49.56056
40.377907 36.00809 37.70224
22.131872 21.785023 26.627453
26.413483 18.82362 17.699286
24.066439 16.35432 14.978558
22.858316 24.553476 28.209454
12.232716 15.832781 22.957212
54.11582 47.687523 31.80065
98.71605 82.20942 55.98155
57.53262 43.97378 36.131546
44.36267 40.861694 39.037655
62.82076 53.23827 49.38717
68.48402 50.788338 48.20575
50.908512 40.73905 34.619526
50.94113 38.11696 29.833658
43.17807 34.04425 25.314133
45.041943 43.109844 39.894054
55.717285 50.78541 44.500584
43.12102 34.06868 31.507797
46.60627 38.763092 34.663254
50.778427 41.636517 36.19006
58.682198 50.831512 45.79243
64.433235 64.707794 64.43028
32.43281 21.858578 14.366667
32.318974 21.93681 15.463742
45.109325 31.279793 25.829206
62.77063 45.98343 32.092464
43.2871 28.990059 20.92612
45.882034 28.843405 19.528948
42.309875 27.07076 18.784569
49.108414 30.569103 21.314684
89.79094 78.91498 72.58239
43.59126 35.622417 33.458057
13.480149 12.432131 13.369948
25.114393 23.499123 24.266699
15.081839 14.217836 15.428818
13.602794 10.027161 10.025471
29.663029 28.68863 28.9115
29.851494 27.319948 27.532455
28.103378 26.510754 27.297726
37.060753 25.068453 20.954418
25.189734 18.112736 13.982391
35.194836 23.930376 14.09987
29.864944 24.0577 19.453835
25.116243 19.625568 15.875731
29.097076 26.401657 21.462769
37.607246 22.79464 15.149708
67.008026 46.81881 32.040512
50.08574 33.85117 23.044542
32.704937 20.122936 15.512345
43.250683 33.195583 26.97245
37.026413 23.422255 16.617382
38.091034 26.633722 21.557928
44.5709 25.012594 14.435476
46.458935 35.6578 29.48512
47.07596 34.173523 22.450357
54.435154 36.44555 22.935055
47.62726 33.583332 25.782196
44.835346 27.750845 16.541618
44.59207 26.846199 16.239635
43.041813 26.269266 15.827096
35.39308 28.209942 25.513515
32.771736 25.84896 23.042137
32.3256 24.479273 23.450487
35.650715 28.791325 25.61228
36.838142 28.863028 24.58733
23.875633 17.928297 15.037004
34.179436 35.75835 45.778492
39.59987 40.804775 49.15585
14.0891485 8.226641 6.768551
23.77638 11.183333 10.027518
26.194736 13.820565 12.338726
21.373749 12.625958 12.001007
24.088726 15.912021 14.8474655
12.239896 10.978168 15.477648
45.36355 39.567413 39.44906
42.287556 36.79454 43.502144
45.851105 40.425503 47.49425
31.684242 31.728004 38.962444
8.564068 6.720793 7.4484406
13.489799 11.134405 11.598375
20.462442 21.659227 28.09165
8.883495 6.713028 7.254841
14.958155 13.07141 15.337427
18.285347 14.487784 16.19584
37.507343 19.700779 17.989084
34.70877 32.872288 43.41423
29.660267 29.817675 41.317738
43.08564 35.235996 33.925602
53.88031 50.893112 56.785835
21.300455 17.947174 16.730572
25.899708 21.578297 19.595581
35.909355 26.54961 25.319298
26.843113 21.540285 22.758415
21.088823 21.419754 28.574465
20.785088 15.73772 11.039766
27.763353 22.391487 20.601461
43.549156 34.058186 26.915627
39.824627 29.033821 25.885542
20.135056 18.628752 18.158382
34.307796 24.881643 21.88707
59.321247 46.02466 37.980736
41.474106 23.628687 12.798083
18.323523 8.800942 5.065335
50.411015 32.64032 19.66475
71.0409 53.099674 40.031612
60.381123 45.33528 35.876087
31.136972 30.165237 33.67797
37.651527 41.038433 56.827843
41.992496 40.512962 49.627388
33.79061 28.85965 30.537622
42.05107 47.55991 63.551006
17.105425 14.329987 14.540545
20.77167 26.399675 33.096977
17.679272 19.865236 22.76514
21.010397 19.923391 23.623425
8.929077 9.018811 12.073684
20.534925 27.491455 33.726055
23.07154 26.99568 31.966341
22.020533 26.105328 32.571182
30.384926 26.214556 26.142853
22.729435 25.151104 27.157375
23.28603 27.740091 33.889084
23.991617 26.88694 38.04259
24.134893 29.495094 36.61319
20.085737 27.972612 33.84389
21.59922 26.337004 34.190968
34.827065 44.99857 57.329857
29.876867 36.158577 43.466797
33.15806 38.57024 48.114426
30.834536 34.16946 42.435837
31.994444 32.266796 36.811306
48.406174 44.39961 41.382553
31.21293 25.862118 26.692072
38.319267 27.747498 23.165888
38.77206 33.401722 32.29925
48.43353 30.91293 23.411728
44.114326 29.137005 20.648441
19.098051 20.573652 21.221897
17.252989 16.161663 14.723879
21.500618 27.07388 32.228428
24.531448 10.9638405 15.642625
28.51215 27.140253 28.395615
38.49451 29.617088 33.05471
11.362508 8.012931 5.736192
43.90455 32.91056 31.907797
23.99243 18.10052 14.709746
20.410364 15.57063 10.440124
17.626673 12.376706 10.758869
45.538303 33.785446 33.70169
9.2903185 7.1473036 5.689084
12.759 11.070826 9.713288
18.53863 13.891585 13.547564
37.768486 33.387653 37.52719
41.648895 34.303215 32.119267
33.457733 28.35942 23.462215
19.03226 17.260332 18.405329
30.173944 20.44529 13.292007
34.805977 26.613287 20.733852
29.569427 21.314457 15.030897
25.471085 22.47167 22.355556
13.424009 10.350844 7.1367445
38.09818 31.92872 29.057116
31.462248 25.954288 17.200066
20.086226 16.084276 11.309551
25.650942 24.791424 25.580442
26.784405 23.12518 23.323685
19.921703 18.411663 24.276901
19.42492 18.480831 20.781027
23.038336 23.504938 30.604385
33.344215 32.6845 36.253933
15.137297 15.549513 23.60091
29.463678 28.236387 37.0166
30.174463 24.438011 24.576576
27.23119 24.272352 27.67232
18.382294 17.826315 19.717186
12.595354 10.622353 17.221897
18.896557 17.48015 18.074919
30.889702 29.201462 30.230734
30.132164 26.209064 27.646133
12.756238 12.12284 14.090741
15.690253 14.50705 17.18577
23.770956 22.243599 25.924463
29.359844 27.1808 33.277225
16.729824 22.74896 31.481157
23.689604 22.89058 33.71881
27.473976 25.993828 27.850943
24.617153 19.782423 23.45432
58.55786 55.73619 53.880703
49.112247 40.243893 47.846294
26.641716 23.569006 32.649937
47.948406 39.524204 46.930313
19.701332 16.987524 23.923002
32.102047 29.335413 42.3333
37.207764 35.753445 41.335445
20.706726 20.856953 22.985802
20.58236 23.75315 29.754517
15.171442 15.381579 19.959389
19.06072 17.941877 20.963646
20.533659 17.250227 18.90903
19.49373 20.82898 22.729012
27.335932 25.712574 29.092203
21.34399 20.536583 23.496426
21.005491 21.353996 22.75783
18.513872 17.889473 16.77102
31.628298 23.748701 17.79909
18.576803 17.663385 20.080637
25.077518 27.99685 36.098343
29.090157 30.564262 39.022514
27.531092 31.723131 40.545193
22.316439 20.36332 25.903183
37.182457 38.952503 47.573
20.72976 22.40718 27.474432
22.232748 21.158188 26.497206
15.801007 13.973976 13.952729
20.164978 23.541227 31.240904
15.784893 17.734503 20.574171
19.628784 22.923782 29.784243
8.072579 11.415822 19.752047
29.860624 26.081026 21.402111
17.191294 15.133268 19.078817
36.52765 28.43814 26.761566
15.662021 20.676933 28.513548
18.28694 22.677063 28.608902
28.30705 33.110138 40.36605
23.319592 29.593567 36.794315
30.729044 32.394802 38.983463
21.337103 24.31946 31.2808
20.199936 23.161015 35.103638
22.75523 24.06397 27.980604
22.643404 25.200357 32.214165
20.985315 21.79805 24.845484
16.380766 17.33122 21.299286
23.111923 24.174692 26.64623
26.955978 28.761566 35.784016
16.408674 23.243372 36.54649
4.619883 7.6265755 12.396588
26.885023 29.799416 34.869267
12.330767 16.239311 25.294737
22.490643 16.92742 21.902502
20.829271 21.619656 27.58132
19.862606 26.941326 31.830116
18.855522 20.165953 25.807375
18.63944 22.256952 32.4078
24.104809 30.807083 43.206238
35.98119 48.12729 70.39721
20.211956 28.070208 43.830215
32.341618 44.829956 62.086452
30.001495 38.95354 59.38174
15.867836 23.143633 41.126965
17.82544 25.915953 44.140675
30.172157 42.22222 64.15617
23.666277 35.059322 56.716667
21.019981 30.009844 47.48252
34.017414 36.9116 49.82687
16.919395 24.79347 38.266895
45.78762 48.03031 63.54727
22.599318 23.946135 31.77703
19.059519 20.029728 26.839409
27.978102 30.138987 38.821377
34.799675 33.975243 41.951656
21.395939 17.991617 21.356108
17.521767 19.243925 26.246264
28.625795 30.130962 46.703053
82.844055 87.488075 82.63363
56.92953 53.88054 55.51348
55.37911 53.737686 55.620827
66.85458 65.03506 60.435184
70.899025 69.01387 51.740643
61.454254 52.96446 44.960526
56.780346 50.301006 45.202988
107.92937 105.62352 104.45647
111.546524 110.950226 107.864746
0.030149447 0.027095517 0.02417154
0.030246913 0.027192982 0.024366472
6.1591616 6.156108 6.1533136
7.504483 7.5014296 7.498798
2.4403508 2.436225 2.4340155
3.5477583 3.545679 3.5424626
5.340416 5.338207 5.334925
2.5453217 2.5429823 2.5392463
3.529792 3.527193 3.5232294
5.434633 5.4317737 5.427778
5.752372 5.7495127 5.7457438
9.04269 9.037362 9.034925
17.2859 17.280571 17.278395
19.025698 19.022514 19.020176
17.773035 17.769915 17.767057
17.512606 17.509552 17.506237
15.619071 15.615952 15.612119
23.276999 23.27401 23.270014
16.830572 16.82534 16.82219
16.505556 16.500488 16.497335
1.8146199 1.8118908 1.8077973
16.892235 16.889343 16.885347
16.77794 16.775017 16.770956
19.090254 19.0872 19.08327
16.631773 16.628752 16.62518
15.777616 15.774496 15.771052
6.4592266 6.453606 6.4509096
15.012638 15.009584 15.006238
12.876803 12.873684 12.870273
15.266049 15.262996 15.259584
17.802307 17.799122 17.79568
12.134795 12.131546 12.128233
15.82651 15.823295 15.820045
10.323457 10.317902 10.315302
