0.006083281 0.0048266407 0.0037699207
0.010338722 0.0073113614 0.004740961
4.126035 3.68207 3.0368137
64.60342 80.36194 129.46782
1.1119838 1.1088707 1.1063861
1.6872965 1.6852688 1.6836122
25.277603 20.92146 3.0400126
26.23979 21.779745 3.3238704
26.303965 21.790028 3.328126
25.715029 21.479065 2.9549038
32.12826 27.310333 5.161878
27.645199 22.725338 3.8825042
41.324158 33.481693 6.8349233
35.718742 25.79054 4.147655
49.730995 36.670647 7.3648825
35.194435 25.890244 4.3865027
30.905638 22.943136 4.760553
39.49212 32.745987 6.513252
46.617783 34.894043 7.2457876
49.09325 37.639088 8.218256
51.3496 43.494915 18.778717
54.491516 48.599247 22.97261
24.723082 35.809532 33.249756
63.68875 78.171104 74.53124
25.95142 30.805792 23.211916
23.636345 31.121323 24.55372
23.995544 32.16936 25.541212
27.190552 36.544895 29.709345
22.596762 32.160366 26.05038
23.367424 31.22965 24.855915
35.312733 43.10833 36.64623
39.86154 40.353374 33.15271
44.60173 53.687637 47.106987
33.44705 43.46807 37.09896
32.003284 38.73362 27.760153
41.048496 49.59499 42.05832
39.281803 43.205173 34.036644
37.580597 45.527702 38.141113
37.899296 42.181297 34.45956
27.012424 36.49452 29.191038
45.61998 47.97921 39.921432
30.930056 34.229767 25.708488
37.09105 43.108185 34.539898
43.000713 47.416977 41.712685
34.153824 38.2092 33.229023
46.786655 57.113556 51.07874
39.006054 49.885674 43.90198
68.744415 52.232334 32.00511
52.40564 41.27215 22.709316
56.832382 46.28006 26.221283
42.493774 29.599133 7.1336036
34.94745 33.009598 5.851602
54.255497 43.67113 10.075255
50.497772 40.824757 10.760496
55.318558 44.605328 14.904495
39.024647 32.476124 5.1045294
53.942623 49.437626 24.086851
28.251757 27.465414 5.027332
50.894615 44.460243 19.113869
43.84135 41.242905 16.343634
40.35417 38.481064 14.548524
41.47044 38.79894 13.676786
44.102444 38.167706 13.890159
36.65728 33.92063 7.2599816
44.09719 40.626778 23.9248
39.859512 35.081482 15.228851
53.829155 46.68821 15.97898
56.35403 47.45039 15.779517
37.005028 36.014965 11.713029
61.94208 49.428715 13.684926
31.748758 26.094048 7.771806
68.15723 58.37465 26.591364
46.760582 40.27629 16.735764
76.19084 68.42035 42.117012
54.3566 44.574543 15.917404
54.057236 44.29157 15.833266
97.79025 101.30325 107.83535
86.99851 91.66688 98.964554
61.58194 59.982407 64.04013
51.944622 49.194664 51.497402
80.09888 70.16888 69.745674
15.233192 17.098188 19.303736
78.24279 96.59924 94.355
84.96584 102.865486 99.20215
47.9717 61.072857 71.20232
114.82552 136.22234 135.9442
76.11621 89.18267 92.14286
93.138405 108.217285 106.62421
88.38405 98.80999 97.11561
86.08388 95.7597 95.38076
108.886215 116.19532 119.2798
119.42697 127.06392 130.10547
89.6494 103.19486 99.40689
136.32045 152.04115 159.0938
81.73573 77.275116 68.613815
72.54849 75.823586 71.77066
46.987606 42.68247 16.31513
66.129036 64.75644 47.566288
86.775635 86.30599 72.90584
78.98781 80.4627 67.60142
38.990604 34.51802 8.656395
79.014366 84.018364 73.774574
51.921116 47.70323 13.680814
34.74533 31.744673 8.397041
52.38219 43.1807 11.2356205
56.521763 44.516136 17.156137
42.114582 35.561462 7.0433826
39.45002 33.841778 6.7783175
58.303078 51.44051 26.90735
45.521507 37.766064 9.2816305
47.60616 42.793396 7.052979
47.89433 43.67476 7.15788
20.102303 20.224339 2.3247843
39.964043 29.372679 3.689467
45.689297 45.04401 28.794853
41.10473 35.398327 4.7731194
64.753296 70.91178 65.53022
42.298965 44.241333 28.697435
62.827984 55.386017 37.758297
40.918118 39.327297 24.616554
34.97084 38.76615 35.701946
38.474266 32.33118 13.2238245
59.9661 53.68384 39.350117
70.73848 65.42603 51.800507
63.29354 55.522533 40.7467
51.49149 44.162365 26.68921
60.74673 53.57794 40.183327
48.05518 41.49566 23.83378
90.309074 83.76201 68.009796
45.563576 38.59973 23.317358
82.7814 65.408035 54.397182
59.90198 46.78437 19.931942
85.20903 88.24616 80.078514
80.59479 83.88844 73.86497
71.411575 71.64837 53.06069
60.79811 63.58925 54.26852
55.279175 49.077282 32.341034
72.464554 60.93417 41.48946
64.55301 66.64506 58.31199
89.034386 84.01936 75.412605
50.114784 51.469955 43.557007
59.779945 56.997173 45.22097
50.64334 47.775204 44.007626
70.29225 58.31876 51.27749
68.297 63.537643 57.29351
66.35714 54.930798 47.48823
58.428257 53.193523 44.27883
47.580055 44.11758 36.641773
37.47804 36.97024 32.485176
50.430656 48.06877 40.98755
53.06403 49.11707 45.537155
53.156593 49.1416 45.047325
57.16122 66.708374 68.36637
44.00854 47.86317 45.14614
44.71223 56.334465 57.684753
51.587963 64.991806 67.93911
59.315273 56.306934 44.865738
54.159138 58.4641 57.1839
44.796196 47.498688 42.769722
50.643284 52.45142 45.78857
70.82047 75.51782 70.94622
62.02513 66.44119 59.68775
97.57103 77.8131 48.0024
48.066257 34.329723 15.906095
64.913124 68.589676 61.554893
21.10847 22.795082 17.659822
66.959984 58.48389 54.717827
61.085766 54.130375 52.380447
86.68413 67.05335 59.320473
97.0784 86.7766 84.11015
48.54561 50.139915 56.56886
58.97344 49.47121 29.99306
51.75844 44.27369 23.056864
20.464014 17.56763 7.968441
27.724539 26.045782 15.158394
46.22274 36.644886 18.078854
49.47978 38.985004 15.34549
42.008625 28.874594 7.189553
41.073486 30.98689 11.86454
38.80596 29.542383 11.158736
77.68995 67.67584 35.795452
64.564 50.365795 22.260553
37.972782 26.660564 10.577455
36.64877 25.925886 8.56526
60.838036 47.020565 24.58808
80.333664 64.16599 51.594933
57.00554 43.25244 38.392044
69.53047 52.811962 43.789112
57.2539 42.838493 17.937996
41.23582 33.08431 7.5123377
16.731821 11.978323 2.418347
33.713657 22.56843 5.7008624
27.407866 26.610413 12.673273
15.610756 8.159336 1.492146
44.28477 30.68007 5.0303593
44.794853 48.428116 33.58725
69.973495 66.7002 57.65691
62.300224 50.10396 36.728653
48.765522 37.403496 24.174358
50.875507 38.95025 25.289999
51.29811 39.716743 26.556177
40.053207 34.62675 25.08985
85.33612 79.22951 69.738304
35.214798 33.06352 11.804479
32.326527 27.587479 6.0049696
70.6342 68.78209 48.51308
43.721626 39.559063 37.314045
66.69712 56.989376 34.349575
72.54741 58.709686 37.310562
52.62375 49.916035 24.116526
54.454132 49.37722 38.353916
47.055435 35.441822 25.754755
54.976437 53.216198 46.56252
56.788 43.35326 31.600788
46.26878 38.26829 26.647398
54.163708 47.72614 41.088764
64.20798 59.700176 49.829895
50.431026 46.830154 36.49666
57.224167 51.814274 41.36885
39.60473 33.6849 20.047895
40.844635 35.4952 21.40341
36.8578 31.8556 17.660078
34.66422 29.819216 16.133974
40.900784 32.04938 22.9677
45.526333 39.670933 28.309134
44.10394 29.040556 13.926287
62.484806 45.097534 27.598818
61.816273 51.30719 34.06606
55.79808 43.38419 22.569344
59.209972 47.886246 20.22508
66.44368 59.278202 31.158766
50.75624 45.048096 18.811075
53.13306 39.407467 6.602416
46.300564 32.50077 17.904037
37.737362 29.629633 14.490118
34.39501 29.722368 16.040955
52.17656 42.837635 11.634831
43.631405 33.16185 8.939453
7.140058 2.4048667 0.47589535
37.921345 27.772263 5.4862914
39.710487 30.69952 17.545012
46.16045 32.50714 16.920717
45.010395 31.599703 18.809904
43.234734 33.350746 21.856943
46.871338 34.6781 19.022106
44.824272 33.690895 21.732021
56.714745 42.797623 25.963587
40.657936 31.475353 18.659164
53.752613 40.62672 25.277203
38.33458 26.642742 14.397241
47.612125 33.81859 17.960587
47.5307 33.817616 17.942766
75.98732 68.09211 54.638172
47.549923 35.774006 11.498886
59.59145 55.28803 47.20849
56.7222 51.869823 43.112385
54.51545 43.960472 33.80225
50.93731 40.492718 30.222769
65.33578 61.40738 53.142456
70.026306 64.471756 55.714428
70.92803 66.76635 58.90004
65.93103 60.492176 51.820587
50.873478 41.620323 30.827126
60.098873 52.868225 44.30525
52.181984 42.68721 30.184355
41.448563 33.333553 21.972925
40.98292 29.968985 19.312418
63.00357 56.100674 45.385532
49.762066 39.7188 28.120323
74.91909 71.77152 64.34046
56.76372 45.25344 51.68544
62.965557 64.39375 51.925343
71.951904 75.65066 66.61744
82.77112 85.65759 88.93182
40.860798 37.752956 30.967241
42.68247 39.804363 32.59919
52.657223 45.53079 36.23385
56.82027 51.96173 40.21143
51.05692 58.062862 56.41298
68.13877 67.82867 57.275406
79.61995 83.755554 80.01853
69.069115 62.851944 56.896156
50.091534 45.833153 43.26221
54.026505 54.614384 51.66802
36.02562 33.36368 27.765694
55.385674 55.821613 46.168846
58.80805 49.958786 36.0742
59.69255 51.506084 35.83938
53.864655 55.22905 56.415604
73.81302 80.094246 90.159134
56.035587 40.51345 33.124863
60.183956 58.516506 63.0704
74.37473 75.82924 78.02031
76.20692 79.068146 87.52105
73.19527 63.470528 62.525276
52.747272 52.880848 45.215855
56.283485 61.618126 57.41132
42.269634 41.175274 30.159966
46.303307 45.035442 32.949078
24.270891 23.131004 15.413749
78.833984 78.492775 88.2635
51.54455 43.114067 27.02102
39.193665 33.243015 17.05392
39.38442 33.793255 18.351803
39.18027 32.010395 14.954732
44.42797 38.200035 20.939024
43.658165 38.141285 22.073029
42.068714 32.646027 14.492974
40.152283 35.39918 20.439138
37.661877 30.29631 12.383246
38.311104 29.200834 25.196436
62.30959 56.176216 60.396584
37.828983 31.395784 15.844462
39.414833 30.482979 13.845747
49.31279 46.516678 39.243732
45.970413 35.56823 11.734535
51.864796 40.12578 15.507711
48.958244 47.041042 40.39267
49.381504 47.081738 40.405865
50.452133 48.155453 41.532757
47.019848 45.897354 38.170387
43.45482 38.589878 24.547724
63.80585 50.365284 20.40418
26.850489 30.821358 14.754298
52.995403 39.95228 14.445879
53.18961 44.54735 16.78246
60.31973 56.943253 57.164078
59.627605 55.084538 54.36908
70.58148 64.33841 65.7876
54.33444 48.770176 40.86808
59.277348 52.8171 53.12295
72.5319 66.919716 71.35435
64.37039 59.80205 59.19472
70.74536 63.43074 67.3105
63.874508 58.448536 57.733994
48.10036 44.496716 52.586536
75.41849 74.78294 75.78686
60.62198 55.127663 58.59119
71.40081 62.2132 63.929657
81.17993 75.325325 82.21229
74.793625 62.48389 64.26363
74.48712 70.80296 81.85237
64.07774 62.395897 73.76224
62.827442 52.152424 55.37242
69.323326 60.68384 62.264095
76.36582 78.31682 86.52502
52.759125 44.02662 46.46527
69.023506 53.295338 29.141058
41.64383 29.32624 26.744816
50.988174 29.669104 32.041496
40.32787 35.32013 19.142029
50.262466 40.35132 29.891014
78.89039 71.958046 66.187294
71.3985 67.688614 75.901436
55.643658 39.266922 41.639114
52.02519 42.930058 39.251984
49.959217 46.690495 50.270176
53.767292 50.762695 53.859486
50.499687 53.21877 56.577713
37.147797 32.234936 31.543211
59.08431 55.000057 41.085224
54.262867 47.818073 36.46647
62.49189 55.82841 51.512196
60.652798 55.22611 52.115467
72.06294 70.74461 69.91424
65.6085 68.169815 68.59556
17.290283 20.834152 22.32033
43.878563 41.89844 29.542982
47.65108 40.564117 31.602331
68.021935 72.18184 67.771866
63.021534 59.059376 47.62378
46.242046 44.56763 42.12758
86.04864 88.202576 86.42269
76.179016 82.369736 82.54238
16.493345 18.857172 20.294226
55.332066 52.432114 37.351486
55.850945 52.413433 37.43931
82.154884 93.057175 102.390816
51.23579 51.20069 52.092022
57.421288 63.26127 68.565834
100.97949 107.84215 112.77015
68.57288 63.09005 49.33475
64.00123 55.40161 40.450962
41.156536 43.64423 39.50548
66.04947 75.65225 77.25113
90.64997 99.85289 106.9206
37.32981 39.376106 32.50617
71.73442 78.44594 81.83312
59.855 66.44522 66.46847
30.634546 37.38419 40.311646
4.6525674 6.4345403 10.530502
19.065346 28.251785 33.145
5.145513 12.565916 14.133289
11.499686 21.899584 26.993889
8.973268 16.648169 17.614553
16.725195 31.561861 34.93848
7.426515 14.535843 16.207117
27.488405 38.33021 34.36354
9.020221 18.132175 21.427229
7.8106756 11.77469 14.796053
11.018364 12.947849 14.025162
27.363684 37.313133 34.43163
43.194378 49.523678 42.325497
46.33204 43.49326 33.455475
23.076084 27.840578 17.949934
62.41538 70.833755 77.522736
83.641716 93.30933 99.12244
60.125465 75.41023 79.90361
3.344605 10.759239 19.260353
14.3500595 30.52005 38.61718
30.861599 39.896698 29.931627
40.539783 55.18881 53.59839
49.551495 61.933056 60.79651
51.926342 67.06209 65.85409
35.642227 35.125034 34.461216
59.052464 66.91952 58.334064
35.23805 46.513393 48.656624
65.303764 69.340004 76.06492
53.657852 62.091763 75.37168
51.627033 61.79288 68.18236
45.77169 62.928715 68.71889
54.717514 60.38293 66.54238
51.42563 54.983322 63.979294
57.32918 62.217884 76.75036
39.320385 42.55826 50.432
55.4358 52.750244 60.46073
45.811848 43.249557 53.457844
67.54815 69.70723 75.292854
46.000656 45.1807 51.32407
32.953476 32.546524 39.347977
40.018505 44.37876 50.975094
34.586395 34.08051 40.34706
33.220654 31.146942 36.69232
28.701777 32.27852 32.709545
31.306677 35.040783 40.492516
64.907555 68.087395 76.759926
45.46647 50.737133 57.48512
53.01571 53.158794 57.926315
73.81413 74.502426 80.23319
66.00228 65.91849 69.99283
36.62061 34.801994 37.681957
37.734734 36.5674 38.63646
41.148 40.248016 42.712257
40.771206 39.525105 41.80025
50.560318 46.80031 49.530304
38.921833 33.069973 34.52079
52.68647 51.44031 55.464443
70.68113 72.979065 77.535355
42.602615 42.787086 47.176357
44.109158 47.05926 52.215256
41.29894 45.413864 50.355457
44.37008 46.954105 47.855488
60.715027 58.58091 59.658993
55.282 53.64257 54.633003
54.97504 52.620094 53.723396
43.37822 42.967384 43.01205
47.460587 47.083225 47.30902
47.763893 43.37705 46.335865
53.166676 54.08768 55.523506
40.612328 39.54384 41.60853
39.30959 39.096046 40.82353
49.986893 48.683727 51.55595
50.7525 46.988033 50.89484
58.055748 60.90815 65.050125
58.143456 61.74987 66.28414
55.275463 57.09259 58.807163
52.447937 60.294968 61.52576
66.104126 70.877335 72.20829
68.37822 72.111725 72.26184
69.62678 76.30314 78.587364
0.1341749 0.08753642 0.017507283
121.47607 108.88516 106.159225
145.86826 131.67256 126.54624
92.66899 76.66434 69.19969
135.69229 111.93223 115.109955
131.21292 115.92466 116.308304
126.92894 113.40923 111.92548
129.8937 116.04053 113.374275
119.44322 101.33076 96.05863
136.28114 125.74553 123.43731
136.44225 124.82927 121.867165
132.67747 120.19355 115.84609
106.22368 91.896385 84.32667
97.55775 81.856316 74.25407
125.85043 106.53342 92.85503
130.94554 115.82927 105.91835
133.04355 123.40324 118.03399
147.94331 135.59882 132.51825
146.4443 133.1526 129.73547
127.985435 111.68361 108.01371
101.7449 79.4308 73.030785
146.76361 138.19626 136.43286
123.02856 110.04507 108.862114
122.93991 108.08877 106.09039
113.34886 97.0094 97.412605
109.10941 96.891014 95.73822
108.89424 93.78591 95.02499
99.73136 114.486374 117.55044
65.24413 80.35212 79.50097
112.80476 100.42037 95.57229
115.41095 103.30616 101.21106
77.88436 72.265724 68.484146
98.32773 97.17522 99.3209
56.63329 62.578968 67.380104
13.361484 13.740532 26.215714
87.256355 89.54764 75.57023
83.659996 86.704834 73.01271
93.26007 99.545296 88.13089
84.37331 89.794 80.70069
82.502426 87.310905 77.708885
34.814247 35.579395 29.953333
53.39033 64.073456 63.629234
45.558178 60.640602 61.3271
77.348206 91.7615 82.0
13.3627405 28.193495 39.132175
11.219455 13.873337 8.379362
10.626892 17.864883 13.428029
17.699749 22.787285 18.34292
33.853287 38.10076 34.713516
26.49303 32.552063 29.07954
17.976809 23.368767 19.927942
14.805135 18.55195 15.198635
19.638487 22.032415 21.290455
40.335438 44.325897 40.20703
29.416147 33.04555 30.522505
36.778915 39.607613 35.52919
38.163536 41.18798 37.04761
28.326899 31.844349 28.28957
33.21954 37.54164 33.114067
18.754755 22.464014 17.63309
23.826012 27.38159 23.464672
27.345804 30.725796 26.47324
21.533587 24.547953 22.02619
27.655737 30.208317 26.77309
31.0353 33.05772 28.61484
5.8709087 13.656424 10.491203
82.858055 85.62181 77.21683
90.76475 92.8803 85.08545
99.661736 100.74299 93.54701
178.38904 169.45554 168.62723
107.76404 90.66025 70.52496
108.971725 91.74053 78.5429
117.864685 99.28155 84.11104
85.54749 72.43777 65.20072
79.37019 63.623978 54.043755
47.943966 40.119038 35.19749
0.111326896 0.07068601 0.016621923
1.0632033 1.0531788 1.0362712
0.11986634 0.075284176 0.018706802
1.6636488 1.6167533 1.5584052
1.3582853 1.3097333 1.2516707
1.283915 1.234192 1.1769578
6.996744 6.9849772 6.9683557
9.656109 9.614554 9.559005
12.964071 12.951962 12.934426
13.271292 13.234763 13.191095
10.542754 10.510167 10.471297
10.297566 10.267264 10.230993
9.366367 9.339636 9.306535
7.835637 7.8258123 7.811161
8.451105 8.426172 8.39767
