0.0042006606 0.0043706293 0.0042249416
0.010708042 0.01124223 0.010028167
0.006895882 0.0072115385 0.006725913
0.011460762 0.012019231 0.010829449
95.72931 90.508644 80.6089
61.38056 53.07787 42.582726
47.73424 47.281345 36.649742
103.33545 96.53601 84.93146
119.74813 115.54788 102.52496
99.04154 92.85429 65.99755
131.21928 122.98196 101.1452
112.5378 105.80735 87.5539
74.03977 70.964066 47.90819
49.12342 48.111088 26.247524
92.24099 81.57071 59.12432
74.598656 63.048634 47.818523
78.18138 66.98169 52.936504
73.8682 67.24281 56.678684
85.103004 72.01423 57.502113
90.055046 81.511925 68.94996
90.65839 84.52494 70.3936
92.948715 83.92638 71.73895
144.52325 132.18687 114.32316
152.0111 146.17772 122.8945
151.9145 145.78392 123.14676
148.01376 136.21568 118.197334
152.33858 146.2824 123.195755
142.00896 127.25306 95.85589
82.36206 75.223724 61.899258
86.365845 76.09273 45.66664
83.11551 73.84533 44.322697
76.08819 65.617035 36.427883
150.68622 143.9916 128.1204
47.06561 37.742107 31.63141
117.16514 107.90999 96.77967
126.45933 114.7027 103.81233
100.20622 84.29793 70.512505
127.82962 111.7264 79.95202
109.91455 98.488976 84.09722
118.859825 108.384346 92.76314
155.76138 142.3424 131.29518
130.1572 118.870026 104.8286
110.97091 99.63141 83.2568
132.77599 116.85538 86.17664
115.21773 96.586296 62.218
98.27994 87.78681 74.02501
88.76877 77.29203 58.535816
120.83632 107.80648 91.58654
100.467804 88.862274 72.73832
126.82833 114.177086 95.511925
139.69617 129.17184 112.7516
133.41359 119.858536 100.43126
125.807816 113.37087 96.157196
114.80289 104.61648 89.30825
120.821754 107.39974 91.13233
111.01581 95.8658 77.448135
124.439926 112.66922 95.32952
135.51778 126.12245 113.904335
126.13972 116.81893 104.71202
166.29509 164.56197 148.09557
176.02328 175.82346 160.34805
118.76593 115.8733 94.83775
129.8161 126.149376 102.56238
147.14795 143.39719 119.56546
154.23477 148.10225 122.965614
138.78326 138.0306 120.319466
124.237885 129.28093 122.4909
48.40518 45.099117 35.409286
73.84266 71.00165 60.61733
31.265903 19.833673 12.098096
54.531445 43.50187 31.92225
48.09453 38.46518 27.828016
95.15268 87.88678 74.38911
62.375362 54.35181 43.587364
95.456825 87.29832 73.61643
62.144985 55.62495 46.02671
91.57178 83.882744 70.490166
54.257137 48.1477 32.92597
104.51683 91.471664 70.887695
153.46736 137.73878 120.413826
93.23157 77.429146 55.58173
147.51253 131.85135 105.4764
67.98505 66.47812 52.436382
67.43891 66.048805 52.28358
68.5616 67.08268 53.21142
66.06733 64.54796 51.478123
66.77824 65.440636 52.107033
66.769325 65.43206 52.176403
67.48203 66.07355 54.032684
75.00961 72.32804 58.98655
74.88847 72.20042 58.885612
74.20926 71.6901 58.553856
75.655525 72.96749 59.51401
58.45372 56.957363 45.638428
48.276222 46.066288 35.795868
49.831802 47.48242 36.76003
8.747208 13.513403 13.244852
38.293804 43.35735 43.032223
49.31988 53.847054 52.41096
16.74478 27.347878 25.603584
14.550942 34.92859 38.982006
6.9115677 18.408775 20.464283
10.893089 29.208965 30.32911
12.154793 18.178978 15.642337
15.336344 22.437305 20.465204
24.982395 30.466953 28.546839
2.9757915 12.091006 11.355308
88.56308 95.5524 96.97025
98.54065 102.570175 99.95896
100.16482 104.01396 101.84484
102.94607 107.849625 105.3031
101.91885 107.027 104.59205
101.09045 106.226715 104.151276
78.40681 70.55451 56.029404
71.47941 64.00444 49.751507
56.757965 51.506023 38.451145
48.980743 48.009083 36.67298
106.331825 101.50165 98.116356
83.40052 76.73842 69.435486
109.12143 99.68896 93.602516
73.79021 70.712555 75.1159
108.099525 99.29876 94.08447
73.37884 65.62755 58.515663
66.09839 61.339695 56.65268
67.61708 64.222755 60.607273
68.773506 62.60169 56.3243
42.106133 39.94639 36.98655
37.053978 38.398674 39.176598
13.786106 14.31976 13.318352
12.881265 13.180216 12.213918
11.169483 11.294046 10.157852
14.390468 14.4229555 13.485504
18.068886 17.20503 15.9366255
15.394765 17.393526 16.103802
15.860116 17.170649 15.794289
18.210203 17.84999 16.7162
26.757236 16.101908 11.685072
17.07702 21.928904 21.615822
18.149136 22.775059 22.09091
9.774694 12.760125 13.264933
11.48531 10.380852 10.302156
7.545236 9.799388 9.913437
7.737228 10.215035 10.328866
9.456536 10.972222 8.621843
6.932328 8.575053 9.882576
7.5210032 9.076996 10.2086735
4.933518 6.5631313 6.713481
4.3327746 6.265127 6.2758594
4.5868783 5.9033117 5.7094502
2.4975476 3.649937 3.522096
0.98089063 2.5476885 2.5282633
5.836077 5.999854 5.175894
4.9118347 5.8251505 5.3907585
17.59817 16.10356 14.533362
13.002477 13.374612 13.193109
5.0349164 6.928929 6.3156323
10.401394 10.948669 8.768721
32.353485 18.38396 17.6402
12.259203 14.355138 14.489122
15.922883 18.35606 18.121479
127.041664 115.40594 107.35293
25.09931 21.995192 21.210081
140.60385 140.87204 109.157074
145.47856 145.44005 111.232254
133.05898 133.95677 105.10722
110.82328 106.75447 83.40324
22.93728 19.929754 19.055143
22.627016 18.58615 17.575466
22.088408 20.974771 20.184805
6.646392 8.414142 9.919144
21.915064 23.989267 17.11638
49.90154 45.146706 36.51819
45.43524 39.701874 30.48492
32.490383 26.73514 19.049072
46.164845 40.56403 35.757477
55.511074 45.11611 33.422325
76.486015 59.226227 43.030083
72.46571 57.021416 41.909626
31.27994 29.313543 25.63056
47.65822 39.926502 35.516315
55.22494 45.89287 41.305603
53.132626 42.787273 31.604797
53.812305 43.036858 31.561747
48.185726 40.19986 30.146755
52.332264 44.57855 45.17939
41.379833 36.113247 31.439249
49.407536 50.137432 44.705032
72.2196 67.13301 64.34246
45.258377 44.68675 40.596226
45.693474 45.07792 41.13748
50.048077 48.86507 43.209087
70.77819 64.85397 59.762337
39.055046 36.92509 37.534286
74.49425 68.21885 61.537807
76.298225 69.05609 62.842197
67.702576 58.435898 51.261726
49.727394 46.339745 41.041496
68.648575 62.226276 57.193012
55.66786 53.635586 51.701317
56.23759 53.444687 53.856037
55.828236 51.847515 47.913387
48.122135 48.401344 45.70831
34.67706 38.941216 44.183662
43.703476 39.830517 42.237473
34.864803 37.3479 33.331413
75.628716 73.383644 49.423176
71.24179 69.51811 39.742447
103.46844 96.18539 69.26018
112.50269 101.18029 72.56415
114.361916 102.735725 75.25211
118.89411 106.685165 78.33229
126.50714 119.77977 99.45569
97.09244 93.46688 68.142456
129.16212 122.915886 104.19335
118.42635 105.81658 82.40161
129.27808 123.518845 102.95729
123.892334 110.75308 87.13714
126.59691 119.78431 98.73643
97.77821 27.331682 21.87267
113.052864 22.41147 3.876894
86.97504 127.99684 167.47829
27.657465 54.34183 76.9095
122.12736 115.26909 93.56959
96.3124 92.81308 67.85028
127.07061 119.36215 97.351105
144.94945 131.00574 104.95272
150.90128 134.06169 108.578766
151.08672 138.15202 109.72215
131.68988 117.62463 92.06911
131.67564 118.33266 93.99971
118.690636 112.09098 91.574905
133.83017 119.77499 94.2949
117.07394 111.098755 90.3471
132.14993 127.52659 109.386314
121.041695 113.98941 93.55704
137.19833 124.742836 99.11172
138.60548 124.86543 98.98655
99.426254 90.163216 75.49152
132.74544 120.553154 101.17752
129.73235 117.72064 96.866135
92.96834 94.6595 82.1775
81.29084 81.52304 70.25967
146.26637 135.02997 115.727974
143.7434 132.05116 113.70875
101.45083 92.482956 73.74109
121.68325 115.79606 96.971466
136.13148 129.13383 109.768745
109.83848 101.53261 87.07845
75.743835 62.172787 42.953087
84.95678 78.98407 61.185097
80.45923 64.739876 51.695366
73.92259 59.536858 46.37823
77.05915 61.89195 47.397144
90.53751 75.622986 61.80677
106.04111 99.51382 94.13697
74.701996 67.67296 63.859364
83.430046 75.57646 71.251915
94.73072 84.59108 65.83843
108.26047 103.43915 92.50996
134.29393 119.6722 117.44563
132.87473 117.304146 117.02535
177.61131 158.23595 142.14668
135.78023 111.09038 108.574905
64.06425 33.111595 39.352978
111.63568 101.507454 89.63342
58.86604 33.034626 32.491016
106.89052 96.08418 84.570244
139.33571 128.54007 112.523094
129.02312 122.47263 111.45889
121.8413 82.764885 75.05138
139.03795 117.7786 112.36422
142.34569 119.47637 112.373566
115.83508 106.01282 95.50813
118.96127 109.91851 98.924095
119.7922 107.67405 96.4933
133.76396 126.232056 113.10521
107.45272 78.57268 73.01406
116.51998 86.620384 77.78955
115.91902 83.32012 77.27193
167.85435 137.16438 115.815704
76.58919 49.816265 45.36072
166.6781 151.38129 138.47537
93.76583 85.87755 78.27464
88.41696 76.21606 77.10356
94.50937 80.815125 79.792274
53.418854 33.899014 38.388138
39.561043 38.12665 35.3083
127.58632 115.353294 104.255775
77.26782 66.65875 55.362373
96.89962 88.72358 83.16467
93.41329 81.985695 72.57942
24.821192 36.274307 76.19464
9.056356 14.361985 16.744463
96.22992 80.74405 71.285866
90.55876 77.63974 66.33821
29.279745 15.930604 11.274475
57.996307 63.78737 67.329956
98.913216 88.07901 81.34557
17.303759 24.329254 22.485262
32.135345 21.857323 13.295042
21.3193 13.005828 4.542662
24.131702 23.231037 30.068424
21.264254 19.019741 22.61281
213.03358 213.5717 211.58261
80.109726 69.96018 83.257355
46.160015 39.48468 51.76311
57.134155 55.539238 60.564735
91.9569 78.48791 63.82588
101.58093 85.2693 70.0835
91.08457 78.367035 61.70282
97.66198 81.950516 67.60375
33.132793 28.979507 22.853779
40.718506 31.74002 22.37738
61.53011 54.922665 45.89093
30.046013 24.221882 21.641996
35.939976 34.735966 32.607033
51.049244 44.073547 36.771683
34.47188 32.88505 29.749077
60.30274 59.53465 56.337074
34.604774 28.218021 19.994732
16.446556 24.231133 28.04526
16.79917 24.800869 28.589817
15.878229 18.714598 19.580467
8.858974 11.694858 13.358173
19.71603 9.004977 3.120338
4.9789968 6.9936385 8.491259
1.0346737 1.0327312 1.0284576
1.0364462 1.0310072 1.0259324
15.054293 9.840083 5.099286
1.0047591 1.0518891 0.97008544
49.56165 38.837074 30.938665
48.831852 35.284237 21.548878
43.222927 43.152584 42.277
69.209694 46.93449 30.893454
63.624344 39.652122 24.103195
40.31784 27.932861 17.912952
82.105865 57.808178 38.414482
1.0328768 1.0315413 1.0275835
109.86718 92.33212 73.20197
124.29181 112.844894 101.76889
123.92485 108.751945 98.35847
115.48582 110.90688 112.20311
121.455444 118.08176 119.70756
71.43366 80.91664 70.600624
127.13284 123.97115 117.15962
112.25129 108.64539 108.01831
134.52701 129.91599 123.429
108.21719 107.28251 92.94255
126.14161 131.87968 123.509445
133.7003 138.88774 130.41002
123.35584 130.69789 121.44471
44.908604 58.9915 40.565414
42.53919 56.509396 49.113564
24.393064 34.61065 30.03839
35.437088 47.24614 40.521053
151.68942 164.76852 165.79468
158.63309 170.54259 172.92929
125.702484 134.89532 137.64622
126.30473 135.7609 138.4178
40.53322 41.401028 34.592392
39.31937 39.85827 33.237885
52.88736 50.743347 43.79708
50.24891 49.99189 43.435387
39.5879 40.50816 32.931988
93.555 82.82583 50.81296
99.59861 100.277 76.32083
66.35159 59.727394 31.886559
52.606983 48.406033 24.927471
104.076775 83.39792 52.654476
106.01729 93.75624 64.16142
97.365845 86.01831 56.707508
86.62556 76.078674 47.797714
74.913536 59.883205 36.928566
99.81204 80.07535 46.23956
111.0101 94.55203 62.294968
96.82585 73.768234 46.792248
104.2213 90.413315 61.910522
63.724625 51.675457 30.075611
74.9393 59.54963 36.969574
72.12442 57.758133 35.85521
72.49177 55.181236 29.434927
116.64736 84.702095 53.357883
145.94948 119.47028 82.70819
99.702286 75.93291 48.151394
87.40139 64.8876 35.678078
106.88675 80.079445 48.03467
104.079216 79.63913 47.06742
75.57615 53.693497 28.637869
70.32772 50.559345 28.48106
67.04174 47.061893 25.980453
73.68811 52.05167 29.307474
81.709816 59.99585 30.81619
74.202484 53.502937 31.621868
63.083405 45.42247 25.350767
73.270226 49.388428 28.076267
85.22269 66.045525 39.436893
36.33984 31.503933 24.026152
161.821 151.57083 119.851135
112.96737 107.07182 89.57229
131.24791 131.57335 91.868324
123.13847 122.63588 87.47212
119.03203 116.16949 87.61422
111.8725 115.35929 96.76588
112.090935 111.28771 88.43806
104.082214 103.05764 82.54057
90.03569 85.639305 68.26799
93.873665 89.21115 72.57787
108.6901 111.4081 92.3868
106.74512 109.50833 90.642365
86.23672 80.89756 66.484314
114.90268 114.589455 102.831055
84.699104 81.33955 68.12085
98.810265 92.67009 84.05587
82.19993 68.948135 42.150276
34.930748 29.550093 19.38697
72.5515 71.326996 65.364365
49.54577 43.3496 36.08382
57.04582 52.66249 46.264107
104.98072 88.47822 80.31005
118.08649 102.76243 98.65389
54.881023 41.342243 61.641926
96.577286 84.918175 68.01909
96.95309 86.43731 72.2746
93.9722 90.12867 76.49643
78.21924 80.77265 77.50008
104.68742 100.461075 97.82517
96.302956 96.04152 93.55004
78.54067 82.33792 80.567505
42.66232 48.117523 45.890736
84.23614 90.21144 89.416664
96.23427 99.52086 97.80405
17.61036 18.082897 17.145008
14.5959835 15.348145 15.037879
25.964258 25.023552 21.866865
20.076122 20.67344 20.227978
0.02780206 0.027704934 0.023504274
16.977322 41.503765 67.121185
18.418343 40.803104 67.09817
6.409819 27.495533 54.220013
27.189224 45.402607 70.338264
16.607567 49.652584 75.84975
29.051355 55.19102 78.746506
32.525837 40.33066 46.23917
24.27666 45.755367 70.43223
92.279236 33.505463 26.877573
225.12796 138.0044 102.40217
156.90057 52.188423 38.20848
119.49951 46.98645 36.434296
104.01969 5.912806 12.6026125
112.5694 30.117012 24.429852
130.14479 38.660717 31.474771
44.0321 1.7001263 4.48225
22.811941 27.775763 28.6208
7.8612084 10.942599 6.929293
24.876068 22.741186 12.97465
31.488903 31.796936 34.669388
46.208553 50.409187 54.741306
54.16514 57.85793 61.956196
38.241066 42.833504 47.509956
41.67451 49.20916 56.752087
35.475792 39.83819 44.301575
33.55835 35.886192 37.834816
27.762772 31.427593 34.546597
51.730965 53.011364 52.329838
52.20401 52.31993 49.637966
50.99893 47.45292 41.179028
31.784454 28.555338 25.26724
20.969551 23.395105 18.282658
39.347755 33.60448 27.170454
55.388233 50.7947 42.499855
44.319225 50.302715 53.58678
41.40302 43.109947 41.924095
24.946266 29.048416 31.185751
35.27931 39.067722 42.610844
28.832775 29.407318 29.98548
24.511581 26.183203 27.23463
5.2113442 6.131143 5.2409673
23.595644 22.14423 21.265783
34.933033 34.40562 32.441193
32.82651 32.790356 31.779089
42.47749 40.365845 41.196022
24.903944 23.310217 18.842075
48.21564 46.92587 46.145565
30.959183 29.467682 27.507988
140.3734 134.5936 113.0954
162.88673 156.43355 139.04239
34.59846 35.3217 36.010124
37.34171 39.904236 41.975136
44.35528 43.618954 47.356205
61.16662 42.144814 43.617374
46.01304 51.892967 57.148407
52.56136 30.279745 36.293198
57.362663 31.626408 40.30677
129.25735 126.5254 118.8708
27.718313 28.279793 29.408192
33.42361 35.101254 36.725353
35.177265 37.02595 38.89776
30.673199 31.64219 33.23116
25.020178 33.123787 33.827602
31.786737 1.4016123 7.6149716
32.167953 1.5512335 4.3625193
11.369318 16.660936 14.144085
11.342196 16.84914 14.276127
9.637748 14.52671 14.338335
8.885611 14.746771 13.0545845
14.182547 19.70304 20.622232
13.464331 16.576073 12.439928
12.710276 15.953064 11.686796
12.80893 16.105429 11.805434
11.8867035 15.215157 11.080905
8.981716 12.518163 8.754079
7.5218287 11.758498 8.054487
13.911883 15.831367 12.284674
13.358149 15.068012 11.507042
12.738345 15.701826 12.605163
23.679245 24.829813 20.669823
16.986208 20.316288 17.554707
58.073013 55.693863 51.94872
43.895905 47.94328 49.574837
40.27246 43.776516 44.7323
46.225597 42.615265 39.42791
45.72487 41.817017 36.442795
8.724019 8.1149235 5.9943666
45.576824 38.3835 30.967075
39.238052 41.937717 42.764324
41.00005 34.600574 26.920067
36.858997 39.329376 39.675747
21.219576 23.339914 22.997597
51.49738 53.970108 54.476665
43.70066 46.367035 48.931137
38.28732 33.505367 26.06789
35.175312 30.22266 22.705809
27.584547 35.65817 37.395638
17.38736 17.97686 11.446047
16.612568 18.957144 13.406153
18.071386 19.425407 18.325783
20.541157 17.463602 14.859072
16.682402 17.397728 14.989534
25.656178 26.655594 27.33297
22.499174 25.4299 21.960203
18.07583 20.625072 18.548975
34.385513 39.04713 40.62573
37.97067 41.088455 45.576584
26.884348 30.112568 28.555264
28.202457 26.86575 22.998957
28.015661 30.48599 30.58122
17.249393 15.850087 15.286227
29.564224 31.509687 30.150593
33.214256 35.590157 35.472855
28.13311 31.937572 33.747913
27.780157 28.38617 25.390152
28.979992 30.675554 27.612349
31.83615 34.471542 32.270493
70.9679 22.635052 19.19141
55.96904 16.955687 13.522582
27.341516 29.097902 29.466177
57.744705 53.924557 50.9864
35.720207 32.810898 27.489681
81.681816 83.82355 86.72873
51.831173 51.305992 49.256435
47.335835 47.616817 46.376625
27.297688 29.216055 28.14717
40.07525 40.832775 34.938885
51.650375 8.816895 7.486694
7.2235575 10.142507 7.0623784
127.36349 104.22292 100.90977
21.113708 40.00578 83.509636
0.0026223776 0.0020881896 0.0020881896
0.90656567 0.9060315 0.9060315
9.37517 9.374466 9.374466
9.160038 9.159358 9.159358
10.892896 10.8923855 10.892604
15.263646 15.263015 15.263161
12.434028 12.43347 12.433615
10.606983 10.606352 10.606352
12.873494 12.872159 12.871795
7.356085 7.355138 7.3547735
7.9659576 7.9645734 7.9637723
7.493954 7.492983 7.4925213
6.438787 6.4377184 6.4372816
5.7401175 5.7390246 5.738588
