0.0 0.0 0.0
0.0 0.0 0.0
0.0 0.0 0.0
0.0 0.0 0.0
0.0 0.0 0.0
0.0 0.0 0.0
0.0 0.0 0.0
0.0 0.0 0.0
0.20658183 0.22939886 0.2738043
0.6316367 0.6924967 0.82395786
1.0399736 1.1259763 1.3426942
1.4278193 1.5272927 1.8216761
1.6190873 1.7198771 2.050373
2.0050461 2.0961826 2.495305
2.3892934 2.4513822 2.9158843
2.777534 2.7959192 3.323519
2.973234 2.9688022 3.5276437
3.3628347 3.314173 3.9323387
3.7347083 3.6428697 4.316762
4.101492 3.9692848 4.7015357
131.09381 122.17657 111.97955
100.69508 82.36819 83.476265
113.33023 89.33431 72.18346
90.35573 77.52383 77.26595
101.15845 92.150856 91.45125
111.421455 55.87363 42.57389
128.0298 116.53888 110.62918
78.91413 56.55349 52.167793
63.21922 43.489204 41.74897
77.04971 59.946907 54.32128
96.335014 71.681656 61.50022
89.70329 64.082535 57.741947
97.83581 72.40978 61.73914
134.84572 90.1742 83.6366
78.27293 62.114304 58.192497
75.4789 55.56933 49.00838
70.45994 57.109127 50.240017
54.553883 36.318035 40.34761
75.7272 58.010357 54.018517
90.548836 79.51453 78.43554
115.60193 105.74234 97.80079
115.06033 98.42935 82.73212
97.61768 81.20285 65.749054
86.53888 68.12062 59.43528
82.71211 58.513996 50.58394
81.21961 56.93765 45.160378
95.44335 69.24181 57.05059
83.03287 62.73721 49.348618
78.29377 55.500835 46.401096
107.02957 82.65915 65.43874
90.03734 71.34423 52.544582
101.29368 79.33195 61.620228
118.06942 87.038 76.9738
91.99636 72.145065 60.74673
120.139275 78.78666 67.564415
65.8749 57.24423 48.354366
135.60193 124.67178 119.92475
108.93471 71.04414 51.284863
119.141945 81.42598 70.030365
147.04796 129.44168 119.636246
102.29495 82.670296 75.35559
86.2731 70.66376 62.392014
99.13945 72.971436 40.881218
61.8595 43.64006 29.70509
68.00448 42.097454 19.476875
73.843704 36.314526 24.289425
113.89653 71.33168 50.63392
76.64542 49.146732 23.270338
83.77876 64.23427 52.88394
83.39785 91.86477 100.83405
48.756165 32.174156 18.339886
42.279465 31.954498 25.526108
69.557526 43.91312 27.33383
50.62431 33.283283 21.933435
54.78065 38.16617 25.3086
60.773014 49.67135 33.98855
62.14313 36.476746 28.580782
68.646164 46.81549 31.751514
42.44129 28.726065 20.725538
93.72795 61.86959 39.083237
69.40149 41.383152 32.667835
67.82988 45.81584 38.74401
65.58688 34.62602 23.457657
53.26354 48.068188 39.18552
59.646423 37.433918 27.971436
51.865204 40.743877 31.186441
55.32431 50.842037 37.96753
48.160202 34.586487 24.826195
59.51957 38.327293 26.243923
63.70347 42.26889 27.943396
51.52014 33.896797 19.387451
51.58552 37.50759 26.819132
49.478413 35.53826 25.139095
64.16393 43.456295 29.78767
42.123123 31.987759 22.121939
61.3516 38.335323 23.13326
59.703247 38.714394 24.282448
50.627293 37.929707 29.512066
63.770775 55.342255 54.039886
73.74669 45.176964 30.81742
73.98469 43.4441 22.843353
74.51786 38.452698 23.438087
63.977886 37.094078 23.42804
81.32005 56.28074 33.6613
68.32685 41.62589 34.63225
81.86981 47.704475 33.68315
80.91224 46.87411 30.132208
80.94199 45.470295 30.979202
64.53164 36.040367 25.035278
69.75687 36.157482 23.136156
58.32488 51.954586 35.187496
59.614304 56.479244 55.711056
37.662746 44.925186 50.92839
23.638086 32.099167 24.849012
46.484203 40.586792 44.694252
81.17727 58.094692 45.02308
120.659676 86.99557 68.52997
90.91536 66.961784 52.210663
113.18328 84.43528 66.75388
112.38833 76.67982 61.569813
114.65288 89.162926 76.18995
104.021545 94.69469 79.79921
92.539406 79.42181 67.61865
112.19267 81.73642 46.079727
57.807854 40.52058 25.498816
76.851555 57.357086 34.59754
81.8656 50.78982 33.902412
91.200836 60.256474 35.831768
115.17547 93.32629 77.18719
111.72931 83.495346 66.36832
87.83594 71.06073 46.702236
95.12703 71.54928 46.959633
98.04335 77.71189 71.29557
127.95086 107.22663 112.20175
110.83725 85.97306 71.082886
111.95029 84.21211 70.15604
128.26349 91.68004 73.31803
57.61672 39.43734 26.889294
63.491665 37.099384 23.66143
60.20566 36.29219 24.0233
62.620403 39.795 26.578148
61.028652 42.338173 34.265335
57.183105 35.870117 23.990917
58.824486 38.459324 25.071434
70.4545 44.241028 28.763317
60.451427 42.320404 34.197674
42.27499 30.309698 20.61075
61.538307 38.995525 25.786793
86.5588 43.243263 29.603247
66.35173 41.025627 27.835323
65.42409 41.63778 28.377007
43.77626 27.938965 20.514612
53.58846 35.26709 29.29039
64.72738 47.466873 34.39412
73.13383 53.719963 42.12203
64.92479 46.540062 33.152435
55.85801 36.57591 25.378588
47.53791 32.710705 26.397148
49.10035 38.03664 30.200615
42.025627 31.53756 26.30259
53.705967 40.58719 28.190258
47.35419 32.230453 26.599518
41.056736 22.689556 19.991838
50.3344 34.92409 23.143572
67.82997 57.671566 50.160683
72.22773 50.59026 45.96371
84.069725 63.9018 50.763493
26.4577 29.170294 28.608776
44.69478 39.565247 40.141113
50.126328 54.316147 54.792805
37.578194 29.675955 28.150549
63.922684 60.491222 59.382713
8.178675 7.960158 5.7158403
86.98438 64.866035 53.748795
93.43721 102.937035 113.89491
112.03611 91.07802 83.294426
110.38675 97.4925 88.77666
93.55051 77.29561 68.95976
124.48807 106.90992 95.91874
95.13958 76.31466 68.99228
92.74546 74.10114 66.580826
105.12317 89.55314 80.45458
114.38951 97.30895 89.1821
88.36871 71.0527 62.656868
101.562004 94.264984 93.825935
88.05656 69.745674 55.010094
90.37161 67.19109 45.58798
94.35292 69.64476 45.810093
90.22181 68.22492 50.795788
92.146645 69.1681 58.556385
75.24085 55.290436 37.385212
78.15682 62.5681 48.2344
84.66534 59.73212 38.247917
91.55266 94.18706 102.35415
90.245766 64.50684 32.87525
53.667267 38.22067 31.250944
63.684994 48.203773 42.379948
90.29254 51.913338 38.032383
67.48982 46.535103 34.288063
68.71953 36.82624 29.654453
73.76841 40.22251 33.21391
72.3638 38.931416 33.251953
85.89048 63.34357 51.895832
65.63234 43.782055 34.103775
74.54967 47.09311 37.48091
66.030014 37.112373 30.471523
71.89565 50.035805 40.21536
71.283104 45.23677 35.386837
64.017555 42.064766 29.151646
61.576744 39.989777 27.706362
87.031944 68.84423 61.08868
60.727554 39.42576 24.34581
75.33107 61.13769 53.33708
85.64274 56.32944 29.17635
73.346115 43.29298 23.495523
71.28254 39.47363 25.244274
88.226326 52.510796 36.599735
81.57446 59.049934 40.398552
73.86463 52.873497 33.741642
95.42431 67.221016 41.9656
91.58315 66.46174 44.612022
100.65033 49.28732 38.994865
83.411674 54.952656 37.90215
107.46494 64.14735 47.562134
121.729576 62.99456 48.814392
104.068016 67.095215 51.24682
108.54585 63.617947 51.13813
124.20044 82.46051 64.84827
101.87688 64.85463 49.142475
111.06753 68.5043 50.744404
24.207943 33.82444 25.62036
60.77398 53.094032 53.800613
40.99579 43.977272 49.345676
53.735233 38.398335 40.548573
72.1061 54.0233 72.60373
82.40772 57.395042 39.692585
80.622375 60.92453 49.622555
112.86674 83.01281 69.78793
130.51707 99.84814 82.4864
75.68921 54.83756 43.207195
102.30171 80.45818 69.39632
101.17661 68.99236 48.713165
96.64212 74.921936 63.527294
115.865685 78.49171 61.293198
97.13545 71.24809 56.863052
94.90768 70.033875 56.327686
97.320885 66.13151 46.912243
92.17258 72.11413 61.87613
120.22795 98.82887 85.23449
79.055374 67.20562 57.954365
97.0007 57.75656 51.58517
86.67451 46.81018 34.846115
80.83265 44.8416 33.114876
93.58065 80.118515 71.315186
87.577225 66.73168 48.2215
80.901535 56.79605 41.28337
110.786705 74.59118 40.588284
102.39978 72.04384 43.89017
108.575645 74.22172 48.686794
69.385345 46.12466 32.27863
95.40417 67.64774 43.332253
9.203993 5.622554 6.663317
53.871258 35.52984 24.47319
50.44344 32.521896 30.942562
96.128 86.530495 60.022026
58.78385 40.238613 28.705616
61.800747 32.152523 31.578674
52.758755 32.605133 29.80202
62.308907 35.56845 27.145063
81.73725 60.85612 46.837955
64.55129 30.683634 23.396183
70.21505 36.938526 32.93256
77.100044 57.177402 46.55441
73.17025 38.796444 32.82633
70.94397 49.805706 38.764328
72.56126 64.105225 55.831154
59.37262 51.23374 44.794426
59.49579 32.64923 25.447609
58.543793 50.043003 45.22602
69.71597 52.54094 39.769108
72.20364 53.60351 43.61619
71.48429 46.804607 36.937386
65.0348 39.209038 28.549671
68.10097 44.77863 28.455507
54.45713 34.56933 31.250988
51.23212 33.003468 28.415226
31.98372 29.75441 27.243221
41.368233 40.28188 41.75906
34.11084 37.979507 31.93835
26.528872 23.115665 19.265905
113.15028 90.6054 86.737564
102.09614 74.79061 62.42883
78.351906 58.88951 52.44116
95.54239 77.822426 76.1835
76.076836 63.501625 61.3276
89.53677 69.78873 64.349846
74.73036 42.090874 28.518122
56.81255 37.69232 26.917156
104.29109 82.38543 65.582886
69.77727 51.845238 38.661343
64.17455 46.568497 36.63304
67.15516 46.951954 39.0455
68.25235 47.27047 35.166958
70.845985 52.664062 39.186264
72.538 54.23949 42.298203
73.27087 48.061344 37.94647
66.49952 40.688812 30.537735
78.32703 64.22098 53.032864
61.82128 39.150154 33.5871
67.77556 49.05959 32.79829
72.582054 47.995655 34.038525
75.810616 48.472927 39.62251
77.85401 55.047127 45.51764
79.86327 59.860027 47.4871
54.641422 38.846905 30.21935
100.47464 72.363625 50.54063
87.512856 61.472927 44.61672
70.808334 43.403114 36.095043
67.05617 43.70882 33.48429
78.06784 49.2054 39.67367
46.12668 26.65836 21.669899
68.91158 42.53449 31.534664
60.326416 40.737076 31.586704
100.50553 82.34498 76.154366
90.67613 66.65634 59.03778
91.846115 69.16406 62.309566
86.12036 62.759018 55.652172
106.09373 76.16538 64.28447
108.66556 84.614 74.52808
111.26981 119.060555 97.13866
111.5237 90.01496 76.59741
103.673584 92.958275 74.589775
91.30698 81.57205 59.35836
93.30667 82.0835 61.419437
100.34796 86.22813 61.89548
136.78 110.775734 92.95555
113.65687 63.54989 60.79263
76.162 50.463055 51.586704
102.96367 78.02791 65.02448
94.070076 68.74967 58.097763
94.22738 67.78824 59.46134
56.02023 35.29412 30.174902
86.643745 56.619923 48.108864
94.71066 61.867092 49.098114
85.496185 46.54502 38.010662
82.77749 51.36481 43.551514
70.9086 41.665337 33.3405
92.8849 64.141685 53.119396
61.178455 42.287537 34.60395
112.6509 99.25221 100.9416
82.7025 63.27376 63.123386
103.15033 81.81988 76.521805
83.288414 73.514786 72.44603
78.19416 57.48815 55.562572
69.69333 45.014523 35.960773
81.947655 62.66077 58.644714
145.20522 140.21541 144.15239
83.33791 66.48631 59.467224
57.989117 45.038395 48.139404
69.4448 50.381924 47.97297
70.071915 51.779594 46.716763
55.955288 40.559982 42.80496
115.31272 108.302765 106.58319
88.989555 60.55779 44.153183
71.01917 45.711452 41.121502
88.69342 59.548267 50.637955
91.112114 60.777138 46.935146
64.77534 45.536945 40.091137
85.75533 56.479115 46.66981
125.921455 98.54923 100.82905
85.15893 73.62615 76.72457
79.91431 69.7688 72.603645
67.05502 55.410706 58.19127
150.27078 145.10487 150.43484
160.1197 155.4345 160.24199
119.78004 77.831856 92.52624
65.045456 50.207504 55.603863
76.189644 55.541683 56.28877
42.762924 38.47556 47.036816
65.454056 61.40645 65.78894
54.71505 48.81303 52.312023
45.467003 33.50193 35.41198
38.607853 30.697104 29.89118
43.2613 34.839535 37.83484
61.018955 56.42229 66.462265
34.120712 21.760992 23.657175
54.57617 43.877094 45.6656
62.0577 55.087803 57.64002
58.729137 32.23304 28.667574
61.81707 35.49851 31.236332
100.92791 81.79526 76.21974
111.6151 80.2889 67.45805
82.90421 64.775734 56.0631
78.94059 60.33462 52.96178
63.369064 42.74287 31.393154
88.88951 58.528435 52.417114
75.27481 55.802677 52.803116
78.068016 57.36762 52.89719
76.46981 56.16411 51.6344
84.808075 65.41496 58.90088
85.42493 66.639885 60.229137
97.96156 76.1358 71.33813
79.94871 46.626854 36.852173
87.02084 48.625362 39.30904
84.89118 48.139053 39.193462
107.36661 82.372444 68.41334
82.914345 50.121063 41.499825
69.08938 43.51154 33.50948
80.79074 65.5 52.88135
82.58424 67.20781 54.073586
82.65678 67.27297 54.628567
79.56832 57.32839 44.43313
59.17174 37.986004 33.17205
45.299957 29.254103 27.628038
44.654762 25.95678 24.741642
51.44366 30.989206 27.829662
108.467094 60.504826 50.855198
54.212025 33.39864 30.397806
66.39741 41.96222 33.275734
64.90707 40.371082 31.973103
58.62962 36.800133 32.907284
72.148224 40.989777 34.669724
77.43243 43.103905 32.15103
69.911934 34.99934 27.54594
60.424397 36.04432 31.363493
66.22137 29.924704 24.402369
60.424046 36.66292 29.69987
66.597984 39.46718 30.963713
65.27639 40.317814 30.027775
91.28451 62.69649 51.108425
99.43287 73.13958 63.067
103.61724 75.795525 64.14028
69.2391 42.50847 34.3699
72.944145 49.139973 41.92694
70.75739 56.856384 57.042828
71.59934 54.028347 51.232822
70.353134 49.72839 42.642868
71.223434 45.44454 35.482754
91.358315 73.4649 67.977844
76.943306 49.70838 39.549847
79.8907 57.972004 51.196316
100.7602 78.36779 58.96244
82.293945 56.63993 40.86077
80.04094 57.422596 46.137386
61.222115 36.880386 29.898245
49.513294 41.052917 40.517597
73.61654 51.094646 49.674023
68.52387 45.73642 44.960423
78.48381 52.11672 43.816147
74.853226 50.19649 43.19206
75.969284 49.83712 38.059982
80.13541 54.691048 42.680782
54.33234 38.066257 33.377842
50.16867 40.918297 47.787933
45.46371 37.168888 39.425976
83.54072 67.627686 67.83686
72.25195 53.091927 51.161606
62.884293 52.957348 83.24835
49.798992 38.741817 36.367397
57.33462 46.95682 49.21413
64.22492 50.967926 49.433
40.019352 30.919878 31.403774
70.88565 60.206055 59.95906
95.20566 87.06757 92.22119
108.125496 97.21312 104.957085
69.847084 61.621677 80.97043
69.63879 64.35463 90.11352
60.098682 51.43892 72.77784
65.89491 56.52308 70.39864
65.35595 53.90281 48.774376
54.794033 43.064896 41.97714
69.6351 58.003555 57.942345
76.63054 61.419132 54.815445
69.32672 56.260025 58.175426
68.08175 56.117638 55.66595
90.7864 72.618866 64.71979
80.59789 61.452568 57.632427
78.94019 60.442387 56.92782
82.759674 66.947655 61.47657
71.80364 53.48973 50.490128
54.33589 38.858665 38.839493
74.30009 64.752 75.889465
50.778366 41.793636 44.221546
97.72098 80.16551 74.9172
85.59759 61.56029 58.924397
85.317505 65.24454 61.969547
83.95209 67.16893 63.48438
51.790436 34.931023 36.821808
84.49311 69.7598 58.11676
93.10786 76.21746 64.412766
99.83045 79.57982 68.354935
65.727646 51.790173 49.730583
71.21154 54.732296 51.502457
78.356384 59.25823 56.287056
73.09956 54.217728 51.121063
76.30755 72.526024 86.27937
79.18916 65.67789 61.378323
58.934444 42.678104 40.336903
71.580605 49.35994 45.215927
59.659325 40.616673 37.860466
58.34853 40.59364 38.40022
61.275955 42.250153 38.35735
81.54774 53.306274 44.06586
84.29688 51.75059 46.84515
83.82264 58.96257 49.08157
81.3208 51.648136 45.768845
74.96555 51.370426 44.013866
100.91273 69.43536 57.692802
79.259766 52.92729 45.49228
71.813866 47.786003 44.87117
69.86718 44.91729 40.722992
79.26468 57.849014 54.831154
60.96481 42.13936 47.341248
74.63361 45.56117 42.9276
60.59175 40.09535 40.86722
68.60781 45.54989 41.73914
67.10338 42.165466 37.986748
90.7706 52.088417 42.444977
82.514084 52.379726 41.678238
76.17644 48.89241 45.794647
58.748398 36.96485 39.444977
61.531723 38.471653 39.392323
