28.771832 27.189827 34.993168
28.769379 27.188993 34.996765
0.8033385 0.9226917 2.8127282
8.815806 8.099948 4.334429
8.945748 9.193636 9.6795
47.67246 47.035004 45.08028
52.09927 60.326084 67.89202
67.09244 109.96468 104.08941
56.95425 79.300415 94.6024
53.356285 62.353157 69.97647
64.24851 78.50235 87.63026
27.17037 31.164007 30.91591
23.6024 26.866198 31.904955
23.93156 22.141472 27.369015
38.53469 39.426136 29.004799
42.528534 44.19593 34.116276
14.72071 11.69374 11.289358
55.662075 55.64215 67.44512
56.076733 66.15524 86.200676
62.527855 77.65311 87.02316
88.123634 79.30141 76.89452
95.22248 90.22279 83.47825
88.38331 82.9469 73.1229
90.24351 85.14726 79.31633
94.82598 90.279816 83.61461
92.191605 86.36411 80.73432
71.151276 67.318985 60.688053
93.47579 89.92358 82.72347
93.736565 88.59228 83.07486
84.70542 76.2844 64.38206
74.08482 66.434845 56.04872
90.93944 85.15795 79.724205
56.275116 49.641838 46.41836
104.95597 107.43453 95.45196
78.957954 76.67126 80.48148
66.8 59.343246 54.868336
59.572563 49.958946 47.124935
73.84914 67.805115 60.199947
84.94632 76.124725 73.69045
72.92796 63.79416 60.129368
50.4374 51.439697 52.629055
41.68706 31.636358 25.476944
60.8229 41.367813 30.842045
56.320137 36.961815 27.434011
47.664425 29.774178 23.298384
54.71998 33.677673 25.176422
51.89061 31.968805 24.39061
50.96479 31.989515 25.010746
68.49995 71.49927 62.29932
64.98566 72.20016 48.33448
54.1085 42.24648 30.46364
29.674543 26.405529 28.6494
81.93396 77.72733 73.70532
47.3205 30.793375 21.66651
17.860563 12.531247 9.342149
63.347782 53.445904 46.32624
39.240845 29.161085 26.42676
55.978664 42.70344 37.133125
46.749714 38.70579 33.253677
49.63558 39.675377 36.656128
47.74126 41.35999 33.915546
51.341316 46.048775 42.39207
44.936096 36.36672 29.513353
67.98263 58.96025 54.2663
48.82582 69.17361 90.14246
63.36578 75.31043 67.713875
61.35065 61.169796 58.591602
61.154667 59.820396 53.829525
68.401566 73.70699 63.95926
73.61862 78.128845 68.709335
83.89322 84.954666 89.79468
64.0374 55.36239 52.30099
91.74935 92.935524 98.9759
94.50882 74.19003 64.74575
85.46536 58.422066 50.75519
97.011375 87.01675 78.83761
85.114655 52.21064 50.882057
85.009445 60.68294 55.689934
91.50261 64.49452 57.656128
75.503075 70.024254 57.532497
87.13834 70.85081 70.417946
76.48774 73.28127 70.27418
98.307144 91.45023 84.776474
87.470634 83.1819 78.46891
45.309807 43.89541 43.057537
28.113667 28.261189 27.146584
63.593533 64.49849 66.21273
55.374493 52.14992 53.621857
36.12864 37.435524 42.567917
40.733646 46.49494 58.582523
40.383255 46.368233 58.46651
47.45978 47.964634 53.326813
47.130257 53.315544 68.50741
48.0735 54.75717 70.215546
48.658268 50.442566 59.446217
49.193897 51.351276 60.045696
37.5156 41.80266 53.189777
36.663223 34.560093 39.572144
37.852947 34.967606 40.0964
53.614243 49.766407 45.7337
46.761658 49.50793 59.266094
48.50214 48.32483 49.89061
42.920708 34.827023 32.903496
103.33678 97.34293 102.58946
85.970634 74.62671 69.238396
57.449295 53.767082 63.337402
80.64241 75.19635 64.57788
34.98988 33.493793 40.242775
83.984245 81.58325 90.45821
83.49145 77.50658 84.99296
95.21059 95.28425 96.67992
67.62592 64.427025 61.923004
86.195045 98.99577 74.11967
88.19389 102.15451 76.629005
75.02499 86.21158 65.82452
81.83161 87.87772 80.162285
81.94163 87.96933 80.250336
68.01169 71.32937 66.91946
82.6314 83.7072 78.48513
66.29771 77.45003 52.407093
63.835785 74.41508 53.88195
74.49628 82.38632 60.594025
59.591705 64.74502 49.51956
68.27397 77.28534 53.443348
69.189095 78.44648 55.232918
71.036674 80.734535 56.46333
112.234795 114.55629 125.06166
65.079605 75.97809 41.75081
67.555084 78.15284 43.58174
63.842255 74.44179 41.198696
83.00965 87.83558 74.43453
101.92567 111.92019 109.58576
69.66046 85.03615 50.15258
66.46323 70.07262 54.84074
82.109856 81.61951 67.15837
68.6446 71.12118 55.68696
70.92989 85.77173 49.79687
81.597496 83.85237 58.731873
70.53328 77.102554 47.52718
76.66416 77.375694 51.624622
103.25404 97.56745 91.58294
59.587795 60.612625 57.60579
41.041836 33.289047 31.266562
68.953316 64.86406 60.25952
76.38884 86.370316 90.8326
72.778145 76.921646 75.862335
91.35305 98.63965 102.1025
71.688576 68.65655 65.046425
69.09906 65.550446 61.938393
61.81784 62.240322 61.425144
59.206783 57.36839 54.694576
72.930046 69.139854 70.1602
72.64267 75.085495 79.70683
65.94043 63.569016 67.635475
36.469746 36.951958 39.326397
29.267605 28.60553 31.2205
26.478664 25.769535 28.637714
27.912363 28.178873 30.199427
25.218414 24.677256 25.958998
12.01085 10.785185 12.390089
63.039383 61.600105 50.901302
66.86077 64.44481 64.023476
61.610744 61.95785 51.0217
62.65665 56.26917 45.08649
61.28164 71.312836 78.68482
74.50485 77.9278 76.011734
74.753 78.03589 76.44215
74.511734 77.897964 76.56818
56.084976 58.525665 52.325455
51.78607 47.041367 44.84288
50.510433 45.79838 43.12749
45.50986 41.660824 39.148773
59.765728 46.40485 36.233437
67.04314 60.68023 51.607513
68.25451 61.689514 53.589462
68.77079 62.695305 54.263695
67.32431 60.539593 52.758373
66.8097 60.602192 52.475483
61.619404 58.357746 59.31419
38.670734 38.90996 45.977623
58.354042 48.214764 78.100525
44.896503 57.086384 40.961555
73.5892 78.02118 88.11591
67.68216 68.79854 72.978455
76.29197 76.49118 86.108604
62.423683 48.27016 41.983307
45.90699 37.23714 33.83375
78.57397 72.155396 60.356026
92.01127 86.35618 77.26239
81.643196 87.57204 94.03453
54.932602 49.36239 43.505634
71.98753 73.85248 80.42979
68.41591 61.876682 54.649555
77.21951 79.42843 86.83349
75.71529 77.439384 81.30532
73.29134 74.2928 78.36239
38.878403 39.384872 40.9566
47.369118 49.212883 51.139072
50.36359 52.330257 54.33156
49.521282 51.011948 52.741314
50.19567 51.000782 52.61257
67.92806 67.119774 70.029366
85.90193 98.6506 98.62749
64.12504 71.9784 68.499374
70.34992 75.32181 71.20986
83.823685 95.05086 101.43542
64.17585 70.32128 73.55566
68.895355 64.97032 65.35196
72.07047 67.04585 70.20506
67.20183 65.2494 70.332344
65.535835 64.96922 69.50099
57.176632 56.5855 59.468597
26.205217 27.667501 53.249557
61.768856 64.85358 70.41184
98.002815 101.095726 106.73062
71.05284 72.16411 82.21189
63.584923 66.65827 75.62107
103.629524 104.859 107.41346
64.44048 67.14929 78.978195
82.13866 81.65243 90.16025
71.081535 71.69181 83.9927
74.47579 76.99849 90.89337
85.44163 90.08685 99.870895
70.288055 71.265625 84.38826
86.87893 92.91377 104.145905
87.53782 94.04314 105.24992
85.808395 93.02905 103.76453
85.14877 85.51074 96.176735
29.855085 30.428118 31.265833
88.52353 89.60845 95.63213
84.047 85.346634 89.82984
43.74272 42.111843 45.627388
86.3782 87.19192 93.216064
36.30407 37.45086 42.546062
63.38263 47.17423 62.571518
49.99301 52.76437 58.51972
51.406 54.7542 60.526863
78.494 73.44027 74.14642
50.784718 52.275223 57.36844
53.89765 50.08482 59.13829
41.43224 44.340115 49.629524
85.92989 78.55462 76.34972
52.504227 51.23839 59.70892
50.801147 49.115128 53.548042
69.135574 73.61362 84.002815
69.711266 73.29854 75.10626
75.15081 72.36735 73.19218
75.04992 70.70641 72.127174
43.355034 47.51904 59.47814
59.195305 60.65472 65.28712
62.32332 62.832344 69.791756
60.151436 59.606625 65.14559
24.361032 23.135733 23.80313
45.635838 41.272717 46.937714
103.57543 116.47715 141.68732
81.969795 79.599846 83.89416
77.811424 77.3422 85.73323
70.19264 69.25164 80.93036
67.78519 68.408035 79.47288
93.95451 91.28816 99.66912
39.4385 33.85634 36.410954
42.082317 37.4482 41.6241
45.79494 41.770683 46.821648
50.936413 47.147106 53.07298
49.464947 47.5482 48.25326
59.830776 52.409286 67.45597
54.50193 52.341003 88.92097
46.846897 44.209442 46.712833
79.12614 73.87063 77.87
45.639175 47.24382 56.745277
44.891445 45.952686 55.20115
50.48216 55.0097 65.368385
71.52499 65.32817 59.48237
51.018936 51.613876 55.846428
56.239437 50.548668 54.379185
69.80595 64.38002 58.098175
60.8 59.25717 64.400055
72.239174 76.48628 86.637245
57.29927 75.44314 101.3228
59.419613 78.47647 110.372406
60.186905 61.073658 79.26281
76.173294 83.951485 112.67637
80.21283 93.03422 135.08607
84.936775 101.12592 148.29733
47.779915 53.583515 73.38884
41.72827 45.669483 54.452633
46.70115 50.512154 57.24893
45.627125 43.720554 45.41012
46.53041 45.731144 50.06296
51.616745 52.884457 60.970894
50.545486 51.757954 57.340218
36.4868 32.95107 33.099373
35.565884 31.172249 34.44799
51.186855 40.813824 37.593426
53.739697 42.921597 38.080544
48.69979 37.098278 36.784508
47.56724 40.035473 39.212936
34.8482 27.651278 25.981482
46.114033 38.377098 36.82765
52.628532 43.485184 44.537975
40.918415 33.314762 31.365206
35.951122 27.737194 25.933542
47.76265 37.339542 35.173344
54.842255 41.184715 36.675327
43.185917 29.159624 29.522484
43.71038 29.272821 29.984455
36.367397 27.062963 28.174648
50.060513 32.529472 32.761032
52.63855 41.410904 38.23417
54.031822 41.65164 37.38169
55.75467 44.771362 43.477673
46.36677 31.225092 32.94992
51.550392 41.703705 38.609756
48.800053 38.55399 35.106
76.087585 71.466354 78.98487
71.98143 71.83573 78.3012
64.68633 61.696453 87.33172
55.044548 49.9265 62.990818
37.817112 43.931297 58.754044
66.16416 62.14241 65.38221
73.017426 64.46161 69.42311
75.42243 66.640114 74.34194
60.646637 53.441105 57.636517
68.36583 64.53938 79.348045
67.355865 64.8301 79.972565
65.338234 59.684036 59.894783
93.95373 90.57256 106.35941
47.98028 36.423737 41.631508
69.91857 67.33688 83.536255
70.933334 68.11518 84.29859
64.18367 59.344078 64.559364
63.032917 57.493324 60.76411
68.12749 67.47507 83.36656
62.491966 57.395096 62.004227
58.247627 53.159885 60.051384
61.666042 58.35712 65.54758
69.11205 59.558372 68.99051
57.048042 54.038708 60.629368
63.20365 62.288994 70.281746
66.67308 56.86599 59.65206
63.792957 53.425247 54.906467
72.62848 62.64241 64.01846
71.78774 61.63761 62.400887
60.958164 52.624832 59.1036
60.644287 50.992645 52.8518
61.066563 53.777985 60.039646
67.28273 61.594315 67.34799
66.26839 58.487064 68.147995
66.40396 60.725925 67.885185
55.864944 58.595722 63.562336
45.86703 31.747105 26.669275
45.83683 33.370632 26.63615
37.301514 24.836254 21.377413
42.012104 27.814606 23.897913
39.195515 25.700678 22.002504
42.96239 26.268702 20.487846
45.6687 29.311268 22.818153
42.045383 26.581951 20.785864
50.89974 37.09562 30.46677
40.43542 25.394575 19.704277
68.49671 47.235786 41.904694
35.62003 22.771206 19.481638
40.555138 29.159363 24.130829
34.81625 22.231724 19.667133
45.48769 29.79661 25.31758
41.813457 29.055765 22.044445
23.781324 16.069588 13.924987
19.16578 12.759468 12.857746
67.815544 59.694523 67.93902
56.37183 49.76192 55.078194
60.26239 53.88863 60.34836
59.512417 56.055347 62.304436
51.43615 48.215443 56.58388
51.112103 47.708138 54.908035
47.953938 41.870163 51.624413
60.523266 60.322742 67.8987
73.38774 73.11153 82.69562
71.68336 83.32071 69.9976
94.38112 103.80172 113.20255
98.29332 108.76155 119.38743
62.137245 71.537766 65.17626
83.007095 84.54282 89.75535
85.57433 91.906624 99.52421
87.812935 91.66567 97.45571
101.48268 110.82984 131.28232
94.08534 100.70887 120.662964
88.03991 92.26677 96.444496
89.31784 93.61007 98.409805
86.157906 87.87 91.42368
93.829315 94.1724 100.57178
73.998856 65.58795 68.0385
68.031876 57.721752 62.124466
58.286804 47.09854 45.005844
51.626553 44.18237 44.417007
73.69536 63.253937 63.115387
67.83339 58.937664 55.79416
71.43881 63.48795 60.214813
87.604485 78.24564 82.13495
85.661606 75.829994 79.816795
76.37449 67.83135 74.93041
95.62066 84.83062 91.718834
66.364265 61.6349 60.205166
67.466095 56.81132 55.862335
70.67074 58.98962 57.94126
47.402035 37.599426 37.16557
65.41565 57.02269 55.947315
100.85483 98.296036 101.32113
76.492485 74.89072 73.19838
63.982735 57.515755 58.003807
49.923996 44.508137 44.425144
72.602036 65.49171 68.073135
84.69687 77.689095 81.52984
79.60344 70.94356 73.45853
89.24794 82.20579 86.174805
57.69306 50.085445 50.42843
78.83067 65.38221 61.636986
33.309338 31.10746 28.11372
53.280125 50.586853 46.099426
41.858635 38.193478 38.27642
43.14825 38.633385 40.04168
35.34726 32.74465 33.096294
37.381794 33.117943 38.36531
29.97496 23.905111 29.02869
28.817684 21.355713 23.054773
30.035889 21.993792 18.78701
31.117737 22.98383 20.187689
26.520605 21.177622 22.831821
35.424362 27.030413 25.566353
28.917057 22.383047 23.3289
31.29275 23.633541 20.644915
30.035994 23.099218 20.187584
27.057016 21.53062 22.793375
28.684454 22.11758 19.748774
31.232708 22.405685 20.434063
36.036358 27.259102 25.710693
31.578665 24.628222 24.023005
32.93761 24.991236 23.263329
28.930933 21.380804 17.72144
30.829786 23.723057 23.215128
34.964634 26.110537 25.904278
29.420918 21.76098 17.285864
23.274021 18.564371 18.706207
38.085552 30.73208 27.640688
75.28951 61.703705 62.01549
59.09588 57.022484 52.777466
71.95102 71.54408 78.65957
76.746895 75.05399 83.455505
67.16526 59.546062 56.275536
51.699165 45.90198 49.842827
86.25232 75.87079 77.99557
65.62478 65.77715 77.93203
46.458893 44.136097 48.97564
48.85691 45.023056 47.96526
57.87491 56.531403 60.5156
67.50934 69.45858 77.19692
96.32034 89.122375 89.93255
48.84486 47.889984 52.115337
55.48049 58.952896 67.89463
53.152374 57.114555 66.21821
54.49546 52.91779 58.675274
57.62989 57.764057 63.954514
63.459206 60.49661 66.05201
57.01899 57.924206 63.874596
59.212677 64.694 74.56698
57.752583 61.965363 72.42801
47.171623 46.778873 55.260876
58.401722 60.121128 68.31544
62.996975 57.553677 59.509754
61.301617 56.54721 60.126343
63.26917 59.680073 63.86771
87.101616 85.269585 91.34465
26.85566 31.774021 54.382942
40.79249 33.646793 43.21174
37.225456 43.528637 50.617268
55.10621 46.48258 42.20438
73.10402 69.15764 64.48706
82.77026 77.069016 77.71033
56.568127 54.00652 61.365414
38.835262 42.623528 50.45999
40.387012 41.24001 50.0506
34.28503 37.454876 40.6084
45.254044 52.628326 57.410328
45.271465 52.563328 57.68675
45.269012 44.381897 42.52097
64.70861 64.12551 70.58972
57.95368 55.704697 60.242985
68.63579 67.65894 69.5627
78.91482 79.65368 85.30485
69.284454 66.681274 69.73469
40.47282 36.929996 41.959362
58.56286 50.055607 46.902973
72.22139 69.471886 81.68398
74.44841 70.18508 82.43339
73.592804 71.22029 82.19223
53.080177 50.371468 53.21998
54.355244 51.15018 53.741577
57.750286 53.635212 59.50261
54.006783 49.65018 53.83156
50.64992 45.420033 49.02337
50.20261 43.57663 45.807877
51.437923 45.22838 49.93975
50.250443 44.00793 50.100677
61.019665 54.941837 59.694263
67.37454 65.37533 67.041
35.554512 35.384872 44.06067
30.243088 30.563953 39.273552
31.964684 30.902191 40.73375
41.32483 42.378353 55.8109
33.846634 33.80475 45.63375
55.94048 52.466877 55.697807
46.307667 39.657433 42.199375
53.34632 37.865677 29.696817
52.281013 59.588524 71.34095
92.31497 89.99489 102.49625
66.51184 67.96536 79.325195
42.60334 33.154667 31.997131
43.024464 34.430256 35.676735
27.106312 18.711893 17.744705
34.601826 26.25973 24.320135
46.711475 33.041107 31.528326
40.15378 27.0976 24.69061
35.61445 36.15884 58.262806
40.70391 31.06359 29.618832
33.384247 21.806677 22.945852
45.46849 31.83495 33.020187
32.484196 23.983725 21.600939
27.710537 19.964006 18.769588
25.723736 18.05665 18.13302
31.830725 21.502817 21.179447
31.052164 21.029629 20.706417
31.518206 21.794418 21.200417
32.49348 22.356964 21.68842
19.485811 18.054878 17.756807
46.6144 39.548096 39.65639
25.79713 19.48628 20.804539
31.241001 23.222483 22.829891
53.474075 44.16651 43.453053
55.845436 48.609283 49.145226
47.035732 40.73276 37.154667
29.835054 23.014606 21.907928
28.974857 23.38263 25.866823
43.287586 32.611008 30.147888
30.067919 25.724413 30.190142
49.335575 38.84356 44.1771
32.569534 22.417006 22.45999
58.095512 45.279133 41.805374
28.918154 23.45952 25.119093
52.593845 40.192696 35.40574
20.910381 15.258268 14.695461
58.060146 45.325928 41.40391
56.940166 44.25571 42.09087
57.706104 45.4205 40.766197
44.49786 35.556076 39.940166
60.58654 49.909443 45.46166
60.748043 50.98576 45.812103
57.639385 47.82718 50.38117
56.187325 45.08002 46.190453
61.749607 48.503235 40.98409
68.16698 57.631924 56.341785
61.685707 64.696556 73.83766
51.70459 48.83756 50.05034
51.864944 49.415962 49.59405
53.277935 50.753677 51.713356
44.404488 48.2771 56.166668
41.76818 40.490192 42.888943
51.420815 48.214764 49.547836
51.840115 49.102764 51.85613
50.62076 48.07324 50.24147
54.44283 51.523006 53.882004
55.851696 53.30798 59.254723
56.79692 53.535522 59.841263
57.37762 53.89562 64.9977
56.693897 52.210903 58.46484
58.012104 52.819614 59.671986
47.10485 45.577362 55.25999
51.909286 47.545174 54.349087
58.19306 61.425716 78.498856
0.054147106 0.05388628 0.05701617
17.819405 17.81904 17.82217
20.990349 20.989723 20.99327
23.144392 23.143454 23.147573
23.835264 23.834272 23.838602
21.735577 21.734585 21.738914
19.841106 19.840115 19.844444
24.113564 24.112572 24.11664
24.423788 24.422796 24.426657
23.69421 23.693218 23.696974
20.793898 20.792906 20.796661
21.5976 21.59661 21.600365
21.932863 21.931873 21.935629
19.252373 19.251383 19.255138
23.363642 23.36265 23.366405
18.144705 18.143715 18.147627
21.792227 21.791237 21.795254
19.914085 19.913094 19.91711
20.782265 20.781273 20.785185
23.98435 23.98336 23.98696
24.286123 24.285133 24.288576
26.659624 26.658634 26.661867
32.168285 32.167294 32.170475
30.909597 30.908607 30.911789
23.351643 23.350653 23.353834
35.547836 35.546844 35.550026
12.731769 12.730777 12.733959
20.819822 20.818832 20.822014
