8.327519E-4 8.327519E-4 8.327519E-4
1.8005447E-4 1.8005447E-4 1.8005447E-4
0.0059643043 0.003938691 0.0032634872
13.241633 13.241633 13.241633
11.894556 14.707276 20.049246
4.091243 3.9980195 3.8508024
11.051608 8.33902 6.260156
62.753574 39.2776 31.050528
60.03275 34.392654 38.78639
62.07677 37.525536 29.350094
57.29232 31.948685 32.82807
60.252502 38.51356 42.70185
43.397064 29.80777 29.378227
70.636856 49.171097 37.20425
67.76093 48.011276 35.738743
57.787647 37.098602 26.16923
54.748127 36.41469 31.016813
132.7059 107.26797 88.120926
76.076256 58.884968 47.207783
74.922844 56.737144 47.993877
73.09185 59.855213 51.779186
81.81828 62.1521 50.850487
72.41874 58.126194 53.81862
83.9352 71.432 63.59994
78.862076 67.38986 58.54165
90.92829 70.73649 51.941166
96.599945 86.25228 70.65749
101.62866 95.71794 73.67786
99.2105 95.94035 70.73537
104.780045 83.73537 71.331505
87.117195 65.50478 50.234566
87.36319 81.93912 76.99388
124.52556 65.130066 46.191734
134.13306 111.81263 107.67473
87.32941 44.96991 36.157974
116.46297 65.77124 43.274605
115.74252 49.607727 34.938557
127.35095 65.2701 51.293873
94.04762 93.21649 78.42677
114.13596 98.68304 85.960205
84.30301 76.97693 42.67131
134.29411 122.52025 105.63165
124.1413 111.526054 97.97508
112.151085 93.66654 83.93867
93.26774 67.91116 47.84189
86.77421 62.85051 43.21559
97.230354 68.95422 45.754
122.281784 88.55648 64.40994
105.88776 99.40431 51.533817
121.31352 92.65846 79.31811
93.21152 70.506 54.726856
102.53395 72.24561 49.952534
73.781235 56.22426 43.849293
64.83187 42.35752 29.222141
86.62094 63.55981 44.91965
65.68648 46.33364 33.376293
108.06468 77.28384 49.438522
100.70678 70.9574 56.530037
141.21387 131.18517 87.37946
106.55691 93.594406 78.506584
112.12106 99.689476 88.882805
114.30083 98.66249 90.10812
74.55448 57.08233 45.358265
109.11827 88.70052 58.018005
118.85598 103.04342 77.88893
113.617004 92.460556 66.5651
122.62528 107.263756 91.05951
129.22768 106.237625 83.023636
111.551796 84.40825 64.061874
57.66546 44.089443 27.96525
102.83201 75.11762 57.997097
94.19772 73.811554 57.541965
100.87558 81.21863 61.083454
101.81596 74.20159 55.87189
137.61067 123.58135 99.82476
132.03767 123.16522 102.26994
104.66186 79.369316 54.75643
105.13416 77.96446 50.822647
101.31627 75.573425 63.610924
81.08138 59.334496 48.891697
85.90282 72.91393 60.997883
104.45077 80.07403 62.827847
42.022236 25.313047 28.90842
85.77306 58.817966 33.798565
145.03848 134.71544 98.292366
81.3153 64.10344 51.79415
117.99658 103.873825 85.99766
105.450905 87.1722 73.00111
125.18397 110.90144 81.87468
132.09496 116.416756 83.64453
90.8497 67.38491 53.82836
82.50496 65.02147 55.931713
83.21118 72.057976 60.07542
104.348854 90.71286 73.51196
68.36081 51.219128 44.466995
68.2674 49.394363 49.578762
68.46807 64.48761 60.92512
53.289978 62.86309 59.17605
37.59839 31.47944 40.243187
62.30123 50.9165 50.19518
82.81024 66.181046 32.30366
65.63501 54.425873 52.019806
65.042854 53.862732 50.924263
57.43884 55.821857 54.762352
32.20121 15.608764 15.80831
14.063244 5.559654 7.3893676
31.162498 19.217978 22.216627
45.399857 43.00252 50.760956
70.858635 56.90896 54.747047
42.37152 29.303482 34.926044
47.78846 35.20121 38.819202
39.990997 28.53296 34.38435
45.36155 32.687965 37.348022
44.62774 31.553488 35.762486
37.177353 25.948841 32.348587
44.99487 31.078796 34.40069
33.67714 23.557718 31.02568
45.592987 29.346268 22.39657
34.26648 20.40044 24.880106
36.98913 20.844995 22.367514
119.11049 99.999794 85.32786
133.36267 112.01193 95.673676
118.540726 100.30886 78.01152
148.9718 124.93935 97.97186
147.16876 120.57091 95.305214
140.69456 120.50715 104.68472
87.264366 65.52848 55.987057
68.57401 44.515408 43.406002
75.68484 47.242847 47.169792
65.46681 42.723907 41.923725
69.26695 60.36909 57.76847
64.6371 49.975086 57.6484
41.521687 111.22671 119.5909
79.076454 64.40767 56.70732
86.310684 58.366344 49.558887
51.34791 78.85931 83.71914
111.12059 107.86752 103.52479
93.761 105.95933 105.35097
69.92044 71.59546 71.0077
90.56364 60.89012 44.910873
102.73537 65.582855 38.348587
73.18161 37.565125 29.838402
68.602486 88.60744 88.92411
102.641266 64.26499 50.399204
64.3408 42.97432 46.86156
100.881325 66.09685 64.72742
90.60811 57.046387 56.967476
89.148 49.35977 43.891
45.879543 30.65452 32.71279
49.099503 33.315613 34.71385
61.37132 39.53087 37.369133
55.353695 34.72112 35.282394
75.47404 54.5631 50.778263
80.9454 60.421326 56.436855
54.13646 34.8709 45.84783
29.442957 17.445456 30.222366
91.97124 64.51678 64.42187
75.68162 48.174316 44.954716
28.316467 22.19448 30.23101
62.154823 43.209606 45.389458
70.97986 51.204315 51.505707
67.23497 41.976616 43.495804
67.42063 46.781235 48.402466
67.7538 47.497604 46.2469
2.0256128E-4 1.8005447E-4 0.058607727
19.845512 23.119286 25.899508
121.7928 76.85546 50.6942
122.27294 84.82485 60.828136
129.4851 99.04074 82.05152
127.29382 95.24348 78.18768
102.70219 87.06133 69.78022
103.23923 88.089714 71.73125
107.6317 74.689995 53.205982
143.95758 104.598976 88.023766
124.457634 92.9095 69.58687
102.44016 77.16718 61.094395
90.63573 64.89519 51.497894
126.79969 95.73836 87.46754
79.01152 52.392204 45.17175
90.92985 69.393265 54.677994
36.753212 25.779547 14.363395
42.737167 27.409939 17.345053
73.18167 37.80205 48.363552
62.76827 37.007317 27.834328
60.659496 35.112152 25.541424
41.911346 17.237402 16.320498
55.69742 31.616798 22.459679
57.294456 32.31946 23.474308
52.753685 28.990795 21.120457
53.12964 30.266706 21.572079
55.2417 30.938623 21.906754
55.153316 33.008484 22.776552
53.658527 30.850937 22.313654
55.873287 32.75193 22.795279
64.57185 27.108595 21.40735
91.37125 54.83561 34.141273
66.74052 26.864216 19.133554
56.796223 32.912743 27.576939
73.53964 38.128426 32.339603
60.253292 33.54185 32.970516
49.386127 27.383404 25.374805
53.837456 30.77905 24.763363
74.24605 44.60361 42.319664
30.80392 23.179987 25.434269
38.456078 22.76656 29.79978
55.787132 35.60656 38.191128
44.796112 27.881456 33.239944
41.74725 28.542976 35.343163
36.394478 17.80158 26.245438
54.82483 34.541897 37.474983
32.498234 25.48617 27.719564
32.71378 25.586527 29.164368
32.53787 29.734644 26.709774
26.102137 24.549347 23.543314
124.78162 83.47437 62.335308
112.58959 91.78407 70.21483
127.130585 94.61959 63.73692
97.2065 84.2411 70.88135
96.02807 82.242874 70.60798
119.581894 101.339874 76.374916
120.383064 94.108215 68.11321
102.27825 93.88351 84.0336
87.59391 82.04916 78.35032
124.95406 111.70239 100.653465
68.08996 50.9402 40.077446
66.730095 50.757442 42.92046
84.983505 59.24591 49.097633
59.304314 43.032566 40.84281
73.69647 37.629066 26.230154
94.30688 47.88015 38.3137
81.12037 61.171658 52.67257
63.351128 38.98663 36.900948
93.537506 66.67043 47.21161
77.98953 51.309536 34.96471
67.7012 51.493237 36.135895
85.20407 58.056763 41.560936
74.290405 49.788708 35.997772
51.87612 41.933403 48.760483
40.287952 53.37341 63.0801
53.28401 42.661655 48.76485
49.228172 36.65227 42.021473
42.186043 31.085075 34.389164
46.68538 36.552452 42.532127
57.655376 44.79262 36.997005
57.81506 42.822803 36.57892
45.51509 36.303574 39.569534
79.38775 63.416374 59.30609
64.74547 47.098354 38.491165
132.71614 105.56778 90.93939
125.57564 94.803 83.6145
125.69267 95.49306 83.55459
127.88164 98.58297 85.138824
4.9930906 4.1573677 6.25624
4.766672 2.5304406 7.583399
75.40452 59.505684 53.40688
16.86595 13.220972 17.961153
20.688349 13.724787 13.022192
40.76298 29.00324 31.32529
37.578606 25.29772 28.17157
55.772366 47.58081 43.108845
64.42358 47.576874 42.124912
48.43787 31.502802 30.251041
73.4457 58.76906 54.31521
85.345955 66.35054 58.932526
84.05512 65.01461 60.10776
79.52308 61.2142 56.95422
84.76167 64.07411 57.23515
49.67471 33.957283 32.383945
36.19725 36.720757 46.323963
37.90995 35.623013 43.999416
32.3821 34.62112 45.126217
32.875492 36.293533 48.264164
34.47514 34.185547 43.59814
25.230402 29.777227 43.072113
145.30353 74.54054 63.41316
109.70775 78.83914 57.189667
112.35169 81.12845 59.269745
80.35608 51.9122 36.14956
85.2618 54.090385 33.606693
69.03241 44.026333 29.487925
90.96084 53.46875 31.58054
144.26775 102.5267 63.66465
125.98557 82.66141 70.557335
97.72294 79.647995 69.08332
112.62317 92.81247 83.93084
95.18174 73.54856 60.38595
104.14987 83.7127 67.67392
121.24375 102.81927 88.15658
146.15303 121.843285 99.71239
162.35608 122.028046 103.993744
77.33691 32.949944 24.837545
82.28343 39.931534 29.459993
95.56825 58.79242 43.086628
45.106796 26.796404 23.744457
25.160542 23.803291 25.815804
64.84371 52.89588 49.590355
46.764263 32.45745 31.752268
65.49202 37.49742 73.92838
143.55992 98.77232 111.476494
62.03734 43.162117 67.73379
68.82186 40.75328 60.09016
70.3049 37.93266 57.394073
85.474106 43.195538 59.682655
95.72639 48.244896 68.92197
55.529022 44.13972 69.170715
76.46175 57.46202 80.74677
55.13358 36.414936 61.70559
53.77696 21.76872 32.66638
75.13641 46.09005 46.19705
62.860256 30.444239 34.68855
36.49648 43.491817 67.24404
47.37062 51.96741 70.05255
37.302807 44.223404 63.17067
41.292004 47.18433 64.976234
34.21798 51.701492 76.25842
139.14548 104.92001 83.00002
122.44192 89.49031 72.481285
138.0109 98.769646 76.308365
120.67849 86.278725 72.21985
170.15068 141.20842 116.655174
135.48613 100.89048 84.08332
134.65083 97.95598 84.29585
127.11672 93.67467 80.98015
173.51309 138.61261 116.72697
145.03493 108.01096 84.34852
133.90338 102.53328 79.30152
136.65886 109.74716 92.76562
158.65752 121.69249 95.7673
131.85468 95.16185 64.590195
126.89714 90.18714 55.19043
129.19096 106.0526 74.92091
84.1194 55.632668 34.566338
91.81898 61.180008 44.467827
118.96338 77.75641 53.487274
118.276 78.14418 54.137585
88.81963 59.3717 36.45475
85.33796 56.405685 35.161217
130.73955 112.04776 80.73487
125.11852 103.18829 73.28532
153.51064 122.79713 107.63899
140.96101 114.5285 101.448586
130.51096 119.11438 96.68733
141.04398 114.11424 99.80635
124.69843 113.63469 93.8932
124.05904 113.0408 93.71481
92.03405 66.20515 56.150772
129.28949 118.551216 95.349915
94.53343 67.44186 56.489994
147.69383 121.55835 105.82805
93.20549 60.407665 41.672344
133.83075 102.70215 81.717155
73.97495 48.47964 31.412235
89.13743 54.345142 45.317413
79.17614 46.610115 35.485924
82.41753 43.789852 31.821297
154.4201 116.06338 101.31438
86.33656 62.31978 58.577007
56.02334 32.45727 36.236164
75.64279 43.726543 36.806305
73.972275 44.440098 37.942383
79.05508 48.12921 40.751705
69.12597 40.584053 34.241814
52.604782 27.839998 28.73604
50.185184 22.578493 23.143639
69.38777 42.049965 36.151833
59.84756 36.77842 35.24035
71.17591 48.638832 44.5448
73.400826 51.624382 50.056988
48.56112 34.29198 38.350677
73.98143 41.833202 36.2392
91.65855 72.67361 70.40877
79.28345 62.93293 61.370667
68.51975 51.47971 49.490875
89.952896 71.10734 68.52409
54.100853 40.59283 39.22239
45.633747 35.5958 31.513245
32.138756 22.681393 24.426458
25.841146 15.114943 19.267336
37.612186 23.956179 25.061625
36.96662 24.34728 25.963156
45.584614 33.018345 33.009136
43.363754 31.216087 26.440548
36.109047 31.987598 29.30186
25.620872 27.917444 29.525759
69.00988 53.897255 45.600346
34.415363 24.701313 30.63906
80.556435 49.938667 39.551193
64.53913 41.15604 34.55171
69.51261 45.162388 37.95431
71.11213 47.356956 39.541782
71.480545 46.60451 37.376133
66.72684 44.596294 42.613266
87.34919 65.13567 59.86908
56.044315 51.332043 51.862236
38.957146 33.60611 36.717403
58.35788 54.73991 55.55412
37.751186 35.651188 39.878574
84.68299 61.688305 43.727173
87.89647 66.86122 47.555355
97.726746 78.298645 59.46258
119.99534 90.735565 77.10164
124.96196 90.94999 60.39808
110.40501 79.76228 63.50618
68.7161 57.0 48.284462
54.602844 59.285343 77.3424
131.76021 100.04463 61.193535
60.62848 46.190453 46.09345
71.19486 49.506966 48.07812
80.93457 57.8156 59.75429
26.79197 22.408611 30.675295
64.70493 37.206207 35.015396
63.80795 51.634693 49.969975
73.908356 43.400913 44.019783
85.117325 62.070152 57.826405
75.8675 60.83408 48.64615
54.091084 42.629177 32.60404
109.91159 73.652115 48.91796
117.91767 91.32261 62.577053
72.01465 60.245033 56.918457
107.75103 73.31753 55.94641
33.096466 23.109879 36.584705
44.84738 32.878418 42.379444
69.30085 58.839684 65.65378
51.263306 40.96516 45.689495
26.56303 16.480137 29.739506
58.666763 42.986473 47.262924
60.377777 49.0097 51.859894
49.48698 40.471294 50.55207
24.497377 12.008305 23.108482
22.622538 15.201458 28.74736
137.79398 114.00455 94.90772
131.07974 108.68495 91.88256
132.25128 113.52367 95.02005
128.51424 106.04044 88.26961
123.22284 99.150345 80.23281
117.358444 87.141594 67.87736
120.34717 90.5112 69.948616
101.316376 84.41739 52.821365
101.26227 78.17085 48.95233
77.13441 60.16763 39.964935
105.11393 78.922195 48.6222
105.483154 77.93561 47.487453
91.77183 84.353065 42.564697
117.81337 105.94324 94.29189
87.61128 64.90021 43.495354
107.613335 90.60581 76.78747
99.278046 75.052376 56.639442
119.09957 100.33826 85.21095
88.68099 50.94641 25.759245
117.44874 94.06529 80.2358
125.664604 77.92379 44.91542
138.86359 118.09932 99.024574
40.3295 28.768854 36.640793
23.487677 14.179987 18.190767
24.993225 18.047241 23.643717
21.677523 15.865477 20.658886
20.476671 14.846233 21.161667
50.20103 35.544666 33.803967
53.013145 35.575882 36.292274
48.87772 33.30616 35.468254
34.328125 22.534874 24.08764
99.65328 68.87257 64.30724
85.54309 56.33202 49.683014
55.875446 39.58009 33.57444
69.09732 47.511467 35.142357
65.43762 53.52236 44.763454
58.65083 39.92611 25.277239
53.498234 34.248634 29.080305
37.55261 22.848011 19.617023
25.823952 18.884247 31.027954
55.314354 35.780064 32.51284
31.269114 21.55405 27.049154
31.084175 21.33175 26.676397
18.707502 15.195606 28.883326
42.523754 32.742096 34.576084
44.162567 34.586956 34.78594
44.82897 35.527355 35.58511
51.52074 40.41435 38.856926
52.571087 38.138958 35.910534
45.936104 35.25372 33.686436
0.0014854494 6.7520427E-4 8.552587E-4
92.07941 56.912247 40.36353
55.05622 44.314735 46.89226
74.02631 53.135693 48.56715
95.91756 72.59863 66.02001
62.257027 52.09266 57.753887
84.62729 42.328396 83.95433
66.29959 30.00054 67.827736
57.91121 27.06806 53.10117
79.50125 65.85449 62.112648
127.88171 100.76721 77.148796
116.45729 93.65684 72.35106
113.524254 101.86939 71.68211
123.80086 98.1415 76.62562
116.670906 109.56526 93.62452
121.14461 112.24073 74.04751
96.25176 65.97135 46.95168
95.543655 67.39898 50.35018
64.81468 71.701355 64.71268
139.33096 124.981094 112.70984
43.299004 38.034977 18.779726
68.07173 58.10076 48.973103
69.89602 59.47368 57.15019
115.30472 81.11107 59.91202
82.43433 47.11323 49.256577
101.849815 57.353558 49.8445
40.14769 35.18852 40.885193
82.21843 45.938892 45.468525
76.43774 54.77813 43.66161
81.52272 50.005558 44.46472
90.82418 74.07992 71.18122
61.10387 32.65911 29.70129
90.68405 71.49182 64.497375
99.04238 79.78877 70.015396
80.142105 63.58304 56.519367
46.390427 31.901196 32.04967
67.58837 51.090725 47.541695
56.03698 37.460556 36.680695
85.94859 69.13 60.353695
38.783035 45.99964 34.22401
63.678177 44.507347 30.252459
69.1896 48.69249 33.38194
51.1124 45.657852 28.877226
23.094687 22.407103 24.147623
17.732529 14.987532 21.586437
29.441988 27.47728 22.158201
33.802097 33.94585 35.964756
69.52128 65.97074 51.914474
104.966034 103.150635 84.59085
94.27368 95.16196 78.98807
105.436905 109.589676 95.90862
91.55774 64.83075 46.3385
74.486916 48.513763 39.217392
80.65807 52.708805 46.4139
81.17965 52.10211 45.20409
85.6671 65.74869 50.732147
110.137924 84.99408 73.241005
73.700386 46.592266 35.33666
76.42601 47.700817 39.96381
91.689674 56.52497 44.134007
112.483894 89.43724 77.75738
119.510635 98.172 84.518196
145.41393 114.97247 97.03615
156.11864 111.884384 74.38725
169.10329 120.08078 78.10396
115.2365 83.10351 56.82645
114.64991 85.33949 74.64232
95.640816 78.85927 58.426483
137.13477 101.919876 86.80977
134.66667 105.55065 90.21955
134.31116 102.22556 88.5879
117.51765 90.212524 71.86727
124.16295 129.91283 129.30821
78.44975 75.09822 60.013844
79.767235 76.158806 60.427967
78.171684 77.146 57.817707
74.89694 72.4419 50.834778
104.708405 101.91191 98.03502
81.450294 77.2051 61.23101
77.68332 75.77207 52.85613
78.77126 76.62132 52.59274
133.4944 133.5313 133.63884
126.48626 126.34561 127.321915
123.03514 122.768166 125.26729
124.3886 133.4623 134.37071
131.1167 112.48538 95.18152
131.02313 117.97889 103.60928
41.61311 37.64795 53.048096
47.85762 38.090275 33.382008
43.912743 35.963383 34.91004
73.21717 55.899303 78.956604
37.687405 22.664558 16.807972
36.504265 11.763431 17.093134
39.797123 31.466318 38.05685
63.324707 32.894352 31.211136
70.84864 33.788662 30.245481
75.95262 42.57604 38.150368
76.04717 36.20738 31.199545
68.762665 30.533772 25.9359
78.60901 45.4676 41.28037
63.264164 44.668137 57.399227
56.73935 24.531769 23.95035
46.52272 23.071842 27.721209
58.714275 26.06034 23.554117
68.102745 40.249172 39.079628
38.656548 23.357431 31.403366
65.71166 39.613785 37.672142
51.835003 21.258648 17.878801
58.02426 27.417322 22.249466
70.00594 42.79969 39.616596
68.985886 43.484367 39.214626
45.0368 24.112602 23.320024
63.69215 36.953728 34.039185
62.837162 37.05566 27.928698
41.8095 22.103216 17.536089
28.755238 16.964394 18.998402
54.743984 31.717585 26.976526
86.276695 48.90466 32.162655
65.4069 36.785015 17.902231
48.98609 30.793972 21.702055
67.67192 39.409916 26.690351
0.0015754766 8.102451E-4 7.877383E-4
103.32758 70.65544 62.417793
109.73904 81.85202 67.88794
144.20668 104.80394 59.309917
90.83556 67.9741 64.970406
102.7624 69.967834 61.79366
3.3306925 3.3300397 3.3300397
14.008417 14.007765 14.007765
13.272085 13.27141 13.27141
12.701673 12.699174 12.699061
14.657649 14.656974 14.657042
12.573856 12.573181 12.573294
13.310729 13.310054 13.310166
12.1455965 12.143031 12.143346
13.17481 13.174135 13.174248
11.4095335 11.408858 11.408904
11.260899 11.260223 11.260269
10.42153 10.419054 10.419145
11.164795 11.16412 11.16412
12.039702 12.039049 12.039049
11.482456 11.481803 11.481803
11.513943 11.51149 11.511445
45.703945 44.569378 45.80383
42.001507 40.612274 41.885193
12.055592 12.055007 12.055029
10.666494 10.664176 10.664378
12.318111 12.317504 12.317549
14.643965 14.643357 14.643402
18.0422 18.041615 18.04166
17.983974 17.981657 17.981949
15.265805 15.265221 15.265287
18.988476 18.987892 18.988005
20.214062 20.213476 20.213568
17.973059 17.970943 17.971394
10.76674 10.766222 10.766335
7.4035473 7.4030294 7.4031644
8.149873 8.149355 8.14949
12.064032 12.062074 12.062592
13.838221 13.837681 13.837838
3.2474399 3.2468772 3.2470572
