0.0 0.0 0.0
0.0 0.0 0.0
0.0 0.0 0.0
0.0 0.0 0.0
0.0 0.0 0.0
0.0 0.0 0.0
0.0 0.0 0.0
2.794545E-4 2.794545E-4 2.794545E-4
5.58909E-4 5.58909E-4 5.58909E-4
0.0012295998 0.0012295998 0.0012295998
0.0012295998 0.0012295998 0.0012295998
0.0012295998 0.0012295998 0.0012295998
0.0012295998 0.0012295998 0.0012295998
0.0012295998 0.0012295998 0.0012295998
0.0012295998 0.0012295998 0.0012295998
0.0012295998 0.0012295998 0.0012295998
0.0012295998 0.0012295998 0.0012295998
0.0012295998 0.0012295998 0.0012295998
0.0012295998 0.0012295998 0.0012295998
0.0012295998 0.0012295998 0.0012295998
0.0012295998 0.0012295998 0.0012295998
0.0012295998 0.0012295998 0.0012295998
0.0012295998 0.0012295998 0.0012295998
0.0012295998 0.0012295998 0.0012295998
0.0012295998 0.0012295998 0.0012295998
0.0012295998 0.0012295998 0.0012295998
0.0012295998 0.0012295998 0.0012295998
0.0012295998 0.0012295998 0.0012295998
4.0156493 4.138721 5.1430807
150.08328 150.08328 150.08328
2.353454 2.353454 2.353454
34.29466 31.229208 27.577017
34.18198 31.13073 27.47524
85.76956 73.889 77.4388
7.2044487 2.8004694 4.9270067
1.6718086 0.34562933 0.9099039
4.1478314 1.7130561 3.0685222
67.622795 67.38364 62.394085
77.296555 77.12503 73.713
77.12799 76.935555 73.52208
104.23245 106.664764 103.937515
35.32797 30.34943 23.302706
40.809578 34.6091 31.099094
43.08328 36.328136 21.915771
60.53834 62.39716 59.965347
90.03035 95.42594 90.41963
30.434942 31.978258 32.438183
8.117315 0.16761681 3.4091773
68.93243 65.82366 55.199306
40.243572 34.69087 24.316957
97.524704 65.18528 46.059692
41.851776 33.667896 30.422647
59.837524 59.689636 66.16382
68.28052 65.56528 65.97647
73.59261 72.53924 71.88056
70.413925 71.92175 79.65985
78.95484 67.60843 73.14817
65.37391 53.626705 59.34887
74.13738 59.264477 52.049797
74.758385 61.773026 54.119328
62.918232 60.049072 49.37201
47.052036 37.031467 25.81813
46.54555 36.63436 25.565
44.287 34.645596 24.133692
80.640175 80.80578 73.67164
77.29136 83.93958 84.010506
38.17829 40.808796 40.53661
66.38056 68.29633 60.55142
69.07383 73.62067 66.51884
57.142967 48.760174 36.171585
64.43819 56.216743 42.520958
60.633747 38.155712 31.883692
36.85066 33.647106 27.842834
83.53169 88.39912 80.41063
73.04986 68.270905 55.220264
40.82875 28.621508 19.834452
28.42315 23.62419 21.323944
32.00721 27.704561 26.119495
31.83596 27.578806 26.002235
48.827633 35.649845 24.34289
48.397327 35.309692 23.98927
63.54751 56.14537 46.83054
50.745026 44.928795 40.29516
90.257996 79.35798 67.66359
83.32517 74.25067 50.69355
73.808014 57.12469 43.39392
70.25961 53.93131 41.06517
73.771515 57.686283 43.115078
76.350716 59.9597 45.55673
79.13129 67.26023 55.218143
58.668457 44.46613 31.32344
78.47619 62.78957 47.284763
82.3534 70.3971 57.56517
77.77174 61.625195 45.368378
51.508663 39.244133 29.260117
51.38911 39.151855 29.175106
51.856136 64.32685 69.050026
66.62229 57.522133 55.732395
47.78102 41.776215 47.63073
46.645596 40.96311 46.64062
47.30399 41.492455 46.92846
46.839035 41.106247 46.489826
45.376427 29.925945 25.754303
45.138443 29.790855 25.65465
59.844902 47.93349 41.402973
56.18114 44.39582 38.209534
65.08484 58.8648 57.57886
64.74039 58.523754 57.247093
94.38654 77.44528 70.46216
64.10625 64.5925 65.499886
103.39515 96.18014 85.45328
102.03376 94.76839 84.14157
101.70439 94.50783 83.94478
51.75637 36.94897 30.016768
57.660183 48.09518 43.169575
86.62486 75.69841 66.55159
56.635983 40.619606 32.853565
86.71641 75.77168 66.94232
51.549744 35.80477 29.078638
50.910686 35.119102 28.56528
49.657276 34.030685 27.75542
94.3468 86.195 75.38599
81.639114 68.36687 57.891796
96.11793 90.628044 81.52744
34.587246 53.283813 67.37335
36.753746 49.21529 69.414825
90.05874 83.64179 74.62056
50.931423 64.90437 79.826904
91.08842 84.130394 74.67248
90.53146 83.58087 74.165825
70.56724 57.77314 49.933323
70.3672 57.689804 52.287895
67.55349 55.113907 47.029175
44.684216 30.934608 26.64934
47.51537 37.29393 40.73586
57.062767 58.20864 60.204727
61.87268 63.987873 65.822716
27.318802 24.514196 25.29516
35.719933 30.636597 35.478706
27.502794 24.459646 25.92695
27.310976 24.578974 25.931646
36.034485 27.30371 25.231556
36.155712 32.14498 28.783813
29.750055 26.28225 21.306673
22.305332 21.299686 26.78756
27.788174 22.090822 20.308853
40.69556 31.078192 27.286217
39.89364 32.68796 27.196121
31.495193 22.844847 22.558182
31.30103 22.725073 22.427286
36.106583 25.216522 19.619997
41.21311 27.118153 18.190365
40.536385 30.971607 26.17723
36.88604 23.354292 16.125252
66.188126 36.152023 12.38302
82.68243 44.514362 14.978203
66.37033 37.544937 13.436955
83.778336 53.311367 21.416498
35.575676 30.071651 22.943272
27.758327 26.188297 28.45076
74.97194 45.056057 21.669237
60.15415 35.075565 12.90683
44.233234 34.053207 27.552425
44.10217 33.943493 27.453218
60.44439 34.459816 21.24553
96.08781 62.29544 28.998491
51.960484 28.175161 16.252794
69.24598 43.83171 18.880003
40.41879 31.209087 26.135311
39.192936 28.805668 21.49553
32.153755 19.758886 13.297339
37.656048 28.750504 22.443996
70.19227 49.93103 28.462553
32.502403 23.029175 19.498714
38.267216 28.720936 19.427565
67.83272 47.55723 26.953276
43.856136 32.842667 25.938631
29.431925 20.536217 15.795607
40.939137 27.742846 17.86698
31.840153 21.127151 15.82059
38.338757 24.238207 10.990163
32.371563 19.34222 9.558965
33.688072 22.433992 16.585402
26.609657 17.406775 13.365079
30.221663 18.660238 15.510731
41.792755 27.665325 17.512016
32.746143 20.00749 9.896826
27.109098 19.29488 14.885424
32.397495 14.918735 13.175665
66.375534 39.60133 27.023306
64.03867 38.151913 22.992287
65.750336 39.728203 24.242567
39.704113 21.42382 17.896545
49.776714 28.523922 18.200089
59.670242 53.987648 43.885704
27.057568 16.209087 17.613123
34.629948 27.111614 25.933266
34.660686 19.953945 19.040577
32.513134 21.73301 23.410406
47.330147 35.355747 22.606304
56.45769 42.550247 35.5057
35.5906 25.06651 23.27733
29.670746 18.297674 18.930752
29.724792 19.155098 19.058853
26.97714 17.851946 16.1537
41.27146 30.997652 26.480661
38.38537 27.70702 22.15968
37.7225 20.92656 18.471607
39.3164 28.043203 20.99279
43.9293 31.657948 21.772356
40.08423 31.222948 24.162643
48.750504 33.674713 23.030405
53.808517 53.1646 65.907555
43.617764 38.048065 25.230158
34.432762 25.156048 15.861223
46.41393 62.28985 78.38453
61.806282 83.06813 102.20462
33.254528 41.39431 56.66225
37.484406 55.393864 65.16957
84.610886 72.30097 53.739605
50.096245 64.66622 79.985245
29.731333 45.300583 62.082718
39.44204 56.743183 72.742905
65.04198 53.423763 34.993908
75.03035 68.657166 54.34954
90.23597 85.03013 69.11888
89.428406 84.27062 68.527725
63.80813 52.00106 33.546055
52.10323 36.92941 19.060251
75.10927 64.6732 47.300022
49.166836 36.627823 21.435558
50.660686 37.592945 22.230494
65.26235 56.02543 41.682205
67.97021 59.475353 44.496086
60.68226 51.736755 35.954338
50.113068 41.81534 26.810698
46.869663 35.094288 22.24061
55.065952 38.035713 26.1352
30.90912 20.370949 18.941427
30.841103 20.330372 18.886374
75.19774 56.7149 50.000057
74.45797 59.7946 49.75777
58.677116 54.032696 50.82769
62.979378 56.64867 49.49648
62.719707 56.084843 48.95255
67.41683 65.24486 57.85815
77.91214 68.18153 54.141235
73.2362 66.09887 48.86916
65.54907 57.184944 40.523193
86.74474 77.28633 66.314384
63.93377 57.42192 42.748436
33.54449 29.26794 26.01034
79.26973 70.79208 61.1319
44.933434 39.564777 32.19707
70.25833 65.59719 53.793427
51.979824 44.711994 35.46311
53.381454 45.16091 36.30578
56.314835 49.665604 37.012074
56.106247 49.544937 36.94813
56.16907 50.210373 41.278
57.329365 50.591213 41.65761
63.28303 57.08842 47.752907
56.038677 45.578472 35.794376
80.61413 70.48284 63.14459
63.219204 48.969036 35.295105
72.2524 55.349934 44.797897
54.89761 38.12514 27.18092
62.820145 58.58708 52.35832
52.104572 43.43377 31.455734
40.980663 39.726974 30.373072
49.936172 50.41862 40.014084
40.352673 33.680584 31.765537
74.062706 75.97049 54.808575
107.08685 113.95445 122.485466
27.013302 24.392914 33.59954
27.294321 24.587023 33.893135
27.046947 24.363905 33.502293
41.944054 22.98843 13.113068
32.445507 46.569027 62.123074
24.652359 24.316008 28.875755
75.188126 50.36659 32.87525
69.69584 51.923653 38.144814
69.12117 51.464455 37.78566
74.98496 50.12827 32.391125
45.21982 31.41745 18.562319
26.238152 35.336853 47.466858
21.74335 29.569473 40.281467
53.216244 34.121117 23.36508
24.223005 29.944445 32.453945
24.936117 30.252012 32.825172
45.641907 29.439749 16.620668
42.36033 27.1039 15.794377
43.00531 27.857086 16.544601
42.99732 27.65901 16.157389
42.567795 27.411581 16.066399
40.547897 25.73558 16.155825
16.005142 22.3795 27.226973
55.662365 59.10094 66.21227
42.11458 46.088085 57.083557
46.68075 56.07903 63.779957
43.273697 52.86396 60.53851
51.239883 57.317627 56.442993
64.999886 61.017216 62.03689
68.25978 66.99681 68.64146
62.149452 52.74402 54.50794
77.22032 84.32154 85.32243
58.72647 59.71479 61.939415
43.48396 40.57003 37.210373
82.76894 84.51414 83.87458
82.52778 84.27649 83.617035
58.975857 59.399956 57.375084
49.62514 49.29393 43.747486
52.12447 19.507824 10.019897
52.30293 19.75408 9.9689245
56.07601 19.362005 7.089537
31.120445 12.306673 4.776101
57.22211 28.874971 13.679969
52.57607 24.55047 11.147608
59.319027 20.377934 12.082663
32.77845 16.942041 9.845294
52.243797 17.133692 5.08501
14.152582 5.2364187 2.5416946
51.07143 14.510508 4.0760674
52.256817 28.914152 18.415997
64.34485 37.145653 22.449587
46.37816 36.866814 37.32165
59.67924 53.622738 56.03683
56.689583 51.44355 53.901463
27.790186 22.717136 23.937681
31.833277 34.07685 36.80813
48.55768 45.520847 50.61558
58.671642 55.956684 58.6513
41.297005 36.13995 38.871788
34.870052 28.271406 30.577633
49.197685 44.782585 48.411747
30.111893 21.544434 23.589537
30.037502 23.654036 27.265873
64.61078 62.969765 67.49497
53.021908 50.956516 53.37419
34.678852 27.321373 30.473452
40.489212 33.98854 35.459198
50.960094 47.51794 48.470432
55.09686 49.97401 51.80807
57.923653 54.079643 56.91767
40.032585 37.745808 41.935894
30.629332 19.4611 11.027051
23.474178 16.014141 11.866644
32.09725 22.312765 14.0549965
23.868097 15.276604 11.721831
31.364185 21.571596 12.565336
24.214733 17.680807 11.741393
34.25475 24.263582 14.426783
22.313715 16.382181 10.837414
30.982729 21.282528 12.569863
53.566956 41.78946 27.481277
42.90521 33.00989 22.597641
43.82981 33.259724 22.511793
50.487144 38.15219 26.01565
44.813213 34.854515 24.06366
45.060307 31.687626 21.140844
46.40415 38.609547 23.03985
45.952885 38.24078 22.826124
40.821987 26.603174 15.868545
41.51632 27.41812 17.883076
43.12799 28.532585 17.68919
42.748158 26.307848 16.410072
48.602226 30.37771 18.820423
48.45691 30.33965 18.803656
50.41963 33.43466 21.205456
47.1423 28.733345 17.952717
51.947853 36.560585 24.861446
67.16443 51.63084 39.42019
51.25056 35.97317 22.638832
51.997486 49.335793 33.08523
51.385925 48.731556 32.608875
37.658115 27.374804 12.673765
38.6926 35.58445 21.669573
38.294098 35.18433 21.359825
16.140062 12.330539 9.730718
15.631903 16.135536 9.819808
20.366867 17.61206 14.233568
17.885368 10.926168 9.035826
18.7353 11.283031 9.363402
48.951653 32.26867 16.336464
37.15465 23.362787 10.012352
46.563267 31.943214 18.992287
45.88263 31.188463 18.409456
46.168903 31.365862 18.49877
29.99603 17.607086 8.170356
34.971832 18.056004 8.999385
34.639896 17.865917 8.87799
22.44847 22.618097 16.980661
45.71529 27.46149 15.66281
44.45076 26.295496 14.733959
45.40331 26.930025 15.181143
44.217026 25.529846 14.17002
45.49542 26.910072 15.228873
27.162977 23.76252 17.252012
53.257435 33.745808 20.310698
52.815727 33.47753 20.142355
17.554102 17.20741 12.102839
26.460485 22.568579 17.297396
21.889784 18.022411 12.68131
21.770401 17.89526 12.600604
22.516432 22.024145 16.031132
21.731836 16.900906 11.3991165
26.582495 21.571651 15.309748
28.1461 18.901968 10.026883
27.707691 18.623463 9.9095125
33.48759 17.770233 7.3466353
43.2054 26.647385 13.911916
43.079197 26.606194 13.891516
35.69422 23.069975 13.16309
22.788452 20.865248 14.509222
22.469316 20.327185 14.263917
22.360329 20.15141 14.220322
17.556673 15.753074 11.261737
25.633076 21.513079 15.961379
20.304996 16.340263 10.883523
20.675386 16.886318 10.842947
20.41851 16.18947 11.118097
32.328472 18.263023 7.9273977
32.127712 18.16348 7.8928013
52.49201 31.692097 15.852224
52.319977 31.591045 15.796501
51.701206 30.776157 15.030237
50.56103 29.582495 14.333612
37.68634 21.512352 8.954226
51.116478 30.686954 15.236083
46.310364 30.063828 15.908283
36.99732 19.665493 8.152135
23.081432 19.235022 12.238766
20.832495 21.439302 16.445116
20.74374 21.346188 16.377934
24.035267 23.563828 17.764755
25.161469 17.10161 11.981835
13.521853 13.507434 8.356528
46.619328 32.159904 15.024983
52.679634 37.26185 18.793484
14.03605 13.261682 8.8046055
34.789066 24.512072 14.464286
49.46764 35.197296 15.421529
48.378883 33.077297 15.350548
54.38095 40.328022 21.262016
82.640175 61.299744 35.752293
71.4905 50.019394 25.507936
51.463615 36.993965 17.85351
58.36698 38.233177 18.578247
59.92835 39.598648 19.197239
51.692657 36.868546 17.687235
51.519672 36.78404 17.667728
80.3548 58.379665 33.338978
57.935055 42.47854 20.768612
47.645706 30.293371 13.850212
50.20987 31.07495 16.472166
36.762745 22.095686 11.002068
36.63302 22.084507 11.213895
33.25693 20.121227 9.70389
39.9948 23.889671 10.874916
37.81567 22.337973 9.115415
40.874077 23.630394 12.770232
30.393248 14.732506 6.1647663
37.054996 20.765818 8.80958
39.615807 23.46054 9.831265
37.95797 19.962608 7.5105634
37.885536 20.03443 7.501006
32.52409 15.849262 7.1372123
26.425386 10.837414 9.896881
11.237033 4.5673485 3.9535546
48.057343 31.514364 24.011625
36.64772 19.741392 17.127264
36.808796 21.16538 12.892354
31.730997 15.49525 13.50721
31.309748 15.202045 13.232506
29.689974 14.326012 4.5230827
41.45238 20.96328 10.201543
42.05198 21.432484 10.462106
42.78929 27.04108 18.450369
47.20076 32.82797 23.437794
25.488934 12.056114 6.0960765
39.873573 19.094065 9.307065
39.218422 19.077185 9.867986
37.78985 22.799463 14.388833
37.220936 22.395428 14.093114
28.189693 17.211155 14.114241
37.278057 18.288452 8.989549
37.084953 18.19886 8.934943
33.236755 14.212497 6.563939
22.573328 7.3526716 3.0012856
29.295774 12.275039 6.178404
25.113794 9.595741 4.3408785
24.717974 10.44193 5.5129666
29.410128 17.700256 14.687514
39.980045 23.461714 15.467192
36.91404 21.35882 13.970266
44.73776 29.630003 20.41745
25.561928 11.462721 9.14895
25.617706 12.1857815 8.051867
33.0835 19.021965 12.538397
27.272636 17.22485 14.019673
28.550636 22.772188 27.711826
30.908506 19.434887 16.35759
24.776045 13.345015 10.1129
29.559635 17.699251 11.646937
29.62363 17.708977 11.702828
29.143751 23.207691 28.334507
29.02012 23.25179 28.427286
28.742455 23.017382 28.098536
30.088755 18.09809 11.9087305
26.23206 14.136877 9.3871
26.597137 14.574838 9.58529
29.963615 27.075117 35.516434
29.785547 26.909737 35.16253
34.3819 21.05729 14.787838
30.692991 24.028671 15.694165
30.388218 23.794043 15.549575
39.311314 29.525934 18.282808
38.869385 29.59183 17.217472
33.355354 24.68908 15.864074
32.955177 23.358429 11.461715
36.51196 27.832663 18.30198
38.480045 29.194054 18.089762
34.06651 26.125307 17.355635
38.405098 29.36726 17.84233
37.80483 28.575844 17.419237
43.377544 37.287895 27.405432
23.582104 18.38833 15.635926
26.548681 18.443605 14.431087
20.215124 12.301755 9.713782
19.93377 12.085011 9.552091
23.227531 19.562878 14.095909
23.19584 19.541023 14.054381
35.853676 31.570198 23.783031
27.995808 24.355299 16.022078
29.769058 23.698133 15.975855
20.953331 13.8879385 10.211267
30.823832 20.953386 17.769394
37.162083 23.62771 16.928404
26.059021 17.85703 13.597474
38.03404 27.15057 21.881735
26.708641 17.650515 13.044713
34.042587 21.328861 14.260619
38.238655 25.719652 18.486866
33.01906 22.654818 17.98776
65.69081 49.84686 45.50559
54.274426 39.43757 39.45456
68.22474 59.328583 46.277275
64.007095 57.905098 45.422146
53.648 49.086353 40.548737
51.942375 34.969036 23.264475
47.89269 36.333946 19.681479
52.01347 78.10949 100.02068
48.686283 42.74575 41.067795
47.9165 42.019 40.33881
39.586575 36.58596 37.821262
56.348312 49.70143 53.540634
60.738487 53.42466 51.932426
49.60938 43.67382 44.25626
76.77828 67.83445 75.512856
52.588867 43.122456 51.25626
126.76654 130.2429 113.46792
70.95702 67.42271 67.90733
136.35916 114.82366 109.41197
115.9094 98.324615 97.036385
92.78879 52.634193 69.66426
124.43394 117.25939 109.398
39.284374 30.91309 43.197964
5.5185556 3.9694836 4.7814107
9.107422 8.914543 9.033422
9.438855 8.381903 8.908618
13.260955 11.830986 12.518165
13.208473 11.778002 12.465404
