0.0021390023 0.0021060945 0.0021060945
0.0037843885 0.0030275108 0.002764249
3.0750954 2.772443 2.3485258
0.0030933262 0.0026326182 0.0022706331
168.1074 145.76758 129.23631
127.73848 104.84484 84.36646
143.36919 120.65509 100.37581
155.49414 136.63136 128.3963
117.82763 93.178856 71.48546
1.9845992 1.9830525 1.9823285
134.29301 103.74566 81.67227
154.37906 131.67665 113.47529
140.8988 108.5155 86.278564
124.85349 102.825294 88.10784
124.87571 102.36264 86.98006
134.76918 111.6446 96.04578
153.96278 126.37456 108.86146
162.77435 135.54692 118.64167
139.62192 114.15549 102.22525
158.34258 129.69939 116.126495
141.22433 115.59981 105.035774
142.22186 114.3891 103.423325
156.04088 125.11817 109.12443
112.376335 76.54989 65.426186
135.68024 109.34181 96.411705
133.53946 107.42941 94.86597
136.29788 111.09267 97.96758
142.74243 117.99253 104.66724
140.40825 116.38709 103.45268
150.98703 124.357445 109.74845
147.17014 117.806175 102.155716
169.84784 138.41417 121.077034
150.98822 122.731865 104.82056
143.59523 109.148384 89.081085
140.47829 104.95297 82.93152
180.7548 141.37004 125.41003
146.14911 119.84174 112.13999
161.10951 133.77586 122.95156
167.5513 136.7009 124.92109
148.84047 116.96798 105.67671
160.76813 130.54845 119.28788
172.44807 137.13605 124.58023
158.93883 129.7787 120.55456
143.09315 111.25316 99.75329
160.86765 129.64993 118.29192
158.67865 127.51205 116.28185
160.63113 121.70034 110.86363
149.67873 121.17257 110.2887
165.81447 134.17139 124.95574
114.43853 80.17701 71.002174
72.11208 49.048244 37.864914
72.138245 49.057686 37.821148
130.55656 94.1058 76.36024
122.62278 86.512375 69.350174
124.25576 87.61452 70.44988
127.27399 91.39578 73.77225
138.88893 100.20064 83.073616
108.55006 75.582466 59.98463
57.70304 34.471863 22.572693
64.95676 41.386864 30.766455
60.128536 37.111492 26.799328
32.343655 16.742563 9.032973
58.74707 38.614353 29.457088
76.7911 51.33566 39.526623
85.58915 63.57934 56.396603
90.99233 65.18665 57.14937
63.572792 41.1469 33.96558
89.88318 64.46367 56.804955
80.491974 56.393345 48.907265
147.73279 119.73131 111.53673
157.45413 123.23042 110.22617
173.12617 144.42178 132.66309
159.38788 129.3097 113.060844
153.92361 120.20643 107.53242
136.71959 103.72937 90.49973
153.14812 119.14789 110.96706
152.72025 128.52856 128.0773
145.08546 113.99269 107.95883
94.54538 68.890816 61.047024
134.18616 107.92062 99.78735
144.27953 124.44011 123.10004
137.80579 111.62893 104.52241
132.0049 100.9792 86.78946
114.655716 89.3195 81.42378
127.71693 102.701096 91.50168
164.73979 138.83888 128.42845
101.77662 79.34895 72.489174
177.69484 154.70308 139.71463
122.3917 90.95156 69.966995
151.18391 118.0695 95.50214
156.56137 117.37294 95.48674
166.0058 142.0897 126.77155
155.31421 119.98421 101.8278
149.10422 111.54548 87.61567
160.46844 125.143776 104.52478
144.74463 110.88486 93.432076
114.84198 87.56598 68.57003
171.69788 134.42734 105.66658
163.18391 135.92892 108.42829
177.53226 145.94356 122.70755
173.69215 138.6137 113.72499
150.04489 117.04482 92.981964
179.50412 144.01497 117.260666
156.13281 125.619225 101.29989
139.81549 109.77067 87.009445
171.52199 138.1777 111.46015
168.66158 138.71768 114.105965
169.20702 142.82957 121.379326
139.72311 107.00112 82.3918
134.53287 106.02178 84.58339
121.62548 95.56249 74.79959
139.37584 109.35708 84.16095
19.185764 12.328616 3.627682
43.196556 29.52093 15.55229
88.84369 62.099415 41.615967
50.14282 37.699356 29.859583
128.14592 94.49842 68.62156
127.44011 101.47104 82.918915
128.00853 109.23032 92.496315
116.58059 80.290115 60.83457
125.4487 95.24427 77.84046
163.72314 124.97391 93.7964
142.5619 111.45038 84.414345
155.37149 124.943954 99.6496
142.84691 113.86093 90.33372
166.39084 136.63748 113.116264
188.49448 164.3704 145.19992
129.09987 100.7729 81.06315
97.699486 66.91174 45.857674
180.32622 153.66724 134.78284
169.52629 144.73495 125.885216
169.22556 144.40427 126.006874
192.84389 172.25592 155.61784
201.28867 183.85603 169.86377
198.45906 172.97446 153.31783
199.87627 174.98094 153.89868
205.93814 183.26682 163.04037
199.98239 180.30923 162.94586
177.2028 155.974 135.61002
177.35231 155.9996 135.6209
197.57042 179.54788 162.79794
181.12788 158.00487 141.55286
137.34543 113.31601 95.23522
85.31167 60.310287 46.660786
103.76968 75.49355 63.707615
96.682014 67.762375 54.87778
77.19034 53.80242 41.249866
95.87814 66.73499 53.55183
100.82766 69.21673 53.45156
101.27692 70.66618 54.696163
95.80272 66.28518 50.35774
94.9587 65.48733 49.78587
94.931915 65.322 49.817955
95.160126 65.4278 49.775337
72.86001 45.74569 31.29268
94.643776 66.01764 51.759907
83.90358 55.698105 40.354843
118.68731 82.74454 61.13897
82.41898 56.269382 38.494766
88.06989 60.602936 42.0642
101.24839 72.617905 55.635647
87.37923 59.717587 41.064137
99.817825 72.54521 54.96795
84.16971 57.46268 39.239403
83.570786 56.955475 38.924248
80.965675 55.279716 37.837467
99.81999 73.69412 57.02284
104.84326 75.92971 58.087994
105.20054 76.23279 58.396736
95.47627 64.86271 44.563972
95.53551 64.73996 44.53636
98.67056 67.21519 46.192772
91.579765 59.650356 40.13828
140.11139 96.82171 71.54713
77.88923 54.459854 42.687542
69.49016 45.324272 30.790312
53.713932 35.961628 26.844116
60.605995 41.536694 29.453272
66.826706 43.175167 29.497368
53.0697 32.825916 23.06779
55.63867 35.734962 25.477688
85.73891 57.3634 41.731342
91.20564 61.16454 45.08928
91.50694 59.7398 45.36057
50.98815 33.287846 22.749243
34.871758 24.67859 16.327564
44.214527 27.39792 15.35547
67.02241 46.320885 33.521915
20.702448 13.157167 8.655818
44.25362 25.26086 14.545709
22.653778 14.027412 9.119916
24.132685 14.5026 8.914341
18.310682 15.475977 11.676484
20.876366 15.406147 9.072726
64.8508 45.002598 27.559793
116.60487 87.968735 69.299034
70.23253 41.975716 21.749474
88.65668 70.160194 62.450146
104.89729 83.208176 72.58589
93.88071 75.78679 65.798836
122.515594 97.35524 84.98546
112.80035 93.48302 85.943695
125.38571 96.449554 81.82177
156.78189 131.80042 128.48566
155.24115 130.76682 127.66049
157.39946 134.05354 128.5567
156.69609 132.07545 128.62689
145.53824 122.35218 118.405
157.90176 129.5944 121.88061
201.21492 175.91075 167.76823
161.48706 130.65828 118.50181
143.77245 112.047356 95.752106
148.89453 124.20603 112.38193
179.39285 148.89388 132.7752
165.15688 136.94633 121.946754
159.02501 134.49608 118.813416
159.92267 135.37646 119.47338
144.98608 120.342636 108.35873
125.708374 93.69705 78.34399
144.52168 119.9557 107.388374
165.60057 138.50981 122.15213
169.17628 137.45676 117.722916
149.94933 124.74101 111.12775
171.79051 141.64592 127.37479
164.40434 138.10968 121.34352
181.95676 155.15489 139.77902
167.33313 131.28166 113.579704
163.06894 136.31664 119.29087
160.52455 131.08115 114.5076
169.55482 140.66391 121.74309
179.01527 147.28616 129.32924
166.19432 139.63588 123.10537
165.77171 139.21979 122.569466
149.4274 123.664345 109.53222
173.96608 144.90736 127.36735
149.40762 123.12679 108.85231
144.76935 116.8015 100.31736
152.46765 123.16115 106.04933
151.405 122.2217 105.27212
150.59915 121.4638 104.59652
143.55002 113.11958 98.70419
152.72917 114.08092 95.23532
175.9217 134.73914 110.83599
147.1498 117.5131 105.143906
156.20297 127.65707 114.67862
162.63614 133.46942 120.81582
160.89294 131.88782 118.353165
132.5516 105.11834 92.96617
157.41698 129.96321 116.63762
145.03534 118.51 105.84645
138.96696 112.54818 95.509575
160.53337 126.00704 109.82417
151.38722 114.430534 96.93392
131.93277 90.725716 70.480484
165.04532 118.91816 95.24454
170.76312 125.10113 101.26563
133.2706 94.41335 75.14608
152.2368 106.22226 81.696
184.30411 126.67892 97.42062
172.18192 112.69643 81.845
166.97687 121.64713 93.76458
130.81894 95.008064 76.00296
108.41579 75.433395 58.256844
141.77913 98.41042 76.91832
166.37758 118.79423 91.38321
186.47374 147.5185 123.94445
177.29486 137.53244 115.98704
139.1876 114.08141 100.873535
154.43126 127.74691 114.54929
158.68504 135.95491 125.23888
139.49718 117.09764 107.274124
184.04752 162.30804 149.61972
158.95963 124.5975 98.52326
146.96123 105.32898 76.37225
150.6014 112.25175 83.93596
146.16931 108.781425 81.597305
167.08615 128.51968 97.99101
158.7947 122.10389 97.067726
143.42491 101.61231 72.68024
142.30647 100.9381 72.52926
143.65082 101.59399 72.64766
142.97969 101.11682 72.49322
148.56493 104.50477 72.56667
145.99701 101.597206 70.50227
145.65266 101.65108 70.335526
168.27432 141.18095 129.24619
139.72871 113.12762 97.50737
106.17862 73.990685 55.792946
158.897 123.31131 99.42412
93.19159 66.41645 50.09132
139.04396 106.12271 91.75862
99.436584 73.3043 61.727394
129.58118 99.7372 84.99552
154.72624 116.559364 100.18024
151.57266 117.873566 104.63558
108.357574 85.08016 75.09392
171.38087 143.70593 131.79419
154.2597 121.3716 102.30528
155.69412 122.43392 103.15233
129.38011 95.405 76.120476
174.72571 144.32112 124.007935
101.71532 75.83925 59.418423
104.47308 78.44172 61.627518
100.70643 74.56621 58.149204
99.756584 73.65187 57.53781
156.49089 116.829765 92.92415
149.12538 109.94817 79.22041
108.509605 71.1549 49.788864
171.71133 130.7442 95.351685
174.18997 131.86159 100.256256
148.29778 107.76708 76.03922
160.21455 116.132454 84.23782
159.52728 120.655624 92.52172
132.96877 104.67365 83.00454
175.60432 144.50882 116.52228
162.06398 125.91625 96.7295
179.59839 137.18732 106.236145
177.93593 136.89778 106.84665
157.79515 113.13693 78.43135
197.73816 154.97029 114.52518
194.2032 152.91547 114.923
145.78209 116.135155 83.02333
161.4739 119.96519 88.99727
169.14035 129.02675 96.50336
181.40372 143.24078 106.46097
90.443665 63.81509 39.282646
187.96378 163.25006 140.2315
177.90147 140.13242 106.481575
174.0639 133.80765 96.94613
158.7007 125.45061 90.04656
165.60092 130.82986 98.48585
233.257 204.23315 170.54117
187.683 145.6577 117.129
146.94264 128.27191 110.367615
143.02008 124.25632 106.40059
101.126236 79.02087 60.088818
96.3891 74.686554 55.235783
92.72772 69.49303 50.93425
97.77679 73.52238 54.37258
97.196625 73.683426 54.714493
159.77359 113.27458 68.34787
165.70538 129.76997 91.218376
163.49101 127.914276 89.84188
167.40161 132.1257 94.477
161.86053 126.87837 89.53232
159.34764 124.63255 87.54857
171.24417 127.20442 84.04535
153.04037 112.92661 71.81802
148.64104 115.60764 80.869354
141.22173 107.36508 73.08151
57.445503 32.17895 12.149532
80.677666 54.72512 30.208504
75.48993 42.0389 14.180367
147.64874 114.02485 78.661476
107.12324 79.822464 55.86248
72.31766 53.114388 42.558937
48.16572 34.5257 28.576609
146.93997 122.98865 108.01579
162.73933 140.72345 125.61873
152.39983 123.679016 104.78014
145.28047 100.86034 73.098656
174.19247 142.96321 117.81101
146.18823 115.42853 94.09204
159.24513 128.01721 108.14848
162.99622 134.12231 113.14456
165.94087 138.2164 122.42273
164.51323 134.98203 118.32928
156.74394 125.65733 106.79383
178.87248 151.78297 135.48836
155.67307 128.67033 112.32858
208.18063 186.7201 166.06776
157.41109 128.28923 110.53956
148.94043 125.33194 111.91125
134.71378 110.7294 97.02748
153.4025 123.307816 104.3688
157.40594 129.43283 111.445305
170.49944 142.34602 125.613365
158.45107 131.65424 115.90157
161.54591 132.84679 114.56628
154.2636 131.13759 105.49694
154.44589 130.96455 105.57878
154.0152 130.913 104.92267
154.05019 130.818 104.40009
145.61938 115.51724 84.0798
156.60811 119.82996 80.59629
148.16316 120.40019 97.7736
116.788765 93.880974 69.14015
158.97545 131.318 106.18021
202.62387 208.52168 188.1496
149.11742 119.88637 96.28831
147.51053 118.90585 95.874954
96.76366 97.338486 76.24842
99.35412 114.27646 84.896736
32.30117 56.589542 34.73654
17.241379 23.58839 11.271884
114.72324 91.75 76.01919
123.96143 95.940735 80.028465
143.31378 122.90733 110.48766
190.62277 177.5641 170.33418
137.2065 107.11005 77.09596
163.43553 143.75734 124.947975
155.98822 120.286 89.98973
149.18794 122.19978 93.48378
65.5984 54.354416 35.747696
159.51636 129.87936 113.57842
149.66566 129.49292 118.50276
142.99118 114.879364 99.35702
149.07263 123.14703 107.506516
146.54213 125.487465 114.90292
150.83868 131.75122 121.73236
117.890976 101.74128 91.44166
105.079666 89.63453 79.29535
176.0387 155.11182 143.64755
111.98878 96.24714 85.82924
105.8351 89.83652 79.19422
163.45576 140.7502 128.75142
171.14746 150.3865 138.62843
127.28778 105.93533 95.90009
110.98364 94.94402 84.118965
116.35652 95.22176 85.4871
118.37396 93.13147 74.0798
107.82605 82.62245 67.888016
116.79275 93.328224 76.41698
112.13887 85.725876 70.657036
141.58012 113.890945 100.11527
102.46581 78.67609 64.58487
106.411476 80.8784 65.92971
116.78327 93.2396 76.852905
101.31443 77.78528 64.16105
127.93241 111.64381 102.80548
137.69255 120.189316 109.92668
159.6777 139.75888 130.49257
120.80815 102.57411 91.33513
119.69544 101.4565 90.24411
133.3455 112.41566 100.11985
155.69366 128.44261 113.34211
170.17319 149.52327 139.23367
122.6387 95.635414 80.122314
154.62442 128.53024 113.91382
153.39447 126.86106 111.27231
135.7139 108.572136 88.71775
120.47199 92.30061 75.03478
122.4326 93.93981 76.23855
119.1544 91.4538 73.77807
118.047356 89.90236 72.03646
117.179054 89.52435 71.81921
131.89835 101.54565 81.27734
132.25974 86.67783 57.53521
49.326015 35.528763 29.316145
40.11014 31.11442 25.67813
120.17583 82.814896 54.967026
127.668884 85.84491 55.466038
126.93603 83.25181 52.05058
118.46522 79.961006 54.260662
126.27142 90.63686 63.878834
129.57286 89.92744 60.461533
156.69629 122.55844 94.70666
138.93353 102.66187 71.15891
146.97098 109.372025 76.67247
140.72989 102.45502 70.63012
166.35883 132.09613 105.603004
159.24312 126.18014 100.80933
129.92267 92.22074 62.63545
146.82431 108.86317 79.189255
162.82124 129.40279 103.49677
174.7446 137.73483 104.376335
151.82585 121.650024 88.64143
141.7696 108.7242 70.93652
132.43774 99.643936 59.360603
163.66283 126.412895 96.17375
146.10123 116.787285 92.15302
131.21387 117.26708 102.531364
191.54825 160.58006 130.75102
181.17958 177.17603 173.84816
181.40344 153.3017 126.71831
181.23164 147.38591 116.667404
163.31732 136.60191 106.96953
156.13953 125.3503 99.44768
164.85464 141.74434 119.28643
156.10712 139.23615 119.040375
183.38779 158.6236 141.21765
149.27362 121.36136 93.56174
0.006976438 0.004969067 0.0044425433
2.7088654 2.7066605 2.7059035
3.890516 3.8860404 3.883803
8.583026 8.576412 8.572693
8.739766 8.7349615 8.732033
5.259148 5.255364 5.2526655
10.347111 10.343787 10.341549
6.965151 6.962288 6.9605107
5.919672 5.9172373 5.9156575
9.236442 9.234105 9.232592
6.7721467 6.771094 6.77037
14.54765 14.5464325 14.546005
10.551632 10.550415 10.550481
4.6921153 4.690042 4.6896143
6.3479333 6.34665 6.346288
6.5252075 6.5243516 6.524154
4.987791 4.9869027 4.9869685
6.3007765 6.3444123 6.3519154
