0.36182454 0.36385888 0.36252385
0.37250477 0.3761284 0.37374443
7.980801 7.921011 8.056866
127.9336 176.53806 193.84558
94.504005 140.69597 154.38112
3.7094724 3.713096 3.710712
2.8602989 2.8639224 2.8615384
1.5357915 1.5275588 1.5708201
1.2124285 1.110871 1.1347108
4.30569 4.282454 4.2853785
4.309091 4.2855053 4.28897
13.163573 10.782708 10.044787
135.07413 142.48518 134.32695
13.785441 18.034742 19.362652
82.38093 85.44326 91.50992
106.28967 103.991066 107.22196
86.59304 81.87149 84.02438
99.50559 101.26386 94.74425
148.57906 165.74504 166.84793
129.39844 133.46977 138.61882
106.31644 109.65394 117.61837
109.02537 110.78102 115.26523
68.61678 76.132355 84.0596
66.49911 73.965096 81.929405
94.38144 126.779465 141.20938
99.07956 110.44533 115.053246
96.43604 108.87305 114.529526
38.20601 39.84666 47.931755
64.7808 60.663002 68.80118
112.1205 84.988014 79.40022
167.90836 164.78023 182.42693
251.95859 252.03436 252.22107
145.27477 115.80696 80.0267
120.00741 78.85413 58.10321
131.74278 98.58754 63.331436
129.25963 100.33478 80.03938
115.20686 81.94879 65.95432
105.41745 98.909 33.749905
126.74539 95.77534 61.1109
99.82902 89.21895 53.875557
146.93512 117.18614 83.56548
151.41837 136.3781 110.65499
49.242878 49.188778 29.33595
171.4365 132.32848 90.31097
86.29609 66.82539 45.375015
119.35842 104.088905 76.56154
135.6116 110.01923 56.567863
113.51561 103.367004 64.96446
97.61021 90.18903 53.229656
130.66078 84.52368 52.192688
117.22241 100.91469 74.13697
97.47654 83.75327 62.559566
107.671234 94.155846 74.6418
205.10635 176.6458 161.12718
97.31503 82.459694 60.186077
150.62708 134.53325 106.967705
153.19275 116.89755 79.50229
62.01513 76.98185 51.067356
102.20121 94.4042 67.24237
106.82235 91.874825 47.243103
41.63544 42.32082 22.170216
59.617992 49.68271 30.570501
71.13888 57.63169 28.125048
119.12393 112.429085 73.581215
6.7567706 12.552861 6.3126826
45.53808 52.380196 58.71567
64.073555 63.208393 68.9281
64.27613 69.006546 79.60559
84.3431 106.269356 116.98109
91.086525 93.14072 97.1856
120.05763 130.49149 148.0996
133.22034 141.04948 157.8617
81.40922 93.92181 106.60868
72.59113 107.58554 133.44212
54.318848 67.28455 75.18986
89.88191 96.560455 90.537155
131.9833 133.92206 133.24818
99.73624 114.591705 127.261986
41.224953 34.434807 17.96157
51.68525 81.48703 104.302605
40.73684 83.707466 89.642975
15.278417 16.76246 14.041767
96.462715 96.49498 87.65772
114.69355 121.03109 123.815
33.52826 46.84307 48.94323
116.74949 121.963 124.55124
118.06923 123.928986 126.5184
114.720245 92.166405 102.01904
126.48656 122.22724 138.33052
72.41701 79.5315 78.29189
100.82174 117.50604 131.38535
95.032074 97.39167 102.529625
14.899396 14.094183 15.984234
8.2644 9.481564 10.983313
23.100317 17.997744 15.431055
135.88658 126.650955 83.13217
73.81211 72.48515 42.21567
164.89857 148.51468 97.47149
91.2398 87.34294 52.536587
183.89227 163.05016 106.89221
152.10738 163.67892 152.15588
52.639606 92.21669 103.7376
76.94854 83.43481 95.32311
99.867386 114.57387 133.47995
90.23176 105.07152 112.94933
74.42835 87.13938 92.58312
76.90401 103.72886 119.4274
53.9699 89.918915 89.560646
35.804893 42.01122 41.657757
79.96084 96.019615 111.31354
52.77171 82.02174 102.5829
78.560455 93.62851 106.30817
87.94329 117.38821 140.42839
65.91961 104.867645 122.78957
67.19263 96.364365 110.50722
56.923107 82.16227 95.87654
58.59536 89.297905 104.253944
79.44637 104.9836 120.864525
97.459724 128.02782 143.06955
71.95534 94.31227 103.72127
70.80505 104.56268 118.433754
52.062176 74.14726 85.331375
74.67851 93.70162 101.19682
75.771996 94.21297 100.25483
113.94527 120.01497 132.7012
47.459156 72.21459 83.55184
60.29431 90.45146 104.02422
42.542847 67.330925 79.36351
61.160583 79.9389 90.21952
68.259346 89.725365 103.25496
70.72184 94.27543 105.6993
82.52053 107.980194 124.74815
54.258583 95.37645 117.80435
43.579945 51.3041 61.24218
53.562904 94.79409 117.07517
13.4303875 31.056803 39.94482
42.072536 52.1418 57.24768
31.554356 45.319992 54.482677
33.51955 46.69876 56.0576
68.07066 74.24746 74.949585
64.29615 70.20779 67.434586
67.31186 64.735855 60.275238
66.12641 73.34822 72.89444
157.71211 167.60776 178.4151
76.61932 104.23935 96.73452
140.88907 146.75429 156.96558
29.97101 31.937382 24.384933
38.996025 37.115543 29.860268
114.24139 101.87613 80.36131
83.36555 79.83531 65.78096
31.268087 32.320183 21.26923
61.864143 54.311092 37.54272
39.88436 38.402924 25.23096
126.79091 114.76478 98.23309
28.989765 23.17597 15.531119
161.48334 144.02391 125.38951
156.63185 176.47162 181.18289
114.83862 111.88194 114.988205
180.00044 163.01714 164.40639
156.81638 164.13496 170.24663
91.22749 106.80216 111.48134
82.09972 99.050766 108.89377
81.972565 97.94043 107.07928
99.57044 109.168945 117.93875
93.85877 88.787575 84.67883
100.83283 93.11408 95.68875
92.28906 97.627174 104.42104
124.34345 125.22619 128.22247
104.02254 107.493805 110.13712
82.764175 83.29053 87.607056
121.36351 128.26732 139.57248
76.5028 80.545135 79.99746
82.1439 87.63153 92.24186
79.74285 81.69631 80.522095
98.57689 114.671745 121.76237
80.583786 96.53887 98.48023
91.69511 93.04676 84.487
89.898026 92.169266 87.01065
72.3869 106.4877 102.39136
68.22095 93.380165 95.669136
95.12807 103.25356 99.49965
132.6323 118.11825 129.40738
63.438175 73.318275 72.21204
103.2095 97.02374 94.10995
40.67263 50.477463 50.85057
94.09724 91.70531 99.58694
41.121582 35.412968 37.858295
32.6726 34.834076 39.938812
92.428894 71.48271 91.81411
87.47874 107.77686 118.61809
110.01859 116.905914 126.035286
104.88392 107.341576 120.72228
86.12142 72.517166 76.915
68.795265 70.253975 82.86688
117.62804 124.29736 132.36008
82.4658 75.38541 79.416435
69.36882 67.00836 75.97444
96.89628 94.76272 112.47635
128.13843 111.762146 125.4658
59.807438 44.641193 30.219103
66.704735 51.78776 34.237762
110.1136 83.588585 66.93134
72.77892 49.451145 38.702957
64.72193 48.26529 30.49339
105.88417 83.52537 67.622444
105.02537 82.99164 57.505848
65.26586 44.973713 26.61354
99.35493 74.70277 57.121838
74.62079 53.36475 31.38487
84.04733 57.69768 32.05264
84.47482 62.980736 43.729782
110.57508 83.4124 65.93379
53.02476 55.58509 59.816593
36.526543 51.896248 64.90521
82.68595 92.32397 94.597015
70.593735 82.01987 83.01058
50.729435 59.03344 56.03484
50.23983 54.034615 56.012238
11.233089 21.262938 29.637318
19.271965 38.517864 55.79498
75.83179 59.38544 43.601303
66.14632 49.783184 30.730198
94.50346 72.84714 56.87133
48.79787 35.54237 26.816528
51.371487 41.048443 30.179085
48.099747 36.43773 27.667706
41.13522 30.207628 21.399492
40.48913 40.052414 42.331787
16.359535 23.61087 31.635696
49.690655 47.46516 56.238525
41.24053 29.493738 32.14307
28.424158 19.559408 17.981087
3.7591226 5.877146 10.326923
21.731152 20.647234 23.396631
6.50302 5.953592 7.1240306
16.419136 18.308455 24.790941
2.9958043 18.355658 22.296694
17.870344 27.10496 29.928957
14.991227 30.63649 40.547012
13.215544 24.23824 26.045296
9.901844 22.975588 31.218214
11.318626 32.412014 46.737602
39.672188 42.143578 57.33255
11.911888 25.691227 35.365036
7.734329 21.143547 28.108486
30.081818 29.13843 37.204735
21.111412 28.44962 28.840624
40.33506 42.555977 50.0219
58.8212 61.609665 69.158966
58.72896 60.51691 68.13884
56.41516 57.30372 64.37641
78.01357 109.274 123.14441
67.392975 70.568085 73.15137
69.885254 69.490906 75.756485
71.47597 74.38385 79.99062
72.24787 72.266815 77.3241
64.81402 74.8213 69.245865
87.72149 88.635216 94.30483
88.3588 100.36665 101.194786
83.77622 86.88325 89.23061
67.99793 71.70175 80.094055
103.264244 106.5637 111.78932
73.20114 80.0433 86.9048
92.62775 99.11771 104.906105
122.318115 145.94072 158.61679
74.393326 110.15417 125.42816
72.92603 73.72632 80.40836
63.316242 79.19965 91.86135
76.99237 90.727844 86.24056
78.57947 99.35893 93.00989
179.23277 157.0663 145.82625
85.46313 100.138016 109.28773
46.96513 73.64196 78.91325
55.436108 88.17616 97.893105
54.52584 99.20979 105.240845
49.64682 63.88045 69.2267
69.586235 86.63805 107.06758
63.67864 73.68865 91.04533
51.36338 65.52273 77.03633
79.143166 107.34367 129.23944
75.69389 108.33707 129.25095
66.61545 82.008835 97.70445
37.654037 54.38328 68.62991
63.35941 72.545265 88.51878
69.305786 81.23656 99.37273
50.41723 64.33493 72.820694
55.295074 67.217995 78.08525
55.07311 75.73827 91.56777
27.443865 81.14924 86.04034
28.207438 74.75728 83.2766
34.55464 75.57696 80.88103
19.449078 42.160236 52.83204
35.98579 78.37107 89.82282
32.50925 73.76351 84.26828
33.492023 82.524 99.82301
25.389765 51.906197 62.00264
36.804386 56.977497 65.37412
54.341705 78.75283 95.97149
38.10299 63.23023 76.493164
31.252003 57.663986 66.65102
46.147903 93.47063 110.33691
28.1959 55.136173 69.69383
17.565258 38.05302 45.217037
58.647903 41.975555 34.149555
43.77041 42.105816 42.869675
76.645515 68.0973 68.19282
92.20632 91.30089 96.171616
56.810173 78.61348 96.2446
70.80598 94.38728 114.836685
31.181532 83.540016 90.02117
51.232964 76.83805 97.715355
57.53525 81.728546 102.42489
55.228924 94.25509 110.43261
75.6656 99.20861 102.27107
25.41796 35.865704 28.608486
61.544724 68.36087 65.66758
26.42117 26.072155 21.561983
59.150414 52.227272 39.221806
62.588017 57.862556 44.096695
51.04466 50.024506 35.041862
94.13589 79.08449 62.410713
60.653942 53.185093 39.66847
70.5432 60.15607 47.971996
176.31198 170.17725 152.2829
35.984074 35.469994 26.594374
195.9085 192.42387 178.40776
66.82909 57.084553 44.62222
41.452003 39.793484 28.997425
57.783886 54.67505 40.82578
55.54714 48.640305 36.26011
69.39008 62.1897 48.33112
69.56281 62.275303 48.45677
51.397522 49.46869 35.812714
19.228607 17.661062 14.20747
8.511284 6.686459 4.0424666
26.670916 23.947775 10.729625
22.46885 22.869612 12.681532
26.817451 26.347012 14.641513
45.235474 50.35839 45.742687
120.27301 126.56119 100.70102
131.45378 128.47142 105.26256
122.56532 152.11151 130.83287
124.16154 153.49704 119.57708
77.38274 130.48119 101.957565
46.044914 35.56494 11.397266
49.144405 42.790497 17.744915
42.62486 36.68331 16.167006
59.11316 51.651814 24.225811
184.6779 188.88634 169.6493
43.846725 44.636906 22.393356
27.581596 37.72794 29.18185
103.38948 92.949234 74.59473
56.852383 91.77686 78.34997
53.93913 71.254135 49.440113
73.16783 78.93887 55.29542
57.6719 69.521996 64.07629
91.40791 112.17775 80.065605
104.93306 127.25588 108.21446
31.107756 37.50636 20.70836
30.347267 36.012398 19.911093
38.985252 41.204865 18.306484
68.21545 63.808743 33.987827
25.088335 25.07155 11.51405
21.96119 17.910616 5.7855372
15.956071 14.48595 4.8103304
16.839128 20.497839 6.8902416
45.747646 49.859283 18.675047
67.30187 75.5773 46.24088
52.91831 60.02025 35.573936
72.95178 77.534904 46.82295
49.987316 61.870342 40.094215
67.36154 74.071205 44.679497
62.053402 66.478546 38.14908
62.066845 82.84816 50.19113
11.102161 119.69542 107.599495
97.56758 105.60321 90.25318
117.77136 97.44781 79.02241
118.25566 132.419 117.05219
91.33989 98.58318 72.90744
124.0801 132.03624 112.88509
95.692085 104.98938 58.4185
93.51828 100.22397 28.911158
86.58188 89.27025 54.69879
89.54965 96.555534 42.956516
78.08958 107.68341 72.426384
62.01936 86.331436 55.071804
95.967 96.98652 72.44154
101.980705 99.081276 71.2159
79.093994 86.011284 49.02098
83.485695 92.20248 54.431118
110.071205 106.650505 65.4425
59.847458 111.19412 13.965925
108.47066 115.815575 91.99523
81.550606 83.21173 76.2528
102.35384 145.26952 115.42464
127.511444 145.23239 98.31602
84.8398 108.29304 98.98471
103.52721 142.57152 71.39768
89.960045 123.93865 106.9479
111.34752 161.4085 70.98973
101.38341 126.496155 54.55432
0.53067386 1.2549905 1.7178004
13.1183405 22.0226 31.037603
6.799873 17.194407 26.552353
8.839225 15.210649 23.987953
2.6845517 19.375015 28.297966
2.5830262 20.37098 28.277431
2.971869 15.734202 22.321234
2.2714877 14.044311 19.680483
3.8404005 20.888462 29.420597
3.6581056 17.483217 24.320915
6.3530197 8.1309595 13.231564
2.8317227 14.223776 19.507153
2.3754292 25.130484 33.792656
12.105499 48.37244 51.603085
30.566498 40.854897 24.864304
30.967546 30.649427 14.75712
45.9808 40.202065 17.376192
70.3979 71.70893 40.106262
65.996346 72.03433 41.692818
101.441574 76.52638 43.26653
48.81138 33.414814 2.9354417
20.23077 20.00499 8.425492
103.83417 77.962906 36.814335
63.792465 51.738556 28.611984
72.0575 64.331345 29.959536
73.91084 56.040974 14.861602
37.37295 27.862492 9.431183
53.072758 41.82028 14.989542
31.923426 22.764908 8.9433565
23.354355 44.776604 27.513987
44.42775 61.375843 29.1534
44.795963 65.3925 31.783535
36.561794 64.68503 32.948696
86.00687 61.06599 24.800222
88.78576 63.8747 27.24339
48.20337 28.730198 33.128544
25.147108 41.360172 38.227688
22.457914 36.00302 33.191734
26.181532 35.90092 33.81777
19.436905 32.069008 20.475239
29.169613 28.393991 24.650953
7.4925303 9.93986 7.0762873
44.706165 37.853275 27.570597
143.66313 119.51554 98.74431
1.7715194 3.4409409 3.1628735
44.286045 48.545868 26.600126
42.68185 60.496185 46.261826
61.93687 60.608772 50.01427
124.61961 115.00791 94.53827
88.43738 81.86068 43.662872
94.947586 114.19145 74.08779
98.49724 138.03413 100.9911
95.22829 86.06888 36.829784
93.14377 94.063126 52.088177
35.14145 25.69571 5.672727
212.28566 221.33302 216.55582
110.39676 97.71729 51.771076
132.79892 125.45903 102.96618
135.03246 125.11154 106.47527
78.74218 108.05111 98.08992
193.28305 188.5377 162.02019
141.75623 128.69212 102.70667
149.02386 139.98694 111.994026
144.04971 136.831 113.71087
39.041576 42.90814 14.459822
85.62679 70.14603 42.987125
91.24822 77.4178 48.414146
95.03128 82.236206 53.74625
50.87012 42.42543 15.067641
93.2814 80.220245 58.717133
115.92702 109.78881 36.86561
64.19679 85.41824 42.201176
55.475555 52.17263 37.65693
92.69031 80.49037 67.00305
98.28366 84.1342 70.31084
63.919613 61.616276 42.797745
57.99879 60.284298 40.655373
65.37374 70.20321 49.615067
74.70407 75.81459 57.36424
89.738335 77.86084 61.131245
87.954895 76.98474 60.923553
91.08048 80.52235 65.06529
29.15604 31.158422 27.48452
7.4152255 7.2969484 3.878417
31.069708 30.613096 16.663763
18.222569 20.741482 11.177082
6.693611 8.865861 3.8500319
24.084774 49.325428 37.71392
67.91027 52.826637 35.343452
55.528767 48.384933 19.071043
29.543898 29.085314 11.17419
83.47956 88.8316 62.878002
45.769073 41.52851 19.912237
71.694214 90.10944 66.0548
62.698254 92.91516 100.30756
112.63662 136.75938 144.1337
135.51341 145.16634 147.09764
77.84835 79.96119 59.047173
121.72613 112.22915 96.98274
82.18519 57.88004 40.007977
72.69549 73.01847 44.831215
72.44778 71.10226 48.58878
69.86106 55.283726 27.73398
92.44326 67.05003 36.201176
149.99454 162.09027 123.261665
93.82165 137.49146 105.57266
114.957466 145.44205 121.88846
157.37848 172.61574 150.42804
115.04822 140.64397 113.009186
104.98913 142.2819 112.831085
123.228165 127.36021 88.825935
47.906292 49.289066 35.28948
131.16965 140.66106 111.85248
72.65089 68.063446 51.39676
27.053879 25.464146 18.946949
47.38684 42.729084 32.495327
50.713478 46.002735 31.415512
22.766148 23.146376 18.828226
42.217007 39.06602 26.391163
46.349045 41.847298 28.096916
107.36316 115.98843 118.622696
118.880516 116.05607 116.17819
107.98223 107.23214 107.45547
17.294088 37.027527 42.3082
62.21548 77.15712 78.937096
17.087507 35.612682 38.622475
4.4195805 8.151208 11.282644
3.6506674 21.894754 25.923649
22.130547 38.504894 44.664017
83.68859 86.3816 87.95305
4.3729496 5.6295614 6.411062
126.79958 123.338524 123.1165
26.178766 21.96068 15.598697
79.423904 64.23379 48.14574
59.512936 68.29018 37.945328
104.624794 110.77581 95.79158
49.284077 91.684105 64.390144
119.80633 123.60591 85.77524
126.40222 128.32416 96.44863
76.38055 94.846596 59.135666
136.22006 91.35534 58.816086
92.333725 90.20429 52.1472
142.51118 142.06294 88.89663
145.55785 134.8645 91.49625
133.75845 114.882805 92.59476
83.12676 84.13872 30.423649
108.549934 108.40057 80.68623
146.80042 159.77762 114.962616
117.69685 146.12648 94.86875
137.7185 160.64323 107.431244
147.38567 165.76497 119.52606
127.31453 137.47919 85.4156
143.24478 87.22196 59.70286
126.38445 150.03096 75.33681
144.16446 169.0677 113.03658
138.35077 162.41971 98.65508
162.4748 176.7535 140.00578
123.029945 150.52536 112.764626
149.83977 161.96977 130.94406
147.5548 156.7029 132.58513
19.096504 21.965225 9.891672
45.246025 47.18064 25.848188
137.78542 127.42251 62.221138
111.225845 128.86014 72.53967
105.59876 109.29091 61.874443
107.184395 113.73897 57.454544
101.03894 99.765 71.76491
108.74161 101.635376 55.509853
119.10445 115.04345 72.155945
106.84053 114.79164 66.91541
166.03111 161.73833 116.715164
139.9087 138.77997 78.3939
139.882 139.79596 82.4712
107.18547 108.59332 71.83846
22.731691 112.38693 53.215385
161.9823 149.01746 102.38087
118.05344 127.02241 51.594627
69.1569 94.01494 43.39059
101.540276 101.632645 63.375652
163.70009 170.02762 148.64282
195.50323 183.75754 169.01106
104.4123 105.35057 54.89536
120.08595 147.53821 125.56389
114.21062 138.03043 91.84523
119.702034 139.48642 50.180164
112.83274 96.795044 51.074223
40.842022 38.087475 12.5411
58.304035 59.035664 21.00887
114.72705 112.08951 77.542534
125.442116 132.09787 64.25044
132.97842 143.87819 70.44682
40.639034 37.35782 20.150095
27.847744 46.167164 48.576797
55.639828 39.67441 22.794437
49.366497 27.930706 11.904927
14.2726 8.584552 8.123649
116.02908 88.76017 87.3048
143.66452 124.75423 110.25178
198.1726 151.40858 150.19281
198.105 173.6146 125.01526
71.524445 70.82718 18.381372
110.078865 70.48967 51.648952
154.25896 162.59071 118.86761
107.3713 107.086494 58.7
108.64272 109.078606 59.62581
113.323586 111.478355 63.676254
101.22457 112.56106 38.653244
160.29288 173.98064 135.80429
6.5615067 9.154609 5.606135
100.589066 92.32219 53.81745
155.20328 151.4389 67.15505
144.41539 151.32562 73.72877
164.5059 160.4617 86.240845
140.88783 138.07413 80.6027
140.15457 133.68576 78.51824
54.047935 49.240814 32.371487
60.72209 55.546566 38.27479
63.409092 53.64447 39.132996
12.798665 14.348061 11.39555
25.197075 22.743261 17.733217
72.862236 62.05588 49.204483
24.682232 32.434235 16.74269
65.6349 66.54415 68.6083
88.387665 102.24806 108.44085
62.157024 75.41023 71.016495
156.55165 156.2213 135.13039
67.004036 73.18623 72.867134
51.693832 34.767227 16.196344
108.11074 70.66281 36.348824
93.23967 60.70127 32.44879
160.75267 112.23411 70.351845
63.31694 56.937286 33.524666
95.81879 62.0301 24.505976
12.331786 8.340528 5.029148
126.18277 89.43064 65.11402
163.15327 165.80785 151.1691
124.10515 102.44094 94.64183
122.08255 83.743515 28.872473
86.818214 56.718212 13.582391
70.114555 44.793896 10.15035
107.91869 69.338776 36.638206
175.62337 176.10039 125.33522
72.32279 57.20356 33.05372
103.6986 74.48637 44.12597
105.85079 89.83395 70.30728
90.184364 79.26157 48.85922
77.87085 73.85798 49.01777
65.94364 60.498062 33.49504
85.9014 91.9042 101.87978
92.302864 105.024796 114.65207
95.62679 111.83808 124.01272
27.948856 36.04002 49.778606
64.25976 66.41068 77.68356
30.95232 26.52775 33.547997
20.922695 22.280865 25.018627
71.26624 74.431564 85.92225
64.339035 73.326096 87.45591
57.150192 65.52934 77.7493
50.109123 59.630386 72.19377
41.13665 58.805817 75.92584
27.260649 45.8439 57.41087
33.88789 62.960236 78.728546
30.07845 73.192215 93.831406
36.924286 56.534107 74.43646
78.354004 65.09752 48.06351
28.022919 17.691322 6.934838
84.06739 59.335537 29.902607
66.104294 43.36109 21.257915
75.78188 46.353687 16.680578
69.39107 42.19879 13.415321
81.43274 55.640656 33.867325
49.204674 38.532837 28.80553
119.617226 109.9788 109.3021
74.220024 48.45006 31.26211
99.81361 62.745358 45.28322
93.24822 79.016785 68.19285
82.52632 77.5562 75.575554
76.508644 62.68646 43.69733
101.2781 65.794914 38.679974
79.33427 50.112843 31.054195
145.16821 111.8007 69.8
114.410995 101.01287 76.99272
97.598854 77.03665 61.15534
80.650475 67.717514 59.37864
86.27095 101.963036 81.46294
144.50111 121.04612 101.11589
17.440973 12.686014 7.3430386
80.215164 48.687252 14.917737
127.67346 90.11414 54.332645
127.10648 87.735756 42.16653
115.71647 91.7891 56.79234
143.106 125.44679 89.22981
156.50473 126.73738 76.823616
124.359566 104.62085 49.197586
90.76459 65.70683 31.17206
99.109344 80.40356 40.785316
103.51723 79.66698 51.08522
109.132805 83.79873 41.872345
82.96151 56.19285 29.301525
130.71777 109.24714 67.99419
121.99037 95.5747 58.327656
91.10022 75.33824 39.868755
73.31434 59.4596 30.134394
52.291893 52.62794 29.186905
10.330642 47.962746 69.715355
66.36507 55.030483 33.685474
20.090305 18.204323 8.0032425
21.647743 14.448125 8.824857
6.732708 17.302353 10.842848
31.219612 27.791162 18.192785
122.74231 111.59313 95.58131
112.16278 85.44358 78.64113
83.45664 65.988525 45.083344
138.42787 107.56866 76.954765
128.58766 108.31999 85.959694
128.91875 96.51259 61.9829
105.92775 92.916466 72.59466
118.13744 125.35098 127.03204
117.06735 122.61856 123.749176
75.17775 69.03929 68.428764
117.73907 123.48373 125.41491
91.71208 88.15213 77.40417
117.45623 122.83417 124.767166
117.15916 123.96227 125.82711
41.216274 34.589035 21.164082
38.933376 29.015862 14.259345
23.746948 18.733662 7.5449142
45.706802 41.472218 23.409409
43.033504 39.07635 22.16834
46.93827 44.587093 25.837221
8.488207 7.492657 5.1254926
54.594406 63.743706 61.545742
54.497204 60.713253 55.614048
49.133694 45.224697 36.422153
45.948727 43.494183 35.908806
42.03217 35.547012 21.520502
34.768658 29.670567 17.834267
20.204609 30.716688 31.94841
34.999493 27.816847 18.111603
36.157757 28.36796 16.175142
64.464874 50.55197 36.076893
50.519707 42.815132 28.100922
38.360394 31.626034 23.718658
56.092182 58.00604 45.095963
0.645391 1.1386522 1.3302606
6.648951 6.1171327 3.2673554
74.87569 112.02657 102.2137
54.971645 53.56799 60.419327
74.77095 66.475655 71.493195
70.51831 62.068848 59.892372
97.787224 93.83792 104.28519
93.5445 90.27851 99.64733
102.92197 117.25448 115.748604
106.98945 103.46281 106.76614
146.424 144.57202 147.95264
112.55604 93.87545 95.87342
67.63579 65.98007 69.534744
120.96459 110.31233 110.95035
173.42845 188.84154 208.77635
56.38703 50.875237 50.071457
79.75496 62.060013 52.462143
83.23808 65.57479 61.747932
37.508583 35.072376 38.5452
67.254166 72.64679 86.16958
47.13967 68.38995 86.94034
76.365005 89.45035 106.81735
69.17314 81.3315 97.81243
102.93153 106.79984 121.21841
52.243164 73.712524 97.80661
59.76494 58.024254 64.45146
67.46189 66.6143 75.23859
104.25188 127.76542 134.07254
105.890114 128.82686 135.27553
132.63452 138.7012 130.86163
102.002 109.84768 115.1829
92.14488 88.80614 88.014015
57.788174 84.468056 90.803116
45.823936 54.48474 58.456963
96.704735 105.328354 116.60773
86.756645 96.09647 107.88957
86.248314 93.45918 103.88426
252.94673 252.93665 252.9192
76.64921 83.547676 94.735664
81.43396 92.936424 100.61169
61.936745 72.442085 74.266495
27.783756 29.480738 32.354004
48.956738 46.040558 45.17632
66.480484 61.977272 61.897774
82.4951 77.65916 76.61074
22.59072 65.20731 106.604195
25.67314 61.38169 99.87788
179.16716 147.59734 115.82699
76.07991 63.088654 61.48166
37.758137 44.77848 45.84377
153.97893 170.38925 171.92963
84.941574 98.26523 108.48477
84.802795 84.72953 92.40137
111.53137 101.199776 98.143456
134.66417 127.96561 123.099014
126.106735 130.58745 130.69298
89.20648 74.11539 64.537224
107.91325 119.71342 120.398125
24.548983 36.107246 34.17403
58.51758 61.94822 56.67241
165.5521 179.12173 181.60925
119.57772 122.71354 124.94775
162.42908 192.21669 171.13693
112.45315 108.15951 69.72692
93.52867 104.862114 105.0405
73.993324 83.790054 66.651306
73.18639 67.52502 36.790783
120.0274 159.36981 74.19943
97.80661 108.57552 89.58913
103.19863 110.72594 90.17241
143.06624 152.00986 131.3267
22.732199 54.922314 67.43802
3.2393198 17.37314 21.35232
6.1758103 12.767864 13.299206
111.29415 120.068275 123.65321
142.3506 154.31586 154.46437
138.39594 143.8164 150.05537
119.84266 128.21217 129.63661
112.98484 120.54813 121.292625
98.46529 103.66135 100.733345
114.51783 110.42502 110.01472
140.55165 141.44377 141.96739
184.44072 184.8343 186.87431
129.29498 132.46707 130.84256
128.12836 131.35791 129.14113
127.42848 130.06987 136.7412
132.99287 131.91068 138.69441
112.35048 117.02025 115.681786
117.156456 121.545456 128.72562
72.7549 86.449524 84.9248
82.03433 109.86726 107.50826
70.55359 70.48182 66.1684
107.962685 116.97962 114.5541
83.06888 89.26643 89.140274
80.32794 88.467766 86.295296
97.788345 98.12911 99.04549
81.735374 89.53204 88.41402
96.67851 116.10258 120.44389
75.946724 81.09695 80.30347
99.22845 111.6446 117.333694
104.99171 100.95194 105.34625
58.209633 56.816338 59.80089
62.115227 62.078323 66.04094
72.79848 76.42184 82.71075
55.370693 46.045963 42.130898
91.890366 105.69787 112.764496
64.75607 69.1966 71.30051
76.10474 75.50703 76.30445
99.05426 97.509094 104.36173
29.937761 34.44059 36.622536
26.229593 31.043833 32.79466
46.476223 47.70747 45.042084
51.38751 53.782104 52.55909
96.75836 86.74577 86.41017
99.756485 91.80143 93.044945
39.052383 41.266212 39.888462
75.47076 61.957535 45.781467
113.94132 110.931625 113.31866
170.14001 170.28795 173.64151
78.637505 76.87193 78.30213
167.30878 144.5157 139.65524
224.10483 208.12 201.3172
156.17451 127.00753 106.96599
135.8248 117.41403 106.26066
172.89778 133.4443 117.90308
127.80102 93.431465 51.678257
173.57515 139.8143 127.41389
143.8957 118.81742 106.11882
185.32289 119.305374 76.84774
187.74847 135.61166 105.39288
1.3506675 1.620248 1.21993
61.715256 60.636524 44.72279
57.716084 46.8726 43.362713
69.61027 70.88989 63.9315
49.42158 54.782932 38.05073
47.548187 42.91974 38.94835
72.13579 62.896378 56.314686
57.97069 53.376637 49.05356
64.217804 49.871998 41.138462
52.834297 44.675587 43.411983
74.993645 68.41761 61.508965
75.124985 67.19466 60.82845
29.194502 33.994118 32.58366
44.090305 49.932835 47.16408
38.911602 45.776638 44.24212
6.130483 6.115957 6.1003814
5.4811506 5.4472346 5.440242
5.5400825 5.4490466 5.469326
6.9705024 6.9509535 6.9365544
7.0897965 7.0545135 7.047775
5.0467896 5.0094404 5.0039096
6.2056065 6.1226482 6.130789
7.75534 7.657025 7.702829
