0.010918026 0.009423447 0.006788935
0.02097477 0.018010944 0.012564596
3.4740095 3.471299 3.4658272
5.6333213 5.6306615 5.6252155
142.28741 136.62195 133.52785
127.73227 122.04884 118.655716
135.951 130.4999 127.03354
97.84155 93.99085 91.00881
117.85819 119.971275 117.49678
84.756615 81.21778 82.81391
70.35741 55.968765 48.986954
70.92552 65.54831 78.93849
59.15774 52.412857 42.31414
79.48001 65.19941 49.687733
123.81647 111.98171 95.46013
78.49645 67.36483 55.11939
106.84512 86.989586 62.861332
106.850266 87.0209 74.55487
88.955925 65.12076 51.7595
93.41721 80.75246 70.93039
75.225784 66.13624 55.23855
78.807274 69.668434 53.28493
48.949337 34.014263 23.02328
76.388336 60.055603 54.049168
95.33093 70.982445 55.425854
85.64259 66.655106 51.25091
89.66805 62.101555 48.17978
96.366 66.61374 51.463142
88.24914 77.30003 70.41932
75.95534 72.51905 62.273254
67.82769 62.207493 51.301476
65.57057 57.75494 55.834736
65.2274 57.013096 51.17074
163.67453 156.7673 148.05153
75.56905 63.784374 57.99412
7.23627 7.237258 7.295648
54.932034 53.847095 35.23941
105.955696 105.24774 83.33395
121.50192 124.78129 110.95265
100.02842 99.03461 87.06422
84.91866 95.8241 94.11913
83.50261 92.99476 91.20866
75.7784 85.046585 82.85672
181.5467 194.42387 185.25494
66.565125 70.626205 59.88793
88.950905 94.398575 84.399635
60.88441 66.32899 62.20212
75.85898 85.376686 85.95701
122.14568 131.7162 112.7538
120.22642 132.17365 127.480316
104.24562 113.557175 109.438644
99.757545 104.06596 98.51961
140.82613 142.98027 131.62906
129.31892 131.83476 123.2442
108.61878 101.54243 90.159035
101.69893 67.507545 69.78858
96.18571 63.975 70.1965
99.46299 92.79367 85.361336
98.50284 97.73703 96.53807
113.74407 110.452095 106.44118
119.956604 125.07832 128.4485
101.45881 100.29603 95.23619
77.89768 80.07139 79.449844
110.486115 94.99235 82.1339
128.20078 116.04081 105.77097
93.223076 81.162704 76.9768
115.966736 100.80048 90.11445
71.540985 69.46413 64.3721
52.452175 49.943714 43.376938
54.559303 63.617565 63.804996
96.91456 91.05071 72.11726
117.70015 109.51482 96.32207
102.42897 72.48571 30.100163
108.830124 84.95871 38.74501
58.59502 44.70881 27.261475
60.260082 58.60404 53.49582
140.148 137.93599 129.2147
99.08327 67.045494 32.00631
114.62068 91.22378 57.288452
79.27774 81.68122 73.31381
97.57273 99.68763 95.506485
82.10067 84.77488 78.05507
79.005875 80.74747 74.65508
147.21687 153.28093 159.20137
103.279816 109.87017 109.28795
86.447586 91.678894 85.71537
89.71613 98.551674 101.19062
68.63165 70.1086 63.645912
111.362274 109.53427 104.74858
76.089294 65.08962 52.99263
79.29841 68.413315 57.697437
80.352135 89.302864 80.63634
77.19136 87.878914 86.75069
91.30869 98.89743 91.56006
104.54747 113.13079 106.31105
116.10619 124.19898 115.677345
80.70825 91.45119 89.03095
116.94987 124.95296 116.557556
114.24739 122.818954 115.057655
100.1146 108.15318 101.582306
83.26431 92.489105 79.23898
138.0112 154.45755 149.09074
75.828835 89.15288 88.45078
100.43834 106.876305 104.886765
111.91471 113.218895 107.08314
108.15936 111.32369 104.911766
67.12486 75.638435 69.432846
60.79646 68.682335 58.743717
161.38646 177.06067 155.82364
134.40533 148.05219 129.34682
135.27242 157.51051 145.98161
83.0136 98.41886 82.91727
85.5666 99.39864 74.243164
89.02341 102.1201 77.94566
77.406654 97.54846 116.89221
107.67786 116.9317 77.14292
69.3491 72.03275 45.918076
79.12182 97.763176 114.08864
46.309452 42.400143 26.624607
50.632816 47.039925 28.579872
49.044456 47.45838 29.78597
48.969425 50.586433 33.450222
37.435986 32.34502 24.26183
33.677704 30.375418 24.741539
40.902878 37.625923 30.505093
40.88664 36.82645 29.602543
37.427956 36.54557 32.588913
47.719933 39.069485 32.01272
46.731052 41.52541 34.28397
47.08423 41.503925 34.29603
71.39381 55.748226 46.830883
77.26008 70.54501 54.024624
64.852165 43.23356 24.21365
27.804033 15.776244 12.797649
39.17735 24.371315 14.646139
22.144365 13.949184 12.225479
64.87208 36.72662 21.832277
36.251648 22.334532 15.551677
26.79461 14.574045 11.13208
60.890717 32.397987 19.11564
26.447208 14.926867 11.205897
8.352594 6.3908453 5.693282
15.521278 19.216005 23.214409
16.07901 20.56685 25.523052
50.073208 42.745518 38.727303
45.682846 29.697006 22.09464
52.425297 38.57853 20.847881
53.12742 39.022774 21.179071
57.679703 41.825085 26.04575
58.025738 42.838257 27.173725
60.577362 44.147938 28.29894
99.309204 93.53496 67.3896
100.99655 92.08507 64.75284
134.83165 120.21654 89.118805
105.689384 87.23457 66.43297
104.121185 85.44161 66.88218
18.534832 24.396114 24.880028
11.2145605 11.030221 11.515604
16.680819 25.543571 29.61982
14.218411 19.030119 22.49848
18.936037 24.893606 28.828377
128.98729 104.471275 64.612015
102.22659 75.26857 42.960762
80.98204 62.46509 32.89596
89.677246 72.51877 41.565865
91.6886 72.1926 37.02029
92.39194 72.89102 37.459164
93.98949 74.01115 38.000126
79.07544 62.069534 33.529335
86.856445 67.68551 35.52708
82.063484 63.850086 34.401585
83.30624 65.17481 35.070854
80.11777 62.548637 33.64206
74.44422 57.690926 30.715727
69.88641 53.76031 28.790733
68.31067 52.27125 28.547447
72.23969 55.07027 30.166
88.87271 69.08592 35.371265
82.749084 63.425423 31.865082
86.35609 66.473885 33.857533
26.272242 20.410122 8.899407
71.96504 41.36645 15.343829
71.560974 48.779057 31.19574
92.41136 68.89401 42.464535
64.488655 48.993996 23.240602
83.46737 58.410957 29.9504
101.92945 76.147835 42.14034
84.03367 61.884487 36.96261
73.91861 71.487335 65.93373
76.72216 69.317055 56.759045
77.49931 70.00618 57.15432
76.762184 69.65111 57.29309
112.85039 108.85411 100.03939
207.45471 205.03954 202.03058
110.57088 105.62838 96.193054
79.44192 68.09198 50.354065
77.83866 65.676895 48.206783
117.46755 84.20106 38.830276
138.37564 111.83775 67.70891
123.26482 87.61959 34.360878
123.76026 88.07047 34.489132
75.086685 64.78628 53.52685
74.513275 64.94263 52.681274
62.348312 49.246376 32.53554
60.677017 47.01388 28.96636
74.44371 90.28478 94.4902
118.09451 126.23645 127.03285
66.2561 53.23095 36.35708
132.22633 121.40926 109.94868
73.90192 71.59983 64.60201
136.95276 135.04704 131.20499
110.40138 109.729 104.52037
123.667244 118.234474 109.4334
123.001595 114.45027 105.099045
51.161514 46.73419 30.197386
116.88522 99.44478 79.281815
83.14538 62.69204 43.920406
140.89523 136.06258 93.37319
74.28265 59.893402 44.619514
84.87947 66.27341 48.25565
87.528244 69.464355 51.523003
113.47788 98.20992 91.947945
148.77725 114.22092 62.669193
112.66876 96.73675 91.19125
155.01251 131.91574 97.31414
82.77009 65.04296 47.589344
156.24478 133.48415 95.897484
158.67023 148.53258 135.68185
125.585396 100.691734 80.26556
122.78068 99.17542 79.70942
120.55596 97.28632 79.51763
121.222466 98.01644 80.127594
117.217705 117.13094 93.323616
104.871666 99.414 86.38517
123.12521 124.407364 119.030754
128.82617 128.85193 119.57987
109.39566 108.92287 98.679276
116.30631 105.77293 91.887856
122.08271 120.52586 114.14148
113.84998 103.47084 88.54236
115.51477 106.07227 91.21838
90.389046 81.604416 71.939
94.3897 103.378914 100.789566
141.4528 148.16753 130.30403
142.20248 149.0346 133.02248
77.67241 87.81247 78.99592
161.88327 159.76543 154.5388
78.823845 87.632866 77.22938
145.98245 142.28296 137.82697
163.01466 162.39755 159.06966
82.13377 88.645966 76.40503
146.30788 148.70714 145.34352
98.37598 95.35355 90.27331
97.73037 100.85802 86.30211
92.51568 90.71732 87.34117
101.74524 100.49384 88.67679
121.03668 119.9023 114.07635
118.964836 115.589905 100.56069
108.93837 106.402596 94.60921
149.54344 152.16757 147.59122
67.59877 64.9043 62.61455
72.71846 69.22414 63.460407
132.65463 137.52379 125.557
74.90495 68.99238 61.737816
127.47974 132.44824 123.42456
72.453285 66.79046 59.701897
128.99405 125.735634 116.13218
137.32683 141.34286 135.18512
122.503395 121.611435 114.82057
160.62697 162.08182 154.67656
125.32298 123.81921 116.97897
146.36845 149.92854 141.7327
122.42317 120.75856 113.608475
122.01512 120.32437 113.22659
165.02664 168.78554 163.07019
122.104164 119.784706 112.505424
167.59099 168.70772 161.89052
115.3475 108.15992 93.70058
116.50664 109.857 96.3358
127.7458 124.10338 115.02784
103.55963 90.371185 76.09064
103.06576 88.21023 71.38033
172.31209 174.89474 178.47069
172.37466 175.15295 178.29823
103.83172 88.01629 71.072525
102.88396 76.94169 58.77713
115.28387 86.72966 57.53516
98.23128 67.08405 53.20306
103.87349 59.949184 33.720894
122.46945 95.048584 65.23787
124.799576 95.84363 63.415974
114.35259 84.48141 55.56528
78.18563 69.98774 45.535717
74.89753 67.57805 44.071842
74.0665 67.251114 43.559353
70.405716 63.86959 40.4083
68.91255 61.957542 38.804817
77.532326 67.58666 41.06057
60.459545 56.64409 35.88844
71.44265 50.859585 25.310797
67.880684 51.32141 36.492374
72.7577 50.719246 23.564116
73.629875 52.24121 25.022367
72.79891 50.943005 23.583038
83.05064 57.286907 28.28939
82.95957 57.2463 28.216461
83.077286 57.238575 28.225302
100.686066 80.50246 45.584534
76.85758 57.831367 30.458786
76.24384 62.529232 43.250355
73.10741 56.399002 31.675043
76.41957 62.685123 43.42631
77.380005 63.244705 43.691963
71.759705 55.015907 30.573082
76.67053 62.916126 43.58471
72.63687 55.613182 31.220413
74.34203 61.541164 43.45448
74.25345 61.345173 43.352013
72.85652 59.47054 41.602516
62.713066 53.68943 42.489536
75.923065 57.614296 32.7387
60.04104 51.048737 40.538353
74.416504 57.236954 32.110523
63.63436 54.51444 43.24881
73.385574 56.429626 31.420761
78.5801 59.427856 33.721703
75.8991 57.002407 32.18087
88.906525 87.5099 78.74977
125.584785 131.42303 123.73989
80.73974 60.506943 32.940166
61.11161 48.088737 33.407032
61.743134 48.755928 34.041416
61.638817 48.69323 34.03987
79.52726 63.109764 35.562645
77.35001 61.294712 34.54922
61.046104 48.340485 33.063103
78.27191 62.11673 35.198627
56.05677 43.660934 29.130915
76.97163 60.465294 33.51834
68.97201 53.777966 30.627748
72.662224 60.68961 43.664276
79.51925 65.42362 46.18586
79.3013 65.325386 46.19128
74.96775 62.319283 44.02622
74.07711 61.447994 43.28711
72.803276 57.70281 32.750153
73.1835 57.322853 32.48166
72.957214 57.055603 32.275913
73.29205 57.516693 32.750355
99.472664 83.43596 60.933605
101.80152 86.41435 63.663822
99.43776 83.836105 61.56627
99.558495 83.56941 61.33638
72.1236 57.76434 32.784046
74.33998 59.26411 33.89244
97.171906 81.24093 59.23822
72.584885 56.43847 31.982723
72.988525 56.468105 32.227276
71.387474 58.175804 40.78767
72.33831 59.18201 41.334534
78.94143 61.07402 34.941536
74.19158 58.01601 33.29595
77.33258 60.00185 34.377266
45.318092 42.826756 33.56447
60.11511 56.372353 42.016518
62.119514 57.484497 42.35751
52.61156 46.827286 35.624607
64.08324 59.2578 43.632637
63.403053 58.54717 43.168762
62.59454 54.884766 39.871086
62.501976 54.960785 39.854923
53.28625 49.61455 38.114704
53.29205 49.482674 38.01882
62.734093 55.28891 40.272064
62.659843 54.878384 39.948704
80.08519 73.84279 64.001976
79.997314 73.838005 64.02356
76.98001 71.36977 64.493744
82.655945 78.275055 68.03093
83.09983 78.810265 68.37648
83.56875 78.97502 68.09818
83.983025 79.309654 68.46274
83.84104 79.22289 68.22163
78.51358 72.65637 65.8246
83.982216 79.25993 68.284904
93.29666 91.158936 85.00818
92.89219 91.67233 85.39674
107.33499 107.74845 107.38651
102.22292 101.86777 99.13137
150.03761 176.7593 189.6966
160.44489 183.73518 192.89107
102.81371 78.32445 61.495743
113.75441 108.965096 99.54261
92.92504 87.15098 77.31069
89.31796 84.5953 74.911995
88.44989 83.5916 73.912834
150.44827 149.74458 142.1332
63.836304 64.463646 60.536934
12.934112 11.983737 11.356267
13.183605 12.457873 10.953643
10.87942 10.169571 9.716512
11.134208 12.116222 8.3495035
15.509398 13.190597 10.683454
15.4635725 13.039973 10.558162
11.999215 11.779056 11.000482
12.003698 11.690394 10.764743
90.687454 81.57668 71.371925
90.272415 81.75261 71.779564
94.67978 77.697334 34.92684
67.7864 53.866882 27.05492
101.09152 90.10163 56.298763
164.18414 141.78073 94.67003
110.73668 80.54154 25.959747
102.78379 90.85411 69.43302
120.8947 122.7938 115.22262
106.816925 97.56305 74.14211
97.14396 71.99354 32.021557
81.017685 69.74445 51.1279
127.96831 98.284935 35.986523
107.66326 72.07245 25.589878
86.006256 71.57212 47.131294
108.64265 73.06232 26.209545
122.70466 96.02749 44.30829
84.076805 56.63887 28.266087
96.10558 69.598114 47.31789
114.031105 101.17824 91.12466
88.58813 71.77439 60.13099
88.67147 75.177826 64.06652
98.76254 74.53143 53.44057
72.4426 59.219524 50.91258
121.34677 88.35908 31.541645
110.11671 85.11295 36.51102
112.0688 86.47155 33.272015
26.82326 23.796888 18.55274
30.377394 30.67641 25.253395
22.675245 23.135044 20.212662
42.32744 35.256992 24.056414
31.26525 25.443966 18.579313
50.103455 48.32473 43.920155
118.05391 105.29701 100.39181
134.33995 125.142265 118.382286
139.85468 130.70024 123.61212
111.52488 101.85918 96.00988
115.08354 105.517555 99.910576
115.27409 83.34294 40.193104
100.81844 74.52544 39.805298
64.46689 41.299347 25.198399
60.37909 47.84502 44.24473
119.56211 108.55388 98.48427
107.43133 92.62707 77.538734
86.576324 58.81072 32.74663
96.2561 76.0321 60.33651
144.97171 136.23077 133.42816
135.4106 125.58813 120.68024
159.41281 145.13145 135.78316
64.44255 54.45567 51.00894
92.340355 78.532 73.80624
112.85305 104.54286 84.759224
81.55723 78.4844 64.28106
116.860954 93.09104 65.676636
97.140564 72.29154 44.653053
93.479256 82.474846 72.13925
84.15501 64.19285 44.361637
92.58448 65.36934 32.100998
98.05748 70.497185 41.32635
110.20645 74.77042 30.38246
106.00628 85.46253 63.249695
108.90062 89.26824 67.95154
108.97325 81.94498 30.443813
99.200096 67.00152 22.363182
97.03341 72.09649 33.31561
104.0741 85.192696 61.179554
104.405464 80.19645 55.637222
89.7404 68.00195 55.806694
86.262085 66.17365 54.71717
76.60754 72.92884 69.56237
87.718994 68.2364 55.452023
87.68214 67.304085 55.29438
81.00084 52.950375 30.344715
74.84241 49.546078 35.396038
42.24691 21.347248 17.602139
31.246758 22.70382 17.546637
16.652523 17.29162 18.495745
14.166227 16.00228 17.484268
15.519354 16.842665 17.536604
15.8302765 16.80573 17.919039
15.503293 17.057074 18.412428
17.521887 20.60376 18.876204
44.88089 34.664303 34.900574
41.826477 32.120224 32.126965
38.54889 27.583595 16.241463
53.66258 53.832428 55.08048
59.04177 43.30806 13.215802
25.10695 18.78635 7.178716
48.77589 39.785313 26.004534
56.762234 42.081947 21.411972
30.702806 22.59545 11.281564
83.23308 51.01021 22.568346
65.0383 48.184948 30.524826
44.324703 35.588585 21.913517
46.14791 35.725655 19.426031
41.3951 31.740374 14.976036
18.204985 20.566319 16.859915
59.69478 58.37035 34.0782
64.24977 63.742374 50.73731
62.178513 58.30282 44.584305
55.388287 56.712738 49.925396
55.201996 56.703415 49.98794
44.13517 32.424156 25.363258
60.45676 65.164635 56.644165
59.62471 64.260185 55.67674
60.857887 69.70273 65.00821
28.9218 31.308136 24.111029
49.882664 58.44926 44.24354
38.13664 39.041393 25.899534
55.04433 50.27561 24.441559
72.879776 58.30986 27.384563
23.684923 19.581821 11.725859
25.290886 18.667292 10.760994
60.20281 44.298386 28.821436
78.62924 59.213802 42.589497
80.15817 71.54157 54.129723
98.41884 78.25301 57.275787
35.512386 32.76221 28.984953
13.046028 39.562546 56.464638
26.407335 41.56201 49.341297
65.73695 53.89819 38.34783
66.820526 54.805298 38.895355
59.89766 49.269276 29.427298
72.97609 60.048763 39.674866
106.59223 79.20184 52.76201
107.38223 80.516464 53.214813
136.28334 119.97381 95.2746
127.96418 111.33939 85.62922
114.16433 88.40232 57.3492
48.700047 38.636944 25.459976
48.045216 32.667393 18.865944
33.888084 28.765858 19.134108
17.711851 17.000685 15.12481
46.44412 32.65731 18.958786
45.726467 19.167772 14.436747
41.125492 32.204376 19.602062
28.844538 25.830124 19.232395
88.714005 43.62258 18.485992
18.374405 18.162125 17.00636
22.825565 19.844057 17.769936
33.620884 26.722668 19.465727
44.826324 39.773937 24.504154
51.33681 40.889957 24.213623
55.906372 31.626837 18.177273
66.799904 53.07311 30.947866
60.675323 43.489132 23.962914
72.2042 74.82683 53.551575
87.468285 93.04747 60.695816
82.50871 88.50289 60.701057
65.36308 70.17023 46.48247
81.62187 83.40994 52.477962
130.13763 132.69858 104.75537
125.58365 127.68059 97.04942
116.45179 119.16296 91.17084
120.19992 118.533035 84.51001
71.48095 68.6066 36.80801
117.01489 112.01591 89.32187
116.20065 109.712006 80.75403
113.82559 116.256485 84.46241
121.604774 121.34614 92.82749
107.097275 94.14343 72.79866
108.52771 96.31113 74.558975
94.35819 87.26796 62.890923
121.118835 110.77176 88.87993
106.82642 99.690674 59.969982
118.809204 116.91073 88.24453
122.216156 105.16091 86.53534
145.30968 140.10326 108.767685
149.2114 151.97997 124.08271
128.93323 123.89021 101.7085
81.99248 71.54557 51.568523
63.418785 49.54537 33.03944
133.51682 130.45985 102.89495
93.60249 84.184975 63.57382
130.1518 126.307274 101.16372
119.97933 115.5401 86.647484
38.38588 32.82554 23.595198
75.66985 61.671165 18.942015
62.287037 53.154625 19.51639
80.1179 66.08902 23.943003
96.401764 78.61792 26.955795
92.14578 75.32095 32.16843
57.294838 45.63798 20.034704
105.23668 71.70369 31.807756
112.77834 78.20167 36.781715
144.07346 108.56591 41.32858
114.08618 94.223274 60.740654
120.81744 81.284424 39.922787
130.18097 93.43956 40.824272
67.22644 41.733685 30.922155
141.69003 106.8647 69.65696
83.98108 47.984344 26.523205
148.48361 128.80634 87.15921
128.14566 100.176056 58.8035
121.27888 99.86123 76.13365
120.81602 99.63332 75.75527
130.81267 110.03012 82.74668
133.02107 112.47416 84.06976
102.74856 113.76198 109.86063
107.664734 71.14756 31.449589
58.826477 43.016186 26.643505
71.875595 54.206276 32.912148
117.22512 96.662704 63.1526
132.90533 105.89163 67.48701
109.922714 86.699486 52.721478
96.82291 77.51044 51.332428
125.073364 97.07045 59.931503
126.811104 106.27262 72.65298
108.52014 82.71274 46.60196
109.7712 83.90156 63.21261
105.80667 81.15336 45.7635
101.95481 77.229706 43.401688
117.35016 84.66296 52.328377
134.035 109.86113 73.145584
103.58701 77.660934 43.87557
111.32936 82.39895 46.790024
123.24488 103.712105 81.99468
121.652016 100.4028 78.6052
119.941536 98.44964 76.04846
133.35158 114.08147 88.825714
135.43155 115.74506 90.91587
117.866196 90.13613 52.33841
115.18419 90.18776 55.441864
157.99823 135.15933 101.27212
149.99245 128.92833 96.521484
145.28194 119.90954 84.621185
106.42091 76.75426 46.388412
1.1011248 1.0997314 1.0976542
36.80259 34.79043 26.398825
52.007473 40.51411 32.727886
27.72852 30.253977 19.76958
25.411642 30.013248 19.127293
39.421165 42.46656 30.62519
39.400143 42.501698 30.293293
42.354645 42.760715 28.511957
57.444347 46.901104 35.479202
20.963573 20.024141 15.406221
46.15303 46.030067 32.51649
40.603176 36.01583 24.421219
59.867287 25.42489 13.4291725
41.227127 22.222717 13.796535
16.445688 17.619364 13.341498
15.458303 15.739234 14.801297
17.529867 18.015377 17.244883
26.455795 23.229202 20.998709
17.170761 20.299803 17.453617
16.317358 20.300512 16.73997
27.822296 29.654778 23.261703
26.878204 27.661871 21.066116
28.244503 28.943941 25.149433
18.16192 23.973604 22.06105
18.64201 22.516289 16.70225
14.197664 14.788023 13.301373
15.873467 18.342537 15.938874
15.912504 18.365335 16.073816
17.79765 17.624836 15.129674
18.584837 24.205036 19.1527
20.151865 25.921926 18.92788
20.885069 25.600086 19.10034
20.170357 25.092842 18.738728
27.606342 33.42821 30.462029
18.77442 24.364475 19.516644
18.237385 20.1412 18.508106
15.732369 18.347097 19.444574
14.337876 20.321005 35.77432
20.190723 20.223604 21.880156
16.922485 17.497213 21.048687
18.393505 19.183275 24.357407
17.085672 17.596767 23.851683
57.994427 53.9715 41.28164
71.91245 58.09089 39.34089
65.706505 45.319206 29.150927
53.27541 45.72776 33.34859
55.886894 40.39287 25.766592
90.25296 78.98199 61.59877
113.192726 86.9466 30.451668
60.593983 30.188646 13.740171
22.775888 15.570397 11.063178
17.29575 17.173168 16.862194
17.052412 17.04276 16.991386
41.23399 59.67426 62.895508
29.171091 49.740475 36.032097
28.901587 49.18287 33.801296
41.080757 63.83985 45.631954
135.5033 163.6263 158.65366
107.60558 126.62828 120.27214
124.86151 141.37482 127.94896
77.87387 94.94536 83.150345
90.17882 108.27789 86.728546
129.303 130.5317 110.145966
118.07483 126.81652 99.028824
109.17168 114.25998 92.03906
102.71278 112.565 92.73716
109.98202 116.45357 97.855255
142.22061 152.43971 145.64325
82.83939 92.951385 66.420204
135.75041 153.93672 151.31163
162.84789 178.61823 177.69502
144.42436 159.65022 159.98318
126.30629 141.6589 137.61774
101.41848 125.33438 120.451035
95.58613 112.96623 109.72966
74.99549 82.08041 75.315254
64.38981 42.75261 19.342714
136.84857 108.7193 57.587013
65.174 39.967854 18.948172
82.272644 58.12952 28.595348
79.56171 56.465294 28.644188
80.968994 58.264946 29.382181
84.252304 59.484776 28.283388
97.89072 88.32045 70.8379
94.61485 82.55249 71.107635
117.04258 106.026955 98.28937
99.028725 86.84844 77.45729
95.15498 66.17041 45.742123
95.38198 66.663666 46.05826
101.947235 71.58937 46.973022
119.1853 109.1888 90.62066
104.89029 79.02657 49.992275
135.35872 134.881 112.98885
128.83278 128.93733 108.69229
68.23701 57.12638 45.330173
128.22794 107.64513 82.55533
103.69161 71.25418 26.68738
167.27548 171.50917 152.74171
106.322426 103.401764 88.86708
73.48668 56.842815 45.88801
82.40926 48.497036 31.335825
83.52295 49.899155 32.590637
140.22809 128.35051 110.05649
100.87481 67.31483 44.257877
102.016235 67.915695 44.773533
103.55568 69.13102 45.45777
76.69939 51.388515 32.630535
110.60523 93.70278 76.53567
94.39186 70.60865 54.10941
98.44617 78.156525 61.43401
112.64624 90.89629 70.37532
129.91063 110.61949 83.96692
97.362625 87.91466 73.753746
98.23751 85.993866 74.61853
95.10591 82.692474 71.26733
0.019936163 0.01783362 0.016896343
4.971274 4.9691963 4.9682083
2.324121 2.3217652 2.321917
0.67653763 0.6742071 0.6743844
4.305629 4.3033237 4.3035007
7.12367 7.1216435 7.120833
6.114728 6.112651 6.111891
5.828782 5.8267303 5.825945
8.048029 8.045901 8.045167
6.718563 6.7163844 6.715625
10.939203 10.93662 10.936822
8.111713 8.109104 8.109256
8.887628 8.884917 8.88512
8.003166 8.000811 7.9997973
8.740728 8.747695 8.741615
10.740146 10.741843 10.738423
12.905917 12.903485 12.902447
7.046611 7.044128 7.0431147
9.191103 9.188089 9.188342
13.764591 13.761577 13.76183
15.270189 15.265199 15.284704
