0.0014920029 0.0014920029 0.0014920029
0.0012532824 0.0013129625 0.0013129625
22.41042 22.41042 22.41042
83.64914 84.81792 72.94674
74.55807 77.84438 66.646904
98.258804 97.71198 91.27826
121.77303 121.80869 117.43095
93.97096 75.01032 60.079285
100.88485 100.23568 94.58039
107.90409 109.48899 105.87264
61.46306 58.386787 52.14729
103.517365 97.28847 93.53029
155.67715 145.14105 141.05861
95.13634 96.2132 92.250656
93.5128 85.83854 81.4385
96.426025 89.09916 86.31917
89.46726 86.75361 80.517365
150.96097 133.85498 126.726906
77.73779 96.99472 94.637085
123.84913 136.50787 138.1822
107.053024 117.779335 118.82081
120.86393 123.471176 118.611305
51.02292 80.122375 77.25179
52.0111 80.83379 77.83636
87.661316 91.2141 93.3858
93.87249 96.53166 98.49182
66.87918 86.60444 85.648186
120.59146 127.15568 126.38891
104.35056 92.21294 85.746864
71.1179 67.84907 62.989914
51.54649 46.94002 37.064186
92.61073 95.91645 101.605606
87.320694 83.29214 79.375534
86.22771 76.84761 75.17242
98.571915 99.10369 92.187096
107.00851 94.778076 89.638664
59.782795 52.50346 43.45524
99.99248 85.34023 80.3354
121.33648 104.323494 98.23699
85.628044 67.18119 56.127716
95.30132 75.71031 63.9186
109.741615 85.77557 72.70148
98.259636 73.195274 52.79294
107.50579 81.700554 66.81723
114.28154 86.76608 67.13443
100.16349 88.40615 77.478905
29.383774 33.616764 36.25403
43.584328 29.34143 23.591938
24.064514 22.29312 15.600591
124.53596 124.01835 120.000984
116.798996 119.581375 121.29345
42.615 47.15884 41.025303
113.028915 116.419136 116.96941
120.54011 111.994865 104.93113
55.73132 56.340324 55.495884
121.487434 114.85957 108.30091
67.8764 67.71592 69.286705
65.13073 61.639534 60.57791
132.82838 121.05243 116.112854
100.05043 91.37419 89.62038
71.59671 68.36894 69.07275
72.57421 72.67382 75.1347
126.836266 117.52334 112.81102
128.60623 118.56061 113.660805
49.084568 49.35023 48.31511
121.8522 109.963326 104.61649
137.52922 128.3385 121.48801
52.438618 54.783062 57.670982
63.80816 64.02298 65.84713
108.861664 104.30252 100.16979
69.79879 69.56123 73.30825
79.7406 78.02668 74.22305
110.37181 107.68113 103.842865
115.15311 110.032524 102.523994
89.70581 87.77539 77.51707
79.52531 76.30076 65.201805
124.446526 109.25573 98.79306
89.586716 85.61677 78.664986
104.77208 94.084236 87.19685
105.69035 107.20733 109.10811
93.226875 83.46237 66.72777
75.83015 78.25698 77.85333
107.82114 95.19518 82.76059
110.086205 98.16057 90.6193
100.96061 88.82475 80.86858
84.321495 87.14272 81.646034
115.32326 104.215805 101.147705
115.933334 97.0188 90.33803
111.33003 101.34874 98.09465
114.62103 93.84516 85.94342
110.39762 92.59627 82.90173
94.52211 82.388275 76.97428
99.8696 83.77706 75.55855
127.973236 106.34098 96.752235
111.908005 90.911736 80.63479
105.02131 89.18286 81.58308
113.05485 98.929276 91.95303
107.73642 89.75406 79.790405
117.07004 99.56717 93.84621
104.666534 94.48565 89.846504
108.84591 96.17585 92.39389
35.21088 29.708284 28.418865
17.736631 13.89929 10.228366
37.08773 30.896156 27.48854
24.59304 25.383833 21.693094
37.242958 30.043776 28.392397
26.31893 20.289389 16.881863
46.36244 34.36596 26.667374
69.90168 47.987885 37.026497
29.47231 21.830896 16.109245
35.03969 26.782495 20.794073
43.952824 30.795177 21.19778
50.53581 40.642605 35.44163
33.422028 25.3451 15.559412
29.453688 23.67385 18.544432
30.99603 24.342981 20.220726
31.019247 24.562426 20.294819
83.55968 70.41597 56.357754
130.44008 100.87315 89.023636
94.75128 83.003494 77.72162
114.394485 98.46998 90.96359
104.76647 84.913284 77.72586
118.20981 87.02745 58.119747
109.63518 83.943306 63.895054
101.99436 92.04784 87.12455
65.645706 64.60333 56.40433
78.09799 84.557976 82.763756
124.111336 111.28477 97.77217
126.06747 111.27718 97.68024
127.00161 108.39806 96.62383
158.77757 124.97881 120.653435
184.9749 146.33484 144.89195
151.76907 119.775185 115.203926
86.98412 57.916805 44.487617
44.135593 35.152214 24.924475
84.82135 58.737556 47.351933
106.77342 71.378105 58.339848
76.52184 53.928474 43.617092
89.845665 59.642933 49.239197
84.82487 59.150604 48.678024
93.36462 65.252716 55.30186
90.09358 61.321976 47.432713
88.29784 58.75227 44.510265
103.7386 70.73943 57.015816
78.23284 55.024677 43.800312
90.30434 63.142128 50.93841
113.823166 81.50585 71.056335
115.35534 90.9718 69.43462
111.870316 98.4607 87.084595
103.98072 80.87038 61.766205
85.55571 62.825645 39.09119
111.840836 98.40147 85.612946
111.701065 90.51561 77.50036
113.725204 98.51555 86.203125
71.946495 56.099277 41.692947
119.066124 102.811676 89.50069
111.13947 86.19456 64.034584
107.59952 87.80073 85.32343
143.73145 134.6634 128.8659
138.27689 129.17793 123.37016
109.78405 103.43736 88.43808
109.97049 102.48738 87.92421
87.79434 86.85703 77.74618
82.0373 81.704254 71.463806
8.824749 13.373538 7.6923194
7.698675 11.355067 4.7065825
54.275784 54.23147 57.15532
56.706375 53.071198 48.215534
34.193005 41.354233 46.53339
64.84534 51.395023 50.807114
61.268948 48.081017 41.39696
63.48729 51.626938 49.302788
65.37431 55.461864 57.730335
64.33072 52.83236 53.090355
77.53205 91.29261 107.05986
84.885506 121.691216 154.1062
116.655075 119.59128 122.4501
79.20852 76.65212 76.09913
102.776375 87.11032 79.47711
74.76224 64.98293 55.998657
93.988304 83.76766 78.01799
131.4798 116.88765 110.97219
75.67125 61.827374 55.44163
121.00871 97.595726 91.69309
84.99761 83.435036 81.43414
80.707 79.82642 85.97335
76.62264 76.76427 77.67588
58.45569 69.23326 70.9533
101.45527 96.18402 93.2033
58.86784 71.54956 73.64389
79.1552 75.56696 71.86748
109.13729 103.17328 100.79598
94.05995 85.14341 81.05219
83.390785 66.00242 61.12458
73.71228 63.07236 64.49377
72.22956 87.400635 102.58111
135.24669 117.19745 113.32051
124.78593 104.60587 97.779366
126.32165 108.091965 102.4567
115.72861 100.45026 97.4405
79.29333 70.75779 73.126434
118.07752 98.129 89.443184
110.6563 90.411316 80.78557
120.58484 103.547 97.65162
113.3952 97.84525 95.20969
111.18967 95.00484 91.976006
70.02856 51.916924 46.766113
76.39019 56.556934 50.806965
110.32502 91.46392 89.39962
94.495674 76.08573 73.36954
106.58695 84.9177 82.10656
25.776917 33.62891 33.829075
26.256117 32.61211 26.383385
47.974575 41.736305 34.41436
68.44918 50.441902 35.509876
52.52259 41.639053 28.526676
70.86769 52.38625 36.057682
45.58979 34.750298 24.678144
61.32418 43.66421 28.857782
60.810455 45.03927 29.15878
86.98144 66.92519 51.62115
93.58537 119.30872 113.092026
119.200615 104.55849 77.53229
110.73437 100.13649 99.33185
104.86518 92.804276 88.88437
105.90045 83.94035 76.8058
102.230606 85.52542 74.84958
73.29479 64.06589 57.959595
97.14264 88.45611 84.21306
107.66791 94.54792 86.40681
78.82463 65.05425 54.758446
99.86211 89.046074 82.98637
102.70897 104.01605 100.61951
137.19698 124.86524 116.622734
83.566124 77.689964 68.34054
106.5299 93.32857 85.77909
122.16818 113.34671 100.8036
116.59737 118.96237 114.42429
67.54133 71.13168 67.13449
89.57451 83.51563 68.71073
77.65568 75.91305 68.05595
41.962402 49.078568 51.243347
53.418476 44.157017 54.763187
9.956433 23.073406 47.56708
45.40126 56.08764 63.15988
17.130312 69.45288 117.351814
86.74988 104.949036 135.62825
44.853336 66.885475 86.820366
43.683216 52.62097 63.537033
34.18077 43.133625 64.44235
15.979291 43.810368 66.050995
45.78557 54.44029 69.50245
36.202705 43.23093 40.47526
18.880043 26.275902 15.121837
11.000388 20.35817 19.29115
36.439125 36.099724 24.431189
30.163315 32.20554 15.911703
14.228306 26.8861 16.678593
29.679667 29.128521 15.877059
49.869957 41.581703 25.18101
49.909973 41.61939 25.227322
39.35468 31.57466 10.3787
49.88849 35.039776 9.711925
93.07678 58.64204 27.161345
41.131355 32.60778 13.131624
75.67934 51.627983 27.679728
56.051624 40.652096 19.22765
54.303295 44.030468 21.305532
31.373478 31.102829 11.598024
30.609215 24.864555 8.747106
46.618225 35.770412 14.638637
53.84701 42.2406 23.874462
22.2799 23.308187 13.05798
56.97177 38.73538 14.622404
67.258835 46.84698 21.061083
64.74123 44.27999 22.878162
41.554012 33.60653 16.577524
57.91469 44.520054 23.457567
64.94459 44.640278 26.622284
79.11366 51.424297 30.265726
62.340324 44.550488 26.732841
66.37703 44.682472 25.161495
42.156452 35.432083 22.85632
59.967712 42.840057 26.015726
69.346535 47.289032 28.375538
66.39559 44.93223 25.3582
71.08659 49.23893 31.68665
75.93289 48.11939 28.729351
58.784912 41.55574 26.135952
74.75492 49.140934 27.971533
69.03852 46.95572 26.743614
70.747795 47.224667 26.308338
77.140755 52.747135 34.400333
81.79067 56.790405 35.785957
63.93853 44.439453 29.06344
58.976727 42.025364 27.948824
66.11142 48.62742 32.894726
102.508804 65.145676 39.420803
104.26835 70.35178 46.98726
99.27345 66.674446 42.75203
109.03405 70.95652 43.273273
123.81854 80.02873 50.418686
104.36175 68.57263 42.74609
91.00952 63.467983 46.063976
80.97544 53.666298 34.422176
81.95366 55.49758 37.264263
89.79765 61.18152 42.370018
92.13941 61.64001 38.16806
94.37488 64.82752 46.784138
90.57732 60.78011 42.291748
103.77659 70.09543 47.246212
73.011604 48.93892 31.573616
112.24925 70.22831 45.876163
94.95115 63.18483 44.413136
74.26922 49.54676 28.643053
68.855934 46.224636 29.971443
56.346146 34.94217 9.958045
78.55953 50.261997 23.133923
71.156395 44.08346 22.54497
78.12121 49.95017 29.881893
75.359245 49.510803 23.752745
64.99344 44.519875 27.665224
207.65663 194.82048 186.17233
93.9177 78.49544 74.19256
106.321976 102.00364 95.15418
67.044014 33.843727 17.532198
64.578476 33.184174 17.766382
110.95419 100.327286 77.014175
126.30157 109.170654 88.41194
111.11023 99.87706 93.08794
90.20366 80.81362 79.17671
103.449036 92.35602 77.3112
125.30282 105.49621 96.32947
137.19388 125.19701 90.91525
151.43817 133.04953 116.14714
160.4468 135.1976 102.36056
151.42474 133.40195 110.44846
133.6567 121.61262 106.06436
135.83543 115.64308 80.87264
128.71165 114.03682 98.70127
136.79097 117.091194 81.339935
129.086 111.334564 82.193184
111.573555 94.96198 69.89013
144.84784 119.332954 102.80398
135.7643 116.48595 85.537476
132.15085 112.94011 83.277214
127.479706 109.04428 79.50662
136.3301 114.8286 80.877
132.21812 104.97365 87.0034
126.70533 105.81117 75.929695
118.48637 100.878876 74.73985
123.17409 102.919876 90.80437
152.4089 128.39162 113.53435
157.53485 130.73717 113.65376
149.7671 120.40424 101.966934
110.19682 88.86345 58.893353
130.97752 107.4627 75.78193
147.85664 116.889114 104.47419
106.12867 86.52062 55.61172
111.96715 91.50582 59.91594
132.21547 107.205894 95.538315
143.87718 119.88419 99.96261
107.545685 91.35602 59.70891
125.809296 104.77805 86.96885
115.85999 88.43901 73.00376
143.35667 125.991135 104.61259
173.35245 150.56105 133.63052
110.02632 80.6683 63.443184
142.1717 126.21682 95.05738
145.3303 128.58693 94.51185
149.26689 122.56264 95.68349
183.65382 177.38228 171.75821
118.24045 107.06261 111.1307
77.86841 70.68005 73.780136
92.83212 88.20736 109.19086
91.40746 80.04028 76.67674
106.193665 87.95989 84.876495
120.414536 101.60772 97.88515
125.13688 115.26185 113.52787
145.88539 118.92758 113.7685
128.65099 94.81305 87.297264
123.57711 109.25892 102.81696
108.84674 95.89664 96.56436
120.078926 94.3209 84.68572
120.46751 109.64291 107.40869
123.814545 111.36262 109.32711
139.96992 120.031006 115.44682
103.73409 87.75985 89.05219
124.60211 106.97905 107.416
120.40466 100.31595 100.565796
144.90472 123.098236 122.96754
152.15189 117.377655 112.437904
118.98296 96.98168 91.05989
125.73556 97.61354 92.48654
129.04544 96.470604 87.29888
85.59373 66.876015 58.191574
102.44315 82.0074 73.92579
74.278946 63.043774 66.76301
125.25973 110.34412 97.947395
138.29356 121.046906 113.21222
91.68623 80.49313 75.85912
117.149734 95.52089 82.35119
108.15257 109.48702 113.21926
97.30276 99.53972 109.873924
76.488335 90.239975 100.97753
83.64046 95.40087 105.455475
84.64019 95.20524 104.208374
89.96473 96.72463 103.56798
108.786194 111.62906 121.40159
106.22905 100.33263 96.642395
138.62703 124.45378 116.24454
97.67265 92.05756 91.149826
102.61835 91.63676 78.24272
152.2085 129.20398 116.88159
143.40176 123.37545 109.32385
75.90373 57.18871 41.351307
96.47249 84.878525 78.15278
80.40815 65.77167 57.916595
107.8192 105.68391 63.18686
122.80813 120.83272 94.19495
44.851933 54.782585 61.271275
127.653465 119.49245 89.008446
131.10114 106.745735 87.77665
137.16946 120.5578 100.06517
131.42636 112.91845 95.48517
106.672775 102.021576 83.05655
135.95538 117.35937 96.29169
122.463715 116.49914 84.53446
93.84343 85.076004 74.61942
105.11375 98.02709 83.978516
111.205864 97.079735 84.96506
112.73437 102.25623 89.83245
127.550606 112.898994 96.13989
124.09531 109.818695 93.489494
108.86635 104.59101 85.44635
98.06765 96.97001 83.301476
82.44763 81.52465 70.893265
106.4997 100.05589 80.84582
135.11798 116.08194 103.27208
184.7494 151.61829 142.05264
128.46896 132.80153 106.081406
123.68829 125.54297 58.66287
160.85645 137.23735 125.27907
125.41621 107.82376 93.93098
135.06801 116.56773 109.057175
168.0894 146.03453 134.62819
146.758 117.27781 107.92546
148.72046 113.4163 102.09152
144.14165 118.59134 102.28235
134.26036 112.95339 108.05499
87.49374 76.646996 67.00985
87.31887 72.04497 60.86942
45.44348 36.31726 24.1324
69.25445 51.40529 39.25382
43.206074 35.18429 25.651976
92.75009 62.5037 50.111633
82.450165 56.06317 41.376133
93.80535 63.18725 50.192825
68.90851 49.484303 33.364048
90.58328 60.474815 42.895947
56.784077 41.401527 25.649797
102.280464 81.01513 72.06403
95.98228 75.55869 67.366585
105.715294 78.71464 68.858406
81.34588 62.743855 50.032257
67.96303 44.97765 30.185873
97.67361 64.705505 49.664566
77.59054 62.762505 55.180054
81.03942 55.963684 42.463387
64.73815 46.89693 34.373657
64.795204 44.94026 30.450584
61.71661 46.92701 34.595695
100.80404 74.45094 59.642097
66.7796 46.769962 29.583462
94.07004 68.75707 52.556248
124.22332 88.667046 72.64469
67.825226 51.235706 34.180233
66.56589 53.39195 45.562424
73.32549 51.759968 35.409824
102.83839 74.20778 61.945126
73.989944 59.047417 47.14031
71.1586 53.214104 41.771664
99.87962 71.47085 56.347816
90.64204 66.832924 58.16791
83.44351 58.851486 46.247074
96.98568 65.97291 53.385414
110.41039 77.81508 63.58734
101.362885 75.26077 67.665016
94.26758 68.57436 59.875984
113.49672 70.27134 57.078182
94.189514 58.788048 44.328033
100.43185 89.94378 86.48779
124.97711 98.317406 89.840836
115.66675 96.29706 94.05658
108.58289 89.32343 78.13518
126.49588 109.838295 105.63944
132.00185 105.448944 101.88718
58.111244 59.8104 59.80264
110.310486 82.508026 74.24397
131.72115 98.1754 89.620285
134.9576 103.47508 92.219925
125.34376 103.62619 87.97329
91.30538 78.728966 74.22019
121.91305 95.02605 86.09376
118.43602 94.853546 85.33439
138.10867 99.732635 90.655464
95.60772 68.16561 57.456554
141.37067 118.5239 85.310875
132.89798 97.881 89.21813
94.8753 73.034645 68.345276
116.96509 83.87709 75.62455
50.57439 45.466072 29.38637
43.16358 34.129776 18.814365
64.064156 49.552338 32.982124
82.922325 68.71273 55.530495
72.5319 59.66418 50.4123
63.905228 56.40863 49.68865
99.87831 85.733795 81.84969
88.30565 73.90362 69.282166
85.224365 72.19769 69.41878
105.42081 87.897705 88.59232
91.635475 78.465416 77.29825
89.20864 75.25454 65.22019
69.59212 56.67931 41.77784
93.36587 81.80595 84.61106
84.04649 65.68241 55.22568
75.274826 57.847637 43.173252
95.986305 72.22947 60.206493
96.5527 69.939156 56.221176
68.032524 61.101753 47.326927
78.7819 56.418774 37.164627
84.860825 60.256653 40.13279
86.61345 63.085102 46.91585
80.63729 68.97058 59.342503
120.023964 82.00645 55.165253
92.1586 65.32204 44.28136
72.79428 58.51847 47.070633
66.05315 54.863304 45.44217
67.72502 55.929695 46.67164
77.70852 61.90293 50.726604
69.71458 56.34361 46.45709
91.30064 75.365395 65.849365
75.067764 60.493107 50.666687
66.628525 54.45658 44.990334
82.00015 65.98272 57.699093
81.30079 66.77038 59.250687
87.63109 69.93394 63.27268
93.66272 77.9701 70.121925
62.387295 43.230873 23.799236
87.96655 56.808395 42.326958
91.47189 67.42125 57.838924
94.95336 63.06132 46.90854
105.950226 97.41955 85.96276
109.38437 103.42268 99.26355
107.22941 107.02993 85.50075
83.20441 72.42006 57.10456
156.00299 129.49179 120.61903
127.791985 106.16612 92.44662
115.30458 117.78745 128.76555
131.19966 108.65654 104.31231
82.7981 92.14425 81.841934
106.20867 98.489494 93.71551
70.7019 65.14636 65.05171
70.42552 62.352173 57.289925
67.26113 57.450077 54.41191
95.07463 82.07063 79.1284
54.275036 48.987587 45.367004
90.45413 85.709625 85.00191
73.26641 82.40195 96.93778
76.7446 73.57955 67.47592
76.11375 56.01328 37.40162
89.01399 63.446823 51.868645
94.425606 74.22762 66.92385
82.60915 62.59707 45.307205
87.51847 67.06908 55.935783
50.334747 43.36399 37.553024
92.33856 72.05577 66.96425
81.79381 68.61479 65.58961
78.76886 57.44014 36.118763
77.25048 58.978962 42.277245
64.29723 49.94733 37.757996
86.663376 67.757935 60.993855
92.3431 73.506836 65.63491
73.105965 55.92161 37.954285
84.48651 60.62691 43.764652
83.12634 59.943604 40.68871
93.836624 71.53441 60.075943
75.82054 62.130043 51.056725
77.25295 59.167046 42.44957
88.86417 70.43733 64.747765
64.63673 47.362316 33.87542
92.588715 66.28819 52.676056
77.77796 55.42931 40.917553
75.98362 55.937576 39.9869
78.50976 59.823555 49.086357
77.95211 57.10229 44.69053
64.30112 47.222366 34.63434
79.07418 57.510353 44.02271
65.88145 46.508118 32.94975
100.40949 73.12118 56.481888
63.39511 48.77772 38.367153
78.67346 55.85611 39.015068
99.68119 73.51936 60.914867
84.135864 56.60835 35.717655
92.67719 64.57338 48.886936
82.53175 64.76605 54.269905
163.2535 141.94113 130.88846
187.27414 163.58093 148.72758
133.10826 112.31469 99.07571
140.51718 133.73004 130.80986
156.54637 141.25471 131.51224
112.69701 84.34686 77.232635
113.78482 88.11811 75.785866
86.58773 60.174057 38.562218
155.73573 139.4684 129.81598
96.83412 92.17799 88.52966
132.39473 114.851906 108.61017
122.93689 104.078896 93.89667
107.131836 89.414566 88.75343
114.85638 97.169014 94.16561
126.86321 128.1364 125.45622
136.05022 115.286736 107.04542
121.71959 115.330894 109.07481
155.17441 141.4912 135.80983
179.71909 162.81421 157.71568
159.70769 137.88687 131.49313
142.51012 123.42716 117.7332
176.54694 157.47018 149.99281
139.0145 121.234184 112.89828
147.52367 125.93486 119.54762
136.76259 104.69796 75.92429
76.373505 65.43227 56.67173
171.69966 154.0077 144.23988
123.45781 94.72034 74.33889
126.824005 118.926056 117.73639
131.91084 125.265366 102.212074
59.31941 57.387413 44.570602
153.88739 149.99835 148.09393
70.81708 75.10522 72.81705
80.41555 70.87846 58.983677
98.132935 84.4328 77.229706
94.855965 85.853546 80.73165
91.52187 84.56105 82.573105
81.92734 77.35128 72.68244
102.959175 85.60626 74.2255
125.19563 100.20783 87.48389
93.03918 77.895676 64.986336
73.55696 67.29485 52.353096
91.70005 81.59997 69.63724
89.99519 77.216995 71.64872
68.30192 61.762802 48.65466
94.14261 88.461655 81.894424
84.404366 78.52119 72.14266
25.317617 31.229738 22.828121
35.540016 36.302845 26.527662
43.156452 39.56371 31.833105
25.683008 26.45912 18.43835
36.593132 39.59525 32.25018
50.93098 43.824154 36.172417
39.478844 37.517963 26.956224
35.592922 35.858738 27.145708
60.11799 48.456253 41.331226
66.67793 50.46628 41.083195
65.34907 49.640636 40.394306
49.08809 41.477352 33.734154
50.33048 42.57272 35.92561
47.0487 41.120884 33.942886
67.43611 53.59155 44.003403
28.741884 31.014145 19.068184
31.042223 31.561708 21.764502
56.973682 51.961506 44.499195
48.91263 44.351574 34.40308
62.98708 53.59886 39.890816
65.41976 62.92319 55.35086
70.35175 64.859184 57.226814
25.92707 26.558159 17.756683
35.721203 31.848473 21.83764
40.252117 35.555054 25.965952
17.891233 21.520231 13.509758
55.072124 49.948647 42.31553
53.838474 55.72953 52.667583
41.981052 37.853516 29.247463
44.586445 42.1882 36.88479
48.33752 45.171432 39.625477
47.101696 38.61229 28.812426
88.02131 77.780136 68.352264
60.34871 53.57493 43.909348
56.30449 47.926533 38.877834
54.04634 46.9197 38.13667
60.40884 48.80798 42.589252
57.258446 64.8251 67.18602
63.573647 51.161854 43.16051
63.35656 54.697422 49.749283
63.56317 48.829853 39.851665
68.242065 52.77659 44.10229
64.026405 49.70109 41.308426
61.369034 46.981976 37.116436
68.23899 51.663376 41.786854
59.4496 47.944767 40.683815
61.11381 52.73729 45.460133
57.061172 50.74576 45.920803
61.44757 56.82314 54.26107
71.95121 74.24925 76.15604
63.292194 51.383682 43.45554
68.585075 56.86584 49.02635
69.79661 56.666508 48.808964
27.620047 32.523754 22.39541
57.423103 48.57084 38.701897
58.325405 66.57487 74.874374
51.37097 67.58472 81.07343
56.60778 48.713863 40.963715
43.579166 45.172714 42.14995
44.28375 43.398903 43.4664
70.909225 71.41737 72.50439
39.4778 38.732933 33.210342
105.42173 87.78002 79.447365
69.53372 55.780437 39.87503
57.025513 44.75227 35.79476
63.700497 50.493824 41.865868
67.51218 51.08806 40.704494
89.43083 62.999283 46.047832
62.9778 60.72562 58.427967
90.27966 64.473236 49.72019
60.108948 49.21124 43.89938
78.37542 62.44411 55.702526
75.64708 60.21413 53.267395
99.660805 70.98311 54.90711
72.98022 56.60226 49.33827
62.209507 51.63774 45.85641
64.96264 53.84116 48.180202
56.0316 46.60635 39.944855
97.3878 71.16624 58.12909
66.931816 52.318275 44.701122
90.172 65.375175 52.203182
95.60444 70.048965 57.33788
100.04589 72.85462 60.01489
94.07391 68.34325 56.45324
97.44223 71.27432 59.03032
91.06789 66.94793 54.133533
95.144035 70.92621 60.40899
87.45444 64.63413 52.987167
55.256268 44.715893 39.95888
42.577255 36.13834 29.079016
155.9892 150.04971 148.55971
116.502 110.04682 105.073105
121.04491 94.9687 84.11557
160.96834 133.17218 124.774704
87.79578 90.22783 88.18969
150.50143 123.61652 116.07248
163.15236 157.91953 155.20763
61.097786 68.777245 75.28906
105.46156 102.01647 104.48562
60.40839 66.584206 68.14472
64.31472 75.35038 86.101845
32.898067 40.534824 36.852024
56.607006 70.71064 85.20828
45.519993 62.037807 70.82475
8.86757 8.59319 6.4960012
38.29136 30.811708 21.761219
49.59122 37.032375 24.732723
48.47765 38.22789 27.683487
28.18841 33.422924 25.321587
47.766174 44.318604 43.921818
35.327526 31.928055 27.55398
39.05413 23.940947 12.259936
37.36208 27.759281 17.131624
30.01844 17.815916 9.762294
44.333076 30.706017 17.045536
49.333492 26.027155 14.419074
38.001583 26.604023 19.168447
36.523098 21.193094 10.3519335
36.08737 19.170149 5.9146576
45.701748 27.00737 9.313948
37.069675 26.491854 20.715296
41.212223 26.30968 21.48126
43.54634 21.954823 7.4365005
51.49618 25.28011 5.10632
44.172745 26.591997 15.599398
24.185247 16.722637 7.6831284
37.00537 25.380312 18.838655
55.218666 33.103603 10.3974695
60.16624 32.34686 7.1665673
32.745255 20.979023 4.3618407
51.688084 27.579315 8.281929
48.303085 26.750387 5.7966104
85.155945 80.444496 77.13529
116.94465 107.09952 103.48156
117.20718 106.0581 98.27948
123.93477 113.91027 107.51931
115.18623 109.69411 106.34334
111.90404 99.51844 92.243286
124.86142 113.56153 107.984634
106.55753 96.05332 90.21562
63.862675 62.681606 59.12876
108.71076 93.081345 83.89261
104.26677 88.06436 78.21757
99.05643 86.653076 79.72338
119.09006 109.12136 100.36972
69.95046 62.452076 66.16448
76.97243 76.33958 74.89264
112.19047 94.84501 90.36101
104.97499 78.28616 71.01719
117.93647 108.98514 102.02993
106.76546 94.634964 87.01847
24.579523 29.532137 23.918058
19.215595 23.256296 17.247345
16.920149 21.99048 16.335253
18.395082 23.155287 12.858409
26.200287 28.0988 17.208792
85.362076 70.08003 53.799923
71.9926 58.048637 42.268112
72.44172 60.1737 45.027065
76.29592 60.42743 43.97377
89.66642 69.69915 52.178085
91.11193 71.41215 54.226696
82.42036 62.55443 45.092415
79.40723 62.853725 47.600143
85.09865 66.55771 49.50128
74.86142 60.567112 44.20515
77.34113 62.064304 46.44781
74.31959 59.444855 42.551533
80.91982 63.672028 46.999252
87.70763 69.68761 54.12524
79.78605 61.829403 45.868824
86.60166 69.33478 51.877296
84.31099 69.4701 54.70691
81.2201 62.073795 46.836597
88.44802 67.35778 49.34176
88.54443 69.20775 54.38401
85.42692 65.997795 50.081642
97.1643 76.20497 59.415882
87.52503 73.11575 61.502773
85.692375 66.37121 49.76438
76.02298 58.718338 43.13049
78.85886 59.810276 42.05082
79.396576 59.713387 43.22783
74.88894 58.315647 41.629745
75.75415 58.395916 42.299446
68.42877 56.796402 44.660988
100.30959 84.72771 72.10247
63.27211 53.849487 41.121567
54.37339 43.884518 29.089012
85.91615 68.04515 52.794434
63.618168 49.925877 38.744778
53.786285 44.51516 21.754984
51.770798 46.418 28.265726
48.799503 39.61906 26.298191
51.73696 42.996807 27.10247
44.975353 44.001373 33.261787
121.40944 107.38323 96.48448
109.10164 116.065796 120.0108
91.35539 97.60047 107.32675
133.49973 125.60534 128.57997
119.264565 104.88744 104.772766
90.5581 88.20339 92.15379
96.75525 93.22538 92.73326
118.405106 101.99633 102.81678
97.5692 86.53557 78.54849
112.6796 100.74588 87.26504
149.3479 140.12816 132.24435
132.82108 127.71506 120.060394
140.20738 123.58385 107.876495
132.09131 112.7933 94.73472
132.40182 117.76961 97.820335
124.829796 119.74549 110.03554
143.12999 137.64542 122.871895
172.21786 154.95341 130.33353
110.05246 99.024704 91.11235
120.860794 107.24168 109.94384
142.03297 119.28894 104.37751
130.0484 109.199394 103.092415
130.24516 113.96464 103.94876
133.14499 121.38198 109.04019
138.21556 135.97905 135.33627
172.12306 174.86195 178.37085
148.71518 134.56754 119.66922
155.87456 126.94396 112.41833
166.52966 180.63081 181.02832
117.52993 148.88205 161.74959
96.43683 134.80434 154.08528
106.36229 137.21712 150.93387
92.07254 95.20867 101.42149
93.52208 102.10068 109.14583
18.810217 27.560575 25.027721
18.4425 26.979738 28.62682
15.750478 24.11363 19.189007
17.850948 25.77059 26.186798
14.986124 20.469324 17.243853
59.27587 76.27235 72.036224
122.769455 115.812454 110.13977
104.988304 87.56965 74.71458
114.046524 105.140755 102.89308
132.72752 122.109215 114.82782
147.31895 135.89745 126.87431
118.14893 92.71601 65.82346
19.226427 70.84092 69.55732
117.547295 104.444405 97.15198
105.12327 100.43372 99.798935
106.32009 103.222725 103.328804
59.454197 84.27226 81.52853
102.71759 94.77793 99.92716
68.16302 73.22872 63.627148
52.920177 70.956764 68.25218
117.50391 96.81762 63.06869
111.49669 91.48454 68.01131
123.2327 92.661766 84.40293
125.40198 103.00704 60.275425
90.22025 74.3676 39.82075
89.28635 87.36372 93.30449
83.85116 79.919014 84.17546
92.80401 88.10931 91.828
50.014114 41.899082 31.658958
70.15475 61.32702 52.282944
71.60695 55.510742 39.971024
54.361183 47.79819 38.68283
57.24391 57.69369 60.241524
69.778885 57.571617 52.465683
68.54058 56.549744 50.196915
74.40869 59.265427 51.52056
55.563858 46.16251 36.579254
57.103634 47.939575 39.00516
59.316277 52.67668 47.30819
59.745613 50.366585 42.020023
73.01713 64.00648 63.446735
44.405525 41.66955 41.478188
57.006237 46.574272 36.48714
53.397766 45.89547 40.405437
56.273037 46.14941 35.78602
55.50385 45.681038 35.799595
50.73675 42.264114 33.618942
55.558308 47.370403 39.28566
54.22156 46.235947 38.018562
51.50042 41.905674 31.671759
72.363335 59.51086 52.829674
61.487556 49.060696 38.163494
53.471443 43.308247 33.13019
42.00385 36.405884 29.195362
54.98729 44.325703 33.86987
39.090923 36.010353 27.716759
72.49391 60.827465 54.68889
64.88165 52.08421 41.72929
62.243973 50.827465 40.830807
68.73729 55.46049 47.458046
50.49591 44.452972 37.946617
75.07182 65.75993 67.13455
76.82365 61.908005 52.077675
75.08147 61.71658 53.230125
66.12306 52.973175 43.952255
68.91528 55.59865 45.9365
55.11987 44.92928 33.573406
56.525753 49.28375 43.617092
47.534317 43.781483 40.552757
72.62939 56.840565 48.48505
51.628582 42.1119 31.710909
55.961777 45.349426 35.292492
52.650276 43.299953 33.71628
54.935516 45.32057 35.87828
67.56442 55.254295 48.289745
45.368614 40.75752 35.301205
60.929966 47.637474 39.049713
74.98183 50.881653 35.93647
56.77414 49.375298 42.327255
35.946915 34.92871 29.540224
45.68868 38.978275 30.497166
103.64144 69.32827 54.51274
94.01382 63.124313 46.572273
49.82251 44.088417 36.69166
36.24979 35.555054 31.369598
44.566753 41.695602 37.184322
80.28847 56.769573 43.964043
55.802727 45.88034 37.12512
64.33585 52.336445 46.986244
70.92122 56.764053 49.976456
55.336327 46.48332 36.879505
61.90135 50.07403 42.130997
65.163795 53.13795 46.373447
67.8448 55.216938 48.88219
67.64801 54.650333 47.84379
67.896484 53.303055 45.927967
68.8354 53.61802 45.32794
66.74714 54.78193 50.118496
58.480545 48.107723 45.144634
69.39213 58.07851 55.67725
73.33895 60.013847 55.12724
54.610737 45.1854 37.907646
54.310905 44.928352 37.795925
54.59734 44.43334 36.11745
68.00982 55.254356 49.68089
52.155525 43.149887 37.79798
56.946796 47.89526 41.147827
55.690918 46.98833 40.58952
87.59701 69.04846 59.49651
53.529243 45.16263 34.23132
30.258982 32.083195 29.325315
61.144485 45.6025 32.944946
73.49302 54.47786 42.49943
67.92937 50.560066 38.944855
61.52814 47.52292 37.982273
44.532436 44.340298 39.89929
165.46072 153.20525 151.85318
105.78894 108.32048 103.504234
96.38696 89.68569 90.833015
129.63136 123.79855 120.2742
127.52907 123.11476 120.38004
122.33648 117.49722 114.1996
133.69444 126.491165 121.882225
139.3215 122.74803 114.05192
101.27187 72.27339 59.783928
101.0464 85.49675 75.60632
127.93295 104.53766 90.52286
134.84412 118.265755 112.97058
102.21754 95.35316 87.394394
130.89221 135.56717 140.64824
123.63491 121.62244 125.71554
104.566635 105.760025 113.90779
111.96318 108.730934 105.68519
113.55541 101.89944 87.06857
134.61082 112.48857 95.312515
87.372375 75.861244 70.31556
103.29115 88.34101 82.10587
111.944405 95.672325 87.493675
100.76713 86.26191 76.027214
121.65609 103.54622 84.938705
145.01567 121.98209 103.439575
111.937126 91.42203 73.97935
113.72082 90.04267 71.58215
110.64063 98.55897 85.912476
135.97365 109.12948 91.66427
164.05055 146.53587 139.78664
164.41325 140.68367 117.980515
106.13237 88.71028 78.83773
101.50725 88.75606 78.04581
127.81559 110.39374 94.93086
128.75113 107.93739 89.82958
127.587906 119.573944 116.98946
110.79392 89.778435 74.153915
158.46939 142.94716 133.86429
146.65004 131.78575 123.285095
138.33159 124.15669 115.68391
142.22243 131.52664 126.92573
147.04184 136.93999 136.26456
138.10008 131.6389 127.842834
121.66615 118.47422 119.24182
160.57326 144.4997 134.97305
134.37482 125.209236 121.36184
130.28847 113.44476 104.05899
164.83531 148.12172 138.90273
147.50343 129.03769 118.301506
143.75044 128.1629 113.189095
128.20262 113.31812 103.6694
131.51364 112.4684 100.70649
131.69014 111.82418 102.43405
128.25334 118.77426 113.08865
98.33806 95.09254 91.064545
114.11482 116.24839 116.85217
67.00242 82.61351 90.82445
104.57466 96.41528 95.34152
87.81592 92.271515 101.18536
89.251076 95.38879 104.93024
81.208374 93.081345 106.36721
114.473206 117.44334 128.53082
115.28494 118.4473 129.87416
1.3988124 1.4080628 1.4442588
1.467176 1.4656242 1.4666686
7.591639 7.603724 7.639055
10.249194 10.262235 10.297445
9.681338 9.680055 9.680741
13.584745 13.600382 13.635474
11.661435 11.67719 11.712372
10.273215 10.271933 10.272649
10.266233 10.283003 10.3176775
12.520649 12.537479 12.571944
10.343996 10.342862 10.343221
11.713535 11.731141 11.76501
12.391919 12.409704 12.443035
20.700466 20.597696 20.605963
17.389025 17.407047 17.440022
21.077286 21.095459 21.127834
22.398186 22.396992 22.397081
