19.58832 19.58832 19.58832
19.58832 19.58832 19.58832
67.49307 65.4016 64.3355
70.25494 70.848114 73.66796
81.13897 79.31359 83.1308
115.28434 113.41096 111.7216
116.137 114.653076 113.66062
116.10801 114.48047 113.48083
49.369976 44.931885 42.529457
39.725426 34.28093 33.26248
41.140877 36.279484 35.6323
29.826563 25.720673 25.322947
40.733902 39.96145 29.274935
48.575348 49.37623 48.96284
39.908062 34.63478 35.5077
30.023928 24.541395 24.562273
34.241962 26.807648 25.468681
31.61111 25.015142 25.864548
24.064857 19.687855 18.060051
15.790181 13.797261 12.3108015
32.643616 25.409561 24.58088
26.168217 21.461084 21.98279
27.246717 22.200518 24.001448
25.02336 15.977623 15.697054
32.95778 31.313179 33.822945
33.346046 24.309458 23.718037
18.41757 18.89664 20.500723
33.718296 27.661345 26.88124
28.147339 21.049612 18.887184
27.864754 21.488321 19.439535
26.797674 20.048424 17.574728
20.10465 16.689354 14.769458
42.347134 43.248577 45.66646
20.688734 18.833023 18.69628
22.011267 26.095348 32.917984
20.780464 18.780207 18.935968
21.42341 17.771627 19.297726
21.899069 17.684755 19.294004
34.839947 36.592403 36.562275
0.0 0.0 0.0
30.18429 23.313334 20.142998
29.659328 22.704082 21.439898
34.767647 31.82124 30.27292
35.35788 32.216125 30.597261
35.588528 32.37499 30.72186
243.46512 243.46512 243.46512
35.88062 32.50806 30.822222
35.815193 32.388836 30.727907
35.69509 32.159172 30.554781
35.642895 32.056175 30.477623
35.558086 31.872662 30.344135
0.0 0.0 0.0
0.0 0.0 0.0
13.349081 11.007484 7.2332883
15.010058 15.010058 15.010058
77.71372 74.82873 75.19365
82.00689 81.47834 85.67219
89.71721 87.66775 91.90381
123.255745 121.49889 122.24105
123.7559 122.47153 123.74125
123.11465 121.64078 122.56982
52.618645 46.84556 44.673965
43.38797 38.1803 37.550888
44.608547 39.943134 39.678364
30.640266 26.36805 25.773087
44.627117 43.98709 33.37086
51.62387 54.367336 55.18252
49.18648 47.835262 49.839737
42.21226 40.365715 42.146286
43.595634 40.889355 41.99901
43.014652 39.615437 42.150246
26.285799 23.046808 21.180302
22.048868 19.379416 18.594765
36.10233 30.652542 30.154997
28.569025 24.70842 26.278038
33.083557 29.939133 31.218042
23.87684 16.062252 16.514574
39.825676 39.67456 41.550293
37.78453 29.452599 28.824211
23.79566 24.457151 25.692856
34.69551 29.118841 28.551085
27.177847 21.337162 19.592428
32.25566 26.461073 24.238714
28.608862 22.479961 20.946856
26.005188 22.03283 21.34833
40.63575 42.852764 47.314114
22.452282 20.57437 20.760218
19.908838 24.832726 32.818073
26.80457 25.944242 26.224537
29.370823 25.118525 26.425749
29.774315 25.017979 25.887455
41.288414 43.90765 44.26382
35.278633 28.021662 24.386028
31.73016 24.580627 22.722399
39.821995 38.20711 35.200302
31.10708 28.118486 27.523285
29.015444 27.331657 27.024672
32.210163 26.344646 25.810669
32.75368 30.03972 30.46543
27.460915 27.565975 27.018454
37.57433 40.88009 40.89082
32.353436 29.607357 34.257008
49.677372 52.319973 55.7675
49.141693 50.50582 55.866425
39.988514 41.266117 42.500713
47.29958 46.353874 48.08352
37.036434 32.180344 35.768295
21.442142 21.11706 23.628584
44.137535 42.298946 43.75772
27.568113 33.767185 36.491604
71.11944 70.476555 70.51544
37.112072 38.087635 39.4604
50.555363 50.20648 50.31471
15.916284 16.315975 17.259306
15.027166 14.939965 15.320172
31.509544 31.028473 35.362587
19.98012 19.212578 18.968834
14.945509 15.104981 18.681412
19.184738 17.423807 17.632227
11.897315 11.469824 8.622169
10.270394 11.25602 8.352685
8.09631 8.731863 6.7110724
11.604308 11.455964 9.006535
15.941351 15.468478 11.952993
13.698559 13.980873 11.264415
11.923966 12.40674 10.286987
13.359932 14.076746 11.445588
19.000555 19.326033 15.809243
42.516235 28.980793 25.684738
72.09191 66.880646 78.5318
66.43066 50.937904 47.558174
24.863773 20.931133 20.029898
26.189213 22.320568 21.651987
31.607199 32.04863 29.444283
28.457508 28.421116 25.580389
31.647474 32.76572 29.25004
27.20133 28.562767 29.279423
25.68953 22.962934 23.83035
29.404959 29.440796 31.76101
36.091476 36.255623 31.560232
17.712894 24.097101 26.902067
18.725328 21.641018 23.645098
18.162443 20.278116 21.068945
56.2026 54.07429 47.36417
45.71115 44.52463 37.825916
48.669533 49.6706 49.5438
59.92088 69.63349 63.885475
42.709526 38.286472 35.046097
57.54079 64.924286 59.69036
47.603794 42.99117 38.742714
62.72905 68.7694 78.30156
45.412243 44.060986 48.73333
21.05766 20.4048 20.016197
32.175037 29.399374 33.13373
22.882504 23.111992 20.893354
43.187233 40.394424 40.37003
56.666206 58.44828 57.488873
49.963844 48.512394 52.301205
65.453545 63.572784 64.64652
48.84639 46.672264 46.240536
54.45644 49.390423 47.70767
55.69642 50.54297 51.004196
51.886345 47.133892 47.224854
53.99303 49.20561 49.09302
36.41363 33.062016 28.947094
43.510414 38.945232 35.12181
66.799934 62.63995 59.122643
36.95549 33.33443 28.406343
57.311855 57.440876 62.855812
40.27107 38.9998 38.47901
44.009384 44.342506 48.48305
38.47988 34.9684 34.26992
60.19329 60.505783 61.40999
47.454144 46.344765 47.058727
53.71923 49.8831 51.242317
55.692577 51.143196 50.5537
55.89177 51.411453 50.800213
55.998177 51.550888 50.93042
56.10439 51.690716 51.061222
56.31154 51.964714 51.31875
56.41268 52.099636 51.445072
56.598328 52.35807 51.68256
56.684578 52.483406 51.79554
0.0 0.0 0.0
0.0 0.0 0.0
0.0 0.0 0.0
0.0 0.0 0.0
0.0 0.0 0.0
0.0 0.0 0.0
24.169086 36.98331 29.838844
50.792816 45.214855 24.090815
0.0 0.0 0.0
189.91313 185.2981 177.21724
9.712938 9.814587 9.320132
22.140265 23.320704 25.055672
11.898092 12.265084 11.834024
23.56837 21.113363 20.914265
23.621346 21.083506 20.882334
22.427017 21.160378 21.13529
20.316868 19.766432 19.92147
20.524673 20.767467 19.337498
96.85834 92.03556 87.00197
49.262802 59.000984 55.312202
73.39436 71.95609 67.30925
70.73041 83.975174 80.6824
85.20112 86.84242 76.3361
71.63628 75.32988 71.3419
64.47963 71.03462 72.81708
81.03571 67.71195 59.658978
75.4916 72.29536 67.16069
69.79961 66.684425 62.559196
69.172714 60.863 52.800125
50.689354 44.415146 35.77851
62.102787 47.43624 28.199202
59.259747 38.266018 19.642494
116.955574 114.667946 106.58444
92.37819 84.67023 77.03074
100.13446 94.00529 80.37938
37.49518 33.22263 25.542246
74.05634 59.95112 43.7782
98.99912 89.75321 81.01083
76.49761 67.44262 56.7034
82.19884 72.243835 62.920746
75.69796 65.79525 57.34144
66.55199 57.743107 50.56381
88.64545 75.984085 68.326096
85.6129 75.57589 68.46418
88.91862 75.9873 68.174324
83.20915 73.30577 64.2119
81.56521 56.844288 38.548985
68.36658 59.24466 50.63337
74.04131 64.11751 54.826042
77.64244 53.436348 40.943966
65.97382 50.96019 39.33926
88.25015 57.290794 43.861965
81.76996 76.44397 67.64229
86.10118 86.0804 81.315834
81.07267 80.562614 75.24435
20.8319 19.253368 18.69521
63.0269 45.79048 32.228333
84.52234 74.53675 57.565468
63.731808 51.689457 35.040276
59.30557 46.574745 32.104656
65.73694 52.231236 34.418514
69.390884 54.672142 41.723618
69.059555 54.32055 41.17173
70.62461 58.02628 46.447803
53.75311 44.000675 35.528976
45.83864 36.66696 29.196972
35.588585 29.051212 23.710295
36.961174 30.96019 23.797066
32.75938 24.293076 13.605899
25.682148 19.306967 11.861912
25.819925 19.332003 11.729473
27.003368 20.005598 11.914162
34.87819 27.114555 18.82402
43.013683 31.340971 20.362482
39.8616 29.290483 20.48305
30.091436 23.047482 16.157837
43.77711 33.54463 23.612066
43.770008 33.37285 23.577805
30.60533 22.540483 14.872797
22.881401 16.875492 8.687435
23.64208 17.493729 9.05396
23.525192 17.385912 9.020993
31.771357 21.999897 12.680541
41.089 25.819614 13.525451
32.817284 22.871656 13.494143
27.362171 16.531723 6.9934688
37.68951 25.55111 15.009693
33.005184 21.139591 11.630572
27.070393 17.213198 7.201845
28.261818 17.573864 6.823502
38.439716 25.426601 15.416546
33.66442 21.671782 12.257309
26.548052 18.091282 8.8252125
37.11528 24.339622 13.012596
32.685257 22.952105 13.035041
26.258398 18.606262 10.451068
25.40877 18.005857 10.090867
23.326353 16.39747 9.049295
19.570393 13.363466 7.0151877
22.637829 18.059351 14.600612
29.95651 24.650322 21.013891
33.471542 31.484346 29.05251
33.647263 32.48704 30.056137
33.349575 32.105278 29.719572
31.304996 27.600924 24.76721
23.662502 18.944847 13.3051
30.47009 26.49891 21.9393
28.96807 25.09035 20.717499
28.848434 25.335009 20.851597
24.270424 19.860252 14.05904
19.036232 17.67541 12.450498
23.962576 19.760471 13.373056
19.928883 16.674374 12.494713
18.852789 14.610201 9.1271515
17.836512 13.58361 8.424684
17.680126 13.19858 8.184274
17.72258 12.841074 7.3681316
17.41722 12.846931 7.5635495
18.966928 15.066452 10.567333
15.404416 12.495543 8.472838
12.409081 10.1647835 7.0014515
25.250778 21.37679 16.423128
25.56837 21.639332 16.632023
26.311632 22.393272 17.379847
13.188783 11.269335 7.835061
13.4725275 11.602633 8.070081
14.636637 13.663747 10.35284
22.287788 18.384977 13.661674
14.586046 13.52514 10.218588
24.82288 21.072155 16.36129
24.726416 20.742794 15.813705
24.19915 22.27483 20.619635
17.915043 15.708428 13.474497
18.32858 12.99435 9.4133835
14.449098 13.747252 11.661414
21.040432 18.06329 15.053857
19.859009 17.092112 14.156749
16.552769 15.271356 13.317593
12.574695 9.269231 4.548569
20.77369 15.685724 10.22486
17.560959 13.304271 10.094858
18.474394 14.450446 9.814587
17.395605 13.728489 9.1980095
10.278665 10.892183 9.781982
16.096931 12.201741 9.240255
17.69749 13.820496 9.254147
9.998859 10.466255 9.160637
30.280323 28.392027 25.920485
22.433702 19.70454 17.414005
22.067644 24.779236 25.371086
11.619843 11.930437 11.027679
6.6843767 5.8737817 3.0066867
6.2250156 5.670278 2.9421003
10.928105 9.855069 3.9711797
13.020838 11.123938 3.9041054
8.0650015 7.1361184 5.7315984
11.940753 10.568267 5.1466928
26.64747 22.751762 16.328167
21.620464 21.254354 12.300902
15.43531 20.153225 21.066141
10.263684 9.454644 7.303649
13.00845 11.019127 8.025917
12.960502 10.498704 7.1411986
14.632801 12.22289 8.789187
12.603773 10.215167 7.1489735
15.291468 12.376581 8.9956455
12.332988 10.215426 7.468329
14.985124 12.165043 8.254044
11.996164 10.165665 7.55085
9.170848 6.6339417 2.629069
8.338275 7.049606 4.567541
5.760937 4.4275346 2.314016
5.6386585 4.3515964 2.2551835
5.3512335 4.2404103 2.2008605
5.6611547 4.3576093 2.29717
11.1401615 8.283848 4.089778
8.075783 6.482428 3.9864712
6.79266 4.8236055 1.9838275
12.216929 8.845635 4.054116
6.1273065 4.633734 2.3864295
6.5300126 5.15706 2.9591541
7.999119 5.836668 2.427431
7.5927844 5.851545 3.2523327
5.924269 5.662658 4.5294943
8.873419 6.2589154 4.012855
0.0 0.0 0.0
0.0 0.0 0.0
0.0 0.0 0.0
0.0 0.0 0.0
0.0 0.0 0.0
0.0 0.0 0.0
0.0 0.0 0.0
0.0 0.0 0.0
0.0 0.0 0.0
0.0 0.0 0.0
0.0 0.0 0.0
0.28566998 0.27716234 0.3119018
0.5721818 0.55454624 0.6238036
1.1465793 1.1104218 1.2495569
1.4355725 1.3894452 1.5637186
1.7245657 1.6684244 1.8774371
2.3012674 2.2239897 2.5013735
2.589906 2.5014622 2.8130982
2.8791652 2.779954 3.1253545
3.4572847 3.3378234 3.7507532
3.7461007 3.61729 4.0637183
4.035714 3.8977313 4.3777027
4.6164036 4.4609623 5.0080204
4.9060616 4.742866 5.323511
5.194124 5.0238833 5.6377616
5.7651987 5.5802464 6.2601914
6.051622 5.8573203 6.5708528
6.339197 6.13528 6.88271
6.9140377 6.6884084 7.504874
7.2005053 6.9648175 7.816111
7.487549 7.2420683 8.128235
8.063098 7.798742 8.754918
8.350452 8.077277 9.067795
8.636609 8.35475 9.379431
8.922855 8.631912 9.690889
9.498183 9.1888075 10.3164215
9.78793 9.468938 10.631957
10.076436 9.747696 10.946872
10.650966 10.302685 11.575594
10.938009 10.5803795 11.890021
11.225452 10.857852 12.204803
22.202456 20.033188 18.448156
26.4778 26.108118 27.461273
70.60595 68.56168 69.13461
77.276054 77.16993 81.377525
83.52765 81.59145 86.08171
110.492775 108.595535 110.26941
110.23653 108.79936 110.64029
108.661644 107.26843 108.76502
53.210163 50.4225 50.152252
45.91603 39.727535 40.148838
46.226604 40.030884 40.592785
36.14237 31.21823 32.07732
40.765907 39.746544 35.274193
54.35763 54.31301 55.551266
47.70272 44.30942 46.292538
45.88497 43.467697 46.12686
45.31602 43.06669 44.865208
46.855194 41.42494 44.350628
33.525433 30.731522 30.991802
30.920906 27.411955 27.443062
42.746056 37.36503 37.98538
36.95498 34.217342 36.659206
38.750175 33.772022 35.579227
31.078562 22.941599 24.076126
43.63794 42.442795 45.03124
39.287132 30.570498 30.392813
25.307116 25.01799 27.625753
38.85475 34.13785 33.86131
33.72789 26.355415 26.088133
34.59713 29.922323 28.816599
33.080956 25.82196 25.70024
34.533188 30.42968 30.29152
39.165676 40.073025 46.051357
29.904778 27.707949 28.749601
29.292805 34.61729 43.275257
30.242867 28.139977 28.966589
36.754032 33.148174 35.793957
35.221462 30.951435 33.131603
43.484447 43.87398 44.774857
39.529068 32.27703 31.621056
37.495747 31.142946 30.780796
41.865383 38.235157 37.67764
35.57741 33.03935 34.199886
33.25075 31.320276 31.960476
39.694477 33.68256 34.115562
41.250267 37.942974 38.869728
33.311768 33.091103 33.536865
36.51586 36.843937 38.069744
43.064293 39.62265 43.043957
57.34097 58.865562 63.583126
53.086052 54.19678 60.802063
47.693417 47.39224 49.02973
55.430965 54.613655 56.538948
44.32719 39.87265 44.387806
27.893478 26.844337 30.41355
52.60196 51.467785 52.727
32.507267 40.466812 44.023617
70.528625 70.8949 71.20383
42.542362 42.51675 45.182915
56.00049 55.099655 56.325993
23.255583 22.73848 24.170862
23.135368 22.388248 23.71987
33.507313 32.983826 38.509438
27.009659 26.06465 26.919533
22.30375 23.53731 28.464596
25.229794 24.156637 25.460918
16.970533 16.701569 15.847439
15.715305 17.058666 15.661024
16.115429 17.278492 16.235777
15.238435 15.423254 15.006026
19.204538 18.820011 17.554325
19.708126 20.098724 18.965881
18.564472 18.902739 18.113436
18.965172 19.392237 18.303793
22.980814 22.985289 21.187523
42.721817 31.561502 32.14011
63.899414 51.9883 60.698997
67.971245 53.76161 52.24087
29.46699 25.637806 26.192085
27.000841 24.229706 24.804192
34.631603 35.124954 35.463886
33.833435 33.980194 33.61906
35.489677 36.810173 36.08689
34.336937 35.81837 37.668114
32.757442 28.730282 30.171438
35.563942 36.090218 38.626507
36.460297 36.43473 33.089684
20.036911 24.39525 26.411335
21.997385 24.537796 28.512318
23.095577 24.044088 26.827366
60.036823 59.256516 52.57825
50.231125 49.816288 43.97461
62.35165 65.634796 67.44887
66.81314 80.60023 74.84407
46.389267 41.389843 39.24371
59.57772 67.47718 62.23675
57.224213 53.792007 48.960297
55.42228 59.419445 66.94846
46.655396 44.4595 50.97124
24.106699 24.263426 24.75802
38.67711 36.232853 38.805523
24.938719 25.571562 24.038328
42.57626 39.946384 39.250885
59.556362 61.61782 62.046173
59.50984 58.76586 63.757046
58.827988 57.680122 58.50075
55.270073 53.55295 53.188408
59.312344 54.891087 55.15061
56.544178 53.13918 54.32843
56.748493 53.422943 54.375664
60.56518 57.221375 57.86206
61.10701 58.944126 55.93349
49.68234 45.252037 41.927376
71.51556 67.711845 65.01759
43.9295 40.27136 35.84518
75.3886 77.464554 88.2897
41.55778 39.047413 37.48294
39.70108 39.986664 42.259926
42.1176 40.42658 41.36277
56.217743 57.452766 57.404022
56.044533 54.343807 55.898926
57.947536 55.04706 57.381336
59.545994 55.233162 54.677906
49.325905 46.26759 44.03917
47.081707 47.202366 44.542404
60.60391 57.36472 55.66098
58.666874 56.772243 64.84438
60.3045 61.753323 70.69
59.006557 65.257225 78.142815
30.891527 31.530397 33.022022
36.01582 33.309998 34.6468
36.51183 32.399815 32.63754
48.12066 48.015907 59.86277
58.413773 58.224655 54.257576
51.228996 46.321075 44.707905
64.999245 54.05951 58.595844
47.668514 33.58561 34.882755
62.775257 55.1955 54.933624
47.955555 40.030396 38.433136
65.82905 37.882755 48.138737
75.465 73.37145 76.05291
65.173965 36.651455 46.150124
58.26848 35.270916 43.164925
54.827587 46.83419 47.94284
46.33995 41.568016 43.752037
61.42755 54.202454 63.23015
84.71402 87.56926 96.663155
85.17954 86.568634 94.52446
83.73542 81.757225 87.25044
51.117203 64.52459 82.86981
28.06035 24.23848 22.784296
38.592564 33.241802 30.905663
37.958305 32.922943 31.003279
45.573025 39.15841 39.778446
30.393211 26.408543 24.100761
40.35528 39.695675 43.5039
39.744328 34.953075 34.588665
47.80517 38.246014 38.290234
50.012318 40.948246 38.943016
50.574707 44.366405 45.19098
50.920284 46.08583 46.7609
31.006956 26.635944 29.265774
46.40336 40.144672 39.625088
38.09531 32.156948 32.09168
68.42804 66.83078 68.84784
56.742203 45.647953 47.6939
49.586273 42.37602 43.53363
56.77047 49.523 50.20321
49.595577 43.590836 45.00319
52.110954 43.24969 43.51923
59.543114 52.388203 53.830025
35.016792 28.717388 22.392902
48.26028 45.659782 42.822403
52.692085 49.511875 47.38005
65.31101 57.449265 57.950504
39.911247 35.85271 32.67826
63.629166 59.98161 60.64773
83.15562 81.0191 79.06101
71.55384 69.30716 65.38785
83.997826 78.371544 78.351074
87.52477 85.57719 92.27473
96.34576 86.75257 86.423256
92.34505 80.69554 79.800735
162.5557 167.06558 168.92308
100.05685 99.00997 105.26613
46.035183 42.92423 43.473545
60.109936 56.00678 50.6141
49.02012 37.5261 33.791252
60.989277 47.736176 44.610466
63.542717 52.9895 49.79006
59.164436 47.02982 44.537754
113.07856 106.20853 108.7776
76.22461 67.07976 66.900345
69.62642 61.688896 61.662178
80.091545 71.64503 69.50381
92.24757 85.22071 81.51622
93.971954 88.05029 87.21703
96.11605 87.495125 86.128944
107.22412 99.39862 97.318504
78.0526 68.30335 65.153046
77.61729 67.76272 63.757668
91.901184 82.85085 79.10249
90.85829 84.78691 82.21367
28.961227 28.44634 31.58162
78.14751 73.01919 69.15646
70.88785 63.987816 61.805256
94.12726 91.492775 91.14219
96.27929 94.15044 92.051445
79.6452 78.01121 79.53407
86.28403 83.41856 86.651985
85.802864 82.87819 85.037796
98.04954 90.524284 79.11556
84.79799 85.46464 90.40823
91.16218 90.722176 93.52105
94.933975 86.69 77.953606
95.58047 87.080605 78.23498
94.27796 89.119064 79.56421
69.61078 66.65872 66.005585
104.735466 98.622696 91.70445
91.05012 88.83574 81.99025
87.079 81.81057 75.69395
84.93132 76.66679 71.61082
95.78456 93.36326 87.47678
99.42512 96.89959 91.3228
23.834278 27.604927 33.998405
21.50802 25.873804 31.517769
22.214064 26.67897 31.80849
19.825062 24.181763 25.636787
20.50093 18.831398 18.243221
49.38581 38.926888 35.658722
45.394806 37.04679 34.106167
64.47044 50.021755 45.341854
21.883286 22.611307 25.206043
60.24588 45.599567 41.12828
20.60444 26.14166 35.465836
66.785 50.540943 45.55694
62.35803 46.191776 41.374733
68.46127 52.290897 51.023796
68.64818 51.839596 47.562477
62.821297 46.513912 41.65039
101.79763 86.120926 87.67977
75.821785 68.67117 67.6246
95.47098 80.42334 82.09341
78.56292 71.87912 71.82812
81.56323 71.60302 71.38603
86.287575 71.20981 69.20676
81.63679 66.61193 65.98294
73.699265 61.538284 57.67064
82.39924 65.69988 59.319523
78.87602 63.899593 58.87788
89.41453 72.290855 69.946915
75.33667 56.879253 55.783188
72.24876 60.510323 61.631603
60.232056 48.00102 48.836227
54.132355 54.524017 62.65717
57.872074 57.94098 52.091988
91.37899 94.62699 92.1639
42.04564 46.162575 38.793736
69.779335 72.09465 69.56571
72.31757 77.65345 70.49965
44.31044 34.083527 30.37983
43.36822 36.762405 34.22297
51.334457 43.15265 40.748627
47.28908 40.0619 38.534782
52.913372 43.96956 41.39516
55.861397 47.97771 44.772198
68.19882 57.560085 53.956043
51.895603 42.361664 41.68779
55.37265 41.28536 37.31314
51.316067 40.20086 31.647022
60.73755 49.714287 45.515995
41.58348 30.82843 29.70755
58.868176 47.31221 44.51059
61.40101 48.85165 44.2021
61.33756 48.67755 44.568325
45.481964 34.446693 32.346153
46.658455 35.57701 30.53093
53.56961 40.505318 35.063187
44.676666 35.311634 38.35803
55.70126 42.53771 37.527428
61.963665 55.09819 51.00474
75.39777 69.43956 66.29852
54.940758 43.94315 37.317265
54.496143 51.03771 52.65327
57.478466 48.842476 45.805832
53.623005 48.557827 51.698467
63.552242 54.646847 52.912533
60.799053 52.069035 50.076523
61.85373 49.962246 43.834587
56.35156 49.412884 50.32896
91.88586 92.09904 88.48515
86.8851 82.87868 77.5409
95.03904 94.47665 89.10736
66.974785 65.94687 66.7309
69.11379 68.2866 59.068813
77.88311 76.02167 73.66346
78.75022 68.44833 71.05149
102.36427 94.0896 83.46601
49.453518 41.622784 43.72492
50.64206 45.589287 41.25598
39.867332 39.38754 39.54892
59.584633 51.396313 50.26028
38.01533 33.13785 33.969646
34.856476 30.280611 31.72583
31.934198 28.19408 28.545994
18.786291 19.405308 20.25452
20.315313 19.270958 20.405706
26.437433 23.077633 20.930079
23.266573 20.683933 16.731876
22.205956 19.140863 15.372297
27.380627 23.05313 19.118708
25.205778 21.447891 17.892326
24.96845 19.818237 15.595932
23.97625 19.334633 15.394762
29.712292 25.953917 23.634836
26.330336 20.353155 16.232452
26.570631 21.025257 17.195143
28.184155 21.156416 17.223103
27.60249 20.821562 16.225409
27.271978 22.945896 19.824707
28.948423 23.87057 20.695587
28.301224 21.90225 19.153801
28.20334 23.20631 20.331974
18.362415 14.217255 12.924805
16.968895 13.114853 12.005007
18.06487 14.1082945 13.281372
18.41005 16.716722 18.521402
28.366936 24.88661 26.617998
29.043957 25.590483 28.860998
33.39113 29.153402 33.573112
54.8376 47.926445 43.004784
53.95706 45.059155 39.936546
53.259483 44.60936 39.62575
60.02229 49.928703 44.26365
58.828342 48.476204 42.667805
60.58494 50.49566 44.936237
63.120525 51.643967 44.038593
53.185574 47.12881 45.693638
56.772953 50.577057 46.759304
62.954716 56.083923 50.75607
63.309597 55.79688 50.09159
64.22993 55.98777 49.9155
79.91754 66.423965 55.772243
68.343094 58.457905 52.6725
90.888336 81.02987 75.323425
75.33375 64.92179 59.788906
79.787 67.57466 60.46074
71.03926 62.23365 59.33955
74.21176 64.38377 63.15389
76.51418 64.58476 58.34159
65.87686 56.180256 50.930965
66.5974 56.926178 52.30184
71.05353 59.96708 54.34704
73.348724 63.38577 59.820454
67.94492 56.8088 52.622475
68.911736 57.64525 53.632843
71.366806 60.810528 54.808712
71.93066 59.57772 54.73489
76.486 65.6655 61.610954
75.81172 66.33556 59.941822
80.925735 72.07302 65.78647
81.258064 70.37939 66.69071
80.18442 75.24721 68.66554
81.05831 74.878235 69.54963
88.980415 81.41475 74.96664
87.93066 77.80752 82.5074
81.10067 68.83871 71.59877
57.779335 45.377792 39.882797
60.61707 47.65677 42.08512
58.10267 42.983074 36.829315
87.03868 76.31106 81.623535
61.269672 46.034916 39.863525
88.701614 78.3855 84.13873
70.7975 52.99167 48.641396
67.54799 58.12717 58.604218
60.955025 52.480015 47.11255
63.858517 57.662308 56.894188
72.986664 62.989323 55.331177
72.53633 58.926445 48.882046
78.50997 68.953606 57.65101
88.47204 70.41032 61.61308
84.6063 65.17684 59.916298
77.42419 69.7146 61.326126
45.805077 34.05047 24.42547
45.926533 33.34602 25.134129
26.446917 20.916918 18.437876
41.4046 32.4268 28.975674
40.351826 31.691067 28.261122
47.35528 46.4112 82.5288
49.01223 39.141838 35.165413
55.713043 43.26121 38.15859
47.05809 38.769188 34.95928
50.161644 39.63249 35.565136
42.115917 35.550205 32.658764
48.09717 40.14423 35.48179
49.653625 38.368797 33.994286
56.44643 42.08512 37.595222
52.144894 38.75802 33.64813
46.259926 36.32905 33.34425
46.02415 36.20197 33.288593
45.85342 36.917362 34.57338
48.101337 36.129917 31.523794
51.21229 43.74854 42.871986
53.325726 44.55942 42.935394
53.36038 44.534164 43.450195
45.16599 34.47027 30.516794
44.579227 32.388336 30.710875
59.706444 46.255585 35.626553
104.12287 97.58968 93.11091
115.34558 107.48356 101.7411
89.60741 80.163994 75.79777
63.16173 56.658764 50.360645
101.82652 96.28319 86.192924
83.124115 77.27956 65.62762
86.58796 79.81629 67.83118
70.902916 63.887096 52.678883
67.45299 62.572582 52.53
80.35422 73.30304 64.89277
78.59841 72.56713 64.39955
53.215218 43.160095 38.884262
99.00731 91.2691 74.990074
100.18566 92.45055 76.14888
103.43792 95.425865 78.790146
101.90194 94.15996 77.9774
100.61157 93.34354 76.80304
49.42095 38.2539 28.171747
69.41182 61.53496 48.688763
51.804016 39.35967 28.657967
35.325504 28.048786 18.362904
27.281992 18.809332 12.922634
36.382534 28.577986 24.405485
28.130318 19.85413 13.714862
45.432205 54.082684 85.70414
33.591057 40.847748 67.3863
25.819834 29.126905 43.002304
27.471598 27.133553 35.598503
27.114632 26.47133 33.327587
27.92742 25.984535 31.404778
28.970001 25.707418 27.314604
28.907213 25.909828 27.256159
26.364676 21.787575 20.233828
105.24149 94.37004 91.56718
125.814514 113.05397 103.05703
138.14264 125.2574 113.73392
107.79024 89.847305 85.13639
94.80193 90.40549 87.575905
79.00301 68.49455 59.19718
88.883865 78.63174 72.73351
84.90349 83.03882 72.95813
120.38688 102.50102 93.80206
123.27277 108.84177 93.11578
22.161068 22.515198 13.755362
39.38776 31.708614 15.572846
52.293293 47.696518 26.578297
51.505363 44.79799 46.07156
68.82143 55.81762 52.650787
56.67919 45.24681 43.566288
55.574486 45.447094 44.100983
72.32054 60.039215 55.826393
61.393345 50.157524 50.1943
69.44439 57.7761 54.315315
49.157833 40.487595 41.221375
105.57471 93.78341 89.962204
81.42693 68.25106 65.42361
78.06358 64.646355 61.110065
46.167583 42.06651 38.44315
34.55725 29.56908 26.981966
31.871145 28.30335 23.66869
59.571205 50.045376 44.67015
68.68513 56.338974 48.672546
62.61977 52.529423 42.862858
58.44293 45.544 37.70706
54.4443 41.245304 35.06567
50.507755 37.784473 32.116848
59.265198 43.98427 58.90092
84.38297 66.48086 57.609844
81.22492 64.318016 55.470978
75.297455 57.541607 49.15172
65.16133 52.14946 52.59097
54.487682 40.810883 37.366802
59.997295 51.324177 53.08419
48.02601 37.338398 38.522068
71.806404 52.197624 45.75483
56.283188 44.893566 40.571606
55.774105 46.142326 41.5144
60.79369 52.774902 49.818947
66.57156 59.98489 57.3719
53.519142 47.920727 45.38878
53.91798 47.675114 45.20228
46.973946 38.602932 34.039703
52.034473 43.537086 38.44098
51.571693 41.7383 38.425514
56.518345 47.89689 47.443016
62.430786 53.460255 45.844868
50.376064 41.66435 37.399548
58.800602 51.66714 47.468407
58.263737 50.387627 46.805256
61.782524 52.289482 46.17485
50.279022 38.043777 28.066599
67.3053 59.700638 60.890774
51.269096 39.64348 31.806673
50.654423 39.149193 31.0109
65.786644 58.323334 56.68154
57.58379 50.24712 51.067486
65.47186 55.555565 49.56983
67.02313 56.120037 49.787754
87.162 81.92813 78.433044
71.43553 66.23569 61.17228
70.64326 65.31784 60.06239
97.36889 81.84075 77.32103
88.28062 77.10546 74.84243
55.781815 52.158722 50.027515
57.68544 49.4264 44.22678
59.07125 55.761078 47.262585
55.331352 49.764046 45.458435
54.88178 49.256203 45.140156
55.13776 49.49548 45.457508
55.62863 50.088177 45.604084
69.12026 59.235023 51.157436
94.27446 87.49468 76.161026
100.971596 92.94222 81.939026
62.129696 61.98941 55.356964
93.656815 60.659298 60.044575
94.20791 64.49845 70.347664
89.16931 60.866714 65.64379
93.505806 76.09584 76.12257
91.37345 71.838974 70.53953
89.24296 71.151054 71.0062
93.64078 74.6589 73.7913
101.26879 66.87713 63.063717
84.91466 67.45405 65.8384
100.214775 63.978245 61.229572
98.28057 80.354576 80.786644
55.68522 51.575417 50.643078
58.10701 53.70804 52.860775
35.84403 26.44089 25.836716
33.223015 25.860466 24.652384
55.576702 53.43402 52.45343
42.071384 36.304855 33.357452
48.85187 39.721817 39.01298
54.219337 47.19262 41.620613
68.86441 63.372562 68.51608
49.588932 51.22727 61.22944
79.30853 69.805214 71.75957
104.93806 88.03336 86.4104
106.04267 88.24823 82.59904
85.51976 72.15642 71.334724
84.81328 72.554504 68.285446
88.384834 79.09443 74.237946
86.473724 75.58547 75.88865
73.94838 56.30685 48.319435
69.72084 50.431408 39.696472
70.29679 52.20294 42.39445
58.53558 45.42206 40.379784
53.49353 43.376507 40.934288
46.46823 37.95228 34.95777
56.93566 48.600452 45.44439
56.009483 44.322758 41.188366
58.943947 45.628986 39.137142
58.778225 45.6795 39.89374
61.61184 49.0327 46.728333
60.306274 47.5588 45.34283
56.617687 45.28855 43.89733
57.96114 46.635323 45.40761
58.698776 46.86906 46.081753
54.296837 43.914524 43.874203
65.6612 55.18327 57.25669
67.03235 56.52517 58.455956
73.48901 62.19479 59.55716
71.73569 58.899506 54.942795
67.35417 57.05264 58.719868
72.82723 60.698112 57.42064
69.07954 58.056496 59.75935
70.402824 58.82914 60.911423
72.68508 61.224876 57.910805
74.32834 63.3271 60.39206
56.767326 47.36379 46.780308
66.99433 51.842564 46.389267
10.388913 16.2613 22.201967
32.855858 29.945986 29.07772
67.58689 60.82586 60.115208
64.575325 58.92507 62.973503
59.724167 55.714905 63.097485
49.16776 40.82537 40.627037
49.39565 41.579758 42.304146
123.5035 120.59961 124.17378
81.2601 78.01365 78.000755
57.8018 53.7979 52.107895
71.326035 71.18265 71.86853
62.95108 58.32918 58.99663
87.41949 86.991844 84.561104
61.176445 55.622475 52.180122
68.64902 63.9883 59.40132
57.83645 53.679546 52.650257
66.82298 62.192307 62.945763
82.511566 78.649284 79.08924
88.88936 89.25164 85.385635
88.58787 90.18296 87.38377
61.13878 55.485954 55.90017
73.63275 73.13821 71.2259
61.77335 56.269276 56.023838
69.62863 64.11543 66.17419
82.41949 81.06855 82.02942
81.039566 79.2274 80.30118
57.720886 51.717743 52.627792
83.9151 82.33042 83.47169
90.20441 89.68269 92.31292
88.645874 88.339195 91.00926
45.096375 34.832508 32.572315
56.79028 51.417095 51.806007
114.74916 119.824615 134.88461
90.836624 101.43992 122.72488
1.3870524 1.2784474 1.4011432
15.55716 15.4646845 15.567574
15.238036 15.145427 15.247252
6.551843 6.444036 6.5619903
16.944801 16.852654 16.953392
15.109713 15.003101 15.120214
15.485776 15.379077 15.496189
15.077677 14.956222 15.0896845
14.822846 14.716811 14.832639
19.119904 19.01418 19.129652
16.162397 16.041697 16.174362
16.420685 16.315092 16.431452
13.120258 12.99938 13.132798
16.052198 15.930876 16.06456
13.309775 13.188408 13.322492
15.901453 15.780043 15.913772
12.974433 12.853199 12.986529
20.539747 20.418114 20.551355
28.91222 28.790676 28.92312
13.43832 13.302286 13.448998
8.549317 8.428394 8.557072
21.780663 21.645472 21.78753
18.133463 17.998493 18.138205
20.588266 20.46907 20.590038
24.034386 23.900877 24.035715
13.363036 13.230061 13.363833
25.598059 25.701214 25.025434
25.402163 25.521091 24.827587
25.20569 25.341059 24.629698
24.81323 24.980148 24.234447
24.618929 24.80171 24.037132
24.425825 24.624557 23.840614
24.04152 24.271313 23.44984
23.850319 24.095755 23.255716
23.849167 24.09571 23.254343
