0.002486796 0.002486796 0.0023767606
0.0075044013 0.007416373 0.0065801055
64.7539 0.33329666 11.797954
195.44298 187.29668 184.50613
142.62267 94.43165 75.85147
22.038975 13.609573 84.07058
0.6681338 0.6798195 0.6920114
0.5611576 0.5610255 0.5603653
57.88193 67.01254 63.965843
55.84276 70.70566 63.67797
45.162193 55.458385 54.4351
59.473965 66.544914 62.31611
57.773857 63.818928 62.426914
47.237785 55.65504 50.234947
47.814304 54.063534 50.048153
0.25805458 0.25853872 0.25862676
91.863205 94.24172 77.75605
72.2447 73.58739 74.35982
51.790604 52.753456 52.445465
37.660015 39.39923 37.992672
55.628696 56.37152 52.045467
64.82084 63.02982 56.18728
64.034004 61.62051 54.37357
59.768993 60.040955 55.904533
65.26155 59.920795 52.86008
85.16035 86.7956 81.45898
104.80667 108.23831 102.82148
86.32929 87.81591 82.693115
70.38114 71.163666 65.91543
59.299824 56.764614 50.948174
78.357834 61.23486 49.478058
76.07678 65.39967 52.935894
55.158848 52.717495 45.73365
85.435715 82.26553 72.95944
87.57698 84.63239 75.76578
88.05339 86.025085 77.73497
52.362545 55.966198 54.981293
69.452446 72.267494 71.31842
79.65973 84.14032 83.39498
94.39567 105.661865 102.67707
61.94177 67.8978 65.234024
42.381756 46.5373 44.320446
71.390976 83.29406 84.04961
59.06006 70.69655 66.4879
55.876408 69.71217 67.36505
31.89562 38.794014 36.07597
38.82566 50.882305 53.5956
38.28543 48.70132 50.327774
32.17159 41.958847 40.755657
41.726803 55.403652 59.013954
41.571304 61.897404 45.945576
47.907528 46.96776 40.161224
32.722645 30.58279 27.863644
61.865295 61.74976 55.462852
61.24331 61.16554 54.931976
60.024406 58.429447 51.91864
75.12801 71.12104 63.599472
101.49729 103.114105 105.90557
91.210655 92.7182 95.6717
42.912853 45.22379 46.93387
53.330654 53.5182 50.151474
57.210785 59.776695 56.883385
25.234661 25.465448 23.067913
43.358185 43.41996 40.431625
50.184155 51.817936 52.58059
54.62326 55.78827 56.243244
40.597755 42.340954 40.974228
44.133232 47.28312 49.5603
43.241947 45.4318 46.712986
57.915913 62.544807 65.39496
41.76589 42.448658 41.00999
43.055656 44.302048 42.777023
51.50244 39.662872 32.208515
71.135765 60.154755 48.59793
77.590996 65.86604 53.47522
40.31129 31.924911 25.560564
75.10495 63.068928 51.84212
56.28233 43.16338 32.78528
59.443398 45.93653 34.812347
61.096657 47.88266 36.72421
49.06679 37.52795 28.097294
44.336884 33.897644 25.748085
46.596565 35.3693 26.663887
44.439194 32.492275 23.506096
40.687126 29.533274 21.866262
40.573505 29.36435 21.799803
45.20539 34.54441 25.773878
43.03409 32.834286 24.600594
44.906933 33.11818 22.271523
42.5818 32.7829 24.534067
66.23768 67.88605 65.7662
48.971985 49.566483 47.25902
54.826168 56.73312 56.33968
70.09179 71.99263 69.5982
60.34135 61.65896 60.1566
55.262215 57.477753 56.270863
75.577995 81.44463 80.33735
72.90478 78.28876 77.12828
77.16521 83.12762 82.19133
64.353745 69.93937 69.00526
45.804577 51.52993 52.117626
79.21162 84.378365 83.69183
95.63627 98.14657 92.83103
65.28341 65.59785 63.693375
91.54628 94.12639 87.95805
79.44945 81.637436 76.42115
87.640495 89.67658 83.17559
83.46116 85.3026 77.997246
64.15869 65.17364 59.54516
64.80055 66.026405 60.677574
60.23695 61.414436 55.328938
74.2305 74.94556 69.43053
75.403854 77.35363 71.93589
77.2077 75.621346 67.34173
75.18964 76.291 71.02372
78.65143 76.54826 69.45024
78.16501 102.9689 105.26369
69.86094 76.01543 74.86309
89.73464 100.87553 99.322334
74.1134 80.23776 77.9945
46.78114 39.48134 31.196148
43.390118 35.28937 27.745136
40.91395 30.345884 25.175793
48.09058 38.48158 30.598217
12.980721 12.846677 12.688644
35.363556 29.012323 25.277134
27.771744 20.229864 15.865779
29.453236 21.494497 16.549383
35.816154 27.206427 20.588337
35.45799 25.15669 19.832592
28.556273 21.808363 17.750902
27.198965 20.316967 16.525154
27.87883 21.010475 17.243443
79.59995 87.93083 85.49714
66.47843 71.53649 70.329315
62.57674 65.67205 64.98761
60.47434 63.013073 62.284462
51.386642 54.560894 55.208935
41.931602 43.80755 42.201145
73.894325 77.89558 78.27617
59.52467 59.871918 57.41906
85.145004 92.0879 90.8366
75.637146 78.70207 76.17058
39.327244 41.71677 40.5943
50.9307 55.230656 54.516197
53.946323 56.65966 55.573483
75.81787 80.15823 78.62938
120.98587 127.73405 128.66199
125.519585 131.88809 132.7938
79.99998 83.48371 80.661
53.57865 56.577507 56.143486
131.65466 137.7082 138.68587
69.62883 73.52991 68.58017
41.722622 40.603718 39.96127
69.049934 74.800156 65.67018
68.94593 69.79956 69.38336
73.361885 74.97036 69.1195
59.90493 63.481075 60.269672
22.525131 25.39661 22.814701
24.921083 27.732944 26.133934
98.753654 114.302376 112.598946
118.05077 123.74435 113.69553
83.75876 95.16483 92.08519
110.850685 119.72566 115.50674
87.01261 99.259224 96.06109
83.40202 94.814835 91.65376
77.76175 88.3807 85.781975
120.45093 128.0448 123.33074
87.58561 102.24571 99.07447
59.095135 68.083275 62.228146
60.80645 72.26173 65.90557
80.06994 92.00333 87.54414
131.90808 142.371 139.24602
90.355125 98.04703 99.05227
110.478874 119.85667 121.45491
70.23873 77.10015 78.24938
66.39729 72.52689 72.85625
75.33629 82.27194 83.16644
48.917255 53.72038 54.218616
105.15257 116.72128 116.81461
44.311775 53.666527 58.32733
88.067184 94.716064 96.54278
101.90035 109.6 110.52368
96.15042 106.36131 108.09811
48.491306 48.004005 42.632263
44.873657 45.7171 40.851276
52.90942 51.109264 44.53675
65.619896 63.913116 57.220005
45.1281 43.88136 37.321743
48.289394 56.840405 52.95011
42.518024 55.048725 52.111027
45.712345 56.733936 55.40702
33.842255 46.37038 39.86129
60.836643 48.38541 37.452816
59.01668 44.17808 34.05341
56.710716 43.836533 33.96173
47.963886 36.23145 28.495995
51.840755 39.577377 31.031603
44.68902 33.492188 26.190361
64.76186 46.654312 37.071854
59.21448 42.664658 32.993156
61.11567 44.011135 34.501606
61.53574 43.688995 34.139526
65.416 46.789284 36.9954
65.968925 47.752552 36.96426
22.52238 18.274626 13.913226
31.698635 28.298393 23.840384
18.044432 16.276672 13.795202
25.006998 24.269035 21.756844
17.535145 16.395224 13.98717
16.455568 15.662808 13.399449
22.226915 20.540867 17.954468
62.052708 52.956932 43.09012
50.07368 38.169125 29.927904
22.612213 18.295885 15.78915
26.54023 21.372997 18.413336
27.640888 22.304335 18.727707
19.654072 16.714788 14.51305
28.784552 21.916967 17.839304
65.39289 63.606205 61.47905
39.088974 38.43453 37.559155
34.0031 33.027267 31.649559
30.857922 29.175594 28.120115
78.72566 76.640205 73.85913
66.686134 64.74615 62.826958
68.163536 62.414944 59.699978
71.37605 66.363754 64.040955
18.561598 16.688578 15.735563
65.13083 61.693794 59.289967
36.893047 32.904556 30.465492
36.541946 32.286686 30.088425
38.041725 35.23913 32.87883
34.10187 30.93651 28.875881
36.973152 33.135323 30.628345
36.597248 35.16314 33.70724
80.24274 76.32392 74.70944
64.591354 70.04051 69.14901
35.28376 25.023592 21.296633
34.14111 25.035255 21.836487
39.995598 28.361202 24.638512
27.16413 21.327906 17.203323
37.639107 24.855766 20.628345
29.377552 25.142385 20.085608
54.42566 32.062763 28.425594
37.65002 26.922337 21.78299
37.026386 26.609066 21.461685
28.211597 21.170841 17.131338
52.605503 39.231667 28.504335
49.290714 37.044125 27.177948
56.965843 43.18717 31.58455
66.837456 51.37577 38.3719
17.833473 17.938776 19.723328
17.627861 17.594013 19.004732
31.00953 23.149736 16.779577
46.792915 35.46404 26.9636
26.452421 23.507263 19.826584
34.385124 25.92861 19.90898
35.640648 24.560871 18.285168
54.233715 42.08915 34.112854
38.836178 27.222645 20.807812
63.029755 47.249363 37.66032
39.177994 27.507483 21.002245
38.26666 26.664944 20.408451
53.819168 41.145443 33.03299
19.631382 16.880106 14.038446
29.263468 22.984442 17.719938
37.56479 27.700483 20.403433
34.776012 26.937325 20.203236
31.775572 25.121456 19.219147
42.15218 28.864437 21.745995
39.768246 28.416086 20.978785
43.296127 41.89342 38.91019
57.86041 58.53277 53.726166
77.502556 76.67421 71.49798
52.140385 50.71831 46.895313
53.657814 62.894653 62.00033
27.01305 25.050484 18.339811
49.569916 42.48521 32.05306
34.10878 24.609793 19.363249
54.38904 42.8535 34.87249
31.493816 40.492233 36.32075
65.40812 69.14892 71.45359
34.368706 47.75627 41.099583
51.313667 54.722668 57.036354
61.320267 64.2116 65.3608
72.128876 71.73963 74.04773
28.643133 23.814415 18.436554
21.986685 18.812588 16.088556
20.881844 17.998789 15.999384
20.96358 17.863138 15.779357
19.660366 16.069212 14.457306
21.653961 17.56459 14.93816
24.27093 18.928455 15.229577
15.996127 14.969608 14.218156
23.000044 18.290031 16.06393
19.21261 27.831734 28.475351
19.502993 28.481537 29.081007
18.218596 25.891703 27.02786
34.78079 45.078983 52.1774
22.921656 28.89727 30.709265
22.450462 27.178698 29.440472
22.195312 29.982922 30.546566
20.626959 27.124538 27.444101
25.467342 28.406734 30.531647
82.78182 83.20561 82.21206
71.783516 77.75077 77.812126
92.34465 91.91642 90.861465
86.220314 87.53116 85.2599
66.816635 72.45434 69.620865
80.37179 84.743355 82.34034
53.298767 55.10931 51.550903
69.26635 75.26448 77.02949
46.484 53.455368 54.09375
61.766045 75.35218 77.6524
75.21527 84.98497 86.17502
52.57652 63.283978 64.23906
39.412567 47.13123 47.51897
36.196194 41.984222 45.913357
41.27324 52.750835 52.0149
45.582943 52.95856 56.049404
37.009727 45.048637 47.62335
28.69782 33.976078 36.567406
24.63191 32.220577 37.632374
40.644672 42.062634 43.44102
41.504642 48.91906 51.75205
48.4296 59.451847 63.818928
48.944893 59.904533 64.320755
28.686665 32.87256 34.027706
21.06151 24.831097 26.88246
28.066395 33.617737 36.029293
21.328852 25.133253 27.129688
20.8513 24.67718 26.863205
22.506735 27.140383 29.41371
28.463688 34.16162 36.61514
23.924692 28.903214 31.386751
27.711048 33.249294 35.88979
25.27577 30.749933 33.374405
32.019478 38.494255 40.495026
30.592363 37.01076 39.40273
23.216219 28.498173 31.201385
25.182526 30.604511 33.232063
22.829401 27.609947 30.110607
22.999758 27.715868 30.267694
20.138094 23.827354 26.298878
24.94551 30.407856 33.095577
19.82577 24.13147 27.107592
19.872293 25.338953 26.777332
23.353785 28.24364 30.372448
24.490427 31.08455 33.436905
32.08321 39.712257 42.688137
32.21994 39.983803 43.087322
32.539875 40.35572 43.374187
24.355787 29.487654 31.708385
20.657219 25.42172 27.952906
15.461972 17.653082 20.041418
24.845467 28.587345 31.485739
20.41853 23.72225 25.308825
24.53499 28.27566 30.012918
21.697535 26.893991 29.145357
31.937742 39.526894 42.614765
49.923218 59.80821 62.982594
38.01556 59.367805 71.588646
32.76347 42.88147 47.615997
36.025375 46.07524 50.534286
23.170313 27.433054 28.331976
24.717869 37.363754 42.036335
25.106733 31.736818 31.868662
23.694807 28.380392 28.74177
26.214415 30.466131 31.242363
21.612919 24.463358 25.134771
24.58442 39.228676 43.7842
93.50792 93.10905 86.24074
78.12773 78.37207 72.890274
62.220707 61.975266 57.72053
53.353413 50.655018 47.01785
57.460827 55.530083 51.572205
79.040955 80.53114 75.030945
75.68136 82.45546 77.59848
81.534134 88.173546 79.660255
54.83948 58.394764 55.70755
67.806625 67.76624 61.526123
62.13387 62.77588 61.264435
61.049118 61.86228 59.121567
59.66895 60.45319 57.822117
56.366375 56.973656 54.477135
95.11554 101.60352 99.67608
61.521698 62.780632 59.868378
58.81455 60.50748 60.39749
55.08398 55.99377 54.921852
83.17234 88.292404 84.02163
91.86595 98.08827 93.96919
54.01305 57.81327 58.115383
45.35409 52.225266 47.958958
63.305214 83.194275 63.011993
92.79929 104.06153 95.876495
47.71963 59.11831 46.999603
67.498924 75.0397 69.907524
56.54573 62.671898 57.02947
64.08572 72.12632 66.268394
64.0849 71.8974 66.145096
42.339832 48.44014 46.39881
57.443707 64.22009 56.305965
59.85227 62.56228 63.5548
61.208584 63.511818 63.854755
53.313953 59.514194 53.360455
53.876938 69.02031 54.018154
27.530415 31.034946 32.416416
29.25788 37.205986 37.64069
25.989481 30.823921 32.793663
24.594982 27.935322 28.753786
26.455633 32.55031 35.020267
29.804445 38.815514 41.22029
24.723877 28.127003 28.99584
35.377155 45.679314 45.81305
51.388424 68.53378 63.928303
67.51983 77.13647 73.74274
47.35951 54.827026 54.07062
45.530216 50.58816 48.016857
89.943245 107.26155 100.564545
73.648285 85.53312 73.537674
48.270267 64.7 51.389988
45.22641 54.303677 44.479996
42.218178 50.980743 43.95856
42.935345 53.809288 47.38926
37.209618 47.13004 39.474846
37.008297 42.75363 36.195908
41.750175 51.025948 44.05988
52.5886 39.984924 29.124165
43.13488 32.038624 23.873173
49.702663 35.515976 26.286467
45.170532 33.361904 24.915998
37.854973 25.194609 20.609661
51.240536 37.24562 27.129776
64.48435 48.80781 34.30394
38.199295 25.394697 20.666748
51.256428 36.816483 27.288952
46.375263 35.639633 26.771303
14.83125 17.261333 17.865118
20.30055 26.601254 31.128302
24.905458 31.4024 34.223854
23.705215 29.597645 31.620752
22.089525 26.858715 28.673569
18.863733 22.940714 24.894587
17.276915 20.26239 22.591307
15.691681 18.917936 20.138666
18.778257 22.234947 23.665361
19.461308 24.88825 26.50519
27.691021 37.42016 40.532063
15.628125 20.304556 21.89243
13.60066 15.606096 17.531734
18.777157 21.435476 23.70295
18.3386 20.799713 22.070774
18.900461 21.652662 24.286531
18.053698 20.236597 22.468023
18.255766 21.456625 24.469124
17.5783 19.993486 22.496193
19.922844 22.515823 25.409616
15.089063 17.824362 20.309706
63.42027 64.81265 63.14714
55.262787 56.636684 55.53543
37.09782 33.145355 28.589392
57.83838 59.47502 57.996456
48.69822 49.638138 48.90163
37.135166 33.404686 29.13453
66.085434 67.286865 65.98024
34.11864 29.280745 24.592583
58.94014 49.971237 41.351913
38.321125 39.17016 36.432415
54.02973 55.0649 50.633717
40.07951 34.86087 32.00832
44.969807 40.37489 35.430126
45.105305 40.400772 35.59672
47.112457 42.603146 36.328896
49.137146 44.310696 37.95953
57.898373 57.42467 52.446194
72.46047 70.10455 63.170223
75.30909 66.82476 55.538227
75.971016 67.95493 56.5441
75.955635 67.86853 56.634968
74.99386 69.941574 60.060497
61.910892 59.800484 53.225155
60.50627 79.02639 66.78075
56.4171 49.72181 39.29674
28.40253 31.625418 25.610388
25.680017 33.704334 27.412434
32.079796 38.640404 32.169388
35.675198 38.737347 32.01472
84.29984 65.694016 46.951694
64.84813 49.849384 34.57896
65.50506 50.502487 35.081844
55.966152 42.44287 30.40856
55.458538 42.067387 30.327576
60.84646 58.868572 48.5077
42.852245 33.15548 26.59331
43.027554 38.757725 29.961906
37.5443 32.811863 26.193771
32.729774 29.329908 23.921566
18.84551 18.979027 17.743618
43.93336 38.10561 27.386135
54.936092 47.149803 32.42608
44.506336 35.97487 26.208164
43.905613 32.971657 27.404116
23.231207 20.739437 18.042715
54.65856 46.756866 40.92135
64.56624 64.76859 53.94234
76.20266 64.88946 54.323174
45.72223 36.06602 29.235409
69.94899 56.83244 41.49353
53.67469 43.086685 33.677444
77.95579 69.08352 61.911137
35.272667 25.43574 21.329247
46.522755 37.685345 30.817385
25.922293 24.404974 20.230127
57.332333 43.54682 34.624317
36.623768 27.231932 24.195797
27.863314 25.79124 18.732262
51.465714 51.766903 43.762566
13.921237 11.242122 10.313535
20.60163 19.928654 17.712631
36.713425 50.132195 51.111313
26.172491 38.119453 37.432373
23.792738 33.049515 32.275837
23.788137 32.471786 31.840427
32.18378 46.190407 45.592937
22.245533 30.510695 29.939657
24.63871 36.77324 36.173065
24.94551 34.058716 33.40407
83.77212 91.12898 75.46521
94.95189 102.60233 83.76085
98.6149 104.22678 89.2766
100.19292 106.32436 90.101494
95.745155 103.16351 84.87604
82.935875 89.50709 75.868286
79.38253 88.57223 73.817474
91.61281 101.150375 82.65548
59.160454 74.71479 57.890076
69.84954 75.462036 70.21215
58.623768 58.28171 52.510212
39.02652 37.805965 31.9364
58.83759 57.88418 50.09804
68.941154 70.31342 63.04549
59.087788 57.744564 49.879578
71.44949 72.68317 65.79408
63.03202 69.093155 65.317184
65.95057 62.28873 52.417694
92.25854 82.13184 71.94584
82.51745 73.58213 66.768684
38.958958 36.361973 32.42898
70.206184 66.08624 55.068356
58.961246 66.809 65.61193
40.454666 52.103344 49.04322
48.511333 51.84824 49.68147
29.583164 38.13662 35.079422
0.54108715 0.57574826 0.6176056
0.6774428 0.73023766 0.7800176
0.64705104 0.68230635 0.72198504
0.5433759 0.5782791 0.6171875
0.2378301 0.27194104 0.31036532
0.35037413 0.3837368 0.4215009
0.40713027 0.40611795 0.40574384
0.48331866 0.5135343 0.5481954
5.174846 5.3218307 5.5933537
7.552157 7.765383 8.127267
7.9324822 8.169608 8.553191
6.9106956 7.1084065 7.4865975
6.4755063 6.6612678 7.0197845
7.5013423 7.694322 8.029885
7.6141067 7.876827 8.201144
7.0694103 7.2674294 7.6518927
7.006998 7.1725574 7.487104
7.1548634 7.3830104 7.7209725
7.5069103 7.72467 8.119081
8.322601 8.53585 8.984617
8.909904 9.108318 9.569234
7.227751 7.4147887 7.797645
6.802355 6.980898 7.3275747
6.3262105 6.4793134 6.797381
7.396105 7.568288 7.8859377
11.321083 11.613909 12.103764
13.85647 14.197007 14.780854
12.058319 12.372095 12.936642
7.7792473 8.004181 8.297733
