0.52117723 0.52117723 0.52117723
0.5219759 0.5239121 0.5229682
16.456968 18.309042 10.767995
15.01745 18.019 9.447045
41.64514 119.04879 90.2837
155.47713 202.1126 176.16913
156.32715 202.80994 179.32184
150.21793 195.59187 173.16792
137.94739 183.86897 164.91618
134.41406 189.53294 160.87991
141.7056 202.0948 202.9166
130.60893 179.75652 161.06186
127.31592 146.77591 106.38361
180.01268 130.60477 100.245026
164.37625 174.42992 148.87328
101.92349 136.55214 111.8696
126.399605 133.6309 92.03495
247.7466 247.99728 246.99559
109.93269 215.35709 234.88103
146.17091 174.54109 151.13148
118.51837 119.59262 76.77271
122.75599 127.025925 72.091194
111.29546 110.44927 59.749043
77.21373 83.936905 69.60773
113.66414 123.23152 82.60753
171.1617 178.12503 157.36505
147.61897 125.40525 94.623116
147.26225 139.93642 106.03896
132.71596 147.23177 119.41607
161.85927 125.348175 93.00467
127.93371 110.8627 96.06307
168.27612 162.72368 130.91576
177.11719 185.52246 162.08461
48.67046 51.987995 38.189335
83.75311 70.010574 50.751827
90.30297 83.28644 60.404934
90.247375 78.635 63.30021
91.73602 75.16545 68.266884
79.47079 66.77199 54.89128
77.37521 71.8952 50.707634
103.479546 89.86659 71.87192
109.81035 92.41183 62.254272
105.78467 96.10424 79.91411
98.0759 88.258026 74.36807
117.96028 91.219154 57.688004
16.302338 15.842369 10.1846895
111.91157 87.182 46.485477
127.496635 101.38872 49.52563
115.62382 84.88027 51.558544
130.07266 100.76623 71.87662
118.95029 89.87441 59.521202
133.59424 108.79174 66.35692
133.9338 101.994316 72.1411
120.00285 87.376274 63.29249
130.73314 99.51094 79.07341
128.43913 98.91517 75.254486
112.46399 96.64202 57.015053
154.87611 137.30249 109.425385
112.77036 93.8375 56.322815
112.10162 97.26691 73.42192
119.27148 116.434265 73.61636
139.10594 128.32988 91.54642
109.05925 99.17039 68.3839
102.71983 86.03461 71.24212
104.96399 86.55908 69.73554
138.71652 110.74984 84.792366
154.03546 132.80038 120.76739
162.23868 142.37248 131.41824
160.77728 138.91391 128.20914
170.28809 148.56937 136.32956
149.02321 123.20817 105.03574
144.44856 104.25855 73.2747
163.37828 128.61958 98.104774
154.81519 120.816185 73.0607
154.00583 140.55219 129.36783
149.24863 130.00705 108.5173
155.18655 130.6069 113.96636
142.22624 128.19832 108.197784
122.06835 102.60291 68.52277
164.4886 127.7451 97.04879
141.49905 103.20216 73.08362
124.1229 100.391304 81.82342
122.05797 102.2808 75.11201
144.58469 122.891884 88.92799
142.94261 119.60199 95.67832
134.84854 111.68108 87.29864
141.3139 111.36834 86.78648
137.57007 102.22211 82.50143
136.8374 114.5865 90.71666
136.42085 110.08836 85.51503
136.38385 113.54265 88.50293
131.09535 105.29447 80.327675
131.3596 99.46181 75.88436
137.35089 109.2527 82.426834
137.86967 109.27453 86.861855
126.615906 97.33409 77.61857
120.02033 96.75115 78.60826
127.8414 99.37647 77.32013
148.96767 114.858635 90.62648
121.332275 94.062035 72.22634
145.8883 117.232445 89.79232
146.918 119.8709 92.83586
153.48232 126.632965 103.04262
123.779854 92.55993 68.9796
151.82161 109.24271 72.928604
161.68987 117.886566 87.92299
112.896095 89.64592 78.86207
140.57193 107.55533 80.428116
162.46246 132.63965 112.628685
159.2003 121.47495 92.46195
136.94025 102.251976 74.77581
103.09885 15.350041 12.75582
143.07057 127.25589 94.907425
89.90234 85.42437 86.54819
127.05896 112.04284 91.16405
98.82308 92.10441 93.13052
136.20465 125.430565 109.566795
102.61665 93.6714 94.00564
100.27441 92.00458 92.81485
101.03844 92.79048 93.27542
99.68832 92.607605 93.769516
99.77901 93.071304 94.01077
135.02284 124.32862 108.96036
136.67174 125.65761 110.09708
137.69316 126.59879 110.90324
138.83707 129.82664 111.460014
136.57956 130.02939 114.21054
159.60196 141.86357 110.45119
152.12347 139.17516 113.08442
135.41998 107.04274 83.58817
153.39111 122.95547 107.95607
155.27765 126.95551 102.6792
137.61218 119.435936 108.82521
147.73875 128.41559 93.94758
142.85045 105.29227 66.031975
111.34786 81.237236 45.918148
127.91723 85.29668 45.335785
120.41527 88.49017 47.82533
110.87819 81.08626 44.71828
123.9818 89.0236 54.648167
126.505325 89.423904 63.056538
96.91769 63.514908 36.619003
124.29423 77.74486 53.901665
137.98692 102.78188 79.44794
127.4977 98.19016 79.09991
18.663343 16.526405 16.40941
137.13606 103.74529 80.91432
123.95648 71.422844 51.533665
115.46924 92.60284 71.47391
89.71918 74.11027 54.107506
89.44189 64.8489 34.10487
84.76451 61.560555 35.72024
94.41575 70.04102 41.02304
93.88194 74.5356 44.41984
103.376274 72.306816 43.370373
110.47483 79.60988 45.768723
91.642235 95.07568 95.12779
88.93519 84.28481 87.79222
38.84242 39.441044 39.14865
108.45409 76.48964 63.738853
154.21997 163.81923 176.30359
91.90583 77.91442 65.33787
95.623116 77.13164 61.048985
103.74156 84.45668 71.97587
112.5075 89.20885 74.44995
116.86776 90.74689 73.98495
118.59683 107.6465 92.76204
123.46938 114.27794 99.65734
122.67629 110.59838 93.416695
140.2667 128.5017 105.44446
128.60388 114.95181 96.284836
123.28912 110.70132 92.9591
131.27876 120.38083 97.108116
110.53028 99.290695 86.01484
164.31746 157.99898 142.79742
147.02904 148.46652 139.21431
186.65909 170.49388 151.9182
140.52382 135.5309 129.08287
159.67157 147.97478 116.72908
184.13512 157.53217 141.24617
115.159035 105.3742 61.516045
186.03943 165.20592 143.8739
172.62471 156.13493 130.74425
168.95879 153.53407 126.091194
166.68176 145.66203 130.8749
168.40399 147.71149 135.5846
163.58197 143.4915 124.84384
164.09439 148.21864 122.11584
141.54942 123.67107 83.51607
161.84273 146.27826 133.61978
171.72307 154.12547 139.31816
141.37442 119.72946 87.65218
185.78508 170.97575 147.151
109.428795 82.394135 74.9203
134.32112 103.829926 92.062294
111.51689 88.60441 76.59683
141.2074 120.718666 117.513725
98.57224 80.83729 68.95159
130.075 115.62084 88.81727
147.95177 115.627815 87.51418
152.16315 145.50801 100.28017
159.66278 165.13902 142.54547
125.85224 127.07135 77.6792
148.49678 131.6236 96.28702
134.36319 115.72787 91.2634
148.15488 121.16119 92.30033
150.5912 137.66913 116.556244
152.5168 124.6949 97.0485
145.5874 120.957016 91.58355
163.97002 117.19541 92.56765
154.18321 129.81824 116.25662
101.296265 69.1337 39.82136
90.68452 56.34111 31.459002
91.071106 54.455975 30.959461
91.81911 54.473328 31.661867
88.48303 50.882496 27.349848
106.80754 74.87957 45.69442
102.02028 65.21519 37.052326
121.833725 107.73179 91.653564
130.93477 115.165306 94.0774
132.29652 117.558136 96.33753
151.94786 148.72034 132.17506
156.53621 150.47833 133.10818
159.43997 154.28677 129.31947
148.76347 141.2649 128.88695
146.52643 156.89272 152.14761
145.88467 132.02144 115.21395
115.18222 69.44566 39.18619
158.86139 109.78571 77.27095
138.31635 92.02384 57.086887
149.26897 100.27591 71.45019
161.59625 135.25816 112.8332
168.26488 134.82518 109.84138
140.80696 112.28929 92.13057
180.49913 153.65611 132.71855
168.19432 144.34816 111.18375
154.49925 138.09163 105.98676
176.47423 136.8355 97.31976
148.4805 129.1465 95.72978
138.8141 110.80624 66.49168
160.32518 147.8429 119.52352
118.579575 103.303375 76.47688
166.44644 163.58171 128.97754
126.163536 116.45658 106.906746
160.9864 154.74681 129.74448
151.13362 136.34157 108.29849
143.35774 124.31635 97.815895
158.3012 130.15773 100.678276
138.71855 118.458275 82.07416
119.61281 114.649765 89.18691
114.39351 114.33993 82.056755
135.67325 114.33279 83.65478
144.44249 121.3818 87.656906
145.28546 121.0213 85.18297
134.7587 113.257324 79.887825
123.981415 102.18057 70.0699
75.8831 62.56455 31.912218
114.71352 108.47841 53.89007
122.48662 108.83475 55.60429
85.987175 86.15746 36.411007
165.23082 197.86787 196.9042
125.245895 108.41599 53.83436
71.58657 56.814342 36.08183
60.129555 52.007164 35.201317
73.91575 65.14844 41.26468
84.27516 64.1425 30.685246
92.83811 75.368675 47.284817
101.74038 82.03381 51.67288
57.054577 48.63498 31.057554
56.775665 50.62065 31.43826
55.52166 47.35619 23.092648
71.00143 63.1753 39.297886
74.067696 75.20708 58.632874
80.693085 80.585 66.506775
114.86754 93.553024 52.004864
82.03834 74.140274 60.927223
78.86633 72.05455 59.22864
83.4378 73.80236 61.418026
136.50566 114.47718 73.823784
144.26886 118.0166 81.94136
148.0325 121.203255 83.00276
144.03957 122.66484 86.05361
156.94124 133.00677 94.45864
154.84465 129.32124 88.16496
157.00017 133.22722 97.15877
133.99753 116.72215 57.052494
124.50244 95.80587 67.14826
76.08328 59.658695 43.207584
67.76911 54.770416 39.081394
118.2102 90.88724 65.617165
67.72564 54.094803 38.404568
124.18689 95.91001 68.16232
144.54054 99.57873 61.694466
130.82104 99.48376 70.79932
140.2089 101.7792 67.783966
115.45609 91.604195 63.25829
138.12094 99.83523 58.766106
103.66843 82.47962 56.77136
125.79036 86.78929 50.72058
135.05801 101.48267 63.84145
117.82346 78.2079 49.87463
123.11905 119.50578 78.53306
99.87577 78.47393 58.218163
116.095795 107.752914 89.865776
108.239265 101.02575 87.7656
129.54103 117.42589 98.70596
117.45864 109.43352 91.7763
119.91244 97.34384 77.92732
113.37792 90.571884 72.27961
124.33835 110.619194 92.2551
117.1335 108.269516 88.36916
68.11755 62.256763 52.339394
60.582798 50.234524 35.102837
76.967255 64.3747 47.447456
73.374535 61.59536 40.669975
57.992424 39.85389 25.031124
69.695145 50.58512 34.464012
58.32187 43.502228 30.354712
70.32124 61.384335 54.17777
93.74091 92.78332 94.27257
101.46723 100.27673 100.988335
114.05417 111.972145 111.959755
91.69921 86.86463 84.85116
79.19422 63.225327 43.487656
59.984585 48.193985 28.315722
96.70981 99.13861 102.85631
104.85145 86.14681 64.15449
6.8209496 18.64064 36.586403
4.7582893 7.875454 27.031996
32.88806 44.504333 58.960503
17.736677 27.995039 46.724815
18.216976 28.597221 47.35401
28.390896 37.097054 53.204536
22.0455 29.626217 47.740257
30.599182 39.3012 57.77746
35.24384 39.784744 51.377777
49.743332 36.574932 10.893679
67.33341 39.84593 8.308679
61.52868 37.81236 7.759185
44.59405 28.789099 5.640181
70.0652 32.22765 5.087105
134.73866 107.658554 80.638245
148.6661 121.579506 103.22554
138.42517 115.29011 98.38445
138.15775 121.17987 105.17716
154.1371 129.51776 107.36977
144.44664 119.75609 98.73399
153.25926 129.03629 107.960335
143.36249 121.26848 105.824776
198.92406 165.25449 146.83685
127.43918 97.27025 66.30345
125.3785 95.09185 64.25739
128.23161 97.96367 66.824265
162.48985 128.14151 107.38632
182.19283 171.72005 158.79161
142.38724 120.55254 88.4643
136.285 113.37759 83.226006
119.08459 100.94583 74.41125
118.37148 97.76095 67.87177
120.15519 98.85323 69.0918
73.94291 78.120575 56.70289
123.76214 94.14877 68.87289
179.14494 182.23482 161.99875
176.59676 167.80238 153.20824
143.61354 104.817245 70.207146
102.02616 88.02849 55.281597
159.5879 135.49435 92.56472
141.18091 117.14788 74.1497
186.48814 174.20856 147.22801
178.43954 155.38586 126.37066
169.99702 148.06583 118.95539
163.85706 143.40558 116.89087
177.9825 158.32372 138.49046
178.32687 156.44289 134.90622
177.25061 153.33586 130.91275
169.29953 142.57552 117.60748
216.3084 210.73102 205.716
159.40631 132.20659 100.200836
126.874 111.72733 69.89714
119.371 97.3861 65.55506
146.09055 125.9462 87.45699
137.97086 114.75727 75.223175
132.32996 119.20187 76.03446
134.39436 123.52256 78.689095
147.53435 132.35478 97.83138
152.00516 124.0357 85.54674
118.33143 110.395226 78.69157
138.92914 114.076164 85.32342
130.18953 102.746796 75.589165
122.82083 94.17305 68.13575
112.2635 84.11039 55.188927
130.80435 95.48303 67.37674
107.2001 79.33898 56.810616
158.81023 116.47488 76.754974
146.31976 118.45714 99.77385
163.29837 137.59592 128.24008
160.04463 131.53185 110.592674
165.51181 142.23961 126.39905
176.423 149.66962 129.76485
166.4775 144.18599 128.65108
148.74863 125.072266 106.47914
147.15382 118.86432 98.83276
166.09056 146.76826 133.9867
153.87856 131.18706 112.86308
158.50479 140.3312 125.70057
155.28648 128.455 110.714775
153.50453 133.7558 103.93305
176.61646 154.77904 130.57014
160.81642 144.84 117.567696
179.45029 157.06686 131.04468
167.77455 149.04897 121.6366
179.05394 157.66005 131.15202
183.02296 146.5849 119.896484
163.23254 140.08038 111.72034
166.94576 149.56058 123.76393
176.29704 157.04913 124.37543
177.68156 165.47032 137.34317
114.35808 117.54598 95.540565
111.51092 117.4119 98.941574
141.18991 133.37332 109.58178
141.92465 146.22537 135.13412
128.47902 121.52193 103.16085
127.28242 119.7496 101.20243
141.72491 110.90835 71.02183
139.75667 105.912674 64.26575
141.24011 109.7048 68.898445
145.91154 118.70773 97.86256
126.298004 124.569244 109.86285
169.92477 150.54494 131.32881
143.7535 117.265236 96.62309
111.75423 94.91672 76.09018
161.98117 134.8053 112.379715
180.9884 166.84235 128.10963
149.426 129.31754 90.17423
175.04047 157.11719 122.490585
188.12709 149.80952 110.117645
148.92763 121.97132 92.398254
178.15591 162.35333 129.42331
179.51556 164.39409 125.71637
152.47807 127.47478 86.764145
169.02774 142.41759 115.48538
177.76695 152.1295 118.44753
161.27385 138.80878 109.87422
169.42783 144.42047 115.08028
161.66454 135.28214 100.26514
153.99908 128.28336 94.47626
157.59828 134.00946 96.74004
149.75435 129.26427 108.185776
140.53209 117.28915 87.87785
142.66814 110.27642 81.86345
143.3272 110.76889 82.133934
118.75113 107.90895 83.781425
161.39722 132.8009 101.39668
134.74321 123.49027 94.492256
112.32785 118.19287 63.60971
128.36275 120.45668 81.87753
119.142044 116.60998 77.09202
126.35928 111.826614 62.6396
133.20284 119.911446 61.067017
138.16695 120.79336 67.40031
115.18016 85.9257 56.009247
132.77216 115.63718 42.854084
129.53156 127.58764 66.41127
111.02188 126.95053 87.64338
87.72849 112.93313 65.99954
161.12218 142.76984 97.70054
144.55272 134.72896 75.058426
141.96248 131.42589 98.356094
128.39453 116.20088 73.55399
129.56743 110.6587 69.89547
130.65337 121.82472 86.07411
140.9734 105.3413 63.0326
133.29065 104.87782 68.68513
135.78062 100.107796 73.00644
106.509026 96.98567 58.541218
137.04787 130.4628 102.293846
113.085075 89.40092 58.808727
146.59158 124.07585 96.37204
169.25507 134.31563 99.009125
167.04947 133.72661 100.71487
147.50577 121.574425 92.8132
181.48096 157.06044 121.551186
175.85588 133.98909 102.6912
111.04717 87.69064 59.326103
114.81088 83.24098 59.153927
111.906044 82.30841 62.494507
102.75323 75.82937 51.81928
123.666466 95.91994 65.1025
124.783195 100.23895 71.00871
122.222374 101.52384 87.82255
121.19149 93.57234 67.979256
98.01849 77.21925 54.04376
106.09972 84.5789 60.800014
104.22133 83.57459 58.893486
150.54025 105.37984 64.16271
46.92669 43.964348 38.059635
107.363716 80.46314 65.31712
102.10148 76.33576 62.281162
116.390434 81.2981 61.627087
102.88618 72.750015 50.156784
97.48078 69.819084 56.73179
74.98487 67.37879 58.487995
57.199066 48.890556 31.868265
107.24031 83.380486 56.551502
93.771866 70.64836 48.163296
90.69618 69.76078 45.341038
92.02367 66.22838 42.218502
87.68895 67.40379 42.755264
102.1996 78.60339 54.17743
111.96779 82.09584 60.411297
96.09216 71.45297 46.11932
113.09819 83.30987 58.98584
115.15059 84.92604 60.066193
79.22467 58.07101 37.83472
99.3869 65.206856 41.234425
112.46595 85.41234 61.976837
115.850044 86.44547 63.30568
118.59751 90.39864 67.97258
117.129486 89.64599 67.30483
116.83322 88.88073 66.03456
87.13457 64.00343 39.015392
69.64534 47.245655 30.623482
95.89574 71.69926 45.82286
127.00242 98.92468 77.53142
121.717896 95.92478 74.431725
75.69045 54.68394 30.826807
109.88688 83.76393 56.194466
60.81226 46.089573 29.427708
84.58432 52.840313 34.074303
74.82402 56.371872 34.957645
83.38988 64.83361 41.89382
97.60332 77.777794 56.66051
99.503265 76.737206 56.65555
108.09858 86.949295 64.92991
94.5689 73.579315 50.69108
92.394356 65.850815 46.96989
97.15417 66.43337 46.599327
102.50545 72.52585 52.64812
3.2391453 3.2405005 3.2393146
6.0512366 6.052568 6.051382
8.670385 8.671644 8.6705065
8.705092 8.708408 8.705503
9.507866 9.509245 9.508036
8.812334 8.815649 8.812745
7.966262 7.9675927 7.9664793
6.552786 6.5540686 6.552955
7.6572437 7.6585264 7.657413
7.57101 7.572317 7.5712037
5.9792585 5.982574 5.97967
7.2820563 7.2833633 7.28225
6.7478824 6.751198 6.7483664
5.2873807 5.2885427 5.2875504
5.2808943 5.2844152 5.281449
5.0525436 5.053657 5.052713
6.1241107 6.1252236 6.1243043
5.171257 5.1723704 5.171475
5.902028 5.903117 5.9022217
8.2017765 8.204729 8.202381
5.906167 5.9072075 5.9063845
20.27966 15.533787 9.592575
4.8101554 4.8248463 4.7094727
5.222155 5.2231474 5.222373
6.9934654 6.9944577 6.993707
