0.0032086796 0.0028393352 0.0025623268
0.0067636194 0.0058864267 0.005193906
19.600208 19.723707 17.977816
27.414036 63.794712 69.005424
11.621445 48.390697 67.96604
14.788851 52.27262 68.83973
21.20134 59.22156 70.17341
18.837904 55.637142 69.484924
14.435734 51.202053 68.28545
16.625832 55.060226 68.58273
117.469505 123.85155 146.39383
120.03329 129.93661 147.96669
117.06992 125.24379 140.02219
117.51397 126.668816 141.3718
120.933914 128.90591 139.5261
122.313896 132.36028 145.3114
122.6259 131.16367 146.84538
114.16032 122.64852 133.80356
113.92996 118.47454 115.06533
110.56995 115.58933 123.81824
96.706184 104.293655 109.79328
90.88797 100.85947 94.137146
97.0039 111.38107 125.12426
80.69875 86.026085 88.55681
85.04626 89.5979 91.75344
86.76397 92.54785 95.059006
25.287235 22.861197 21.784603
30.752008 29.899353 26.231
36.859257 36.686794 33.71198
43.553276 40.91992 38.81401
55.42814 69.07175 67.28324
33.160294 44.90635 49.800877
43.766827 55.19171 62.487072
12.073892 21.18144 19.992613
24.69993 35.020477 34.595314
17.209927 29.15203 32.67537
17.840628 32.733795 35.732525
30.362858 35.6346 32.047874
55.55637 56.427933 55.561703
59.10764 59.50792 56.879547
58.09589 57.327423 53.937927
59.536682 56.393745 52.134926
57.359535 52.72029 48.057293
25.36953 29.79543 29.813805
26.12733 30.81182 30.920267
22.34903 25.492682 25.066944
28.302332 30.385618 32.176662
48.637836 48.52126 54.824425
57.924423 65.081184 60.89483
6.2000923 9.08975 2.49042
65.214935 61.75397 50.71311
47.67373 44.154594 40.548683
61.020084 56.266068 52.721146
40.58121 28.655447 25.202055
53.923244 48.57634 44.386265
88.34227 87.21611 78.395935
95.91067 55.301247 55.84984
76.46343 71.37975 70.58608
65.614586 57.67657 53.08301
68.89298 65.06801 62.370266
80.19968 73.47904 63.083195
49.549725 63.47987 79.72002
37.532593 40.157524 32.766438
26.629293 32.047047 28.610271
66.43121 73.81646 77.65813
62.504177 68.29208 71.7196
70.540955 84.89568 84.40455
19.496422 19.622507 15.9354105
42.421814 36.516136 31.879593
42.532158 50.002747 49.045246
63.41863 70.67816 68.85741
9.913689 4.1825023 4.0710063
11.57433 5.858333 4.6481996
27.884094 32.030933 30.119114
40.683865 48.305954 47.864452
25.944275 19.775646 18.512743
19.034025 20.699514 16.620476
70.30374 62.94416 56.32417
121.80388 109.13645 102.28105
99.766136 93.68493 87.86122
86.262535 70.403786 61.75711
135.59972 127.141 119.34086
32.02094 26.739635 21.155056
66.334785 64.44312 55.62267
65.9521 63.5256 55.802032
44.40402 48.41406 43.869946
68.99321 66.87604 59.629803
70.36985 66.300735 57.646214
49.102886 45.443836 39.278717
42.52775 40.044483 35.535805
51.853577 46.214104 39.289474
55.157593 49.743652 45.47253
29.120337 26.874077 18.05568
57.579388 50.72558 47.16018
37.697647 31.68615 20.009626
58.476086 50.013298 38.483887
60.800068 53.02846 40.91489
44.390675 35.891876 26.13959
73.91228 61.68472 46.264843
81.29723 82.21537 68.71163
61.42251 55.540512 40.323822
60.75861 51.565975 36.31438
34.483955 33.312695 24.404108
40.299263 37.028625 28.711311
113.79887 110.801544 115.65873
73.60303 65.63548 53.958355
98.166275 88.64072 77.88274
98.18982 104.89984 101.132965
88.61269 93.56692 91.09315
93.4928 96.46455 93.729454
81.78747 81.602425 82.8485
78.70642 79.39532 85.402145
58.257572 57.794735 60.72117
78.22315 67.20397 64.787994
63.45584 54.606556 48.19776
63.820614 52.31115 47.848568
67.70886 58.12606 53.57606
88.981186 83.45711 71.79908
60.5325 60.030586 58.559372
52.056927 53.109257 54.41819
67.96789 86.86807 79.55755
43.19647 48.656948 47.890583
27.712742 32.452515 34.45877
53.745823 65.399796 67.35753
42.229225 50.79776 49.55531
87.68465 103.46304 107.461174
39.823868 49.93084 55.145313
57.403 62.76399 64.63666
36.311634 11.847115 9.402286
52.622066 33.067127 29.2283
52.030308 30.402655 27.299007
27.13435 26.705309 26.7747
30.371307 29.070868 29.83405
56.242912 75.84993 80.61586
7.8858724 13.590005 22.364197
32.067936 34.944668 37.40584
69.97061 74.41653 76.23548
31.834764 33.77057 36.05111
42.46064 38.78114 38.288597
32.077656 36.606647 39.719067
88.21856 97.922714 104.809074
71.83444 81.286934 84.269066
64.25111 66.03862 64.72551
45.371952 48.27004 42.061356
44.177933 51.381233 50.147137
45.067245 48.733704 42.19813
54.78622 49.481026 40.801846
34.749214 39.468998 41.64986
45.105057 47.5443 42.809166
31.498108 34.710274 35.93202
37.96715 42.368927 48.251778
47.92904 56.023617 59.252495
55.25817 59.235317 53.27306
43.76265 52.796562 50.746655
41.36496 46.43733 45.80224
43.09545 54.53449 54.127632
48.730125 51.861034 49.668167
47.559048 47.920475 42.026592
48.353992 53.944115 52.50351
34.689613 42.042545 40.083496
43.86055 51.198498 50.105217
53.836864 46.738365 38.75284
70.980705 63.033333 52.474445
102.29499 95.628044 99.14361
80.91339 84.703186 95.10115
127.293396 116.45402 98.662834
114.7581 107.84259 87.72643
85.832756 85.61701 72.88985
118.514244 111.76193 103.91706
119.15111 106.11487 93.71415
125.76288 117.266716 108.40131
117.11611 100.72523 92.349304
118.82227 118.09698 114.14368
94.71618 76.490654 67.829895
114.11466 106.087555 97.012535
116.78733 110.93435 105.88292
74.00842 72.40415 67.19977
123.01443 113.41999 97.434074
94.05919 89.240906 77.91918
97.250694 90.270775 80.75115
79.84587 69.33107 61.91235
94.283936 87.709305 78.725136
95.35321 91.34153 84.046585
107.61757 100.210686 91.938736
12.193329 38.215374 26.768282
84.51154 94.23345 78.76364
54.028603 54.04229 55.87394
53.089657 54.633102 61.615883
31.920914 25.610134 21.66595
46.925575 43.479595 42.46138
49.079247 45.28834 45.584465
51.607018 49.290283 49.330032
33.043766 30.159788 24.064796
40.072277 45.902332 48.57255
40.58548 44.702263 44.492474
35.979015 36.72484 35.4699
51.638596 51.427517 58.26274
28.950924 33.35455 36.438828
44.87932 44.25413 49.27066
45.757504 45.274586 51.167244
56.082527 78.367386 124.57742
54.310688 54.065075 59.97156
53.4437 53.325737 57.922623
54.47881 54.866367 61.689335
52.82276 52.728947 56.89035
43.06761 46.315395 48.848293
53.31556 53.001984 58.454338
43.642475 42.03906 50.857086
42.257595 46.525276 51.257202
34.466183 40.92717 49.970753
39.288483 37.828094 35.799793
37.33008 32.822716 28.84806
38.38352 41.766922 42.839867
43.200645 46.091434 46.46563
49.67373 48.46856 44.753857
77.52627 76.68525 70.08137
146.42433 150.66064 148.86177
110.678925 107.15349 104.661934
68.97493 67.63832 69.070984
74.232506 64.23294 55.80868
110.60339 98.447205 82.62534
129.57565 118.99174 102.87842
158.3954 151.59326 138.05704
140.28654 90.68214 79.822044
47.074123 42.57696 35.31376
145.82784 127.36715 125.152954
100.37361 97.911934 91.83213
88.012024 89.020294 83.22694
81.55872 76.48382 79.50907
81.490974 78.0048 80.0042
82.59675 80.33712 82.13963
94.978905 96.246056 106.23539
69.72433 66.7647 68.172874
81.165695 74.83248 76.09331
89.721954 87.872116 91.801704
68.5241 67.02091 64.85411
94.056786 99.64109 103.98264
93.69176 99.12657 101.98717
66.994804 66.970726 68.03015
92.45817 97.26429 102.53509
67.76018 66.35898 68.32101
74.02435 75.88177 79.22786
72.60755 75.177444 73.655975
97.259834 89.11249 97.17488
83.04305 82.019875 87.996605
83.17071 73.01845 69.02525
76.21715 74.70042 79.383286
79.24423 78.06597 83.69407
96.39548 94.01006 98.06531
53.556557 53.605587 52.7964
49.90157 49.771423 60.076756
103.77595 106.6076 116.41045
13.118583 14.000739 10.879409
30.662857 32.36228 30.101685
57.75898 81.01632 81.55739
60.550785 57.74019 54.362118
57.06212 66.86327 62.472
89.33181 87.12482 87.04427
28.316044 30.599146 23.508934
9.409072 16.783587 16.374815
53.459072 47.88802 50.466553
68.27022 62.660343 66.76803
62.07941 53.717567 48.6057
83.8753 77.74917 72.20649
71.05672 69.772415 60.9229
46.44903 49.40381 43.271076
109.617615 95.776085 91.4858
86.91438 91.559784 88.172714
21.823984 21.669298 18.856533
22.065258 21.865097 18.72373
22.228209 21.233057 19.732641
76.98571 83.90187 84.23924
66.62156 80.093834 83.96009
40.869343 46.860294 47.54155
16.713688 19.467682 13.774608
106.53772 103.49395 94.64882
115.580444 113.22608 107.80249
103.746864 100.43271 92.39919
106.60556 102.8711 98.73686
73.14337 60.618904 54.651432
56.768307 56.731762 49.27327
55.880703 89.08613 116.116066
21.270615 25.238436 21.563805
26.541643 27.128185 23.8756
77.15792 78.89091 75.44878
70.119415 56.608173 59.971237
80.811775 64.14077 72.1597
86.044044 72.84019 80.63809
51.762466 60.343838 70.20535
11.500254 14.5288315 12.636172
38.467037 42.268677 40.57823
19.097738 21.571768 19.887812
39.98809 47.406948 49.2066
24.897715 30.594736 28.621353
43.26833 54.090904 54.010666
27.958656 36.231186 37.648407
30.6458 38.15277 39.877007
32.4753 39.36064 41.130333
32.68541 40.333565 52.131462
34.632847 40.326847 47.803993
21.0973 22.383472 17.179409
13.791182 14.693167 9.517867
30.30764 43.283424 43.52768
41.127956 49.4849 53.69469
36.411243 38.647877 38.351337
15.630748 17.068375 14.94439
82.11782 84.31614 84.74349
69.281876 71.04114 67.20476
25.590628 32.44543 42.197598
45.34169 46.311817 52.502216
55.25171 71.26745 74.75896
18.495476 19.54873 18.166412
15.701616 19.899492 21.02507
46.920937 53.22567 61.045708
44.59732 49.992542 59.218422
32.54372 44.587143 49.899147
78.86713 79.521904 82.371216
57.70554 67.77124 70.136406
31.867636 45.186264 58.52057
63.33728 68.23255 71.45958
17.272877 15.615604 17.64072
81.870346 92.59463 88.417
67.762375 65.750275 56.73315
166.42383 152.37766 134.78789
254.07706 254.41101 252.33475
36.105034 50.029224 55.566807
35.103947 55.292175 61.247066
37.789333 46.923985 42.621723
113.825 98.560135 78.105034
114.21953 97.26512 75.89453
38.910156 40.832573 25.547022
36.559673 43.863342 58.055588
36.9756 38.26392 34.76249
69.28183 49.70485 43.799286
28.077679 50.531048 58.53414
68.565926 59.749214 62.12419
57.75979 51.308887 52.25254
232.75685 245.27615 239.72417
31.105564 38.190395 38.275417
23.811981 31.279894 24.406418
83.12401 90.99259 95.87385
50.77299 54.47057 53.224308
55.314266 55.814472 55.952885
74.96914 81.477264 72.84335
62.530495 64.85099 56.582573
55.003902 59.232616 49.319668
78.19229 75.572876 72.093605
57.206234 57.756996 58.90088
71.70344 71.75157 72.27521
77.67242 81.00065 82.28407
70.81713 74.65169 72.48377
63.51805 64.45861 67.541595
16.612396 22.272415 21.86235
23.575508 32.6723 32.735687
21.46115 20.937073 18.769
19.75935 18.015974 15.867198
36.76221 45.699215 45.887398
28.365396 35.263226 34.11235
25.521284 30.975231 35.135918
36.441437 43.18255 42.483635
22.87477 34.138596 38.55997
23.14363 33.92387 38.565742
29.503023 32.271305 29.861012
66.55487 77.887215 73.29638
33.905655 50.614452 57.849815
57.58255 67.53088 58.112236
41.60187 51.39185 61.902977
50.496143 57.649906 59.925552
26.581602 31.244783 30.995499
26.197645 29.571306 31.110758
35.675255 41.87664 44.871975
34.408566 44.255123 50.791042
56.6533 63.92777 73.91145
55.26482 62.75254 74.9427
50.273476 57.35748 66.876526
57.329388 63.480747 70.69933
57.343075 50.8985 52.007133
56.195614 54.351894 55.827263
63.8253 67.262535 68.93368
46.558865 50.601894 46.94139
94.34298 100.74226 112.03878
26.853348 35.366505 43.039265
31.798016 41.300163 51.653557
75.88158 89.305214 99.62345
92.62461 99.19751 111.627144
21.765974 18.576477 15.014058
45.913433 54.61932 55.037098
23.508795 14.859972 18.017128
36.7536 33.897644 33.733658
15.406694 22.86745 24.507524
87.50418 87.65053 89.56452
20.916805 22.225855 20.217474
23.90464 37.139313 40.354893
27.983288 39.492176 48.28578
62.17941 67.723335 71.625626
52.050163 42.81429 37.546722
77.771 69.58317 59.550602
89.78259 78.91318 69.32777
96.06187 81.39573 75.69072
93.1904 106.8747 115.00423
72.092476 73.23181 76.26586
68.04841 70.25686 69.61357
52.698753 54.636543 56.63652
111.12959 107.39139 109.64501
113.00545 110.8398 113.07085
166.53362 169.33493 195.34467
66.125694 67.98793 70.363754
109.90039 96.03571 79.76316
63.336334 66.228806 68.64887
61.000507 66.4708 63.483585
49.806164 49.882664 51.195637
52.563572 49.257435 52.96422
51.288506 47.464012 52.052677
90.262024 89.96886 86.80626
62.084118 63.312836 65.29204
56.227886 55.5732 57.31369
55.559788 55.1054 58.25852
50.31085 49.579292 51.894897
103.4596 104.54628 106.03982
68.65212 69.73866 69.36191
134.95236 128.1286 137.3717
78.66801 83.35475 89.0129
78.105125 83.77516 88.97108
74.60815 80.41126 84.75776
83.925026 88.59617 93.66683
69.602585 67.56016 66.81937
84.31579 81.302956 80.71304
148.80046 156.9255 155.10736
108.302055 111.40757 106.69213
73.641945 73.73425 66.802444
94.78749 93.68246 85.56205
100.24035 99.943306 92.11584
100.345566 99.56586 92.13522
100.688225 99.71964 91.48636
93.59414 93.97163 86.85549
90.758125 90.9548 84.10028
86.46383 84.84945 75.67715
79.734856 78.69571 69.18264
73.86577 71.50981 61.985043
64.49183 62.028187 54.103718
60.907387 58.544945 50.58063
52.71849 47.7226 40.131325
37.892105 30.584326 24.43225
79.08024 63.480885 56.16228
84.38807 82.69148 72.64476
81.022415 81.08116 79.77802
113.82684 114.983864 100.66413
68.189865 68.436035 66.98744
35.60912 44.89536 45.305355
36.473106 44.418976 45.182457
38.512928 45.487396 46.61879
25.460434 23.975878 19.61722
14.519483 15.413712 16.000347
30.847069 27.486542 25.832687
63.61385 67.37045 66.69961
15.33892 25.172438 26.698685
15.076131 25.906048 28.425877
22.076246 29.143536 27.166204
47.41886 57.204338 52.451756
45.619667 54.944115 50.08945
52.314495 61.760643 57.320477
8.3813715 14.824031 14.56355
23.377262 23.111795 20.267567
25.113735 16.914082 17.249376
60.932663 58.308495 53.8271
57.93024 52.366806 49.572346
30.3256 30.390652 30.266504
96.767685 99.434395 110.94753
101.9573 96.95796 88.433174
75.74968 70.30822 66.00427
26.904825 24.888159 22.787073
70.18165 81.327866 88.79942
13.630933 26.239704 16.39656
69.290215 72.70584 66.06856
55.048615 57.109074 56.718353
57.853416 56.824677 55.93361
23.954548 23.217613 26.822554
51.604202 54.499214 50.88056
56.94049 58.245777 56.494854
45.25988 42.655495 40.60667
79.07544 71.94349 69.032875
76.78758 74.10254 66.020035
78.62311 72.792755 68.39559
59.86385 57.46078 61.96429
89.04303 79.762115 74.20674
78.1686 70.71554 64.38331
78.954544 76.2385 81.02555
85.55429 83.92246 81.77041
62.257874 58.310825 62.46281
19.97006 20.722599 28.535133
69.89188 66.221954 63.879295
66.00833 61.227055 58.374977
42.18114 33.993237 30.088943
48.265144 38.182755 37.3301
48.71953 41.502632 37.95127
43.86962 35.133865 31.897968
47.85316 40.76311 40.91856
38.40905 31.870707 31.238712
39.159233 32.96812 31.455793
37.286728 31.70381 30.03174
43.761333 32.296814 30.950346
77.15635 70.38357 67.83199
79.22874 72.26992 71.0885
84.96547 76.11057 73.43211
33.92823 43.723293 48.83998
26.951801 39.42357 40.634674
70.4488 61.020176 50.52828
21.212904 27.088388 23.097738
23.320475 26.469322 22.082733
35.948914 46.57851 45.9813
73.273796 103.97574 215.06717
14.80397 22.053925 21.298061
11.857479 21.168652 19.241343
28.339312 34.64476 35.47343
29.784073 35.63945 36.053947
14.858748 25.091297 23.560318
35.3223 41.437717 44.61482
22.19342 22.031672 18.68848
22.45711 22.46916 19.962488
42.574677 48.196815 47.46953
39.46865 45.85344 47.932224
143.12868 172.26228 191.19598
47.03982 42.012764 49.0771
63.034626 55.263367 55.578533
64.661285 58.233864 68.45944
68.06164 63.068283 75.46734
133.55087 171.4954 190.69426
58.1039 47.80515 46.103024
57.409557 40.53393 41.972
37.924053 41.496468 41.956486
60.58576 76.72378 89.7735
57.175022 43.08209 52.45582
78.3093 66.57015 48.391438
37.228184 35.175602 29.341667
153.77646 146.92131 139.08546
103.73315 81.65037 74.259995
106.09554 95.469185 88.497
93.9232 80.41583 75.55201
116.88546 113.53257 102.4232
23.239681 40.765003 43.735966
21.742037 36.38167 41.23938
56.38481 62.71445 59.91722
27.100115 37.31863 38.533817
23.063896 37.04176 42.7982
18.86745 31.067036 33.06752
39.487003 39.223522 40.1199
71.97544 76.00605 80.18714
117.28239 103.52934 95.2467
89.44742 93.429825 127.023384
37.350994 45.016735 44.876083
50.225647 55.258842 54.905563
28.133518 41.05702 43.968697
24.703856 36.840305 40.0798
118.973915 131.70999 147.4913
30.00531 32.45157 33.571583
38.60201 63.756535 117.39033
76.493355 62.447945 63.142014
25.849724 29.960203 33.258865
21.911057 24.523315 26.114775
28.044506 32.23033 36.618053
13.993444 15.171999 17.618328
60.803417 51.070477 51.08218
109.88749 104.32853 92.93666
114.190765 104.28059 96.60891
99.05773 93.81738 93.22018
98.42969 90.81464 92.44024
55.74866 63.889797 72.99651
75.811035 73.23038 72.08784
59.028717 64.0702 54.127815
129.46117 99.450325 100.371445
57.5238 57.22066 46.957848
61.672367 65.675095 61.928925
151.78372 139.63513 135.89383
162.54129 160.3058 172.14137
143.21912 140.22299 149.11127
160.42532 154.86581 165.55614
136.23871 132.24457 136.97601
67.0844 64.43266 63.205215
137.14531 133.65132 136.52423
79.32733 72.909164 62.31235
48.319946 34.320385 23.079317
33.434696 22.189842 14.6304245
75.281784 70.79594 62.43779
73.90822 69.44587 62.673847
71.047874 66.28747 58.058887
69.025856 61.125114 53.682133
103.13146 99.836845 115.72601
80.072 96.387535 123.726845
80.555885 99.27145 127.82535
116.278275 133.45071 156.61317
89.67539 87.56646 89.166855
84.7229 83.02613 83.04548
100.30748 97.79998 95.224976
97.04896 92.905334 87.01819
101.9055 90.27866 83.246506
100.71343 92.78818 86.07101
99.64347 88.79254 80.2825
95.83751 88.79252 83.01279
95.48823 88.63645 82.60655
17.825853 28.830448 31.884441
18.846422 32.908447 41.071285
28.646746 46.15628 57.289333
37.488388 46.464706 55.000114
33.371468 35.66925 32.978046
34.74497 35.17514 30.42336
82.7392 75.2692 73.37241
109.81946 105.71662 103.037674
116.62627 115.5461 118.93714
118.81406 118.16108 120.95192
119.02645 117.01027 120.8371
118.009544 113.6526 115.59049
119.9271 115.49326 117.26893
99.627975 96.0961 94.253
107.47306 102.960526 95.49338
121.35983 120.463455 114.12255
103.21182 112.62858 160.1925
95.38463 99.75321 123.991875
108.91302 105.12103 110.53788
90.674675 104.808655 127.99667
84.63599 76.27728 70.35859
76.09485 63.87546 58.6461
65.60882 66.66339 57.371838
89.79065 95.0343 108.711494
72.52087 76.756256 73.50367
74.204384 77.52782 75.0858
60.20764 64.18707 64.102516
62.14896 69.98677 75.806854
53.648567 55.559628 53.380817
54.770267 64.423615 67.7626
56.215534 65.044136 69.48414
53.146954 64.46507 66.75293
31.330309 31.455702 27.219713
54.6163 62.91616 59.472645
38.300625 56.593376 51.350716
76.35335 95.96136 82.14532
52.773014 54.858562 50.581486
68.3476 70.4582 71.67567
118.71745 124.23666 115.30097
74.81475 70.32634 63.57657
134.20605 131.30324 123.24691
72.41572 78.14289 79.790306
41.992912 39.075714 35.05773
87.15037 99.61537 106.7879
77.01879 82.72936 81.12844
86.57666 92.91796 87.452194
103.69292 100.95598 103.35016
86.41198 85.009346 87.005196
132.5518 152.93535 169.5583
131.02904 149.7368 168.51707
73.725136 74.93721 76.55457
62.708748 66.20494 66.193886
108.0138 118.02207 133.50194
127.828835 138.36378 156.47955
124.23047 134.55734 148.31253
115.02904 125.32553 136.98822
120.73474 132.48137 145.67955
156.7095 170.58719 186.94534
45.866203 44.235435 38.103855
108.591064 99.22934 83.67625
54.769783 59.735043 57.878647
55.725994 60.77172 59.98105
82.38707 81.064285 81.09199
71.53896 76.32611 74.78922
81.64368 87.0912 85.30012
23.851316 32.05217 29.502123
23.66385 42.309326 43.05561
23.143444 38.775486 35.843353
25.183517 40.63749 36.92779
41.381023 63.584858 69.072044
37.71849 60.115376 66.327515
22.075 38.306118 32.2792
18.896906 27.195269 21.905703
31.7491 57.79873 70.06027
27.441204 48.149654 48.0473
32.03257 41.670036 34.903717
29.459764 45.509743 51.843445
25.20704 37.360134 38.389057
40.494507 49.437534 47.9226
19.025347 24.67574 21.423916
37.986057 49.563503 45.239014
50.450832 60.44379 57.161312
70.46066 83.06244 91.7692
49.308266 70.90462 65.61987
27.160273 37.8581 41.10328
16.867105 24.671076 21.862442
31.040375 42.667336 46.66782
138.36942 144.00865 149.06447
75.68386 79.081924 80.22883
76.02359 79.85628 80.39319
74.73857 77.665054 78.85002
74.698845 77.512 78.51022
74.847115 78.09684 79.14802
72.00579 74.31108 71.45132
69.37214 71.93945 69.08033
67.085686 66.46655 62.49444
57.401917 55.39275 53.74386
57.824306 55.17253 52.656025
59.049652 56.587673 54.269207
51.036797 42.48892 37.955334
149.69315 149.75104 152.47966
33.44028 28.263596 25.999493
99.25725 98.45732 114.30734
144.68175 122.588875 125.21851
110.83165 88.73479 91.11616
142.71927 135.66023 131.47908
111.33458 105.51249 114.339264
83.80118 74.18557 73.95755
110.593285 102.03989 111.57184
129.18463 114.218605 116.10734
83.58964 71.591736 73.07269
180.17955 168.87512 164.55508
24.741735 31.811426 42.99901
48.257225 48.60757 57.554085
4.253301 6.378809 3.989012
25.64723 21.476915 13.452793
21.643766 27.68848 21.927517
26.674355 27.985065 25.215258
41.91408 40.682827 37.628693
47.61528 46.519436 42.19529
49.373108 47.73848 44.286633
48.652607 46.419506 42.184902
19.029917 25.087673 23.834417
39.501476 37.645638 34.602215
38.355793 37.35958 34.78144
65.55755 62.348984 58.08811
61.919323 58.583866 54.281925
69.49061 62.989357 59.749123
55.059605 53.559395 49.152287
35.34194 38.359535 42.60076
74.245224 70.61729 66.33428
12.203324 18.547276 20.49416
48.786495 47.23384 45.113525
54.981163 53.983818 48.243076
42.41281 45.89236 42.741436
53.73652 52.74326 44.33121
55.108955 54.005264 47.491253
63.69035 61.445084 54.311428
53.016876 55.02449 50.79866
53.64483 52.171745 47.80718
50.656418 50.987556 44.826847
64.90201 64.231766 64.28047
78.22851 78.37613 73.93063
48.62124 47.221767 44.06325
53.506996 53.623062 50.631256
