0.0030319332 0.0028118733 0.00295858
0.009242506 0.00819111 0.008851289
129.54514 133.2896 127.93347
163.63722 165.00926 159.51097
217.70908 224.41647 223.76965
143.76321 145.94197 144.99481
183.08836 177.63889 172.01675
75.90364 63.78532 60.20957
152.85193 147.12027 130.7865
85.69478 70.09739 67.48658
145.25278 145.2702 147.10281
145.09198 137.92021 142.97581
156.82333 134.15233 118.03683
134.02716 111.943054 101.34366
134.8413 102.655045 87.98322
143.72162 134.01315 138.04047
105.88234 104.0565 102.64849
110.83882 105.17394 96.12612
103.19084 103.54122 78.598755
110.63372 114.39291 82.84586
80.94931 58.00714 50.28016
117.468185 104.06509 96.536385
131.2652 107.402245 86.91058
102.54905 75.308205 60.57553
107.63881 104.30571 82.196266
115.95765 112.645164 91.12047
112.44024 122.40821 133.19417
129.02765 127.14165 135.58568
98.26041 109.96095 118.928825
72.81557 81.107315 82.187225
112.34674 115.161644 115.40344
101.04875 111.38821 84.30767
95.46936 100.46445 89.18473
128.37364 136.91534 129.27928
89.8507 97.2943 92.904396
124.873566 97.517944 95.77537
123.93873 96.654625 95.14563
119.01567 107.735634 98.655334
93.07362 70.73517 60.58729
124.391045 130.77045 121.31999
88.76063 85.59538 83.241455
78.62414 70.95799 65.537704
93.94572 83.33899 74.042816
101.642914 90.01274 80.89251
77.75832 69.46638 61.18688
110.76859 102.47601 97.98218
85.31385 80.873856 79.94973
78.02257 64.7571 64.47726
93.312805 90.37674 91.27855
18.364223 19.127537 18.39442
89.96567 83.84544 76.93958
92.76358 82.19458 80.99535
85.613525 70.98423 68.59037
85.671524 71.03381 68.74109
79.373566 67.973495 68.49076
88.64739 79.44208 73.1214
80.89811 67.472 65.14272
89.46352 79.81185 76.82926
86.775734 82.27508 72.07487
84.67412 79.09595 69.615265
110.35337 97.853294 92.72852
94.39934 79.1037 74.2874
78.16331 66.681404 56.48401
89.88763 81.85855 73.66338
99.590225 91.04934 82.65727
95.949776 81.611084 72.73913
90.70764 90.59666 95.722404
97.42293 106.38584 96.196754
123.6769 118.72148 126.64656
121.23793 113.15228 119.82578
111.449776 96.39224 103.23177
114.72859 99.6069 106.39799
108.6793 103.51934 99.84723
109.946205 104.26278 109.13441
121.851 115.409996 120.3962
101.00497 94.991905 99.74925
104.599884 102.40376 100.658295
67.00122 73.887596 60.232872
57.19524 57.781113 50.140812
85.61308 86.65272 81.33209
47.10074 48.464813 45.22473
61.671623 69.42256 56.098564
115.81559 121.90151 119.857056
79.14368 82.574036 84.228424
66.485596 70.04337 70.937065
87.16487 87.143456 114.00244
84.00059 96.83627 73.36823
101.34283 109.77813 95.77967
102.03763 119.59678 86.277565
78.86146 67.83931 67.15478
75.79955 60.302094 59.111984
82.068634 70.30205 66.24632
81.04609 78.85107 65.46288
112.02861 107.97904 96.15421
82.07631 78.35457 77.55973
83.61497 97.626854 71.71006
89.710205 90.90161 95.31192
68.388725 83.44085 60.393932
112.56413 106.38075 104.890755
105.23977 87.49081 80.47212
113.29126 99.57622 95.33862
103.57844 86.01753 78.99834
118.70221 107.316956 102.81674
107.63189 89.56174 84.71451
104.24468 89.135506 86.07717
118.85638 108.34356 105.08201
102.3573 89.55903 86.72652
67.867035 66.78373 65.86488
104.34601 101.15082 98.79075
79.42288 75.802216 77.56127
108.78647 103.48024 103.680695
119.646706 106.787254 98.98058
130.48355 119.202965 109.02301
144.12935 136.091 133.37296
139.36339 136.19267 136.58774
79.026184 67.03531 60.164677
76.429115 64.28099 56.267056
76.26427 65.54103 60.02697
71.0648 61.088585 56.41403
126.0398 120.46325 110.870384
38.44061 33.957333 36.064796
56.33026 47.89217 44.132378
60.104187 46.340042 38.88872
71.42518 58.212162 51.595432
71.68209 58.019047 51.163944
74.15064 59.974106 51.75131
70.08587 53.25165 45.55181
66.0758 53.17341 48.90596
82.50002 69.035995 60.13536
69.508095 55.737053 48.148712
70.62272 56.388016 48.687786
65.64788 51.45215 43.334614
74.7917 64.00743 58.70847
53.396156 39.13453 34.77889
68.54903 56.219105 51.374786
75.744194 64.28011 60.152405
67.086334 55.085556 49.324196
75.691475 58.719032 54.689495
59.527264 46.10086 38.54839
75.12947 64.345375 60.661865
113.23632 90.23246 81.914055
112.25343 90.48261 83.85527
110.37332 88.24771 81.73752
110.576385 102.70808 94.41332
112.55903 106.660934 97.53553
113.65411 107.43812 103.45479
104.5966 95.5446 88.25703
81.87532 75.10448 75.30623
82.808014 76.302414 76.67136
84.70189 74.17568 75.38246
81.065674 70.423515 70.20952
102.30368 96.3718 89.09993
135.88188 128.89525 121.80916
129.3577 121.62003 114.73835
134.93422 127.760475 120.23874
83.895035 77.58805 77.73884
108.25175 98.639565 97.679565
89.35835 66.0457 69.11653
97.360214 69.10404 70.83623
83.41166 57.994595 57.936012
85.39618 58.385372 60.11729
105.26798 83.66101 81.94547
80.32806 47.65343 46.805614
95.936745 61.472664 61.104187
93.73368 60.166267 59.535797
63.56915 66.891655 51.485916
65.57091 66.074554 54.066288
77.16798 76.72845 59.77708
77.9196 77.32452 60.573624
77.10218 77.92124 68.1627
82.2663 80.11856 66.28466
83.232796 80.97159 67.28473
74.802704 73.660034 58.055626
104.97812 96.8439 93.90838
67.09311 58.324905 53.17556
50.620445 40.944324 35.32373
54.675217 45.56279 39.74874
66.46782 57.29285 51.49716
50.724144 43.3497 41.406525
50.903343 42.751137 40.531567
65.34351 59.593918 58.176342
74.34635 63.436623 56.490807
71.10196 64.31068 59.849796
67.6849 63.199837 64.55455
70.798744 61.466843 58.030834
74.28295 65.35001 61.784317
64.95684 57.309013 56.851852
67.700424 56.542717 53.047703
63.055798 57.938774 58.715046
80.09074 89.190155 92.6783
112.897255 118.1712 121.78507
90.794075 93.85185 86.085846
82.161545 85.16204 89.31346
94.282 99.708595 94.68727
68.3853 70.58509 73.393005
96.28239 98.299034 93.6491
91.95007 89.94506 87.87572
88.31522 86.10839 77.56196
91.127754 88.363174 82.73833
90.91696 88.265076 82.5923
89.00447 86.48746 80.881
92.0713 93.95073 83.28801
94.415985 90.01768 84.873566
89.14008 94.5413 80.82845
83.43159 88.163185 89.15211
93.893074 92.513176 95.43459
106.53401 109.7049 108.12184
110.34728 109.459114 98.255295
98.76945 96.38012 98.11971
102.95714 101.27943 102.632034
117.06431 111.23055 105.89305
100.436745 101.19079 100.8375
67.840385 64.50134 62.49291
68.47689 66.23135 61.878452
88.55 84.166756 79.26104
79.79043 84.62915 71.641716
64.37574 74.31603 53.09646
61.107094 65.73094 48.795296
73.15096 71.77732 60.231186
107.973694 108.61778 96.92995
95.5759 96.56228 94.780846
112.697685 113.484886 113.34442
93.10624 89.91183 83.2395
92.91611 90.69431 80.85337
109.8288 102.909676 97.475525
103.97345 96.38039 91.43591
119.58587 110.626144 93.695755
102.50944 93.02203 89.99482
102.7002 97.46946 90.162796
90.81293 85.29165 82.051125
90.662895 84.204926 81.48836
76.05228 71.36567 70.35867
92.99966 96.65519 89.67326
92.20081 96.55518 89.07318
88.23387 93.303215 82.37992
91.40068 97.25745 83.969215
76.229866 64.204216 53.373196
115.68967 100.8195 86.49377
83.49697 76.766716 75.16184
79.61133 73.410095 71.59605
94.25026 83.52655 76.43376
81.21507 66.43335 56.182774
105.36813 87.81857 78.51944
89.5979 83.53898 80.3399
66.99746 56.051346 52.6515
67.12243 56.352657 53.067657
81.6637 74.74903 69.71128
68.08172 56.887817 53.394936
84.49093 70.924034 66.01213
116.713264 98.38256 79.63406
86.98787 73.456795 68.74192
129.37344 113.41389 96.85278
74.92826 61.734463 58.219887
85.255684 70.022156 64.63431
80.688 73.93479 71.38796
80.4754 73.68546 71.297035
74.7515 62.29576 59.660423
92.7183 76.22111 68.67749
88.292755 72.422585 67.06413
91.60634 77.59206 69.63536
87.613014 71.99604 66.55027
81.0689 70.77471 61.742874
78.06323 70.12071 67.480705
78.54543 77.49963 73.14764
91.147 80.36484 76.5134
94.90892 92.864075 86.903465
82.91339 74.55088 70.48846
92.768814 90.39835 84.53983
86.65285 77.79412 71.7282
66.73121 56.55937 53.043766
66.798325 56.648834 51.971245
76.91454 66.92584 63.157684
87.680084 80.22043 74.798256
75.75478 68.764656 62.224094
88.393394 85.80779 80.32241
104.29175 101.02514 98.35449
81.17974 60.395546 47.894566
58.77828 41.981026 33.36337
62.234436 45.15661 35.335934
63.02555 45.00631 35.352634
59.362953 43.067337 34.41134
51.245365 34.935425 25.521395
50.62563 34.39166 24.98758
55.82659 40.163334 31.019096
64.98484 47.113796 37.227837
56.492764 40.78867 31.841875
57.284805 41.475037 32.4765
53.809647 39.180008 30.631596
56.891243 40.695805 32.010246
55.284367 39.426453 30.798792
64.403564 45.89919 36.681305
58.03103 41.73752 32.093403
58.159958 42.181206 32.875763
69.15509 49.816616 39.28642
50.371704 38.320873 32.087463
103.2383 92.8752 94.15216
73.02196 64.55934 60.76021
90.92217 79.2895 72.2995
86.9488 77.00878 70.35407
89.495895 79.397575 72.43347
94.89723 87.31082 78.53147
84.32564 81.53156 77.38836
78.04203 69.30376 59.379993
86.50213 80.157196 70.17883
86.73048 81.47005 74.90669
96.57054 93.99193 86.942856
101.91572 99.222115 95.98995
60.04807 65.42968 58.48264
67.23123 67.89571 63.516823
74.19399 75.1847 73.5701
66.117 66.81735 65.21461
71.19387 72.31273 70.17759
45.769646 45.944424 43.208984
49.700253 53.562496 47.847645
52.369213 53.19221 49.915253
83.32014 98.787155 103.559784
62.86185 53.315907 52.72864
64.951584 54.848255 55.31669
60.314785 48.58761 46.153187
88.30747 80.11013 80.22072
76.54445 66.939316 64.445595
70.20123 59.59844 58.309895
78.126656 83.1002 73.69466
102.29901 98.39039 93.204384
91.62805 91.756516 96.557755
74.448875 69.1282 59.723923
62.960415 64.413635 57.752605
63.432564 60.21886 57.161938
108.56963 103.13541 92.00365
82.80532 77.54996 69.76717
79.09303 68.88763 62.40667
67.63605 56.271164 50.24527
63.777546 55.291016 51.542812
71.5388 62.108612 58.483055
81.47374 69.94088 63.504597
104.88755 86.96259 79.747765
102.03359 87.96594 80.83503
120.02056 97.822044 86.02626
70.46173 55.11123 47.567753
103.7805 87.430954 78.84654
73.99694 57.919506 49.37799
79.39943 66.04643 58.899483
72.47733 62.474815 57.259155
78.512276 66.60216 59.43271
89.88611 74.43129 61.25642
81.05638 68.443 61.299255
98.27874 87.57223 81.51841
94.98264 81.60084 73.069176
81.12978 73.814224 69.2339
92.60094 71.75453 61.514694
118.53609 107.24757 101.26307
92.44058 75.7827 68.67923
84.12456 69.827965 56.534157
97.0379 77.32906 69.135216
104.39386 91.30004 79.76625
64.73341 66.52171 67.21791
79.82691 80.157364 84.3506
64.93313 68.627754 67.555016
62.317474 71.48768 58.84026
67.00325 68.2383 62.070934
100.33982 73.87259 64.53345
110.73405 98.75312 88.44699
85.00521 72.39701 62.455574
68.331535 65.90063 55.754513
78.75461 84.24187 79.53144
79.78214 76.7597 78.1839
74.85121 75.05228 69.20933
97.67729 83.87953 73.238815
82.40046 92.41797 73.92885
90.14918 93.16109 86.326004
88.07194 75.60932 61.37625
71.51423 73.468506 63.00631
82.77021 83.826004 82.31662
71.21647 78.15086 61.13128
84.269966 84.612595 82.29537
92.90129 90.49477 89.97565
82.49142 82.83659 78.95953
69.35598 66.85075 63.18238
71.30219 69.551155 68.05064
84.574646 74.09181 61.79505
104.56145 95.34065 89.466255
87.48557 89.45024 93.51171
92.311676 88.404884 93.143036
101.22388 105.16548 113.633965
102.61243 95.197464 102.8609
65.45298 82.15778 80.63741
64.93667 73.57223 77.754196
88.99841 96.00095 102.48807
88.13881 83.05609 83.22062
69.501884 67.99599 64.81368
68.59609 51.25131 42.86608
66.35046 48.74593 43.637417
78.65035 57.221256 45.932808
44.928333 40.23011 35.144043
41.464424 41.505894 38.74901
51.828377 45.49369 43.60174
77.165535 62.9834 54.379505
52.646755 46.695217 44.59387
42.83757 37.828426 37.07856
57.537704 51.645702 49.8986
48.862072 42.120396 38.46413
49.68216 43.756077 41.34168
48.738472 42.75422 40.221355
49.222675 39.912197 38.379627
62.48983 57.92215 47.35239
60.37298 56.375935 46.430973
61.59685 52.665413 44.97726
74.927574 57.421097 50.910633
76.64656 71.08255 61.397038
66.82677 57.469364 51.699963
64.15573 57.263462 51.96188
73.33676 74.68045 74.91053
74.08179 71.833046 75.78214
92.03626 90.41227 95.776886
99.79488 97.39924 104.25933
80.66101 64.43851 51.60783
78.20698 63.891216 53.16101
78.215904 64.81082 54.41178
78.33341 61.877377 55.601814
93.37462 79.84202 68.96684
79.10114 66.773796 57.202503
87.96907 67.89139 52.781773
102.15389 87.49178 75.227196
80.91592 68.57298 58.121056
99.65998 84.66634 72.66407
103.04836 94.30285 95.14201
91.54328 76.94425 75.09167
91.40701 80.26794 77.80512
111.4958 102.45574 102.711945
99.64054 85.887596 81.911026
119.25803 110.575676 111.09565
89.11182 72.540955 67.24001
67.306564 61.296543 58.12421
61.12761 54.14595 50.289135
74.44379 63.46951 55.739742
57.98408 48.603207 44.14766
57.89579 49.75407 45.2584
78.56492 64.16216 68.3464
70.82285 57.838108 62.57888
75.00905 68.708496 70.2739
58.487553 50.94956 47.06888
69.8608 62.275806 58.6559
80.12673 72.14597 68.35681
55.85224 45.634235 38.77368
63.49095 52.662354 46.389603
53.149445 45.55472 41.25412
98.538025 77.2514 69.74109
83.20346 70.51164 66.6325
78.30762 66.78874 61.445965
99.58387 93.379944 89.28811
87.31317 78.1092 77.38112
89.40063 73.81346 69.09891
93.44665 86.794975 82.614655
88.6435 71.484375 67.56213
94.39124 84.587776 82.86931
98.37566 89.7885 85.4554
89.32935 71.48961 65.73894
93.3519 86.061516 83.20248
87.39131 77.49941 76.58355
83.82566 74.71715 74.30258
90.05692 72.78889 68.64155
89.07947 75.00924 76.80488
83.05223 77.534454 77.40963
87.50174 81.37276 80.12062
89.8854 85.052864 85.748985
85.44411 82.10597 81.22483
64.87848 73.07665 80.57511
72.84168 79.936134 86.96511
69.227394 74.12296 81.37361
111.56115 114.408066 123.318474
80.07663 64.03692 52.71485
75.08357 63.43731 52.8197
58.311287 35.94479 30.223825
82.32955 61.86537 51.49775
83.211914 65.165855 51.89992
87.92293 66.79574 54.897697
43.97919 28.19199 27.776102
54.471195 41.976284 32.062252
53.06624 40.469315 30.179617
75.342926 51.195145 42.368748
65.58286 53.104847 45.646023
65.61355 52.0378 45.43369
60.79229 42.25483 37.994816
75.39936 54.186024 39.015503
60.591106 45.18864 41.704533
57.079956 42.404152 38.978264
60.42469 43.1471 36.23209
58.365227 41.586605 36.12641
83.65228 66.052864 50.984352
64.61145 51.879993 46.836422
59.486797 42.030025 33.26329
65.93794 45.926376 40.56636
49.20913 38.525185 32.725243
65.5733 48.14502 42.76715
68.56391 51.037094 40.122303
76.37344 55.266567 43.47352
54.339943 37.070103 30.504206
71.774216 55.77361 50.264244
55.842167 39.20431 32.281677
72.03895 54.653698 48.683506
51.028805 30.02719 22.730133
56.95017 38.434643 31.994253
64.44005 50.612278 43.69644
72.061325 58.569904 52.549488
49.572987 29.60558 23.750574
49.465206 34.32459 31.48237
56.378036 37.93797 40.44875
50.534744 40.66529 49.78879
35.00208 32.129444 39.183945
9.69221 9.697418 9.676194
14.033546 14.038755 14.017214
15.869236 15.87014 15.859186
12.903883 12.904616 12.894347
12.838965 12.83965 12.830138
13.095506 13.099711 13.084846
15.564502 15.564893 15.557117
14.6050415 14.605262 14.598514
11.59778 11.481295 11.395203
10.4272585 12.243508 12.562962
