0.06032204 0.052968036 0.053929344
0.061980292 0.05443403 0.0555876
9.827494 6.374237 7.7783704
0.06306177 0.05539534 0.05666907
16.074068 26.317736 20.770416
20.305456 30.108051 21.95453
41.247105 42.063206 27.157103
43.61175 39.945877 29.022736
40.020237 38.732037 27.305286
56.075077 49.879307 29.242298
36.464504 29.89445 22.099447
27.248354 22.303028 16.37616
78.69284 57.784573 38.82956
79.96575 58.25744 38.20531
80.655754 59.2646 39.07681
77.446434 56.42771 37.346024
77.102 56.47921 37.30353
101.51793 74.37815 49.199783
79.77046 79.51728 76.61865
97.03992 93.33552 88.89447
97.04136 91.05833 81.65977
98.22963 100.76251 98.90471
93.29755 85.92944 72.93581
143.41826 138.81902 126.19186
156.94077 156.47563 144.5384
98.73014 93.25422 82.13381
77.7913 79.27226 70.90007
76.585144 78.14537 70.11569
75.67477 77.84097 70.37537
75.516464 77.36809 70.14376
81.14936 81.886185 75.23124
76.34576 74.827545 68.33665
72.548615 68.092766 62.574886
74.55532 70.65032 65.32593
53.459312 46.01204 28.68981
60.020477 49.17974 31.59774
44.94643 37.017063 27.78015
40.665897 32.350155 23.990292
51.385197 43.487072 26.972748
45.419804 39.984715 28.793415
43.712234 38.219707 27.261139
55.476425 33.459167 22.445662
50.68998 33.43201 20.933933
51.29255 31.476376 18.917208
38.718624 23.72824 13.356069
60.06513 35.568348 21.191084
39.497044 23.988752 13.712737
40.10608 26.2354 15.344364
49.89339 29.036121 17.15083
45.638596 27.15537 16.143908
33.886036 21.971594 11.430714
46.69594 31.536602 22.957968
47.530064 31.224945 22.726364
57.70649 37.214973 21.57092
52.83802 33.24821 20.69887
65.732346 42.758686 26.519562
42.123505 30.650925 19.730738
56.436096 39.517353 25.170391
43.535305 35.1453 27.748377
48.772026 57.883224 57.2491
56.96037 72.23807 73.59394
79.033455 69.63761 53.17652
91.04639 72.539314 52.00094
95.79048 76.67818 55.296852
51.120598 61.83242 58.87044
48.732563 59.9583 56.036865
83.20517 85.44218 77.86686
138.55154 145.4894 141.29178
118.738045 114.13521 105.89957
67.9131 67.36032 60.11096
121.551575 120.39171 114.1689
118.25092 116.616196 109.61584
138.29668 137.53336 130.47044
85.70858 82.90786 72.67763
130.53967 128.02812 121.23182
120.95104 120.70567 109.93881
117.96015 115.18541 100.87501
114.44338 105.20647 94.667076
141.88376 152.86797 137.13664
104.645035 107.162224 102.12283
99.95302 101.21012 92.87921
85.984856 107.43026 69.19426
90.196945 110.64033 77.23278
107.19678 119.81137 88.50995
99.55914 99.51692 91.31781
112.02682 124.6099 122.121414
106.518196 109.36263 109.12649
107.16885 118.70649 115.30235
101.08068 105.17506 104.46688
111.11151 105.69522 100.7467
108.74009 105.60409 101.42255
109.76998 117.01937 111.10726
126.67741 127.36676 118.44429
133.4118 140.72281 133.2051
131.10966 136.19296 128.54617
107.416534 111.854485 103.59301
116.56888 120.61769 112.14852
113.683685 118.7216 109.24386
78.29121 85.98445 77.146576
116.72615 114.70781 105.43432
110.5353 108.811775 99.29892
134.46797 134.14333 116.97258
129.66684 128.86234 115.9763
150.44893 145.97617 130.14174
131.89565 131.42351 118.25867
126.55003 127.00291 113.45756
122.64396 124.83932 111.55047
126.0349 127.91771 114.625404
144.62576 144.71576 132.1627
161.06691 155.38551 141.62703
125.84297 127.097885 111.5
125.61185 130.21486 116.888054
85.092834 88.60317 79.80053
106.72081 103.39892 97.30483
56.424297 64.53278 54.57289
99.86253 92.48212 85.10618
68.46623 60.68339 51.139584
89.54211 83.91209 76.224945
88.56739 84.07734 73.351746
96.728386 88.835205 80.00346
90.741196 84.829155 78.42591
93.99087 87.00694 76.458786
88.984474 83.4622 74.66323
79.55775 68.92093 59.75352
105.38421 91.223335 74.84013
99.85234 90.49438 79.13523
97.29349 89.870705 78.30733
109.45561 96.30714 86.81276
103.540375 94.967606 86.36181
100.130066 87.19327 70.40009
80.82709 76.51814 66.58947
92.19216 84.316795 73.16996
90.36811 82.58344 72.7328
85.24718 79.85001 70.98644
93.15446 87.04571 79.194115
60.054604 68.306175 52.396156
60.70459 70.85559 56.555706
83.179596 87.82545 78.59176
66.29548 50.77188 41.44814
109.83999 120.19113 128.15378
45.58051 41.636482 30.495073
51.21668 40.068615 24.795603
163.74379 148.40346 121.494736
110.454384 103.72204 84.0423
137.77489 123.370895 103.02447
122.03862 108.27032 86.7752
136.3944 123.815575 103.30531
121.467125 109.313 83.72098
115.886185 105.049385 83.173805
139.14954 126.00714 105.46448
112.332756 102.8826 81.24362
128.44208 115.96481 95.84766
110.72956 102.20913 80.9932
163.10713 153.27844 133.61098
118.62492 107.45712 85.1074
89.325714 93.92312 72.05153
119.018936 120.880486 99.32454
103.664215 104.79253 87.2696
119.501854 114.83764 96.94547
93.638115 89.57693 73.446884
104.936005 94.78082 74.28233
93.59582 92.45727 69.490654
118.21281 116.33898 102.05645
120.07157 118.782646 105.27851
123.56895 120.83987 107.09135
124.50065 130.0621 117.9129
96.08892 95.15018 80.58455
119.0912 114.235115 103.25366
117.74631 115.418724 106.96078
91.21257 84.25073 58.992767
104.3329 99.71312 74.824585
89.35158 86.33694 66.5726
124.771835 116.79279 85.859024
132.26366 91.8328 84.013725
122.58313 72.53338 65.39664
118.562126 110.991394 100.94571
120.86412 103.36337 92.382935
81.91466 79.722015 68.66198
149.83366 142.34549 130.21599
132.09943 123.39068 108.63343
98.84626 97.61721 84.55749
118.22822 110.42819 90.92966
108.92732 100.55525 82.01718
104.30841 101.365944 87.382164
111.01367 106.99599 92.03996
133.77405 122.26076 100.138885
138.79453 126.932686 113.46919
96.42115 91.173805 79.67433
127.29846 113.387764 97.81014
94.263016 89.26109 79.74619
119.9976 116.46611 106.149
107.68998 106.20735 94.41956
114.48226 114.010216 103.86847
122.39865 120.28116 102.83211
93.21391 93.5312 72.638985
144.96681 129.22318 116.65554
88.670944 102.20442 88.343285
84.78873 91.50274 80.03456
79.36212 88.75917 80.528
72.458374 83.08911 76.83566
67.06767 74.87054 67.38087
94.61932 97.213455 87.95198
73.578896 75.11108 67.23518
94.5944 95.36801 84.32245
96.01814 97.594376 85.77292
51.350372 40.743908 41.471497
69.27717 61.957993 53.489883
129.35753 102.88536 78.10384
119.47808 92.36164 65.14746
106.08952 93.28868 82.07385
104.04208 87.407425 77.26864
114.21012 93.06616 79.194496
104.23504 85.03862 66.705986
69.904564 53.826122 47.443092
106.65987 87.33605 83.9017
115.87361 94.34117 88.028404
43.475246 36.901466 33.180294
34.233624 32.943813 29.764048
36.256668 33.39642 30.720957
35.133286 32.63194 30.147633
38.19034 34.6851 31.489954
34.313843 31.950037 29.000866
31.618889 29.375727 26.482216
38.402645 34.474503 31.13886
31.152006 30.131315 27.304398
31.728214 30.731218 27.87217
77.69046 67.11245 61.52855
86.943665 95.68188 91.780945
79.35583 88.17017 84.49543
103.6782 104.785416 103.02297
98.211296 96.13581 89.64165
95.30235 93.115524 86.37796
87.05136 96.501854 92.96936
105.16486 106.35203 104.76847
106.56366 106.817375 105.00341
141.80363 143.14722 141.44566
92.86085 99.98195 95.24617
114.03622 122.2235 120.50363
114.676544 121.75232 119.4863
109.12006 97.52516 86.628624
117.49846 115.430374 111.06821
110.65417 105.72538 100.583084
103.35463 88.97296 75.81137
96.20168 99.16443 96.82747
82.411224 85.32932 82.72973
119.52146 120.82951 117.43223
82.29123 87.01348 82.24919
108.25857 108.55001 99.00877
74.816315 74.71838 73.73523
99.23506 101.606804 98.388245
120.32528 116.83487 104.88567
121.07203 128.33812 123.84773
100.67822 110.34456 106.44448
102.76392 112.68392 108.91317
102.26486 111.66275 107.6713
155.66249 149.04907 140.76318
167.95361 162.1225 150.51823
128.12074 124.76847 117.397934
104.218506 102.101494 95.44189
100.59202 100.122925 93.74619
83.149506 75.85203 65.83936
87.09159 79.39147 69.54415
57.190964 49.01764 40.907524
64.90072 54.841095 45.93314
64.154076 54.736217 47.21084
61.41007 52.857918 44.601105
61.882553 53.088463 44.607716
56.5968 50.313915 43.991924
68.374596 62.32324 50.945255
69.20469 61.496826 52.97133
72.16217 72.27573 60.115406
79.546 78.16775 64.7883
74.28532 70.78291 62.37015
64.42665 62.050926 53.477722
60.24119 56.771065 48.216343
102.40634 110.85641 111.451
55.59214 52.968132 47.736507
97.6777 97.41002 93.00668
71.70517 73.415215 64.19685
69.78558 70.96186 62.08938
98.38277 98.59454 90.96876
74.51187 74.15874 65.726265
80.11442 78.031364 69.38075
79.8751 73.41403 62.38224
68.91822 65.96119 56.28611
69.40945 70.78926 61.52069
59.95739 67.45549 62.18553
61.82701 65.984406 59.785435
65.58058 66.41762 59.07337
60.15775 64.759796 56.372265
89.079285 81.62187 64.03275
54.24201 56.906418 48.350998
78.90226 69.3719 53.795578
92.69683 90.74665 80.38952
81.35957 50.841217 48.251236
83.190216 52.26919 48.843525
83.5465 73.000244 65.71817
82.69661 72.12848 64.50572
87.68825 69.672935 55.617664
70.98878 66.7131 60.65357
74.05133 55.251236 43.122326
61.047607 43.1895 41.577938
71.37883 61.306633 55.76556
77.97169 56.017567 42.097595
73.43208 42.021893 39.031773
90.539536 72.79274 58.50094
73.19322 54.18087 41.96525
84.238525 42.537994 39.537373
84.46696 41.14958 37.979164
89.67311 43.359962 39.909084
93.13199 46.832157 43.948208
94.139244 43.989063 41.840855
67.49687 51.348473 40.349026
71.066765 52.608074 40.486687
72.547005 53.43581 40.82425
90.03321 33.00627 31.553617
117.56217 43.900673 39.712303
109.17027 104.00267 97.25823
142.29135 125.23696 114.49969
133.99461 128.13551 121.29642
142.89748 141.80223 136.07704
107.63824 109.14283 102.14304
101.00776 99.94694 94.494545
113.72459 111.90615 105.07294
118.7081 117.70882 111.46965
117.389206 114.80743 108.25472
110.61716 105.0908 102.9148
103.35501 99.90788 98.11028
100.278175 97.63466 96.271645
98.045685 96.03809 95.20879
92.40245 91.33225 90.899185
88.27947 87.40832 87.07231
85.35802 84.28385 83.73117
86.03795 84.738594 84.066666
86.78337 85.3447 84.56585
93.340324 90.749725 89.87683
94.15119 89.31086 87.43302
103.46777 103.96174 100.59224
99.044556 96.12624 94.43141
82.36517 85.55883 83.1523
66.26986 69.96082 64.88193
67.38998 73.417595 77.229034
62.64691 71.52855 74.49921
62.321342 71.78902 76.36174
64.409706 72.39522 77.36172
57.67712 66.97428 70.96719
61.14612 72.7838 77.57455
49.13545 60.35936 63.290867
62.166187 78.09402 82.81923
25.823792 35.04929 42.26335
10.122231 12.199856 13.250108
18.048954 26.357174 32.87731
50.623383 35.937492 29.768446
7.563759 5.9913964 10.944485
12.268782 12.064023 17.071882
5.8748617 3.6454458 9.085556
6.0623646 4.0034127 9.291204
37.02437 22.211103 18.796684
6.4215093 4.4763517 9.481999
7.6520066 5.9286227 11.901033
3.8298967 3.4533045 9.164624
7.0254507 6.218601 10.572387
40.316463 32.013386 27.112617
73.35378 52.635616 37.482216
46.522568 32.780197 23.220236
49.89916 34.41252 23.859602
64.70308 44.77169 28.62742
57.84143 44.043594 31.090483
60.698605 45.55304 31.62014
57.495193 43.934006 31.238188
53.17594 38.215767 25.377337
65.1249 48.734173 33.190914
43.14665 30.511488 21.35417
65.435425 49.061405 33.52305
62.454746 47.61716 32.628216
60.167942 46.39541 33.27467
73.83518 54.415524 37.58142
79.78801 58.232204 40.35131
63.800312 44.418217 30.618746
75.22329 59.18837 42.991276
79.71514 58.053402 39.465584
49.998966 40.171112 31.173733
38.52206 34.151863 26.89481
40.403965 33.354794 26.320356
40.327614 33.43182 26.259554
43.785004 34.778873 28.754578
26.94612 20.707354 18.406105
26.355684 20.568998 18.70435
48.577026 37.332085 28.993896
29.747536 23.821053 18.305937
21.919418 20.162125 16.374165
63.320885 50.605022 40.149723
34.80565 29.058064 22.35119
28.854435 25.343884 20.633814
41.14292 30.67479 23.830353
39.10411 30.839918 24.58296
56.017303 46.636024 37.9876
31.68683 26.992645 20.403412
47.06895 37.170704 25.25679
39.943115 54.04797 33.44141
28.348377 31.036144 23.021173
55.58712 63.238598 39.444027
36.050854 45.30567 27.88361
28.865898 37.67993 23.093752
34.584064 43.848186 27.212257
41.991924 54.760468 36.670994
34.259098 44.633766 26.783081
35.39945 44.86686 26.959938
58.727135 52.94737 37.51745
39.426773 21.170584 15.463927
36.37539 19.618986 14.655011
52.68092 26.889305 14.469455
41.58539 21.191805 9.522447
50.164337 23.27861 11.833502
58.052296 31.287287 16.965178
55.50678 27.783922 12.984186
56.95059 27.445927 10.671497
41.390987 23.799568 11.144244
47.04845 19.535015 7.046431
61.772964 29.99714 24.107403
62.9677 28.36102 10.167363
34.322952 20.84345 14.826003
38.41012 22.45381 15.756188
32.683563 20.197357 14.656164
36.45501 22.18981 15.464792
49.051693 17.221533 18.168325
43.848545 17.080942 18.024586
39.13338 14.4305935 15.596035
41.378033 13.152079 14.945734
87.06474 28.485195 31.43939
58.16691 18.057318 15.948858
68.49099 19.527302 15.652055
69.871376 23.959553 20.71144
55.494953 16.89058 14.203317
68.23447 19.91514 15.479212
60.559338 17.323 14.602932
40.33944 13.275703 13.357005
62.990627 20.945374 19.198486
27.968157 15.184018 20.260826
41.55239 21.19565 30.353954
47.30889 22.917616 30.708483
41.638042 23.198679 23.181158
61.735134 34.343475 43.719707
62.648403 33.402786 44.96258
62.49553 26.378803 19.740015
17.06681 14.856621 18.661549
38.405743 29.255709 26.57426
22.538187 28.64011 18.756237
83.17061 35.727398 17.483513
37.182865 39.542248 25.360851
43.100986 19.952776 13.373467
46.874046 23.612858 17.919033
76.15239 46.51723 39.032036
56.972313 32.869286 21.548641
58.22283 33.837154 21.321053
77.25004 45.771183 30.062557
49.578564 27.1472 17.097092
79.11199 48.38243 34.032974
52.07801 29.976473 17.591084
62.12545 42.07772 31.56311
53.086853 36.426846 25.969383
67.90205 45.390724 35.644196
71.15467 48.23694 37.178104
70.22528 47.06407 36.82396
31.098053 45.690147 43.823647
15.212666 22.790459 23.867435
12.637659 18.593704 19.616438
27.888151 38.726173 39.14052
43.103195 39.14665 35.073444
42.835835 36.582314 33.608196
24.7522 30.378275 31.811584
16.51711 20.47354 20.66299
28.1199 33.116535 32.247704
35.242226 30.342176 20.096058
29.410286 28.925451 23.073828
32.707474 41.346046 40.02718
28.895386 38.216774 37.79957
48.675632 53.56549 48.7633
54.925236 58.264576 54.44374
51.814877 58.537373 57.077915
60.589977 66.1486 63.558136
78.38594 80.138405 76.28486
56.22257 60.165367 55.85458
39.89387 45.15643 42.528
57.051888 56.803654 54.028
53.30966 51.152657 45.25405
33.267002 37.61007 40.697357
38.70983 45.656334 44.65304
35.74511 39.946285 39.9783
36.760708 39.12848 39.95047
34.31639 37.36705 37.63528
29.302402 32.65364 32.562557
30.158184 34.58736 34.749725
32.2646 35.897186 35.577602
31.626629 35.09863 34.914253
31.188921 34.496754 34.47962
31.35816 34.184475 34.037395
31.103437 34.510094 34.405983
33.6621 36.819298 37.57604
23.21204 27.653881 30.117496
26.156021 29.849916 31.747345
25.37241 31.692862 34.356644
32.798462 36.576977 37.829994
33.518047 37.562172 38.752464
33.8789 38.24494 39.419083
34.05083 38.053715 39.17921
36.678204 38.64477 39.43694
36.39546 38.505432 39.312763
36.434776 31.934198 31.515814
64.54381 62.44528 61.502693
35.575245 45.364193 49.626316
62.894497 55.203102 52.963783
57.654144 50.957172 49.0249
132.55956 96.60644 81.06025
134.27025 115.813965 105.30661
124.07164 93.91505 77.152245
134.31898 106.44357 89.187355
89.58832 78.26292 73.332275
90.69606 79.242325 74.06883
123.06873 114.43432 107.71115
103.95869 94.56931 89.82692
101.530235 92.2197 87.4572
127.7938 120.88138 114.228745
114.920235 105.81685 98.54215
98.343575 89.00786 84.39587
94.159 88.50649 71.16354
119.084885 109.599304 98.563614
82.44429 86.27405 67.16426
83.49356 87.2876 68.15674
85.85994 88.82694 69.60654
137.2921 126.991394 99.403625
119.46059 119.93848 113.250755
111.811584 107.93288 99.48474
114.90437 113.84341 108.95681
126.61622 121.71521 115.94119
125.73285 125.0117 99.8602
129.75885 128.52747 105.31629
91.499016 108.114204 114.85323
110.2348 115.5354 107.97417
113.4503 114.282166 105.27546
111.60752 110.27794 97.78332
116.24713 118.02192 107.07234
123.65801 118.43773 115.31776
120.12324 121.671616 118.344536
110.13747 99.66275 82.40656
144.131 141.65707 137.55951
121.99786 118.38832 108.74001
124.4466 120.76655 111.082
68.488396 81.811295 75.68683
38.493176 57.069622 76.881546
127.77729 135.21039 128.82014
74.43521 93.35593 88.38522
86.1982 97.84254 102.688896
99.03728 111.50238 116.35566
77.51569 86.548164 88.73129
81.1019 90.42581 85.213844
83.25811 92.030014 87.03812
98.794785 105.866714 100.593704
60.244003 68.61252 66.623985
93.28993 102.0441 96.21521
99.09433 106.31182 100.78152
97.427635 107.00483 108.40632
98.38301 105.56895 105.424515
106.75063 111.07885 101.88522
100.774185 108.86753 98.52091
82.45828 86.02165 81.03191
97.43189 93.215935 81.21552
132.92986 125.57258 113.58604
134.42087 122.392334 109.80707
127.68815 119.35612 105.9483
132.48914 135.05626 121.60447
138.3348 131.33282 115.08978
132.01857 123.97515 110.870995
67.203316 83.599495 100.61584
132.83107 101.93425 103.06263
141.15413 143.48871 131.08717
3.880005 3.8688536 3.8819034
11.4944725 11.483177 11.496323
26.931242 26.919899 26.933044
23.769382 23.758135 23.771112
22.133333 22.122133 22.135063
22.326748 22.31562 22.328478
20.963736 20.952656 20.965466
18.379452 18.368444 18.381182
21.243427 21.232468 21.245157
21.565416 21.554722 21.567148
15.111055 15.100216 15.112785
33.51161 33.500816 33.51334
24.36114 24.35042 24.36287
14.787359 14.636457 14.661163
