3.4981735 3.4981735 3.4981735
3.4981735 3.4981735 3.4981735
112.44612 106.37574 100.95793
79.60291 74.79458 64.671005
96.11295 101.373 100.42666
71.39892 59.067352 49.47985
137.04909 146.02295 141.14857
120.99001 122.7133 115.96798
78.4024 72.280426 67.729454
57.561073 43.33967 33.969463
49.621918 49.733047 62.75742
41.44589 34.268436 63.623802
44.74395 27.398174 25.529852
52.14315 52.942467 73.3641
54.85662 44.634247 60.730423
53.70154 40.42363 53.039783
57.68813 44.129566 53.329224
41.089554 23.241838 26.348345
38.203938 31.497889 33.32015
47.246006 37.702168 37.016323
46.154053 35.625114 34.170033
61.88573 48.948917 41.678883
60.983677 45.70074 38.33596
33.86695 23.941038 28.663242
33.80057 26.129965 29.718151
33.556965 26.425343 30.752968
93.342865 72.945435 66.36096
88.516556 68.88579 62.762558
32.356735 24.661358 30.222374
32.90097 25.464212 30.76387
36.497604 26.430994 32.23122
70.203255 63.73276 66.468834
115.00405 100.451485 98.51969
104.05719 103.35131 92.79087
100.86159 78.96929 80.22614
51.7375 41.615696 35.30451
46.041553 40.8129 43.62266
78.84937 64.16199 58.11678
46.457935 23.46758 23.175741
48.292923 32.628822 31.516039
79.48961 57.114555 51.88168
104.85023 80.546234 69.57312
96.64772 81.63847 76.69058
100.55097 69.57432 65.46895
102.87021 73.05725 68.82083
92.217636 64.02174 58.088642
79.640755 54.113014 48.64538
63.987556 40.820435 36.923916
90.717354 62.97106 56.474545
35.494064 26.89977 26.70645
43.36644 28.39258 16.969864
45.166325 29.643892 18.783218
35.92757 32.60097 48.673286
22.75234 21.931679 29.632193
82.78379 74.56124 75.50982
47.24863 53.304337 66.82637
54.91444 62.856277 77.91604
29.932877 31.263355 47.0742
55.924885 62.907192 67.80782
93.35577 87.38282 98.250854
47.22106 40.29492 52.699028
36.592407 37.835503 51.515297
39.65234 45.356335 77.60126
31.258162 28.751713 41.91849
22.833391 22.432364 31.348743
34.59047 36.63796 60.123573
30.07403 27.565182 39.92203
39.45074 46.549656 83.43048
70.26524 84.46421 93.79081
43.76992 41.577454 49.346462
27.496119 25.338356 32.27329
31.424257 30.431107 37.67694
34.82015 36.15297 45.20274
33.089725 32.384247 37.98927
28.02968 29.662043 37.036186
25.081736 25.44863 35.70365
21.474258 26.363186 33.22226
24.030935 28.09041 37.32283
19.09532 21.031107 27.793722
29.778425 39.618095 44.825287
34.953995 38.55662 49.28425
61.67443 82.5629 93.84167
22.23887 19.610674 23.68259
42.052624 33.951885 34.24144
37.134876 34.501884 40.715923
36.55103 37.9258 43.105423
29.880709 28.924772 33.350456
27.633162 27.018436 34.725113
26.251656 22.971062 26.03282
28.490696 24.336302 26.714327
54.4895 56.410103 70.83145
93.581505 85.974884 90.381905
94.46364 96.61541 104.77294
97.486984 92.56535 94.52186
28.847374 35.273346 58.84789
35.283676 34.948917 43.8754
37.682648 42.56096 47.498688
35.195778 41.803654 46.10525
33.062614 36.025455 44.89943
44.932533 31.506279 62.13887
35.617867 30.253824 58.426197
35.478596 18.846119 24.219292
24.724943 17.288584 54.95959
23.225115 21.365011 21.79629
23.140182 13.99064 12.228368
28.51581 19.689955 15.334532
38.244637 28.064554 23.693378
50.58539 43.97831 53.69897
53.08025 52.038982 57.639954
56.31718 52.632362 63.298286
44.20274 43.647373 54.176483
64.16804 62.986244 67.71701
54.508617 49.908676 52.4121
66.14104 67.530365 71.4222
60.694748 65.39543 67.977684
59.28961 67.64703 68.09075
65.2738 87.703766 78.534645
59.03556 58.443092 66.84447
51.13339 48.676254 49.500515
53.857876 72.35702 57.620834
69.9258 65.370094 68.459076
64.44224 64.35029 59.35548
51.85605 45.32597 53.525513
38.408733 34.56518 39.040524
29.603996 26.20194 32.764442
28.065126 32.000057 40.01147
42.247204 44.11718 46.613415
73.61005 68.8121 73.36684
39.908447 43.717182 52.553997
40.983906 35.206223 38.3254
49.526657 46.61661 55.287613
55.985786 52.804165 65.865585
31.405308 30.932762 38.08025
55.29686 51.8254 75.01695
60.311813 63.950287 75.56632
40.092068 39.578026 49.954567
40.167408 39.347202 47.99686
30.067694 20.710102 19.203995
85.60708 70.11347 64.85234
75.01741 50.02751 44.353424
76.57911 47.993893 45.26461
53.848003 30.510674 26.022545
97.87175 63.51661 59.98853
52.222546 35.67443 29.71524
71.522606 41.917236 27.458162
71.842636 52.91952 51.670033
89.65702 59.38619 51.810047
91.28099 58.306564 48.69178
86.07066 61.171234 57.944633
83.44714 58.375687 51.7375
86.311584 65.307594 53.96701
83.39766 55.694805 43.446346
76.422485 49.386585 37.82129
91.0403 61.494804 47.49064
95.95993 71.92688 58.073746
56.79161 35.25217 28.615011
86.92386 67.56895 60.168777
68.100624 50.306107 46.7887
62.3613 41.167694 33.77403
56.09315 42.22694 42.217236
82.585556 63.32546 54.952797
84.29286 59.24378 56.788982
75.807365 61.98185 69.11313
95.862274 71.08893 59.264328
57.012615 32.14378 30.417465
83.23202 59.634075 52.64361
57.00411 43.25508 50.566723
68.71826 48.297546 37.0383
66.178024 46.786987 40.248688
73.52369 51.558678 46.713585
57.02797 39.256336 37.579395
70.98756 48.11678 42.599144
65.73111 45.60759 41.540184
67.73202 46.29098 47.15485
61.073917 36.781506 34.922604
44.292637 23.861872 15.930822
59.144806 33.753822 24.276598
64.48242 35.045547 22.579567
64.160446 33.718037 22.602398
52.67186 32.79886 29.039612
61.521976 35.766724 25.496119
31.163242 24.276426 24.978197
64.43733 41.46701 26.716724
34.51113 25.427969 26.22928
66.08447 64.119064 56.40234
68.150116 75.829506 79.4165
65.16256 70.08014 66.9988
59.74178 57.733906 51.188755
58.250854 61.181107 67.89526
65.6238 65.98413 67.24224
65.267235 71.04652 69.96547
56.0371 34.13373 42.663013
86.87095 56.374657 38.803825
75.835785 50.805935 53.026657
78.34532 48.185673 40.80468
73.33299 36.955822 34.80736
59.47226 32.558678 29.234018
29.944006 20.91016 10.772546
40.55845 18.379053 12.864554
61.950626 39.75468 23.138927
83.89452 52.93128 35.110275
74.67192 44.696003 29.489782
60.469063 30.424942 17.767979
92.09172 81.33801 67.63322
75.66901 55.94081 44.382763
87.89766 58.955025 41.722775
95.38476 64.25902 47.801197
93.303154 65.38607 48.86921
86.42842 56.686928 41.845547
89.63853 68.22614 54.144863
90.49264 67.67466 60.172432
96.66792 72.95919 60.59361
88.43944 71.93202 63.777683
104.07985 71.36713 50.730595
96.37711 75.43927 62.55308
25.651827 42.07574 44.916496
27.585617 44.93413 46.65862
17.849144 9.974829 9.681335
33.05308 37.672318 32.28008
22.39001 19.554852 18.754337
60.067066 35.2484 25.693893
66.047485 38.3371 25.057364
71.14703 40.089268 25.587557
86.44035 70.049774 62.395775
78.808334 53.59926 40.350056
86.10765 66.48972 55.75331
62.861816 36.66992 28.044863
47.25388 26.022545 18.270319
34.33921 20.211815 16.14766
52.476143 46.693893 36.8468
71.16484 51.55331 39.84903
67.785385 51.87563 43.353024
50.23476 34.76992 30.90742
69.96992 56.06781 62.26838
70.12985 54.03853 50.70959
59.467464 56.59606 54.674374
31.901257 19.11638 18.934532
80.71952 59.412785 49.73436
84.1738 62.19846 55.236816
34.992752 41.359474 38.922375
58.865524 47.76952 42.807762
67.975174 52.85639 45.691723
62.050972 48.08767 45.963356
67.38659 56.876255 56.81678
19.824144 25.179909 27.019691
26.02443 25.899487 32.65137
22.825457 23.869635 27.927568
21.367466 23.58299 24.65274
29.76581 36.503597 40.102283
21.016153 20.691038 22.63533
31.965582 31.891039 37.687214
38.622715 45.954624 45.146862
64.09229 89.195435 101.5109
42.042065 55.85137 55.489384
46.927795 64.30925 67.0274
47.98413 66.51456 69.96239
15.943436 31.730137 63.81467
16.882362 16.25411 32.01484
16.527454 16.07306 26.763699
20.00645 20.764784 31.757763
19.940754 18.529566 26.66387
19.742638 18.207535 26.682762
19.911074 18.337158 26.63008
19.942238 18.448744 26.738527
23.731907 22.081736 30.98613
20.312271 19.22831 27.201084
19.253881 18.401827 26.136929
18.413813 18.22146 26.6621
20.466381 22.093836 28.430994
20.08008 19.266552 28.468151
19.340126 20.314384 29.349316
51.103825 51.93813 63.32837
45.183163 52.093323 72.16855
44.699314 51.322205 71.101425
32.70548 34.992294 48.11695
62.333675 63.647488 70.48168
105.04286 105.8234 111.6069
97.68984 68.155876 54.046688
87.6069 60.280365 47.677795
83.22882 56.718037 46.360218
71.87734 39.625458 32.636585
68.63259 42.957764 30.777056
64.32175 42.061188 36.2722
90.98008 44.37095 39.02534
90.57506 43.472946 39.956562
90.119804 53.62517 50.384533
102.47677 35.631737 38.901028
88.347885 58.763756 48.576996
69.21165 65.50685 52.033504
82.384476 56.741383 49.566837
52.83539 32.47517 27.222374
90.382935 66.890015 53.98516
42.52015 27.090012 22.240925
78.90051 47.50565 37.154224
68.31199 46.502228 36.319805
102.11524 72.08014 53.625286
85.98157 56.83356 43.53299
92.535904 57.17129 44.23459
78.346405 52.492867 44.075344
97.48396 65.606964 54.218723
130.6173 95.491325 82.2419
87.091896 48.94195 41.573917
79.84378 48.6355 32.637558
56.695606 32.59789 25.693436
96.090355 67.90594 57.52306
53.512787 22.95451 21.056221
98.03904 59.479225 48.20862
78.784134 52.98773 38.651997
23.018778 19.783276 20.070719
53.634132 56.684647 61.449486
45.173286 51.520493 65.80468
39.454395 43.92557 54.539955
35.3129 34.30782 40.79298
36.05862 35.200798 39.94155
27.49081 27.837215 44.1488
23.668322 38.23105 41.58339
23.960732 39.01119 40.29532
19.518835 38.341496 44.419693
20.382248 19.30331 29.9758
27.217865 23.620947 35.815754
17.1621 16.102226 34.571346
35.91233 28.171404 33.887215
16.375057 15.7985735 25.043379
23.867409 25.346119 32.224144
25.036758 23.370377 33.43054
47.062843 45.037785 58.947716
34.794235 33.73322 45.66524
34.825115 30.52015 40.49532
32.77825 28.656279 37.184704
37.90862 32.28921 38.405823
35.717182 30.858276 34.913586
24.091667 21.108448 30.656622
35.792522 30.830421 34.58733
34.919178 30.33105 32.010273
29.106792 26.300629 38.589043
43.70428 35.89258 47.170033
40.02928 34.073517 40.668438
30.54024 29.71581 32.32089
29.219007 30.12928 33.52934
32.861874 32.61564 37.787613
15.807819 15.673744 29.184418
27.324486 22.910788 29.501085
36.40953 30.686245 30.79549
45.923515 29.989098 28.535444
50.24161 32.626827 32.300686
29.763014 26.225628 30.235445
50.579567 34.765182 33.635273
53.276543 34.213985 33.092293
45.056335 27.666666 26.04783
18.848688 29.844976 51.40371
19.685045 29.196575 46.003197
13.811358 15.708447 24.382248
15.6371 20.209988 30.031336
19.179909 21.238241 27.996574
19.597488 22.409418 29.392979
44.62249 40.936756 36.428883
41.11193 51.030422 68.86661
83.25651 59.18379 50.426254
72.024086 65.430824 62.947544
109.01792 82.9524 67.627625
39.48636 43.243206 57.70788
83.17243 93.13476 103.25708
81.12626 98.85285 116.28676
50.728825 63.125343 82.53419
80.10605 84.11067 85.82763
98.27049 104.10251 109.293434
76.031624 70.03733 77.97431
61.13219 55.074944 57.117523
64.50228 58.39087 64.94424
52.346634 46.909874 50.721973
83.323975 76.902054 81.50674
48.04703 42.436474 44.227627
50.955708 45.10137 51.27637
57.75719 52.542294 57.598915
97.545204 61.24732 49.683277
71.658615 40.734074 35.650116
53.10599 33.482136 29.522717
88.71342 67.69955 55.113014
73.67614 43.960503 28.772717
100.13425 73.60262 55.37323
73.06786 44.029793 31.10839
56.658676 36.113014 28.083105
78.16376 58.933105 48.10308
72.89269 44.1496 30.903881
63.078823 35.43659 19.259703
69.082535 37.784645 29.702568
80.47101 59.438583 47.912273
25.280766 41.23162 37.980366
38.856792 28.334303 26.267067
52.288414 44.53225 46.62871
54.93476 46.948116 45.164555
54.563583 42.280823 33.233562
46.309074 34.600113 31.711245
68.926544 57.935104 54.33579
53.684074 40.11484 32.385788
54.965298 49.225113 55.361073
61.27797 61.52266 61.585274
62.062042 57.34669 53.932022
80.60108 15.823116 24.969234
67.05463 61.309875 61.000515
81.18453 65.6464 60.885902
80.839386 59.81467 47.46701
29.854452 27.29629 27.327911
26.187899 36.886757 45.281334
26.582535 18.64863 19.854795
31.355879 24.666153 28.343893
57.300915 41.209988 32.802055
76.24149 59.9996 53.62968
67.223404 45.466038 40.436646
82.505135 55.450512 41.20993
84.02666 57.651142 39.50719
44.300858 28.950113 19.803654
43.678997 27.902454 20.574944
38.756393 29.228083 23.148516
53.088932 31.604988 24.835722
48.61404 30.99652 22.145662
32.185272 35.061646 41.38105
31.242352 31.557991 33.69018
32.397545 29.835331 33.40257
38.904396 53.32637 65.140526
37.69669 39.901257 43.517067
56.45428 49.728252 44.502396
26.092066 23.546461 28.3742
26.168665 25.576998 31.087215
42.319748 38.390354 38.52694
28.36347 33.609303 38.85171
40.138184 48.4234 55.803024
40.94686 36.51273 36.44469
17.694407 15.208276 22.888186
36.82483 41.82791 47.891953
66.51689 35.659588 32.168438
61.35194 33.984417 27.211987
66.15063 36.58111 31.546862
46.94452 24.78984 24.381506
50.6653 27.995947 27.779795
64.16541 22.556791 20.14161
42.88299 31.93008 23.603197
29.69846 35.45685 34.063297
28.021461 30.001255 29.792809
26.536472 24.043722 25.70856
72.422035 76.67557 90.241325
68.98328 75.156166 84.54001
57.723003 65.27249 74.80251
66.441666 54.179966 38.44446
91.88408 83.078995 90.20582
89.4629 80.41661 80.30097
75.91181 63.92323 62.401768
63.707764 61.22403 60.512444
73.22757 64.55765 64.45696
65.51615 53.751312 53.951427
65.44955 51.33396 49.658733
45.785446 39.059475 42.252853
54.608734 43.647945 44.862328
65.09127 63.24418 69.56404
44.65765 36.60154 36.12146
54.15314 45.517296 46.883904
51.47848 41.181736 41.395092
55.030136 38.517807 39.75976
24.577797 21.537214 23.39024
41.376427 47.07232 42.043606
37.22694 43.703426 38.853424
35.87928 28.565811 27.19064
29.503368 28.999714 31.802797
26.0121 24.636072 22.308332
60.94897 72.25034 111.35354
57.824886 74.244576 120.57203
62.709476 77.08767 121.697945
56.739155 61.964157 96.05691
46.289154 47.49589 74.81775
95.96101 91.900116 90.565865
46.228767 49.596462 76.788185
44.040524 42.09321 51.031166
81.98967 72.289154 75.93767
46.672718 38.46153 43.77894
94.912384 69.434135 65.21695
118.59572 99.171974 99.68955
76.1218 28.063528 25.427969
56.300285 43.815983 40.5984
65.3097 42.385273 32.502228
21.227512 34.34743 31.694748
30.138527 38.6621 30.043264
70.36153 68.52625 86.97375
71.69452 64.63967 80.81906
55.317524 50.127056 64.26176
70.55171 63.289383 79.70879
64.04327 59.425686 75.145035
64.5532 60.193436 75.09886
64.900055 61.6472 77.376595
66.22209 60.747604 73.18327
70.258675 63.6532 75.602684
66.86039 64.16735 79.61513
73.14384 71.44155 90.22249
52.102627 36.88436 43.96581
58.805367 52.598515 66.426254
65.367805 62.565525 77.01592
52.4899 40.032307 39.202625
44.998287 41.393093 42.998516
73.14018 84.52648 94.6855
58.140526 51.050858 55.479565
63.879166 49.23025 46.70337
83.77694 67.62882 61.272488
46.743492 57.388126 81.47728
39.470547 49.140526 72.08601
38.142864 54.795204 80.987045
41.75114 50.434418 73.1141
42.729908 51.489727 73.84041
57.59275 72.132645 94.83916
39.910217 46.31153 70.36421
49.188698 69.44658 87.828995
44.66113 53.9718 77.77894
41.403366 50.995663 71.47957
43.22306 38.66056 41.152626
68.69709 59.566154 61.122887
68.27991 52.19258 46.83088
39.003937 39.338356 41.195778
34.078426 27.544064 28.607592
39.882248 38.456963 39.070206
43.209534 37.77934 39.868893
49.360672 35.723915 30.821575
55.62049 42.3242 37.180878
48.744976 49.338642 62.536987
39.35462 38.022316 51.401257
32.583275 26.957249 35.123573
45.52483 40.547604 45.48276
37.541668 33.11678 39.91113
36.05485 32.576885 39.207993
24.174257 19.338812 26.035845
29.401712 24.728882 31.720205
27.514042 26.421062 34.99823
22.710102 21.312271 30.766382
27.689213 26.718323 31.807648
25.514383 20.820377 24.46541
28.239498 26.635788 31.472317
41.934875 47.391266 55.68236
22.5121 20.581507 32.51878
26.603083 25.21484 46.284588
16.103653 15.924144 26.126827
14.492124 11.634247 29.444862
15.145148 14.154623 28.64669
38.88082 38.262444 50.113697
30.161985 28.728481 44.498688
67.04378 56.57129 66.05171
76.80702 54.07637 64.08773
38.447887 34.936073 41.200115
64.18767 49.919693 64.73898
16.11581 17.81056 31.590126
25.460617 22.766552 31.282934
73.0645 61.322544 73.098175
69.784706 54.64692 82.39686
88.59229 67.49652 61.42089
69.05222 47.316437 38.841496
93.563354 85.08122 80.29681
87.50348 81.651825 70.87226
65.53676 51.76119 51.20468
69.14212 46.108677 45.596405
69.69663 62.22888 55.23887
97.28151 77.759705 62.99612
65.00828 37.212616 31.575686
78.70611 47.51855 40.584988
70.642525 51.358162 43.323746
70.90131 51.39943 44.754852
64.95736 42.16524 37.387787
47.592808 31.138985 24.629395
75.20879 58.327282 49.257362
46.036472 33.083733 26.8379
79.44053 57.403652 47.363583
51.84121 33.141495 28.359646
74.45034 56.41735 47.999714
60.20805 42.656677 37.903824
76.25485 61.55137 55.87483
0.0 0.0 0.0
7.058105 7.058105 7.058105
4.84121 4.84121 4.84121
12.277226 12.277226 12.277226
11.9494295 11.9494295 11.9494295
12.395433 12.395433 12.395433
14.443379 14.443379 14.443379
9.994064 9.994064 9.994064
10.4625 10.4625 10.4625
10.144578 10.144578 10.144578
8.431678 8.431678 8.431678
10.536872 10.536872 10.536872
4.7972603 4.7972603 4.7972603
9.790183 9.790183 9.790183
12.899487 12.899487 12.899487
11.5789385 11.5789385 11.5789385
12.570148 12.570148 12.570148
7.481564 7.481564 7.481564
13.148231 13.148231 13.148231
8.566724 8.566724 8.566724
12.447546 12.447546 12.447546
11.364269 11.364269 11.364269
6.6158104 6.6158104 6.6158104
15.754623 15.754623 15.754623
19.150343 19.150343 19.150343
18.456564 18.456564 18.456564
21.157648 21.157648 21.157648
8.338356 8.338356 8.338356
14.710331 14.710331 14.710331
