0.27112782 0.27112782 0.27112782
0.27380952 0.27418545 0.27380952
10.4378195 15.571279 18.039549
0.83015037 0.3549624 0.37809524
2.8878446 2.9956641 2.9003007
1.2133834 1.2918046 1.2133834
1.8070426 1.9393734 1.8361905
26.283735 27.929348 16.32198
29.784786 29.246065 16.453007
61.01296 47.4988 17.384912
64.89514 54.014637 25.7003
68.77218 58.249073 31.394285
75.798645 69.06561 46.038094
47.680023 45.707645 34.551804
87.27544 74.05108 36.139874
93.90436 82.6107 48.011177
95.210976 86.739975 48.1198
100.18494 89.636894 51.516743
60.904587 74.29156 64.80847
1.5260903 1.6045363 1.526015
1.2113785 1.2898246 1.2113032
69.599724 69.02782 60.061604
48.990803 50.43431 42.69366
46.549976 49.294987 31.033033
63.949024 68.646866 57.985565
67.69679 79.96341 71.170074
66.24105 89.172935 75.062454
63.777443 69.13514 59.80461
78.3115 86.36233 74.23614
87.247894 90.878845 79.05391
88.900375 88.46872 74.29166
63.514412 49.677494 40.97371
70.86446 62.978973 48.274536
74.66539 74.2898 61.68113
104.91298 107.76945 97.87358
72.41346 71.64125 53.16812
83.344315 93.036064 83.29907
68.31715 69.83985 51.882908
68.91985 69.911 51.408924
106.65792 111.77007 99.578896
106.303986 110.38702 97.65937
54.91341 71.66707 63.65331
63.45436 77.75965 68.79211
107.473656 97.27541 73.28426
82.58381 84.464035 75.79318
73.58506 71.781555 45.024086
83.87358 80.80063 67.59887
118.02534 110.962204 92.799545
95.60085 87.32146 72.35468
117.506714 110.37537 92.18168
98.93341 98.426765 80.75882
104.372955 105.765015 90.65915
108.48817 107.5301 87.77586
117.897194 111.026344 92.883255
118.4195 111.13912 92.904785
96.29338 92.93649 78.63554
66.59772 63.59183 50.730602
61.387768 71.67684 60.66639
89.4915 88.67526 74.79541
68.81727 52.32198 28.341478
70.66892 56.32539 32.564587
79.70346 58.734837 30.88955
73.98629 60.359474 31.704235
19.227343 20.38208 12.681805
19.09198 20.227293 12.580751
34.656593 36.6698 24.583233
71.54689 63.511227 40.515263
60.030075 83.806244 31.097418
80.42436 91.808975 50.52228
72.037895 77.32875 42.258347
91.52431 105.82932 94.299545
88.79022 86.27682 66.63261
96.15611 104.3905 75.2894
101.8394 109.835365 88.437996
132.03026 140.88072 124.22732
114.313286 118.95218 103.1016
109.503204 127.218895 98.05213
131.31429 138.12868 120.86008
74.86895 67.531654 51.566315
84.554985 64.67343 43.99519
90.655464 95.99812 67.86857
101.33576 124.05812 117.28917
128.9436 139.87564 132.53233
128.60344 138.90982 131.68037
122.87892 135.41878 123.3591
100.51656 105.43612 80.481804
107.917145 118.647415 100.62882
93.9303 96.04694 79.69664
82.100975 83.89649 71.76135
97.209145 102.37393 85.22145
95.84168 100.74171 83.75965
65.7899 66.44757 40.354736
94.40145 103.95692 86.84483
97.21376 108.084114 96.16649
107.59278 112.68521 102.24514
81.89636 81.295815 60.14203
111.9104 130.96147 115.21985
117.57997 136.56476 124.20589
121.842606 140.88774 130.30965
47.819347 60.504936 48.943256
79.58453 75.87288 52.10842
84.00433 82.453384 58.68118
106.01544 114.38684 95.453735
78.992004 81.5808 64.325966
58.309975 62.10644 46.091404
85.40599 86.9811 67.99374
20.586567 23.819824 18.893635
78.05431 68.921555 44.36787
87.84734 72.442154 48.477142
76.20978 70.25143 52.020374
80.78577 75.57388 50.81792
70.32205 62.123985 38.74461
75.35075 75.59436 52.148495
59.73233 51.484486 35.162632
60.72203 59.039425 32.553635
57.614285 53.35446 40.87539
44.48747 37.838997 28.55386
71.93338 64.856514 51.430702
78.33659 63.64534 45.990826
78.36997 57.321754 33.809124
84.511 70.054985 49.405365
72.21815 52.79055 31.614838
89.70245 65.94176 39.443684
65.35218 46.527042 29.73431
72.82925 63.2193 37.162907
62.959522 44.077168 28.08649
73.496216 52.80802 34.220577
80.30085 72.199646 44.364613
81.07454 76.73491 47.259647
72.14825 62.03664 38.538372
78.13268 76.73438 49.743534
55.930275 49.598194 29.83867
54.79168 42.098545 23.4695
46.112957 34.709023 19.561277
49.14421 44.675713 28.118422
19.103458 18.303835 12.337894
43.768597 37.31133 22.455864
74.47501 57.892982 38.002506
26.135538 21.310602 12.57782
67.93253 63.33762 44.35995
68.70744 64.26699 49.016716
67.520775 60.863434 45.5086
20.746717 18.656567 13.926592
62.626266 61.451355 43.809574
127.213036 120.552635 99.559074
133.97516 127.8693 108.696014
90.7302 87.00381 70.24381
128.5177 124.96015 114.41288
95.724464 91.56161 76.032555
36.053734 51.939297 43.151527
25.65401 35.941803 31.077494
96.0495 102.48042 80.22697
91.55877 96.240074 74.29862
80.72401 101.88559 78.26228
96.98298 103.64847 76.1708
67.46977 84.79737 66.39406
45.70321 54.515965 40.28381
47.857166 68.96356 55.750652
34.10138 45.91574 33.683434
50.32198 66.10409 51.733936
36.854485 54.431705 46.54842
53.792633 59.405087 47.490425
46.28416 44.83218 30.905264
25.95975 29.27436 19.1799
45.60188 44.333908 30.730501
45.23737 41.89659 26.079298
22.130526 27.549324 16.085588
44.417267 51.690224 46.272633
36.491455 51.08376 49.526566
56.856766 62.262558 52.638447
38.22689 49.082355 50.04724
22.08995 18.651653 14.5573435
49.296616 40.18559 30.813057
44.004887 34.95882 26.254787
26.687294 25.46737 19.839874
29.437243 27.923609 21.905388
44.432304 37.77276 24.898321
46.69797 32.97416 16.636993
39.849525 33.741154 21.620026
48.350628 32.96777 14.062656
70.59444 64.338646 45.970753
82.33804 78.70564 65.40466
110.60634 110.549576 94.738495
111.11404 111.901 96.44719
75.796715 79.41609 62.71935
3.864411 9.031404 7.0164914
14.70421 25.67832 19.200626
12.90812 19.718346 14.735689
65.72867 62.90168 49.34248
43.90689 55.138195 52.33243
77.84309 98.955315 99.64113
41.50321 40.644638 33.934536
90.1703 87.73424 71.12572
59.524685 56.606365 41.20742
76.52426 77.01391 56.30822
96.20461 93.04995 75.127365
110.88699 103.14704 83.18464
49.170326 50.130978 35.775265
75.24175 93.6614 86.79033
59.462658 58.230625 42.98228
39.83882 65.244286 51.577293
101.017845 105.66775 91.08997
91.42782 95.760826 84.3802
108.87621 116.44424 105.62145
52.18391 58.553333 43.351803
55.69193 61.582104 47.29832
61.945488 69.11501 60.839096
57.617443 63.256893 48.1706
59.8609 64.90258 49.560326
97.95844 109.51133 97.818596
89.8917 100.88862 94.249725
87.64253 100.13764 92.69579
91.51702 99.09424 89.766815
59.21461 49.381252 28.65035
32.995365 45.737644 35.036064
77.52988 71.777596 71.02446
71.055786 90.55301 84.64133
97.51078 109.08759 103.46832
35.15421 46.147068 36.98862
40.50436 51.756115 44.43198
41.79238 53.38376 44.958622
47.071354 55.066566 46.730476
33.99193 45.715263 36.696392
42.27361 47.212357 41.594887
18.824537 23.322731 17.990877
87.93093 75.7612 48.036465
77.15201 69.47679 42.8702
101.39339 92.162155 68.21431
51.685314 44.99173 29.163885
47.462456 43.57629 29.599424
46.88391 43.33486 29.116941
97.09038 91.094635 70.45717
104.89511 86.29619 63.544685
104.16344 85.150604 62.40599
103.160706 84.42271 62.05278
82.59787 70.52421 50.299274
84.53078 72.26158 51.685764
98.37083 81.10341 59.8098
0.6645865 4.556667 1.765614
118.09348 133.31627 125.53133
115.02717 119.96647 105.456665
108.71058 121.05145 108.41617
95.67574 98.150024 82.08584
94.73361 97.82524 82.37609
100.82612 104.59025 84.42702
94.7309 92.701256 78.03023
115.91414 118.59007 101.662254
85.71659 87.22291 73.96581
94.816864 102.081024 89.38842
119.059074 119.829796 100.47168
93.187065 100.64739 91.45606
110.942986 112.78546 96.13241
63.392834 75.99955 58.337593
109.63321 114.35035 91.82476
86.88238 110.03591 93.450455
100.27266 118.99777 109.728745
127.536415 139.62193 130.66394
126.43777 137.64609 128.65762
187.83038 185.84569 175.79181
78.395966 81.22749 69.67115
114.99343 115.06185 93.28772
128.12427 126.73165 108.25887
131.22914 133.90405 115.614365
116.57519 118.72283 100.39481
101.81206 101.603485 84.41637
113.73434 103.92651 66.64679
99.6605 100.350075 77.43246
108.20165 106.251205 79.54443
2.591679 12.14995 8.837018
18.18985 46.294712 41.460953
30.571102 70.94323 64.20739
39.290127 80.6816 75.68639
24.697144 30.070501 18.408045
64.65521 65.19624 42.41346
62.403233 58.63283 35.996643
70.14181 55.832405 23.81619
5.3106265 7.0478697 3.1065915
92.16882 74.2005 50.301704
71.31606 68.46963 61.899925
53.09015 40.005665 22.870802
46.16248 35.542458 20.96812
43.158195 33.24489 19.03787
39.307896 30.048195 17.078121
63.112957 46.773685 26.38421
94.63143 76.563286 52.624435
94.41641 76.410225 51.6305
40.143585 29.948296 16.960276
53.412357 102.46306 99.0879
60.28138 106.9615 103.441154
63.196266 101.11195 98.390175
63.178394 101.36135 98.67073
63.49198 132.65013 134.14621
59.2807 122.077644 119.11815
23.252155 24.056843 16.203157
6.8477445 9.577644 5.727945
20.064913 21.557167 14.892807
28.088747 26.972881 16.753233
26.200676 24.698246 14.54827
23.239199 20.4699 11.043709
24.270977 20.523584 10.175288
22.592606 34.396866 31.43421
43.001102 54.32421 48.25426
155.54845 170.12993 157.45544
107.55371 130.03116 114.28616
122.51145 146.18454 147.28032
114.5872 140.36452 133.08115
132.78964 152.9787 147.74744
105.5108 125.886894 124.7082
110.53343 129.07654 120.24589
113.85491 127.016945 119.45496
106.984184 120.050026 112.72566
115.51894 131.01643 121.91228
108.54584 120.19607 114.20943
113.839096 128.76334 120.74787
107.25419 126.921425 120.43133
41.078648 53.63712 45.59867
74.96103 91.10138 89.182434
75.18474 92.808846 91.85329
74.952934 94.613106 96.513084
93.25384 93.99391 74.174736
121.74283 135.93248 129.68817
105.03729 114.76446 101.949196
73.60085 88.25386 71.407616
121.860374 138.5586 128.22504
30.326817 68.3412 71.74581
9.353509 16.957067 12.992306
112.722305 19.851152 16.659098
74.73108 89.24406 93.39832
105.24737 118.87814 110.185165
111.26 111.28707 94.406494
45.717846 44.80068 31.14366
122.19451 89.175064 61.75396
10.748571 12.207794 10.2840605
100.77975 123.29604 119.73203
115.959175 129.1132 120.297165
73.93977 89.684814 85.98238
104.78569 120.49977 121.93298
128.99883 133.2308 126.34
105.38912 110.225716 95.34253
100.13627 105.21556 93.330025
51.451004 66.69338 56.11619
61.8997 54.60524 35.975815
65.65183 57.97015 41.637444
95.29815 85.215965 63.029625
96.96223 87.95017 64.5905
77.88366 72.54088 56.099323
133.31538 126.60609 98.227394
116.03932 105.57461 76.96273
35.226166 37.966442 30.1102
86.11191 80.43058 53.978344
70.973785 65.22057 39.143734
21.827393 27.422731 14.694236
26.900526 33.323284 23.358246
52.143032 51.975388 33.48406
42.025387 42.80594 27.123484
40.949146 41.805588 29.085388
33.717216 38.197845 27.200226
37.29677 42.749676 32.28253
56.322506 53.72326 37.6494
57.64243 56.033684 38.468746
28.440626 37.245815 30.12832
95.460526 107.652504 96.7403
103.92479 103.66241 85.120224
105.79346 109.27494 90.45978
44.637844 55.68436 45.122658
98.70231 99.66599 82.804184
97.38038 100.99669 85.4976
37.127518 37.087368 27.495388
50.106667 49.21985 29.577192
44.22183 40.45328 23.185364
117.26283 113.47804 92.97601
65.825516 65.63301 46.227295
126.90308 126.91231 97.91196
51.30985 65.76008 55.089325
88.517746 84.17268 63.938972
19.298721 28.457945 19.914135
120.99942 111.32451 84.901405
107.05947 104.636116 84.51363
52.881855 48.407444 28.072031
81.86544 75.881226 50.34511
83.38834 76.279 49.738422
83.771126 76.674164 49.83173
84.47266 78.108826 52.125515
82.84073 72.46667 44.381153
67.224236 52.132305 31.063084
67.64168 52.803608 30.886015
67.17421 49.583984 21.047092
66.56697 49.06025 20.467869
67.00724 49.028522 20.823885
68.963585 49.702282 20.326416
72.63752 54.556217 24.62025
74.30769 55.2111 26.136993
70.1392 50.834435 18.085539
66.117294 50.8601 25.435413
91.42664 73.89677 36.654587
98.510925 81.93105 45.968246
103.20446 104.65193 91.43629
58.236015 67.77221 59.260677
112.23834 110.95697 96.46456
80.6094 87.17095 70.6991
83.57732 72.203285 48.046192
113.34278 106.96148 90.83153
99.56376 78.44689 51.03296
31.86426 29.625614 14.978948
51.29326 34.08486 12.401128
81.90033 62.66664 41.53817
55.161552 39.191 13.99609
63.879097 44.94985 17.626516
51.53925 37.403408 14.508847
67.95273 49.48659 28.55599
57.33812 41.725864 17.351479
4.023283 3.194762 1.020401
14.830351 11.551729 5.5082207
29.255138 21.522482 10.006341
78.76845 50.366417 17.18569
14.884311 15.302958 4.9027066
23.536242 24.207544 8.465339
24.294561 18.752155 4.9074435
28.908121 20.47935 5.134486
43.614136 26.499123 12.22396
119.389725 107.19717 84.42614
114.29664 101.51266 78.30837
87.52183 85.66223 71.3592
76.65429 69.151375 53.046215
88.55915 79.152756 61.379196
117.00271 97.31288 76.34489
80.67329 70.85331 52.561554
79.79777 73.23955 56.601276
68.23822 63.024162 43.575665
80.27975 69.906715 49.673134
73.511505 65.07965 45.488045
97.36316 98.22594 83.50148
181.86012 187.93767 183.92113
186.27562 182.51599 163.82141
174.16962 164.24486 137.42221
62.423058 59.24752 24.70787
60.504864 53.51644 35.212257
52.842155 48.267796 33.2806
79.75035 68.08634 44.135666
57.421555 51.93356 35.843132
137.07181 145.82175 125.13301
81.82456 99.627945 91.35702
74.81115 69.72401 62.94847
73.37208 90.1899 82.17857
61.748997 83.36589 78.31887
66.93942 76.403336 63.236366
48.214085 60.41158 52.219524
67.59892 77.756744 69.39185
89.866516 86.57932 68.0
108.62877 110.150375 95.37393
75.52787 76.21605 61.772484
71.22862 70.11043 53.037567
143.42877 141.05032 127.43008
71.89757 71.50246 54.75817
80.071556 79.93474 59.56396
107.95454 101.57431 87.45699
91.61704 86.68449 63.434986
58.94268 69.47429 54.19569
68.89401 76.97313 61.399147
92.02241 93.32015 72.71486
90.49278 90.14088 68.49388
71.10567 80.26065 63.81837
74.5498 75.11712 60.48386
73.30334 71.14203 46.19308
78.385315 76.46965 60.289047
99.225586 94.476746 72.16867
87.44231 81.21178 61.45248
102.37955 103.68053 90.5109
61.316067 70.280975 52.82772
69.68681 87.89123 82.12902
44.70807 59.589123 49.718094
49.700253 60.874737 52.123734
51.22253 65.640526 57.550953
50.878845 65.65589 56.564537
64.77604 79.680275 69.340576
60.8802 77.34311 68.591255
49.759926 61.819298 52.016617
49.988895 63.09742 54.56832
60.39351 77.917496 68.33346
41.782883 52.54486 44.547894
43.442406 45.72446 20.208096
86.76674 90.12155 79.317116
139.3066 146.6178 136.34717
128.20975 136.1671 123.26589
146.52037 155.4194 142.18028
134.53444 137.4127 125.52867
144.68707 142.41907 127.437744
162.89183 173.62619 163.05692
115.50318 114.75431 97.81013
4.30193 4.3786716 2.5758145
11.804035 11.418947 6.834486
15.607193 14.329324 8.262656
21.976868 20.259323 12.025313
23.730877 20.94065 13.208822
24.52797 21.714962 13.548471
23.418547 21.136742 13.06193
21.136166 19.840376 12.156316
24.678621 21.510527 12.959498
16.0901 15.89985 11.183509
27.919373 24.873459 13.282381
29.366667 26.449574 13.738471
17.571905 17.110176 11.868998
18.490501 16.060726 8.708772
33.5298 29.754862 17.093107
19.317192 17.22346 10.216541
20.412004 17.755013 9.278371
20.039299 18.85797 10.330927
19.004236 17.608046 10.427168
22.104736 18.985338 11.306491
18.573458 17.075489 10.098045
26.414286 23.257944 13.801478
17.170322 15.386569 10.15176
3.1137595 3.3006265 1.6025313
15.332732 15.95198 10.974411
32.807068 32.555614 22.68376
102.830605 89.02251 68.091705
46.601276 42.322605 26.426943
64.51985 55.958874 32.60386
71.43995 67.2782 46.454285
35.240124 34.014637 24.64777
55.44614 51.705738 34.977016
56.23511 54.703484 32.872906
99.66586 114.51968 96.79745
91.811554 98.95639 87.48775
31.902231 5.409474 10.354411
18.02025 27.37228 21.813509
35.91351 38.584988 26.66995
63.759823 65.59338 56.531605
118.74396 116.508194 109.33328
100.97897 108.50584 96.09947
54.191956 64.084915 55.46494
128.64163 143.13696 112.83509
94.59446 116.503204 93.91444
50.679375 112.548096 105.74263
8.409198 75.30747 73.38459
28.8501 112.898544 106.52298
48.451477 116.33757 108.85271
52.589573 116.11213 107.49672
164.30928 165.31702 151.32988
163.48587 164.61816 150.5382
92.080124 141.37517 141.19765
82.586266 84.41915 63.637016
93.91489 107.49441 96.48699
101.92963 108.88303 90.585335
97.191154 101.76008 79.05356
127.54005 128.32143 110.79501
132.547 166.36098 169.11932
118.82887 140.38493 140.47844
127.40586 114.447014 84.95017
119.04043 129.14496 121.06
162.01602 172.23557 163.5147
128.57388 129.32602 107.20988
142.30356 165.35614 153.75648
71.098045 60.04917 44.58975
22.905212 27.83396 20.900978
80.52446 81.474335 68.20817
102.79398 105.842705 85.01213
86.326416 91.70208 81.96556
65.54654 84.688644 42.080276
94.438675 96.36025 77.00772
81.78298 85.36263 63.862354
92.687294 99.02381 62.55173
93.0595 95.52153 63.293358
91.71326 83.66333 67.801056
93.43584 91.823685 59.51143
64.272385 75.19617 60.68411
91.50218 90.892685 77.564384
123.21749 112.546394 86.04421
110.6614 98.8697 70.88368
55.769474 48.61125 27.77188
77.465065 67.99223 36.561554
65.55584 58.993183 33.097492
72.81268 63.75807 35.07035
101.89191 106.148445 88.8013
100.4215 104.35341 85.23479
122.13481 111.27331 80.66213
124.18253 113.66582 83.78138
121.76687 124.5001 100.09614
86.89002 81.28468 56.343758
94.6989 93.79471 71.00556
107.54857 113.06719 77.08303
102.95481 103.41286 81.73537
69.089424 69.86065 46.855537
77.01228 79.667595 55.41539
111.160774 117.27446 104.299446
55.4709 57.574837 41.577496
59.057068 64.7884 53.78298
110.5588 126.29687 112.354485
45.908047 58.69822 48.1897
58.05579 66.308395 51.91466
91.998695 95.726166 62.813457
155.98997 154.5002 117.86035
103.80077 114.728775 84.11226
65.45582 66.5214 47.203835
80.8499 82.79975 62.614136
93.767166 81.89885 48.243057
117.21421 123.397896 98.06381
64.97779 73.56 58.276867
55.85564 94.18065 87.141655
97.66386 156.4375 158.26707
77.61622 92.24434 77.33642
107.57727 96.53371 68.94288
15.954937 19.879124 13.843308
14.64985 16.61807 8.489273
31.67599 32.246666 18.46148
93.45434 78.01972 39.69253
70.82238 61.7595 35.05075
90.70847 79.78579 54.650528
67.08589 57.01599 31.46817
100.414986 96.844635 61.58005
48.972004 43.451252 25.2699
69.70885 60.39103 33.345364
56.548145 48.259975 22.663584
76.46193 59.3592 24.138973
46.647293 46.247192 30.506968
68.099625 62.079926 38.276867
104.137794 82.72714 36.278347
90.294334 75.68531 36.074535
74.27772 62.311806 38.320274
99.02416 81.96371 47.17105
115.33835 98.38243 55.520477
44.157845 34.914936 16.317995
73.84847 54.60857 25.395489
66.93191 77.55243 67.84676
60.864334 60.85145 49.161606
7.6471677 3.1590977 0.96278197
37.729473 35.24654 17.349148
77.6885 60.19897 23.056541
20.126766 17.484837 6.25792
72.08579 52.746693 20.894285
67.76847 54.819977 22.947443
1.2238597 1.4129825 1.3129824
110.81619 124.46451 108.10243
111.68822 124.32619 106.61739
81.47453 93.52504 54.99722
44.671078 57.370426 42.294586
109.35085 101.40825 78.06268
104.62697 96.4888 67.12123
72.88354 73.168724 51.771603
87.498474 80.952805 55.732983
134.65735 138.95418 106.14193
90.66073 103.696365 79.51574
164.17796 167.8804 134.93513
117.20456 114.39832 88.07183
64.44709 74.344635 49.089973
81.795265 86.95506 60.74722
86.471954 89.960754 62.65381
18.644962 25.901554 18.800325
2.0409274 2.122055 2.100401
3.0717294 3.1134837 3.1011028
1.0141604 1.0538847 1.041228
0.28421053 0.32411027 0.31150377
5.5177193 5.774812 5.6619296
12.87371 13.433909 13.158596
9.352381 9.782281 9.560677
11.054536 11.530501 11.284612
12.046943 12.561254 12.297719
13.097895 13.625388 13.345313
13.301754 13.853333 13.564511
11.625188 12.1145115 11.860577
12.569399 13.087894 12.814712
13.604636 14.206717 13.89995
13.500677 14.08208 13.781554
14.142356 14.743183 14.433233
14.757268 15.353158 15.0369425
14.703885 15.287343 14.972055
12.866742 13.366516 13.102656
13.197018 13.701453 13.432305
13.578647 14.11401 13.844988
12.04787 12.587168 12.312305
14.105438 14.73985 14.426641
15.965239 16.805313 16.420576
13.789223 14.366842 14.063208
13.8360405 14.405363 14.11401
16.218597 16.891954 16.548773
19.143032 19.912632 19.435413
14.056291 14.530877 14.262832
