0.4491227 0.38060993 0.26056337
0.4644605 0.39365003 0.26954523
3.991585 6.8328657 14.267278
9.91048 20.373508 32.42704
3.682293 3.6168835 3.377447
3.5018203 3.4310694 3.248896
71.64398 65.23404 50.8189
81.689606 74.46156 56.91597
87.35032 80.50943 63.16654
93.323616 85.35247 71.19951
114.846146 103.12318 80.34146
104.873985 94.05619 74.9772
110.374016 100.16096 79.0706
84.48604 77.93725 62.79064
94.77122 86.86963 65.62309
80.21595 73.39013 56.911613
61.589104 53.161167 39.567497
51.420624 44.49281 31.63616
54.868614 49.065796 37.281155
39.278408 39.873867 30.463625
49.443302 40.299652 26.799564
85.25281 69.01012 57.506325
72.82949 60.006863 52.369778
81.31995 69.883026 57.827675
81.2187 68.16245 55.902126
95.283775 81.29673 69.54595
72.107994 59.9701 51.42853
84.349815 70.89052 58.657852
81.10065 69.60689 58.763725
72.19032 61.5436 50.03566
66.41642 58.174355 50.399616
66.36196 58.989437 50.944527
114.58325 105.545654 92.048996
84.7577 75.85623 60.422955
69.83764 52.717625 42.801952
107.63142 92.89174 76.24439
98.607124 86.306755 72.72052
82.75385 77.96918 64.67197
59.61781 50.233288 36.793774
53.866554 46.66391 34.551086
78.410095 74.00033 60.948765
40.494926 34.86333 26.36217
56.082417 47.174118 37.200287
77.142006 69.276764 58.476784
41.741882 34.844624 26.26498
74.71915 64.763756 52.780975
66.582954 56.601425 45.030525
62.741196 53.92922 43.116497
67.89828 57.76922 47.654003
70.3653 56.926086 42.570126
35.603783 28.955748 20.268888
53.168568 51.28357 46.700825
81.56914 73.330864 58.795895
52.685844 48.7873 34.41785
77.03384 69.1077 53.848053
69.38309 64.471115 55.92907
77.16403 69.90296 58.52193
71.41314 63.717175 54.726307
84.59146 75.07746 64.39995
71.50522 61.838863 51.715652
86.82755 77.28948 68.47127
80.1079 67.816574 60.088238
60.335102 54.1082 47.667583
69.33603 59.52381 49.738064
76.293205 70.51563 62.159554
53.66961 50.879356 41.550877
61.353695 57.849068 50.465652
83.39747 77.92952 68.68611
83.77856 76.27814 63.381565
79.29843 69.99812 57.412212
80.845634 73.31965 61.09301
86.36408 79.41349 67.948586
86.079765 78.51961 67.109634
89.76131 84.59065 73.455124
94.90317 83.60498 68.19707
70.23353 64.37261 56.830956
63.406334 57.738094 50.668774
71.84916 64.96222 56.78587
60.16791 54.536106 44.515247
76.95041 68.652245 60.44393
67.6099 59.463177 52.835434
86.45647 78.87739 70.75295
87.37775 83.46222 76.38983
77.528885 74.31902 67.83576
83.65678 81.953896 72.01173
78.387054 77.05004 70.64678
93.36793 85.387054 75.39108
96.34048 88.06514 78.09322
86.513695 77.5239 69.04864
95.98756 86.90815 79.55947
97.76107 83.42704 75.014114
98.2295 81.60417 72.79849
93.67301 94.67164 82.603485
71.83779 69.49266 59.26638
52.987556 40.74648 28.651258
41.20903 38.36387 31.973501
70.308784 55.589996 49.719803
48.90117 42.58361 35.086624
59.187008 51.241703 44.27954
80.44674 66.377686 56.259937
74.44936 67.34152 58.183994
77.09018 65.03017 52.774918
60.125477 55.176502 45.351307
68.25086 59.230812 47.55837
102.26119 95.421524 83.17829
61.715057 57.116375 48.17316
61.0447 56.144783 47.17546
65.81052 58.538464 45.388428
63.148693 57.64544 47.904152
58.783928 52.347637 43.359123
46.96837 41.59474 31.432621
64.73206 59.107872 52.218697
62.504597 56.97001 49.909554
38.690678 32.764027 23.075645
34.452583 28.572035 20.393112
35.025124 29.064037 20.745375
39.400036 31.904661 22.508833
46.60671 39.88607 29.755789
36.24018 29.437246 20.352978
35.150005 28.630402 20.078777
38.12852 30.068066 19.641502
38.917015 30.558456 20.121658
38.027275 30.29497 19.54664
37.530827 29.931248 20.19969
37.610497 29.612497 19.880192
38.579525 30.637175 20.420834
33.987797 28.076302 20.93668
48.45691 40.04658 28.810934
62.56872 49.308426 34.540073
51.98854 44.27981 28.517397
51.84489 42.19238 27.904064
50.888935 41.05613 26.707418
50.562305 40.74388 26.541925
50.680443 40.60832 26.44611
11.274976 11.06344 9.456045
10.296551 11.336804 10.546551
10.194378 11.284674 10.619658
11.970458 14.402721 14.741585
71.16021 69.77295 61.22589
23.456194 21.53927 16.031183
38.939754 31.618494 20.0951
45.637054 37.507816 26.238333
58.08931 53.954884 43.611244
50.476128 48.6905 41.258984
64.81905 63.76119 57.25612
74.88685 71.46974 62.195274
71.4271 70.88765 61.783062
65.14269 60.899616 53.66818
77.30234 70.877716 58.862556
76.407135 69.88449 61.512264
69.40034 58.646633 50.56887
67.717384 58.927845 51.586117
76.79318 69.218605 59.784374
72.322395 64.41967 55.476727
58.944824 49.77405 39.930683
62.938053 63.67546 43.60623
57.159225 50.513577 39.265068
61.844055 54.75949 42.747704
78.58689 76.27868 60.19614
60.09862 52.725533 41.948616
79.62211 77.52763 61.796104
48.93301 46.844086 36.24812
25.84683 22.452555 17.226276
50.049026 38.849724 29.941782
52.332836 48.251522 43.00573
55.123806 43.624252 38.107304
51.705807 43.379745 33.86211
67.10996 65.44754 52.55774
83.22252 77.360825 64.59059
83.42415 78.96085 68.5575
93.30705 86.495316 72.36273
76.243706 71.54768 62.476753
110.4818 90.93083 81.64914
47.90642 43.976604 37.422653
43.560726 38.82129 29.723711
45.087105 43.45876 37.887383
52.65857 50.02426 40.50334
42.16967 40.538197 35.75224
67.57866 63.08394 54.85104
63.74442 55.24672 47.012264
77.56165 73.480965 65.82182
48.94596 41.316902 32.32845
58.475384 49.201004 40.353813
58.871628 50.193275 40.372284
84.87109 81.11972 75.04515
54.584297 52.214996 45.86011
76.68414 72.64422 65.330475
56.948883 64.11109 39.094414
51.78154 52.780704 40.954582
47.832867 48.461117 37.269993
78.61181 89.65788 68.38932
74.0751 78.48036 60.24812
38.482216 39.222996 30.05058
70.27328 70.17256 55.417583
58.50958 57.388012 46.80204
87.343636 97.83985 74.688705
67.25597 72.17615 49.78506
60.96583 67.24168 46.01623
74.16812 79.51761 63.51307
63.11193 73.68572 49.65678
66.42197 69.98287 54.48854
75.97446 77.53076 63.306755
54.198498 55.375805 40.465565
63.548878 65.51218 51.027363
63.38807 65.52963 50.935932
60.329224 64.21601 47.107006
66.723564 68.847725 51.95527
50.198647 55.10814 39.80225
65.68364 75.286644 55.76862
67.55162 74.135414 47.638695
58.051563 64.21873 43.763874
61.53921 69.48765 46.536465
82.785805 91.16934 62.73302
60.30574 65.83394 47.407734
87.269424 92.18847 70.18972
29.144754 28.237467 21.381655
34.242718 33.59841 27.799057
31.163733 30.593727 23.796879
29.27978 27.176622 20.383982
22.277842 22.144516 16.528646
28.576868 27.898006 19.956076
21.112885 22.881207 21.039806
34.514503 34.41806 28.40475
26.024141 31.827913 26.624403
25.441364 24.574451 18.906153
54.00349 57.653168 53.445274
106.95091 110.71554 107.391235
67.794044 64.86482 60.27596
53.58585 50.563053 42.215324
76.49138 71.72717 62.169403
85.11118 79.90478 70.97881
78.615364 83.51692 72.69727
67.57308 56.999405 44.55998
59.83561 53.44772 44.054874
78.42033 69.886696 58.403645
77.68405 70.36446 59.2127
66.23529 54.540283 41.327404
77.29867 70.02701 59.698647
51.239853 49.99851 48.82842
81.35796 80.328125 73.42456
76.65096 73.02856 61.8864
61.918655 54.286346 46.904633
71.906364 62.419582 50.949062
64.85247 61.383175 58.047504
70.65499 68.0484 57.680233
63.68841 60.91767 50.79291
57.333492 50.73344 41.204403
49.69921 47.997196 40.932354
76.87703 76.398155 68.14305
60.469803 54.113304 43.139442
91.11342 81.52208 65.685036
54.638756 45.19799 34.688797
72.11262 72.41886 61.72341
7.941663 10.327226 9.334626
9.9414835 12.316692 11.271605
14.637204 25.012295 25.491257
74.1341 71.07839 58.636547
56.54124 54.669075 44.693604
64.95351 61.770588 52.364674
40.18053 43.127865 37.472218
17.700466 20.023186 16.836119
39.71831 39.14371 33.80813
39.915283 38.27978 33.247135
44.619987 41.140785 33.896217
57.118286 57.954884 52.581017
97.05783 95.63518 81.94623
78.27835 73.08561 60.055202
64.173965 58.847874 46.336567
79.08215 70.18316 57.564125
59.89774 54.89016 42.465714
59.383266 54.000896 41.775692
77.036316 68.87458 56.407646
72.65487 66.55727 55.26122
71.23508 65.76024 53.289925
47.178295 53.577106 36.04494
59.590237 58.525154 42.116554
59.18996 63.930862 47.234573
68.56884 68.34471 52.989883
63.06714 63.946407 45.03769
65.85617 64.87751 45.69441
60.39878 61.133266 41.750477
63.71285 62.072212 45.09474
65.75689 65.36811 46.87115
51.20476 46.957806 32.19605
58.158092 62.17534 41.398304
60.64386 60.95202 44.68489
61.409824 58.898453 47.88604
64.93489 63.17722 51.50143
62.73705 61.23726 48.433964
58.39881 60.316216 45.25406
62.27396 72.19632 49.055504
17.974905 18.73153 14.972876
49.464073 47.93486 36.947243
45.832985 40.82087 26.633684
43.01859 39.015068 29.217773
49.36393 46.61148 34.68665
42.1976 39.616943 32.120613
21.414747 25.18677 21.77826
28.27769 33.887623 29.564156
28.725441 32.001163 27.429995
23.064394 26.526169 22.481112
23.512413 27.240242 22.98156
27.352442 32.177845 28.153229
16.92722 18.151707 15.097339
13.381833 16.105394 13.98129
14.983528 16.146425 14.11375
15.69035 15.675847 13.508027
12.687724 13.007132 10.609065
10.137294 10.622344 9.7674265
9.169611 9.037271 7.5251255
13.833313 14.564604 12.300489
9.599636 10.3156185 9.42904
9.422177 11.028169 9.529929
10.773246 13.489735 10.255133
30.114466 32.431847 28.732454
23.507101 24.42898 20.898752
13.415314 17.164598 13.9429455
26.177399 34.997345 33.18668
21.421968 26.967833 24.369032
13.233916 15.628551 12.333642
13.83209 17.001284 13.868973
13.491108 16.421461 13.370195
29.725084 34.219383 30.794283
12.42361 16.582806 13.803891
11.505312 15.187963 12.663374
18.034822 22.182652 19.716787
56.649467 57.583134 45.188023
50.66251 50.78214 40.026318
50.508354 50.68665 39.965744
50.93817 51.335163 40.81356
51.19978 51.801353 41.03121
62.907017 63.989586 53.77933
47.357544 47.03557 39.2064
49.59504 48.920147 39.610645
50.37148 49.957954 40.517246
60.81881 59.012177 47.13792
66.12369 65.31538 52.497227
73.24508 73.09295 59.303265
90.17555 83.836624 67.135086
93.081436 85.78112 70.30479
73.277214 71.64783 60.700375
92.96512 96.788765 85.96401
63.631565 60.102947 47.64422
8.125985 10.753044 9.858976
9.104142 9.949659 7.68847
16.411852 16.601217 15.148574
14.2334385 15.089997 13.658063
16.555891 17.705389 15.926086
11.590266 13.824839 12.873717
16.927011 17.801922 16.031273
10.625627 11.489884 10.032317
12.761907 13.484185 11.994897
12.894396 13.500776 11.942379
14.427131 15.947063 14.651051
12.477829 14.0088625 13.001224
13.215206 15.293596 14.480454
14.312008 15.443751 13.888697
10.140994 11.292612 10.43459
10.581941 11.216549 9.949839
13.616018 14.377297 13.497851
60.191544 57.03879 47.773426
64.626495 61.802338 52.19074
85.507935 76.898094 62.08367
81.23556 72.46601 59.039597
64.67654 61.625923 47.273453
78.824394 75.34829 63.794582
110.266174 114.24433 99.973976
81.24007 78.235405 60.817646
83.84805 78.446465 59.22768
62.229797 58.470966 45.709896
99.148125 95.79718 82.1751
101.359665 98.26794 83.56547
73.00346 64.571945 47.03154
73.8374 65.438324 47.912838
74.61217 67.99182 52.732006
76.50859 74.06078 63.583553
52.537926 47.747643 39.585968
70.51191 63.318634 50.924477
66.13768 64.65215 57.39219
79.87467 79.07794 70.28115
86.95981 86.36584 76.09104
94.01462 94.74358 85.36796
65.94918 61.96285 52.564575
65.871475 63.01068 52.594444
48.97219 47.854828 40.91564
46.567528 44.986275 37.88631
51.71619 50.801117 44.789745
48.073406 46.17931 38.19533
36.273632 36.089012 30.758564
39.282497 36.53787 28.622374
42.032646 40.02814 32.031483
43.7218 42.85005 35.965626
44.38753 45.340473 37.739616
8.241674 8.870972 8.782466
15.535062 15.793984 14.165105
16.456463 15.498896 14.207985
19.224815 18.540195 16.828001
16.061321 17.695124 17.004177
54.023754 50.165283 38.230843
55.276646 49.741615 39.529034
58.629684 55.752327 45.94811
55.553265 53.321854 43.157524
63.696766 63.234962 51.281334
63.028885 57.32854 44.22386
54.090714 48.87276 35.385384
49.586117 44.02381 30.997345
63.883682 63.14586 53.50218
52.091908 56.542282 50.65299
71.35122 70.3021 60.01677
41.650036 40.571766 33.416836
52.573795 51.66818 43.210552
63.553234 55.13634 41.537212
55.77823 48.54306 29.277124
55.51823 47.31293 29.784048
85.59441 82.427635 69.558304
88.514206 86.66158 72.67874
88.13082 87.414955 73.228935
82.96064 78.526794 62.096684
79.607574 71.01271 55.183605
86.807594 82.89335 69.375595
67.34232 59.956017 48.424652
72.603004 64.07621 53.10393
70.429276 61.31296 50.321945
64.55318 58.159286 48.715652
63.00346 56.23093 45.11572
73.62918 66.36685 53.142574
81.578865 74.920654 64.53444
75.97792 70.46556 59.465683
66.60748 60.787807 51.849457
76.76427 69.676506 58.602173
77.39258 72.01725 61.402752
63.90141 57.47434 49.064396
84.23765 77.73824 66.548965
77.58904 72.07675 60.629566
66.804634 60.76459 52.36569
92.44468 87.9026 81.52698
59.208733 54.430653 41.5319
47.450584 40.605335 30.3656
69.196884 66.9462 62.081345
59.33788 55.28139 42.980724
53.182053 52.006207 41.24976
65.43286 64.76313 50.208103
63.76698 62.234215 53.676655
43.955925 32.234512 25.979977
43.32496 32.006058 25.873419
62.37482 61.94602 54.219803
45.873447 41.91051 36.898304
45.189186 42.52629 32.486065
53.930473 49.724545 41.92722
57.887024 55.931934 49.49666
67.73693 59.71461 45.868256
57.879326 47.299923 29.41985
62.14323 61.015247 51.30986
58.824093 57.94014 48.142548
59.239162 58.07175 48.51933
38.240093 32.883236 26.709686
42.075943 35.959927 28.329344
43.986305 40.700764 33.359753
44.195034 40.29285 32.367928
31.40084 23.287062 16.685188
21.231678 20.30058 16.419134
16.715506 18.910988 16.090027
11.43477 13.306428 11.303294
4.503312 6.794223 6.286345
4.353545 8.440917 8.278795
3.5248866 6.681129 6.8013844
6.155765 10.462073 9.670327
4.8917103 7.2794523 6.090684
4.5551744 6.44587 6.1273274
24.329971 18.40648 13.931159
44.63246 30.822899 27.796371
16.975054 14.101128 13.474398
7.0679755 11.350979 11.622135
5.843549 9.80595 8.365183
23.69217 19.606022 15.372463
31.221533 25.134787 19.400244
25.39908 20.914478 14.73699
61.63234 61.41003 56.017902
44.44348 40.310337 33.049206
36.391174 31.097637 23.582388
37.210102 31.612915 24.005192
82.485435 81.17385 62.35411
72.42293 70.01633 56.75525
67.237976 62.091488 50.698376
72.8755 73.82078 55.389202
51.30368 55.911823 37.125626
68.00412 63.56329 52.502686
64.80505 59.574123 50.828003
59.77405 54.402332 44.868942
76.03208 76.21664 57.422268
66.67546 63.75018 54.694588
65.73523 67.43772 43.6922
60.154064 53.807354 44.749672
80.685394 82.09558 64.03002
69.15726 68.474396 43.526886
32.379505 28.553234 20.762474
56.78858 51.258743 42.87646
58.362167 52.75352 44.674862
67.402245 63.73263 52.711685
67.37524 65.3149 50.11775
49.19208 45.014442 35.593132
61.933395 51.151855 38.751255
81.73356 80.24182 59.756058
89.15585 89.870255 64.63455
71.99916 64.58803 48.893055
67.49699 66.66633 45.594833
105.667076 96.36999 77.8021
81.35996 81.83492 59.96431
82.97923 76.5544 62.646126
79.82391 78.49177 57.499104
77.20697 74.90932 55.1304
90.75982 85.204315 63.05947
80.230934 79.14398 55.822662
73.5077 70.34991 50.088177
84.26316 86.68313 57.447155
93.11145 88.02653 64.92301
78.79784 77.885506 54.743584
52.545506 47.653736 36.401318
46.716846 35.664658 26.890995
67.760475 70.00409 63.362946
61.722904 58.87166 52.323437
61.104977 56.241615 48.234097
62.00382 57.387802 49.123238
62.588833 58.499046 50.121212
63.201866 57.45178 47.58967
66.81469 61.458103 52.655853
63.267994 57.189632 47.227383
63.41376 57.473175 48.675938
59.029034 51.15311 40.748985
47.426025 41.665554 34.07293
47.34689 40.89195 33.16391
48.806038 43.258118 36.01438
47.964848 41.391052 33.7782
47.920418 41.935337 34.87112
36.602173 33.454582 27.462223
51.388668 44.58809 36.89371
70.57827 58.588776 44.52972
61.426804 54.698765 45.184082
77.2819 77.254234 68.56472
52.03787 53.425312 44.092564
66.43922 64.71682 56.79849
64.388275 63.07976 55.565052
71.1418 67.57245 60.517994
56.374523 52.939934 46.176205
60.100025 57.365273 48.601574
94.88192 93.41872 86.55574
61.404034 58.892605 50.17555
67.69023 64.72425 59.072124
65.11509 64.11811 59.135174
38.571556 31.88607 24.382729
70.89514 67.59853 56.20178
74.66794 66.83358 56.137115
72.14368 70.19298 56.15102
58.404305 51.204494 44.20682
41.672176 42.121597 35.93113
39.01677 35.65096 27.04846
21.662659 21.579613 16.545208
22.494152 24.465088 19.303713
11.273395 14.064245 9.940588
7.1797566 6.740123 5.8554845
9.990361 11.672386 9.49436
9.567767 10.939305 9.057233
8.361691 9.834716 8.072959
28.239496 28.092176 21.01662
40.863155 36.88091 25.00561
34.77811 33.501404 25.988243
27.69569 26.620674 19.758026
35.292225 32.89138 23.844234
17.43647 16.88619 12.8197365
33.533333 33.163883 23.881804
7.147082 9.138369 7.537181
2.4333074 3.9551802 3.805771
14.054428 14.238005 11.752149
8.983588 10.226814 8.214759
20.401379 17.888727 10.749254
8.483319 9.492719 6.8823705
13.826181 12.841818 9.907406
11.9320545 11.296103 8.894844
40.58027 39.65302 28.4325
75.77462 80.81341 65.401375
42.191303 45.42913 35.392933
40.61614 47.175102 31.301622
74.2141 76.257996 60.485466
59.610825 60.119717 49.65084
36.089848 49.47953 33.935486
33.22416 48.140068 30.388248
66.41898 72.65442 56.29279
86.78975 90.02008 73.88446
43.236633 52.291897 37.680325
44.706284 52.674805 39.237854
53.558697 63.00349 54.38789
44.403946 51.778316 39.14732
56.48132 64.298134 50.504417
74.07084 83.13198 72.742424
58.96583 67.779305 54.878044
42.77044 54.584476 31.168924
58.400154 64.57075 57.865
47.96619 55.46807 48.303295
77.43143 92.66564 92.25334
37.69647 37.10859 37.42555
52.49284 54.929695 46.28372
96.18736 99.55768 79.92824
59.27829 63.299118 45.71658
77.57004 72.98526 61.676712
59.41788 58.567318 50.76716
82.742775 81.933815 74.42618
85.96034 85.55052 79.242775
55.20897 50.62154 38.660122
85.80201 84.28599 76.76062
60.137234 56.622253 46.786644
83.950165 83.80819 77.84254
84.24335 83.98615 77.63374
85.0714 84.42507 78.58686
84.7782 84.254 77.9849
58.91081 50.67949 36.129147
85.980995 85.87831 79.75358
85.28321 85.597275 79.528496
85.25531 85.779724 79.82496
59.516026 50.76483 35.11339
57.202137 49.448586 35.46628
85.18653 84.62891 78.23857
20.309084 21.332567 17.359753
60.177906 57.145798 49.426056
51.785152 48.071796 40.691395
45.61745 40.421223 34.974518
77.34483 73.52459 65.05395
50.541687 45.271126 36.06532
24.088684 26.938768 26.925161
21.733707 22.228785 20.635324
24.454433 25.905645 24.260176
27.02778 29.095726 27.073406
15.088178 17.599934 17.36548
25.326391 28.087372 29.986303
20.877626 21.181398 19.31168
31.431665 34.474724 30.633892
23.91415 27.230574 27.49251
18.398424 20.25018 18.28342
13.471562 14.8004 15.287837
39.61784 39.089462 37.074062
61.967354 62.400246 59.941574
35.80631 36.072243 33.67209
55.808666 54.000656 49.46398
57.116585 66.09835 46.034733
71.961685 80.81228 59.594593
74.95082 76.053894 63.73729
78.39616 90.83889 66.04846
77.777336 91.216934 66.295746
63.998924 64.4288 53.360798
72.84023 76.68516 60.41564
57.556576 66.65565 45.67209
52.32457 68.53142 45.312096
76.08495 89.11945 87.78043
54.161762 60.650364 45.16024
17.148724 32.3733 14.268501
22.845577 34.54157 20.512741
26.347696 36.29894 23.933577
17.29109 31.56887 14.551713
25.044373 35.302788 22.812187
20.54467 26.511816 18.69608
21.101545 29.476517 18.589968
19.800907 28.891323 17.9086
20.92904 28.90648 19.224249
