0.013581459 0.012945732 0.007888805
0.021643646 0.02037219 0.011703173
69.34994 64.04849 91.77423
74.000145 97.10663 124.57204
106.852684 131.50711 152.1259
54.457233 73.44576 60.68757
76.12425 93.84693 89.451195
49.337513 69.13385 55.141018
139.76556 163.32639 184.77753
114.7054 131.43715 144.8786
39.97723 55.02566 39.12804
73.795494 79.68424 76.69095
87.80584 88.785324 87.77579
72.58149 70.37779 66.00685
71.428856 61.616943 52.617004
82.27397 77.53924 68.58513
80.81266 69.37698 58.669796
89.68243 83.05378 77.86433
90.098946 84.48364 71.65318
85.48104 84.742874 89.89606
68.58403 67.61018 53.738743
69.9366 68.154335 54.59426
70.337944 70.06513 54.826736
68.86057 69.021675 55.736374
66.5141 65.6969 56.662197
64.82038 63.931282 56.543083
67.34714 65.957466 58.737877
73.73788 70.61596 64.59077
72.14232 72.22722 66.41002
80.13434 85.90952 74.504395
120.09325 106.42481 96.46266
90.984856 84.64766 74.221375
104.93288 96.954056 85.30367
92.07302 85.19664 73.60018
107.92701 98.05944 91.3048
117.18742 93.66055 75.144165
144.59515 121.11186 103.22392
143.84708 128.68774 115.36962
71.58998 64.86748 57.887043
127.69231 116.644135 108.724556
126.251114 116.8246 104.81754
106.26709 93.34572 84.71158
90.400246 86.07921 62.919785
81.70776 74.40886 59.510864
101.039734 100.50147 71.87404
73.42134 72.30639 52.648586
96.99867 89.82436 81.8543
73.80521 65.727646 57.54424
96.20511 92.225334 81.75189
108.43839 102.29781 95.91689
108.46631 106.52612 99.81885
68.06765 65.63527 61.82847
68.20771 65.96212 61.65746
67.63012 64.482025 60.902214
113.056145 104.96455 98.65159
23.474281 26.434954 26.055367
51.334682 53.407387 54.83971
52.78102 50.750824 50.55953
54.11033 52.39363 51.992718
47.099808 47.06568 48.40863
82.61169 74.242874 69.16812
96.70176 83.96879 75.26799
86.216064 74.54872 67.0571
80.10582 80.48801 65.0877
86.17864 84.98246 78.34093
105.37407 96.6318 91.4733
114.26568 104.72681 104.256256
76.20574 66.73112 64.273735
109.32165 99.989914 94.58698
91.09059 75.65188 68.42747
63.567677 61.49425 58.49948
39.772034 37.370224 37.027336
46.23499 45.353928 53.838554
50.35468 47.38323 57.471596
52.38187 61.1333 75.045135
86.62186 87.56623 81.26487
109.3252 97.4173 80.074844
71.42533 67.75291 64.20967
70.39834 66.88225 63.910652
89.577385 90.10718 85.4681
57.845863 48.94654 43.552418
66.63099 61.021297 56.225624
105.03245 97.405365 86.02682
75.71387 75.27937 67.14642
106.777 97.68765 83.639915
102.3027 92.99838 87.92533
77.68702 66.97775 59.294197
81.59345 70.95674 63.179913
76.85826 64.86011 55.964485
74.23854 68.96368 68.3
56.79755 60.60316 62.205456
111.73057 110.18031 110.95839
86.14683 72.989944 72.297
54.1166 43.724094 38.003235
92.46278 89.24741 82.22519
84.75134 83.03794 78.208
106.70462 101.67494 87.581314
104.95365 92.462494 73.83315
67.418594 69.26859 49.063488
65.97449 62.108017 47.424953
93.88164 89.76802 69.02693
94.457405 89.63553 66.655754
107.451775 93.7017 71.65899
116.54453 108.961044 90.74282
80.38349 79.35818 70.297264
101.48272 94.65737 74.42952
120.86054 118.0354 84.74256
135.78018 124.12128 114.15231
113.11715 103.145065 97.528725
100.52884 100.16685 71.0102
117.83283 109.46212 98.18922
116.63665 108.098656 92.47205
108.06848 103.29628 92.32003
89.06785 98.7833 70.61452
99.000465 96.46567 63.298183
79.954544 78.038086 53.223312
102.746376 89.67766 60.009884
85.52921 77.28018 60.23698
93.06883 84.65697 59.8632
34.308964 37.86826 44.368317
45.30177 42.52699 45.5026
89.53057 91.5187 79.37872
83.70011 86.65671 76.177574
110.80755 110.33413 91.622955
71.96128 63.814396 53.17341
107.27325 112.451195 88.956276
87.457375 87.2197 80.7872
96.756226 91.94391 76.10692
115.735916 124.42342 97.555885
125.13183 127.0161 110.38199
133.51044 135.98012 121.231636
136.20909 116.312256 108.133125
127.51722 119.91846 105.778564
126.09984 120.12599 103.65711
130.57245 123.685776 116.45859
96.29625 64.16806 63.57614
96.47613 62.694706 64.72121
113.90103 104.11651 108.08458
93.57045 81.09672 75.782234
112.2668 99.2199 97.30113
111.4783 102.47096 102.61227
60.33124 60.329857 60.314224
81.076866 81.07536 81.059814
54.566723 54.565018 54.54953
77.55161 71.89305 72.68086
75.02632 72.4136 75.74819
58.772495 69.819916 79.11356
102.53052 90.64544 88.03372
90.905075 92.60154 94.18841
73.06901 68.03768 68.52722
87.217964 77.55167 78.42811
76.25859 70.1538 68.159904
85.735306 78.419266 77.81616
23.677397 24.994827 27.17523
17.686846 24.724268 29.921257
22.62732 21.06204 19.817112
12.07675 11.785615 15.101312
38.22086 45.405045 50.461018
27.125412 33.043808 34.956974
28.682367 35.82509 36.845257
26.960642 35.0623 34.36728
29.423193 36.879673 38.92357
33.357018 40.087845 41.67858
57.56652 54.870136 56.212765
60.050686 53.600906 53.364822
55.224846 45.00968 41.93917
59.357624 50.644253 46.09978
57.680923 48.835926 44.340374
64.239586 53.00812 48.48162
56.642143 48.66685 44.8263
58.926285 49.027855 43.589607
59.41224 49.59987 43.74649
66.587814 54.436543 47.958244
47.841442 39.524303 33.389587
73.94596 63.5443 54.97041
62.730335 53.706295 46.15659
60.18225 52.61767 50.17653
130.2879 117.22499 108.042046
104.094345 94.827484 87.78359
128.4818 92.52433 90.93614
112.366356 112.36508 112.35378
76.327286 74.204765 71.57672
79.038345 70.5801 65.36473
106.83957 106.83642 106.82491
92.10383 92.10082 92.088974
113.63703 109.16243 101.062386
86.108246 80.86511 79.41377
56.656303 55.629314 58.39987
82.38618 84.47472 78.690254
99.90857 83.8591 81.566605
67.25039 61.95787 59.095505
85.38863 76.7197 78.29966
68.07895 69.70994 67.33012
62.050858 70.28065 67.99445
91.26377 94.93099 99.64966
92.65781 94.189445 97.41756
67.90527 66.710625 66.5582
66.546555 64.06548 64.518234
60.665462 57.711063 56.928684
116.43767 111.89221 111.532974
106.00454 106.630844 113.07016
87.02549 80.98524 84.29067
66.483154 60.873722 58.28128
65.98419 60.612465 57.333755
87.96686 80.50887 76.42677
71.84289 68.93065 63.413887
91.73077 88.13165 87.60328
90.08426 89.683174 89.38294
56.362858 58.21947 52.125298
76.4101 75.03881 72.252266
73.47388 72.87855 70.90568
55.554848 54.431515 52.214386
71.705284 70.880196 68.78036
67.077644 66.554756 64.432205
51.074467 45.829655 47.091892
47.962753 42.385166 43.09877
67.5128 64.54424 64.576866
81.708694 76.1748 81.042274
36.127003 28.72863 29.984743
41.337486 29.158787 32.556694
35.721466 38.120472 55.085968
26.637924 29.400942 45.67858
38.54941 32.366787 44.8311
46.757786 45.84419 48.406
47.332314 42.365196 46.215397
70.274315 47.253193 60.207737
42.748627 33.708057 43.849216
44.32139 41.53112 43.283623
45.23123 35.130035 38.26189
68.83165 64.263275 67.67835
27.773912 28.00575 30.094406
40.52904 37.540455 35.256226
41.547794 37.95599 36.6385
54.720917 49.580708 49.86803
55.098625 50.46122 51.935013
46.397938 41.732735 44.08744
32.872276 32.80076 35.398083
20.360977 20.879934 25.219645
20.220772 21.611656 20.15162
29.98298 33.737907 34.23412
24.380222 23.7258 23.281685
18.953362 19.982517 19.475206
23.605387 24.72785 24.904324
62.989685 80.28015 72.72814
98.8956 107.79816 121.62761
126.01552 134.06023 111.373024
31.3261 42.54132 36.830956
156.24614 178.32625 193.96457
121.58848 132.83104 128.71196
92.75097 100.25062 88.68855
104.43013 107.06565 106.23655
87.35734 85.17855 83.226
111.80923 108.82229 96.96891
78.55488 80.01421 67.63272
80.987114 81.1861 64.04525
87.48619 81.8289 66.83867
114.807175 109.59504 104.09536
89.106255 80.151764 68.32734
89.20225 88.250824 82.042046
99.950584 92.56288 86.47913
114.95692 113.1598 104.01592
82.6496 78.518295 68.524765
59.112988 56.823093 51.54612
96.21953 87.81177 78.236145
126.96772 118.01127 111.25259
72.58325 64.42325 56.57516
71.316765 63.729324 56.979454
101.58952 106.78683 77.91415
123.055565 132.81096 107.78807
87.035164 93.92429 64.50263
70.5145 93.26859 57.43325
79.643036 95.12868 76.21565
82.77981 84.99269 62.157055
84.562386 90.693726 61.322197
86.235825 89.50821 63.144485
61.727474 81.373 46.55138
107.19225 123.01476 88.6511
86.33598 96.95417 69.64856
126.8313 143.26703 131.69846
76.66324 76.87077 60.97434
62.07542 71.39314 47.62778
108.1485 112.04632 108.30645
97.50459 102.032394 111.011444
78.61937 87.62853 95.43611
29.149164 40.41513 48.49896
31.486765 46.929173 57.916634
34.355312 50.341473 63.693462
35.068542 50.925705 63.277466
36.821243 52.814857 65.74449
30.285471 43.8198 54.061695
27.23233 37.587326 44.084465
20.168468 23.852684 28.564064
75.507454 81.7065 77.07892
98.83578 87.86216 78.130844
94.86401 116.11345 117.47813
59.73487 77.93498 70.72808
71.813644 86.93244 84.67292
91.94657 92.56817 78.14009
77.89169 88.68361 61.968616
80.468216 84.1945 67.03545
92.59337 89.49746 80.548805
87.1726 85.718285 71.85543
90.7166 83.56137 69.51321
69.65613 69.450966 66.36948
114.08097 115.78024 100.55155
90.24426 88.66601 69.3139
45.03693 53.0024 40.145294
62.520084 65.794136 54.467403
66.79885 70.86214 56.3411
60.796307 68.08455 48.959545
58.209675 63.786625 61.481853
45.56441 39.6611 31.687742
87.77417 96.070564 73.28475
121.64113 129.47185 120.33049
104.1001 107.936714 84.45108
104.86028 96.33199 79.38178
67.29512 77.24354 64.03676
46.549557 45.725307 38.103134
44.358376 42.662834 34.169277
61.367886 70.549446 58.518696
77.7521 84.12385 68.37326
108.12992 104.40343 96.924
77.95388 85.61752 63.493008
78.08296 71.50445 60.83491
110.67893 115.08987 95.07152
50.917328 67.47197 41.177483
56.84101 60.13512 43.807434
67.94614 68.83988 59.62781
61.848667 65.274055 56.205803
65.90464 68.67292 59.208057
75.06366 85.68896 84.91628
71.60357 75.289345 65.504654
99.63168 109.40614 96.953995
108.87357 67.26975 44.633244
66.67226 84.07213 52.413513
86.37357 84.56982 72.6192
119.42706 108.26397 116.11432
101.901115 93.36881 106.53901
128.52243 127.383575 142.97319
149.9826 148.69954 148.89496
93.12813 94.36156 88.3786
98.58519 99.02043 86.08128
99.665955 102.465065 83.90037
101.545746 103.31101 86.235916
178.67184 175.15324 167.70291
87.779175 92.10467 100.492775
91.38459 94.53133 102.840576
121.57678 120.72464 122.99298
137.71574 135.65266 136.43709
116.35141 118.13359 118.50107
134.683 135.06143 135.25264
102.612236 104.96596 105.76602
87.70228 85.299545 83.704445
66.83196 66.36523 67.92339
84.014015 83.2173 90.30139
83.483475 83.22386 89.88109
86.391174 84.87823 90.287605
89.43657 91.34994 93.81633
42.661503 49.06522 47.209965
74.095245 71.270905 74.393715
32.141796 34.69826 36.61235
18.657429 23.251719 25.35936
22.171501 25.494884 29.871988
27.555683 29.212969 35.944607
27.115875 29.101427 37.192913
20.545107 23.137548 30.669075
24.802376 27.373606 33.331184
22.110935 24.835403 31.790585
22.455528 25.020344 32.04323
31.819164 33.295296 39.75071
27.704704 28.306738 34.109085
29.176126 33.494625 38.33526
31.107958 35.933712 42.382477
33.872795 38.604633 43.05574
80.65252 80.55002 82.22669
89.03135 85.72756 89.27599
62.8124 65.20606 68.74216
90.4301 91.98249 95.21539
94.933655 101.52153 101.76403
76.97737 71.79009 73.06198
57.39704 61.17517 68.62865
81.01211 81.327255 85.055916
66.229645 67.57559 72.13746
112.266426 116.218605 117.61316
81.291016 83.985176 87.520836
85.75276 87.987144 88.990814
112.90984 113.31922 117.52465
99.94261 94.35069 87.47942
106.845024 100.492256 94.74507
99.26054 101.12454 99.49783
124.38314 121.65018 118.77371
72.03404 72.09513 70.64625
119.22097 120.02866 121.10524
94.10027 84.62752 84.17942
136.98108 133.29887 132.18341
98.06898 89.17 88.819046
99.36358 93.571175 98.024414
98.42903 93.35286 98.6882
85.943794 87.47079 88.142
80.259346 77.154106 75.68332
123.62926 121.197395 120.54398
116.13911 117.382706 119.51471
101.20236 94.76715 93.119225
102.98445 98.46862 104.41536
108.73846 105.011185 105.896286
104.05094 105.9251 103.34936
98.5619 97.750565 98.2243
122.8834 119.636826 120.85113
24.46648 23.848928 27.146448
56.91467 60.034157 60.421143
58.82867 57.050972 56.479427
61.590042 58.373924 57.687943
66.138794 63.22661 62.78385
53.82425 52.66509 53.991795
65.42756 62.774605 68.007256
49.62862 43.42845 44.29772
52.415333 49.83887 45.532913
36.26426 36.204735 37.287205
54.518784 52.64356 52.217014
61.15535 58.452408 58.06944
47.4264 45.590416 43.02566
47.266342 46.85855 47.11388
53.381725 52.576664 53.20502
50.737446 50.244698 49.05574
47.577965 47.23461 46.41808
44.276543 44.282467 44.05713
81.68191 90.21476 115.798935
79.4483 79.75108 92.12743
96.7275 87.99064 91.369156
91.22158 83.02771 77.22095
76.00283 72.583916 68.21213
74.79945 72.92753 69.2071
87.405304 84.03503 80.81642
82.037506 75.961624 71.88323
84.20705 74.89323 70.44591
124.02037 115.38343 107.39661
117.56516 110.437614 100.61625
115.74109 108.352165 100.511185
105.673355 103.62897 95.616196
76.48917 72.64318 72.92753
83.53996 81.04672 81.45339
77.27605 70.91756 73.411316
78.330894 76.49122 79.80189
63.542797 61.796337 58.53248
54.11969 52.327633 57.158295
54.805756 44.746662 46.919003
39.328094 30.492487 34.72415
81.29027 54.265736 61.14483
91.615616 87.256195 98.715454
87.56889 79.70493 88.54615
89.13902 80.841644 90.306625
66.98983 59.887302 68.24045
64.91912 60.83769 64.986824
64.7968 62.99275 69.50092
86.77024 84.33306 90.827866
96.643585 89.72979 89.767235
93.101166 84.94229 82.31211
86.972435 87.66743 92.54366
84.02918 83.37129 87.71612
91.99717 87.03684 86.20205
46.80249 55.320206 61.127895
56.24756 54.09588 54.61501
54.713287 51.625816 49.935966
43.834595 42.54638 40.659916
46.15616 43.701874 43.188637
33.11463 31.692654 28.997688
35.4151 33.616714 30.819859
37.346935 34.981304 35.002457
37.702248 35.233833 34.396088
32.877132 31.773306 31.9429
40.29044 37.937263 36.368404
48.686325 44.82136 42.586834
41.946743 39.6954 36.979282
24.424377 21.633965 19.151043
42.767902 43.91981 51.9403
24.37612 21.402243 15.647749
21.799398 18.291857 17.47983
26.5762 22.308155 21.858927
24.969889 21.150234 20.579147
25.78287 21.961452 21.852396
32.273132 26.676992 23.30749
32.56724 26.17968 24.241518
31.184795 24.718979 22.2323
27.863724 22.798618 20.587383
23.55915 23.423395 28.000086
32.1255 33.150524 34.835316
58.338757 56.952263 52.308876
27.300959 31.270502 38.396866
27.39178 25.241549 24.067734
28.599434 25.779692 25.6333
36.999046 30.424868 28.439634
31.944056 27.823643 23.904526
37.9051 36.66078 34.27605
32.836155 32.270126 32.338726
36.27056 32.85017 32.17951
46.48997 42.89713 40.402878
43.789486 37.944866 33.53355
51.91487 43.893284 41.695892
56.42585 48.71921 45.74967
44.49971 38.66662 37.111225
50.373085 46.12596 44.084927
35.32838 30.28969 29.205889
46.271744 41.911808 38.722015
51.327198 49.635525 51.89187
49.540108 48.66526 49.8489
94.61044 88.268394 79.28978
113.061264 113.56996 120.69444
112.94096 118.353264 129.21646
39.004856 38.616657 43.067097
23.402618 25.966076 27.944662
54.915707 49.193928 45.11183
68.50202 77.96521 81.02087
123.04277 105.5558 92.02679
89.24467 71.150955 64.13573
104.56193 86.559235 79.62197
104.91106 86.92409 79.7371
97.69468 82.33595 76.17976
91.681526 96.48524 80.521645
117.11371 109.76033 107.90646
84.775475 75.25102 77.4694
95.94764 80.13772 77.63553
98.35477 84.62229 83.630585
86.91513 84.32685 74.00451
116.836876 113.45642 107.5456
90.94512 100.44562 73.729034
144.44536 143.01419 137.71358
153.88988 152.5948 146.95871
100.04072 99.37242 82.15558
96.6307 88.2156 82.67237
93.63778 102.630646 74.91683
148.9711 148.95651 142.95631
115.62787 120.55294 126.4655
106.965034 110.8491 115.57987
128.00714 126.19017 127.32145
107.41597 111.44293 117.002686
122.06898 125.179794 129.93527
123.46518 130.57889 134.44102
61.362625 31.46359 40.72314
25.003843 27.817604 36.672775
92.45631 99.167946 103.03075
28.475986 28.13411 28.044645
23.845951 24.968937 24.460844
21.923973 21.990927 26.940935
41.50072 49.31399 51.257324
51.114517 55.182426 62.893257
15.144714 16.647663 18.196556
28.11446 30.3656 33.897068
18.793505 20.29229 19.307808
28.118824 36.35121 36.963966
10.587239 14.273739 16.846125
39.303444 42.09874 44.659393
160.29868 158.83612 153.98154
167.88293 165.79861 163.90741
128.51581 128.54721 118.53699
110.40273 114.96261 112.40926
109.45293 111.26969 111.91484
101.41288 94.440384 84.52837
99.94394 89.506676 81.78602
101.541725 94.96073 86.96715
116.03889 109.39754 104.594666
154.38649 149.06482 145.76027
148.82751 122.28091 98.73351
143.90646 159.81491 170.2983
96.4987 101.210075 112.673065
133.4713 143.91446 155.9689
140.14737 137.24585 136.88474
104.7775 102.32127 102.96495
62.593136 55.929375 74.182976
108.486244 103.87181 103.61212
87.19722 79.11368 78.706406
115.897736 116.11854 125.44923
52.441685 77.84737 114.84017
70.19009 98.4251 140.5315
73.65971 101.242905 146.03055
54.81648 81.94117 112.62082
44.91253 67.47486 104.81408
52.81662 73.713 106.06187
133.64555 136.17303 136.78387
74.9507 72.38681 77.0254
112.17934 106.16165 99.9555
102.81928 105.393776 86.496704
106.022194 103.517395 89.528496
109.72528 101.83682 91.031555
111.10972 107.306564 92.763824
109.18855 109.471535 92.34971
109.06554 111.64405 90.55383
112.27412 112.50087 94.08383
133.5831 142.00148 144.1967
134.05115 144.00182 145.27605
129.82405 131.54585 129.88551
124.19462 129.10721 129.49431
137.15176 141.79951 153.3343
97.31128 85.07227 83.93377
97.20915 89.68901 89.13162
170.34096 165.21312 163.9757
59.836445 67.89259 39.517223
112.064095 106.725945 106.24487
91.39028 87.02939 80.93764
125.24707 119.38187 114.67485
123.7178 116.862656 111.44709
108.58767 101.239265 94.638214
94.956566 88.15948 84.197685
95.729355 89.35262 86.24594
77.23256 69.474945 72.6687
110.55574 100.55242 100.88392
110.50829 99.93157 100.61865
73.41793 66.968765 70.77278
125.90383 113.842804 112.57467
130.2184 118.90753 118.90949
77.61799 70.613335 73.07551
87.56993 79.53361 82.5764
92.674164 84.25417 86.837715
92.47006 87.15055 90.35323
92.305435 99.89352 72.85537
167.33517 163.10434 158.21739
97.7905 87.52687 83.54843
204.12498 206.71797 210.33472
100.53707 94.53941 94.83361
85.12215 80.37228 80.04947
96.46348 105.258194 75.18907
56.34442 59.04456 68.26256
32.70511 35.712276 38.036728
51.222996 53.587036 60.715828
64.86777 67.510086 78.45905
65.0758 65.57961 71.61203
105.69852 119.89308 72.295555
110.80457 119.52667 88.00133
87.83332 90.23655 69.950386
119.4694 122.41019 92.50821
118.01641 119.78149 91.20742
112.920334 115.71502 99.162315
113.032166 113.15723 100.67722
110.02711 104.62616 91.30679
103.772354 99.33665 106.43429
122.29229 120.36681 120.55551
61.915073 87.71352 42.052475
100.24796 111.12645 89.78411
145.9409 142.50479 128.97705
103.83971 107.14145 88.54808
107.21201 106.47347 91.10368
113.23846 112.80787 95.942955
120.866234 112.11796 107.68587
151.69519 148.33278 143.97675
145.19008 141.29726 137.40514
150.95602 147.44963 144.61646
65.62249 65.081894 52.08984
111.83113 99.06499 90.7056
92.58765 91.91767 95.77672
58.559673 56.542797 57.168064
44.51991 41.560017 41.83867
42.53765 52.534214 74.795296
38.523148 43.981014 47.840057
72.7158 64.02973 62.133877
71.60278 63.6572 63.301594
47.973618 45.512802 45.162575
58.643646 58.14931 59.682568
40.76851 41.09478 45.366062
40.69774 41.19144 45.542507
59.925793 59.237907 61.083252
38.91458 38.67101 36.692047
49.730133 50.972694 54.96969
54.334133 62.365803 68.852165
46.943623 50.845345 58.173584
38.692192 40.280415 45.90366
39.26559 39.785183 44.360573
24.80905 25.315813 30.104172
64.735794 62.962753 56.57646
69.017746 72.86476 73.092964
49.75299 54.460182 46.846127
61.573975 62.229874 58.159683
76.06057 58.232445 62.917904
79.774895 77.17879 75.226204
87.82038 92.81182 101.37534
116.12174 118.75496 119.36413
111.65743 119.30766 107.398254
105.00896 110.0263 100.886955
88.76935 97.34601 68.215515
89.71906 99.148384 81.25903
96.07583 104.26975 84.98503
67.02945 73.50905 68.76964
96.01878 95.6437 91.28472
182.93394 182.62634 181.36008
130.25056 135.00847 134.51283
142.98128 138.5432 133.98613
103.43409 100.92305 94.20488
96.13209 91.78206 89.21025
83.71416 68.00728 56.74389
63.96749 83.6587 98.11778
143.1503 141.98697 124.9839
105.967834 104.58591 88.98815
103.22273 101.88213 102.8721
74.58458 64.06224 64.527824
87.52766 83.32365 87.89606
137.16333 130.92091 132.19687
101.23348 95.833176 93.767555
100.82552 94.330605 91.468445
89.24776 94.91389 91.475235
129.23709 121.3921 117.67
99.021385 93.263016 91.993355
88.365166 79.3995 78.370255
88.679016 81.776024 80.37014
93.271194 86.98026 85.96316
98.62807 96.501015 100.89352
112.51208 114.415215 124.86555
87.35393 86.7015 93.968506
97.73293 99.43935 111.53684
130.32599 122.17754 123.96882
131.6088 125.20488 126.465096
131.86601 124.351006 124.40675
119.54436 108.22672 106.46243
136.99971 131.98943 137.614
132.49796 133.60045 153.02861
125.240135 112.73765 116.10062
131.48946 116.20545 115.11949
135.602 119.61541 120.798355
75.98988 87.78587 101.00278
122.22924 124.00928 121.94715
75.421455 82.12047 72.67572
99.04329 96.24583 92.97515
105.07944 102.43464 99.90022
104.74614 101.535515 98.95273
96.22218 101.13524 106.81899
103.37106 102.211845 104.40493
127.42585 122.451195 123.187164
128.38914 122.22805 121.17607
123.36494 117.292206 117.731895
114.63417 108.45521 105.28128
129.79909 123.82263 122.21201
127.09814 119.14526 114.70852
126.96726 117.82084 114.84699
113.53999 100.91707 99.25236
124.33041 117.918106 119.32081
128.02266 117.03372 114.68
121.22216 112.220825 114.32066
126.20629 114.06536 112.983734
128.59851 116.85699 116.68587
112.09429 104.8146 102.6114
116.5387 116.14292 115.981766
115.69942 112.27894 115.82284
112.57938 108.79116 112.75776
119.41872 112.45414 111.29431
111.154366 107.67266 111.16096
126.8882 121.211555 125.69187
117.88432 117.623276 117.99234
93.85095 103.67887 80.673325
115.32081 119.986305 101.18312
126.440674 129.23051 107.91681
97.74756 93.2929 79.659195
97.23415 94.307175 79.43397
95.54499 91.155205 76.88366
117.6214 119.353035 104.33023
119.21675 116.17052 114.686935
112.45356 110.4883 107.8671
119.84176 113.63052 113.87829
61.202393 65.81359 51.799572
87.9607 92.85725 73.2373
118.591515 111.10042 109.96972
121.924034 117.27683 118.24788
116.53696 109.4533 109.26166
122.418884 116.31599 116.02632
116.05106 111.201645 110.66615
89.71077 84.24843 85.76235
104.3467 104.98469 77.13833
102.91279 94.05976 87.60726
82.08894 77.017944 57.68829
120.18552 121.35757 125.412476
120.33422 119.99974 121.77131
100.90597 97.37858 93.51075
94.44316 88.99185 88.93244
112.94368 115.824974 114.60955
13.462666 18.342745 17.33052
57.189445 41.279953 26.708143
101.20598 107.319595 112.01248
70.04103 53.96171 50.073196
152.6394 132.54 110.5074
115.401726 112.5345 111.106285
105.65304 97.78697 93.95839
114.11862 111.59796 105.55967
117.212074 119.3452 104.407326
156.84355 157.57414 152.80507
157.88791 158.91637 154.26276
158.8185 159.4637 153.91045
70.489655 65.75233 61.777756
158.10925 159.28413 153.6353
36.822227 44.72811 50.20294
131.02435 142.13353 146.83777
158.58665 159.05292 154.01038
159.4044 160.64449 154.58556
92.8951 93.2093 77.928276
112.18558 114.50899 101.67009
152.93452 155.86363 149.95634
153.61478 155.3626 148.87679
155.65015 156.72502 151.21788
155.41826 155.68817 149.3925
154.73805 154.3142 149.39732
155.0579 155.348 149.1129
154.35664 154.15405 148.62402
113.3754 104.32558 82.324974
109.71187 103.78079 78.55317
122.85176 128.3417 109.59273
108.78946 108.7173 101.06178
82.83133 91.37436 65.4585
114.87297 109.15758 110.54811
59.993786 67.830696 57.559902
92.30454 72.02387 65.52092
95.97567 81.85375 72.53419
107.04043 86.65928 56.092525
77.47434 71.442986 58.29021
103.741806 97.757645 86.82402
100.33673 104.896 83.295265
82.41964 94.73256 57.30067
103.711525 122.66922 139.9607
84.17364 101.8741 115.7182
95.91062 124.58652 175.46004
1.9066635 1.8994683 1.8835462
4.32766 4.3202624 4.3043404
15.167638 15.161665 15.151022
16.637896 16.630238 16.613998
18.87875 18.870918 18.854591
15.8741255 15.863983 15.850083
16.807865 16.800035 16.783592
18.898169 18.89028 18.873896
16.69595 16.68569 16.671907
17.00734 16.999365 16.98298
16.819859 16.811651 16.795296
16.916286 16.90571 16.891869
17.179535 17.171358 17.154915
13.433018 13.42481 13.408311
16.058805 16.048084 16.034126
13.558545 13.550367 13.533723
25.97148 25.96333 25.94657
25.044415 25.036236 25.01939
27.119778 27.109085 27.095041
12.247559 12.239294 12.222852
16.991072 16.982777 16.966625
16.513697 16.503063 16.489395
16.207682 16.199446 16.183725
18.639427 18.630932 18.615587
16.745737 16.734554 16.72135
17.556261 17.547535 17.532307
20.00445 19.995636 19.980669
33.015663 33.00425 32.99139
25.763683 25.755043 25.740074
28.713142 28.704792 28.689707
27.104057 27.095995 27.080912
27.813211 27.80515 27.78995
28.502254 28.494192 28.478964
28.063745 28.055511 28.04034
28.730104 28.719038 28.705889
26.994713 26.986591 26.971306
30.570768 30.562387 30.547419
6.3739524 6.3624225 6.349535
11.524505 11.516067 11.500982
0.061954573 0.053487834 0.03834595
