60.685085 36.885162 77.42536
60.535923 36.811665 77.35112
78.93876 87.37234 100.64483
121.28874 116.38026 138.10965
71.810524 44.61923 37.343994
92.38237 78.89383 72.598755
101.745125 84.30328 81.20521
154.2912 130.40814 124.547386
154.97127 135.40489 135.02025
159.94925 141.18924 141.51163
169.0662 149.57578 151.19226
87.06164 85.437965 93.04898
142.51244 110.60993 90.88283
209.4712 197.10492 187.12738
107.856995 96.48643 98.90381
176.13765 130.38339 70.58296
138.36943 124.14158 102.90706
145.72282 141.87856 98.964645
181.99954 169.24445 166.0455
167.09067 146.68509 164.7912
144.75037 125.37513 104.64118
116.76913 118.1933 115.75972
125.88585 98.99629 101.74644
168.92639 155.64397 166.78424
156.67847 141.20236 138.0004
139.52548 119.93671 125.423996
134.6389 120.592316 103.05747
146.42393 127.4793 112.89925
129.16934 119.13639 123.63531
149.93533 119.19512 120.09568
161.92627 139.35979 125.96499
103.61729 85.98831 75.61415
97.32786 88.12367 70.19854
82.60993 64.25299 60.918407
78.09015 58.78732 54.286465
67.67106 58.28829 52.563576
99.427246 83.82986 74.70772
83.34924 71.87365 69.62071
82.01688 69.853065 67.73047
98.40837 77.33345 72.78053
91.37313 70.338234 65.253105
54.661648 49.88146 43.41031
116.759834 84.981125 81.93375
150.14307 137.31235 151.77718
109.12881 90.16051 99.14215
71.27506 52.573727 52.93209
96.04014 72.14557 72.95872
86.83191 70.288345 67.616035
86.75231 70.181435 67.47577
97.10446 82.850266 80.658
122.1572 107.709885 109.10184
105.74786 83.34542 77.784065
114.01494 89.122475 83.43956
62.736 50.031475 51.727905
65.56187 57.954613 61.843994
81.641235 71.40335 75.302826
90.441154 73.85415 72.66581
92.174706 77.76827 76.93357
71.12065 60.086555 58.98979
84.68063 75.35648 74.90757
97.212395 84.83892 85.54379
86.46077 61.52201 55.00958
107.52805 81.23275 72.15589
91.02554 75.89155 67.6881
90.252365 71.77723 67.66302
111.03142 78.80243 74.70236
85.87917 72.25471 74.82301
109.236404 76.803566 72.29844
100.19478 82.80112 84.178185
100.23457 82.83237 84.22836
113.19415 83.27546 81.98529
108.89007 77.68685 81.50627
106.745125 79.38779 83.93631
126.98871 97.15965 99.14215
81.57116 62.46864 63.109364
80.56939 60.632 60.8038
112.1369 84.15395 84.7896
110.99555 78.86247 75.34023
113.9025 91.76879 87.24404
125.02771 113.97503 118.17163
164.82358 152.96025 139.15811
128.6674 106.28641 92.22785
120.74746 109.77067 111.50268
109.49071 88.37581 87.40489
114.58239 97.86144 95.76052
118.41784 109.93528 113.96824
129.30699 103.610275 103.61694
129.40204 103.77551 103.84884
126.36743 122.06711 130.12727
146.75095 148.45992 161.79108
154.3611 156.17363 169.94948
122.93311 106.129715 106.4131
101.03638 82.17887 82.48244
101.217415 82.427246 82.72705
125.06192 89.809555 85.8355
82.19061 71.400505 71.735886
95.336296 78.112045 76.03233
101.1478 94.33795 98.81657
101.28721 100.62339 108.485634
83.89839 72.80591 72.31583
70.25881 60.557987 62.70829
70.36954 60.603146 62.69415
92.86292 69.65161 71.12966
137.27187 107.908424 98.41812
111.14757 95.63183 89.83162
150.50456 148.44264 156.15703
134.41966 122.35004 132.70995
132.57811 118.22648 128.6719
150.8021 144.6036 165.43637
112.66587 104.718956 96.79302
112.81497 104.89195 97.00753
115.20133 97.47582 91.79188
117.574524 83.23543 79.00758
21.884594 11.27506 14.544189
43.58929 19.769016 24.943665
35.346333 21.405804 28.79878
47.319305 22.557703 30.641977
52.203445 27.014141 30.887217
53.07532 26.684914 31.089462
23.027824 15.841259 18.160679
21.35557 15.765709 17.849697
47.06751 36.42097 36.910423
26.894173 13.207664 13.006956
53.20732 35.760063 31.746607
33.594936 16.739023 18.183886
33.784637 16.938135 18.397194
22.161137 14.988996 16.460314
15.721462 15.070646 15.151557
15.2303 14.013171 16.41065
15.268845 14.068309 16.466415
22.379805 20.088436 23.257612
20.75459 18.939503 19.156858
21.317368 17.54094 18.815258
16.858252 15.568366 16.703386
75.843254 43.604343 45.37775
48.57002 34.009293 35.280704
79.304535 50.76474 53.901073
40.505985 24.476965 31.237713
40.504562 24.472176 31.226023
23.27352 18.344908 20.661707
41.601322 30.572529 30.550976
56.091515 34.397594 39.14437
58.40449 33.96482 38.432205
31.24558 22.073326 21.54858
34.77198 26.135021 26.387787
36.492245 28.557076 29.07059
24.902668 22.838863 23.801517
52.966587 38.8814 39.92821
61.963737 41.03233 45.590202
52.408142 35.078457 39.437794
64.218956 40.267933 47.13884
93.410934 73.41955 75.18668
94.08986 73.95381 76.76423
87.76103 67.33858 67.87815
98.65053 78.68098 78.63337
86.96961 67.012375 67.943665
97.55747 77.920456 78.225
100.674934 80.61062 81.20624
99.65281 80.17055 79.409
99.08422 80.24182 78.971436
95.86646 77.29473 75.75556
78.08536 60.47839 61.078915
78.39138 60.74826 61.34337
111.22083 86.10241 84.51351
83.36794 65.00906 65.80847
88.08063 65.23543 63.477077
92.01642 69.92947 71.372505
96.24798 71.433174 73.60041
111.83339 86.0126 81.79365
88.00627 68.92856 65.14278
90.67858 56.38374 59.332592
119.35238 96.25898 92.86344
90.26405 62.26314 75.37906
86.85967 61.582108 71.78396
86.846275 61.52999 71.736404
108.23258 84.7754 86.19312
105.340576 79.53575 78.367775
105.63913 79.83562 78.72129
83.91761 56.279278 51.48774
82.82198 62.71804 64.995094
95.661476 72.08986 67.29867
90.03444 65.88414 62.75225
17.702703 16.264112 17.783442
24.918406 22.580112 25.900045
81.45661 68.17106 60.480843
79.142944 62.66855 63.22762
23.311039 21.248888 23.934599
23.686565 19.941328 21.830996
21.967785 16.64118 17.069962
29.881458 20.804596 21.123219
29.434599 20.375185 21.398506
29.393032 20.337894 21.384764
17.319021 13.569449 14.404265
93.958374 63.429127 66.89166
37.161022 35.93534 40.743187
34.980843 25.586613 26.42234
28.507128 27.037804 25.303684
28.080568 25.328259 27.124073
93.23577 56.87028 60.21924
87.97845 69.75721 70.5857
26.974741 26.125385 29.090775
35.678528 34.859447 39.500057
52.21707 49.81634 53.766792
72.025375 69.687195 74.6856
63.15629 58.18571 59.3408
62.61689 58.21103 58.938305
86.48318 81.06648 90.99378
39.5463 36.510548 42.084103
30.791367 28.074753 32.38448
46.873245 41.27563 46.1909
61.22152 56.596703 55.795246
56.96402 53.06882 50.67944
44.02024 39.42211 41.51762
67.598816 59.886703 63.598473
63.54185 55.85711 58.77506
8.873646 9.91527 26.114552
27.787434 24.760464 33.31503
23.474113 19.934885 19.850554
26.617516 29.556963 37.440018
14.66661 14.062835 16.065458
9.100696 6.9931006 8.493101
9.041339 5.8042536 6.8337326
7.428726 4.8028283 6.0754933
10.579085 7.060212 8.030391
11.417892 7.0678525 8.427073
12.854715 7.7200937 8.419147
5.7864637 5.4872847 5.4653325
13.776371 12.180922 14.844395
15.088836 13.911849 17.68594
19.485403 15.668662 17.114893
92.54368 89.85796 88.991905
105.99008 95.113464 93.22671
109.83778 92.98312 89.18178
109.8457 91.784294 87.56837
128.22824 117.776375 114.89491
90.33111 85.49207 86.178696
96.2924 82.847984 77.030846
84.884995 70.131714 64.782074
101.53603 83.36669 74.78926
141.58228 131.5564 126.338234
134.0004 125.47822 132.5983
134.07703 123.8534 136.12447
125.92239 117.723 126.87228
133.15805 125.751625 136.361
150.1414 145.91122 159.86926
150.19997 145.959 159.91402
158.03136 159.85785 174.01773
157.98073 150.70738 161.08884
113.633995 99.94572 108.383736
141.56905 118.99105 135.28464
117.520355 105.66364 117.847244
112.95792 109.42405 122.01346
113.0195 109.473145 122.1247
103.99641 102.90809 105.1068
93.959 86.24273 81.271355
97.94406 88.8558 88.42485
90.06939 83.236115 84.76691
91.80893 81.96043 82.62231
92.009125 82.1718 82.84525
106.28818 96.08319 99.01904
57.065514 46.680637 45.912533
104.70698 83.14808 86.02914
88.21975 77.40563 79.4671
102.166435 90.384995 93.4228
69.407005 58.710285 57.671856
121.41863 106.50205 98.62453
96.63513 80.77301 75.227165
95.27073 78.35654 74.146194
100.612045 81.76434 77.26018
100.69375 82.08308 77.755905
100.485344 84.93449 78.41116
95.20629 81.50057 76.74353
149.29832 143.2519 144.59409
70.21223 61.29222 68.8684
75.07817 70.80876 79.851295
70.98734 62.363667 70.67197
97.9903 95.11592 102.91356
140.97902 121.71525 124.802376
152.33578 132.57275 132.75362
135.01329 113.97331 116.85209
140.34097 117.46528 114.35859
136.59357 116.942184 114.58336
128.48985 109.629715 103.034386
116.22129 110.18332 124.77238
114.03849 109.24923 119.38106
81.42211 75.914474 84.73019
104.86333 99.907455 114.837265
99.71177 94.830826 103.52042
95.438194 89.3924 101.933174
117.59049 97.432205 98.71861
122.254135 111.64066 110.84713
111.17984 106.70002 105.853065
137.68753 117.58376 111.025314
112.693634 86.48643 83.62721
156.51334 130.33812 123.51904
141.75653 120.37707 114.95484
202.49806 186.62265 164.32985
202.51112 186.56944 164.31035
149.62823 152.25003 124.36407
118.62812 128.9699 94.96043
147.92952 132.4 121.32512
153.90729 141.98586 124.4098
149.4017 137.77551 120.8477
151.86053 139.78133 123.06734
53.743473 47.800606 44.4951
41.512486 37.980385 40.508495
41.691696 38.169006 40.71781
77.549835 73.58473 74.85489
80.964645 77.820274 81.98569
71.36617 57.839092 56.182346
71.10497 57.617344 56.013058
72.846275 60.24986 60.627323
63.277397 50.684513 49.434143
69.327065 55.685253 55.43768
68.08291 56.044304 56.87952
59.699394 56.301117 70.06751
69.240105 56.807446 54.35192
67.411964 54.43654 52.640667
63.13234 52.13023 53.958775
59.90244 49.793877 52.477478
70.05742 57.4354 56.05987
74.05428 56.78002 53.350384
74.450966 57.18383 53.79336
72.6442 61.24062 60.120255
80.102234 67.924675 67.57424
77.62122 67.164154 69.66165
92.64158 71.585815 72.796326
80.27295 75.26354 70.06016
116.47286 101.71901 111.662445
114.81891 99.56888 112.26274
121.36994 114.410255 128.68857
106.84936 90.86897 99.17117
55.122875 41.94258 47.37587
75.2023 56.819477 60.87068
72.94184 63.70903 67.438644
46.697002 37.86424 38.427128
111.27329 51.85791 48.03193
217.3635 187.79684 192.40933
190.70059 175.50462 182.90529
206.00114 210.69843 210.20316
206.62328 207.30385 214.14488
183.45341 180.13753 181.40916
183.37701 180.05536 181.32364
184.92125 176.05388 177.009
186.60617 168.86835 176.10765
194.46477 192.36424 196.79997
193.30095 189.9562 194.08177
171.00833 150.0755 161.23384
182.33733 176.59602 179.60246
155.37416 128.86795 138.91527
176.4525 160.29889 172.38448
177.61665 160.42308 172.26895
174.50325 179.75134 186.90785
185.3261 192.30049 198.0219
168.46527 170.39606 177.25185
203.18274 185.89127 191.82312
191.98096 192.85374 193.2343
217.54425 218.61986 224.04938
209.57098 211.59215 219.7871
196.41287 202.88254 212.25995
59.84542 48.95068 44.38334
118.94914 105.312065 99.848274
93.30967 89.60765 86.78213
77.62459 72.591 64.61444
65.6328 57.52201 58.910023
104.37707 100.15965 98.789314
104.68035 100.4403 99.107994
98.847015 98.73275 97.97822
41.38408 31.212454 30.184172
103.58245 85.87045 81.906715
78.61832 63.33031 60.5865
96.65361 77.501656 76.78966
94.27346 73.98723 73.81583
101.86509 84.97554 90.7096
88.89908 78.758125 81.751114
85.843254 60.683716 56.224255
116.22277 95.40033 105.56238
114.618484 95.60862 96.82575
116.58068 87.99065 83.749916
93.37484 69.696945 69.28897
89.37193 70.68759 70.25168
101.17254 84.28179 77.58513
95.070244 77.150246 76.232124
112.11193 94.35284 90.705154
90.20065 68.95051 66.59921
89.963905 68.90438 66.489334
120.76041 102.424446 98.55714
97.122246 82.535866 83.48677
82.293816 64.351234 66.7283
93.4155 75.1868 70.08559
94.284355 71.8501 67.80813
82.10246 67.34109 62.95701
80.36954 65.19147 63.829967
80.30739 65.15036 63.795586
73.817764 56.62607 58.872505
68.38545 53.48546 64.5219
69.52201 58.145397 66.29781
71.20476 59.831738 68.13183
71.216156 60.07002 68.27369
87.30414 70.682976 70.47594
74.60942 57.412075 62.888584
99.754074 74.13582 77.94002
86.35916 63.354942 61.937107
73.04168 47.018703 47.797184
92.28475 67.31788 66.84286
92.87895 68.25778 68.5333
97.20857 80.08114 79.465904
78.67129 52.13411 56.5524
79.34063 58.448967 59.9801
74.29644 49.737312 55.057476
73.59893 51.91601 57.27871
73.79747 52.122135 57.533756
97.48843 55.005703 59.857338
79.63816 56.059013 59.056732
73.16205 51.057987 56.289658
68.03495 46.837494 53.34411
78.6738 53.201336 62.345764
95.2896 39.905518 49.654293
87.358536 43.002167 50.418007
100.30443 51.402782 53.975994
102.28903 54.247807 56.60269
97.8067 49.888584 53.107197
97.50308 41.887672 45.64135
97.25179 42.401756 47.346333
83.02908 37.023777 47.89514
82.403465 61.138042 61.613583
75.71884 37.08855 47.1783
69.17049 52.27375 50.495552
101.57697 78.505875 69.218666
101.84565 78.61216 69.29314
100.37644 90.19506 106.86361
78.38511 66.37085 69.206924
85.18577 75.6966 93.26428
110.074356 82.15087 76.56198
95.63656 84.02771 98.7717
104.027596 89.71758 105.486145
104.98552 91.097786 107.47503
95.56403 81.437965 86.59123
90.24529 78.8692 82.82387
88.6645 76.32803 88.45923
79.9285 61.242104 58.66131
72.97554 59.15247 69.30517
91.59591 76.50285 76.679665
85.342514 63.340973 64.443665
93.435 69.088554 75.03421
114.21844 77.06899 80.06825
123.766846 102.484886 102.52303
90.52692 61.570816 69.7104
133.24622 104.91459 100.559525
122.81914 103.50125 104.93562
105.849014 92.997665 100.06016
92.8294 70.72186 72.74621
112.53638 94.13879 98.82262
112.40888 93.980156 98.63981
133.54373 117.88859 121.730125
114.16535 96.71 99.49458
68.810356 51.672653 59.881172
117.14107 106.358765 110.02264
131.13177 102.72528 89.7112
77.50291 68.37963 66.866974
113.49532 89.416466 87.421486
97.95148 81.52121 82.11535
123.84212 99.71108 99.06922
76.945206 57.07743 62.25664
83.48238 68.1109 77.61404
75.44806 61.187706 73.013115
93.47434 84.33595 89.57652
7.8852205 8.140438 10.493443
17.925875 16.314745 20.105143
41.0069 31.241817 37.753506
93.413216 87.15441 90.29718
98.457466 69.54362 64.96379
115.593285 102.21422 105.46128
37.281673 33.67408 36.430096
61.455753 36.48723 40.338066
21.72665 23.741533 27.745466
30.341145 29.703386 34.839947
46.499714 31.665869 43.474457
39.47143 33.72112 38.56734
40.79918 34.87051 38.804424
40.06181 33.73925 38.293648
36.566257 28.71747 30.581594
32.766335 26.16467 27.612556
33.644657 27.151785 28.756187
32.90381 26.99082 28.08416
37.06312 30.643003 33.294674
52.672253 44.879803 47.00382
47.963165 40.627266 44.48586
46.300148 34.113583 39.73184
62.007698 47.501026 47.467785
59.178185 45.27358 39.21428
24.109705 22.13736 25.820162
24.199282 22.228647 25.952618
20.514996 15.814917 18.819878
19.405577 14.265822 14.394572
20.167522 15.547839 16.255331
35.2575 30.297127 31.578173
35.3034 30.334303 31.605827
28.756016 22.720036 23.781218
24.200878 15.555251 18.010435
31.247292 26.776884 27.914928
15.030277 12.382256 14.342342
29.027199 27.320276 27.951534
22.276827 23.199852 23.502966
19.83567 20.206694 20.642149
59.01534 60.535522 73.223114
17.177273 15.152697 20.548067
2.9798722 2.916182 3.1148934
65.822044 71.38454 114.11655
37.638443 32.87678 42.239594
28.721233 31.050976 53.988083
29.70544 33.516594 33.70031
33.661877 34.295357 41.146313
32.162674 32.115635 38.001766
32.023434 27.666895 29.368057
30.550919 29.09853 32.304596
29.82113 30.552856 30.241304
54.317425 52.697685 54.91892
118.42867 98.91077 94.32415
98.0284 82.9163 81.66809
88.794846 83.839264 86.90495
71.49419 62.164783 62.636047
71.450165 62.117287 62.609875
90.39936 79.45638 78.96983
81.49276 69.43483 68.27204
104.61216 88.64831 87.61638
71.79325 64.22768 65.7709
100.85597 94.35369 96.65116
127.88659 105.12635 103.73155
91.28869 66.74604 68.84907
88.35107 66.45079 66.32986
132.1548 126.5264 128.25984
104.56147 81.71622 83.60189
105.747345 82.0394 81.58119
110.60862 87.41481 86.29895
135.85939 131.76086 126.23309
127.82307 120.33784 114.99105
101.34194 90.712906 86.373985
131.18765 116.634796 114.13593
146.33368 127.041855 127.989395
143.36606 124.911736 130.12892
145.51021 135.03644 131.29547
138.07527 120.41869 117.559586
134.68332 117.06101 114.967384
140.30414 122.31361 119.04898
140.98427 131.6219 129.35472
128.69118 128.78584 124.101776
129.18611 126.5544 119.48455
100.69427 95.30568 90.24222
86.68434 79.900955 74.53347
92.41328 88.86549 83.35762
117.72101 113.76748 108.52167
118.595276 102.89714 100.958206
101.41287 91.13166 88.00895
128.85735 111.74877 109.25898
119.88437 116.47976 111.632286
88.58587 81.73999 75.80476
65.72397 58.05508 54.19592
83.13314 75.941895 73.18925
86.29747 80.187706 75.516365
167.94173 166.42947 158.79536
89.76109 77.028625 79.10161
121.18212 110.49327 108.81668
143.96841 145.2214 143.63205
119.95752 118.6641 117.150246
119.19181 118.04225 116.6596
146.18372 141.62003 140.33664
165.41858 163.76474 155.4955
164.28047 162.09032 152.99829
148.1527 139.05502 127.23406
163.71599 159.36852 153.63782
147.30089 144.88095 134.91367
180.49817 172.67123 161.48438
109.36817 100.19871 95.46425
158.50713 156.55486 153.69255
157.1105 148.06877 148.5528
117.36909 116.93984 114.26576
81.17556 79.00872 79.0118
98.004845 94.00798 89.718956
155.28703 150.18799 147.05919
157.6202 146.78424 136.97354
157.83151 136.7583 125.713135
157.7681 136.69832 125.65885
146.15053 102.87861 101.25379
153.66473 135.09317 125.14642
153.50883 151.28276 149.74957
153.84628 138.50365 131.9212
99.91761 91.91328 86.632744
99.31275 71.87262 68.0467
99.60292 71.031136 66.56722
86.346565 66.49857 49.46727
99.39018 73.99281 67.871765
104.94304 75.32769 71.01865
104.77569 75.273865 71.07595
127.36937 101.55668 95.444466
222.34474 221.3201 224.07527
139.48752 120.03227 113.643005
125.399536 102.21753 99.54002
98.159195 82.407005 79.09534
107.62584 92.478676 88.34189
113.512375 83.307846 80.99641
134.20459 68.69204 70.06027
159.90085 140.21638 146.25522
107.03375 101.18081 88.763084
120.55537 126.8826 140.59265
104.90307 95.39326 92.390526
105.230644 95.63416 92.58895
105.613754 88.61478 80.05839
90.41949 68.30973 65.71462
108.74712 89.17853 85.55508
112.3286 92.56477 88.32957
91.909 74.41328 69.33373
115.407745 100.71804 93.95929
115.08068 100.41367 93.71011
111.166435 94.50365 85.9139
130.62846 100.568306 89.74473
109.20287 69.77129 64.7043
94.02748 83.99869 62.525715
58.963337 50.161648 42.833332
58.947086 50.29661 42.979073
126.24535 92.59516 52.31771
113.48643 91.87216 70.346275
127.24854 107.40911 89.68503
130.6515 124.208916 114.89862
89.37604 72.86612 61.073383
83.00382 67.64802 56.49886
77.76229 61.22226 52.434372
106.356255 82.60366 79.2039
108.90478 85.091286 83.195465
92.30916 73.705666 72.13291
101.802086 90.278824 87.485
91.353065 69.41926 65.3444
109.50069 86.499374 83.79941
66.83368 56.424107 50.66507
102.1076 89.235146 92.94099
103.31771 92.093285 90.0463
99.36817 73.31241 68.729675
105.12698 83.79878 77.16701
105.35146 88.23634 83.24432
111.65486 90.07874 86.18736
99.89668 107.23976 53.395313
122.28595 112.873474 108.01175
130.14786 117.197624 112.265366
127.11563 115.84696 117.72945
127.23218 115.94611 117.7989
116.64061 103.41065 96.472916
115.77369 99.92713 97.067856
115.333046 91.327286 80.80887
115.40706 91.3237 80.97308
123.61221 106.05041 90.525314
111.336754 84.20852 39.45376
112.446976 84.91709 39.434998
116.83094 96.5345 38.748318
100.904495 101.00998 52.516193
95.34342 92.981926 38.537746
86.12607 22.242958 31.634623
95.93101 26.010435 39.393147
92.63805 71.36372 24.980614
78.82398 78.01722 34.82883
129.1807 103.12019 38.69415
129.14369 103.08861 38.79878
100.6523 42.68976 35.131313
99.81298 42.865604 35.447544
0.0 0.0 0.0
