0.0 0.0 0.0
0.0 0.0 0.0
0.0 0.0 0.0
0.0 0.0 0.0
0.0 0.0 0.0
0.0 0.0 0.0
0.0 0.0 0.0
0.0 0.0 0.0
0.0 0.0 0.0
0.0 0.0 0.0
0.0 0.0 0.0
0.0 0.0 0.0
0.064296894 0.056472167 0.08343393
0.12904091 0.11303376 0.1662866
0.26040688 0.22785603 0.3339593
0.3269394 0.2861167 0.41842163
0.39338252 0.3441091 0.50306284
0.45946792 0.40228036 0.58716744
0.5909233 0.5183546 0.7551979
122.05294 112.06094 98.06823
84.94559 75.784485 64.5962
16.010551 10.2224455 6.1677175
98.63443 84.839035 78.98037
110.26099 92.52511 90.021324
97.840195 77.79938 71.18082
85.363335 72.475204 69.19499
94.02312 83.6203 82.69672
55.03984 56.633625 46.579433
56.667515 47.37952 44.267696
129.38792 115.27306 112.62785
38.70798 32.658527 29.969149
87.91581 74.46515 69.58963
83.49063 75.68232 69.46962
107.921844 98.80398 91.007645
107.93105 86.591194 74.230896
94.87972 76.77653 65.156494
80.34795 77.180145 72.92211
65.54965 60.983143 69.24046
94.56508 82.77827 79.855804
79.35153 72.26081 71.87217
89.23255 83.553635 80.74062
58.75408 50.026066 45.98055
50.692734 42.583813 36.53159
83.36383 84.26327 86.80666
60.03635 51.620926 55.043415
98.93843 74.25214 65.38006
35.632416 32.2499 29.72135
77.1924 67.60465 61.576927
143.19402 130.86935 132.91656
49.482315 43.993694 43.278828
74.02343 70.597046 67.56195
38.448917 28.415337 20.117191
14.921306 14.803443 15.570758
80.666664 62.21328 59.691437
84.89068 57.121395 55.807423
50.300156 37.59258 38.669437
79.09747 63.883972 59.019985
78.22133 64.86197 61.198032
83.467964 74.03706 69.26086
62.041805 56.123272 55.67856
84.28379 75.04972 70.628975
72.878334 56.97505 45.426785
77.14169 70.99146 69.76521
98.670334 93.976166 97.42723
106.12184 102.57429 106.35976
77.130875 68.75305 66.12229
86.65728 82.45737 85.12792
77.80635 69.63617 70.31411
86.28527 79.860275 75.04136
85.05285 76.92385 70.54218
68.412254 65.11965 64.92542
59.196156 49.419094 46.75417
57.619854 47.926983 45.184753
41.525375 29.268768 12.41091
36.70494 25.91974 16.629375
26.695238 19.646368 15.935793
52.556896 32.523586 29.211134
29.616499 22.701632 17.882181
57.837154 50.30816 42.801075
41.91974 34.082184 30.85893
52.38077 47.99356 45.424904
67.01588 58.733646 47.057144
46.489964 39.770668 36.3852
62.110485 45.558598 35.633133
47.823654 34.84306 26.251286
44.756496 31.828705 24.328281
48.70673 35.474937 27.002459
37.625397 29.219181 26.120546
51.808586 39.634964 30.953945
39.94581 26.958551 19.072569
27.861168 19.822535 17.284105
77.23586 54.93025 42.2571
57.36347 50.452625 45.54335
30.095373 22.607288 17.478872
40.972324 33.71393 29.747866
32.64628 26.046545 24.286877
35.095013 27.242208 25.281378
35.20702 25.236486 20.771027
80.40649 78.054955 71.21203
120.73369 108.819855 101.27552
109.418106 93.456604 89.77536
103.1987 91.4998 84.4317
23.113302 13.567225 12.373083
26.39526 15.957165 13.110083
28.321306 17.21632 13.755377
46.47668 43.07963 47.54375
26.345942 23.72524 25.794947
41.350815 39.774067 48.826515
35.754395 29.961815 31.775139
111.35117 103.61797 96.17684
100.48813 96.87069 99.705345
105.636086 92.90203 94.30351
95.200356 87.834206 81.94241
116.07945 108.99602 102.98131
115.78431 106.16959 101.11437
79.3873 67.34492 59.29287
137.80858 128.70937 117.20353
99.52519 88.941154 83.464386
99.168434 81.87543 71.742004
77.42947 61.55685 55.02826
83.40166 66.98193 58.276638
84.867516 68.1429 60.89439
103.67512 87.04033 81.751396
72.604294 62.618332 60.51907
89.0025 75.33092 70.41896
96.985245 80.374916 74.19115
89.701675 79.86291 75.75645
92.43922 73.59589 66.16512
83.53771 71.43018 64.852585
118.80362 105.76423 100.00402
105.70883 94.15216 86.3442
85.2042 71.91889 67.59687
101.10329 92.58382 85.95605
97.70074 84.311424 78.4338
82.56204 79.02531 81.21605
113.286835 99.09322 88.74742
96.806885 87.42951 81.38408
79.779076 78.180374 76.29944
93.641716 96.17492 94.409035
79.34067 65.371605 55.03094
89.71272 92.891884 90.964584
60.952606 55.76897 61.191685
97.21337 85.22951 74.900604
72.91697 57.743977 44.178627
91.33079 81.16445 71.658035
116.34062 83.26148 82.97715
65.995346 51.249542 46.475563
69.05352 54.684998 51.890633
71.462555 56.39808 43.222713
71.62835 57.15618 51.213146
80.15077 76.56544 76.71187
75.15712 70.0812 75.83206
62.109547 54.754887 55.04869
67.47914 56.519608 53.96186
51.851555 41.18824 38.661926
50.554886 40.423878 37.715492
66.5366 55.911243 53.960518
113.86698 117.51813 123.90356
82.66358 66.20831 56.84972
119.49886 118.28232 122.575005
129.69176 123.18243 123.181
77.64525 77.49698 80.996735
124.65616 119.353004 117.402596
105.182335 101.401566 98.67718
77.229774 73.75385 70.14535
93.346565 86.62213 86.434875
94.435234 87.15726 91.121216
117.38614 114.28084 114.07637
99.94787 90.280525 88.21958
111.582115 99.97671 101.2072
104.03461 93.29931 92.21887
102.06318 86.30669 82.45446
110.59839 101.232864 99.90387
19.172546 17.468454 21.32922
34.37004 27.789135 26.802057
53.70919 48.1594 44.92542
44.610954 39.41203 35.792263
32.28254 27.905388 24.440466
28.80845 25.390253 23.95265
35.812473 29.87136 27.25835
28.812654 24.887146 23.746077
19.50503 14.284284 16.422491
45.972992 41.63322 36.932304
19.97675 15.195619 17.222311
32.0668 25.106773 22.67257
29.778671 25.381266 22.499933
33.081333 26.982607 26.863895
40.443504 33.909546 29.481646
33.2795 26.67096 24.13946
32.795483 26.367092 23.951174
38.805813 33.74724 28.491705
37.751083 27.086117 22.575497
36.441 25.506237 21.62571
29.2334 24.122602 21.709055
42.43854 32.210373 27.901363
36.610416 28.784931 26.900291
46.34818 38.122425 36.067516
26.23993 22.436754 21.098368
32.23291 25.56602 23.488531
77.456245 73.087906 73.32466
83.841805 73.476685 65.394905
58.05455 48.156807 47.259693
61.214844 50.490498 47.842834
76.120056 66.60242 63.993023
54.091213 46.24364 44.479546
78.4089 70.3556 68.30463
59.474937 46.968254 42.348537
57.30235 49.94791 48.252716
91.70427 74.89595 71.19987
60.743484 49.30597 46.95265
57.322468 47.070644 45.536327
50.64288 41.828705 39.87552
81.03926 73.51737 66.412605
59.354305 49.371384 46.772636
68.230225 60.290768 57.440018
70.253075 61.755287 57.50369
98.04333 91.85732 94.33682
95.35649 87.53347 90.519424
144.25835 140.25468 145.51706
74.804115 64.480125 69.37912
64.255936 60.432865 60.710396
84.37362 72.78891 77.47838
105.0744 97.604385 102.15793
88.9163 74.822174 76.85759
47.824055 41.03635 47.70579
69.050835 58.634384 57.959805
104.24981 97.31679 99.56606
73.83823 60.66291 61.657276
118.04945 107.69032 113.64936
97.35927 102.63201 115.60076
92.74616 92.72493 93.71992
93.92014 90.86009 92.066444
75.9201 67.76584 68.75171
58.55265 48.746346 54.351173
83.40532 75.643906 81.54742
83.915405 80.86009 88.09059
156.8482 159.428 167.81631
92.28249 93.515045 92.20295
122.81556 117.97832 121.057144
174.31577 171.23251 173.05482
164.63367 159.29219 163.87973
139.60707 143.41565 148.49274
86.79777 95.40076 97.610954
108.34183 112.5175 120.282135
135.70409 136.14809 143.8744
101.54049 101.495285 110.75068
121.87087 122.273865 125.704
116.541115 110.99906 114.95913
126.86559 126.60403 129.39415
111.164635 108.30803 112.01994
66.58524 59.90275 55.354126
68.6465 62.379166 56.4262
70.56436 65.23318 63.266758
87.30575 64.130424 48.384396
59.698635 50.46716 48.287056
57.326267 53.16262 52.029423
62.71755 58.236664 61.60331
122.987885 110.12877 102.30655
90.975365 80.33212 76.524216
84.383415 69.58543 64.38708
85.17908 70.5484 68.12533
69.13226 57.91053 55.617126
91.83563 78.14715 75.95828
72.562485 62.77201 63.619137
64.27235 56.51388 57.695553
72.3332 65.59924 66.2905
89.53257 83.43894 84.363335
87.36222 82.09841 83.18136
79.618866 66.05017 61.576435
66.49152 58.374065 57.013863
65.97885 47.49412 39.767582
76.60492 70.4224 69.16186
69.73615 62.659332 55.73964
102.95622 95.42151 93.57228
73.498055 69.24673 69.23604
83.455536 75.71804 66.76834
66.504005 60.942276 60.44248
95.24896 87.38162 81.48357
80.41534 73.074265 67.062416
92.78833 78.20523 79.41695
100.510216 90.229645 82.47114
91.88013 86.31058 82.14031
82.29184 85.80693 92.212296
74.88017 78.500916 84.214485
72.74916 72.495865 79.031075
100.56705 98.6233 103.63434
101.38117 97.576485 103.52752
74.75099 72.886925 70.17094
100.7188 101.05066 104.49591
96.686295 92.92216 91.2495
107.94465 109.09372 111.05746
97.63215 91.68773 91.07015
68.39584 55.435814 47.393204
35.614086 29.492779 29.066309
35.673195 22.72229 19.814175
98.51965 85.46832 79.64606
75.8989 61.24185 64.56763
71.87078 62.61261 63.361546
65.576035 37.708652 27.557926
71.06895 47.76034 33.578224
48.959087 30.250212 22.240688
49.354885 31.920858 22.127342
41.047573 25.285892 17.092287
36.319427 23.016901 18.393204
49.36754 29.87762 22.949833
66.677444 43.062508 32.10324
61.898903 38.56034 27.776659
58.91603 38.154976 31.880796
124.327835 113.659645 100.19419
73.49658 54.904316 47.551575
56.785915 41.821552 36.49175
41.71232 31.991997 27.386362
101.298904 72.43841 73.79678
50.436398 36.41775 35.27391
100.021774 76.799065 69.731544
66.230316 55.86139 58.74505
93.31607 92.01046 90.26492
103.11987 101.39352 99.114685
96.967896 94.47297 90.698685
124.42298 122.31111 120.55309
100.30959 95.31402 94.84207
130.02124 128.57242 127.370804
137.41847 134.86058 132.12376
107.90467 105.95287 105.55631
120.77148 112.77505 109.36924
122.84315 123.58252 122.559044
69.83877 54.83613 46.108025
105.110886 71.45097 50.886475
122.27507 123.37407 119.61453
109.6525 109.66899 113.76173
108.32305 106.18136 112.4524
36.717056 24.569014 23.161995
131.15627 129.8093 119.019226
122.5184 114.534225 103.95694
87.649 78.619225 75.968925
106.518265 105.08871 101.9877
80.21735 74.20412 68.76249
85.62079 76.11876 72.91719
80.63246 72.5992 66.95059
84.29175 78.01641 74.53982
71.69448 63.454594 59.375675
81.337265 67.9827 64.378494
76.24909 68.696175 63.261166
77.29904 69.0342 65.0621
93.166954 86.860985 79.42003
69.462326 60.823204 56.848423
92.00711 80.45227 77.65316
82.26975 73.495056 70.068146
71.412476 58.794724 54.279366
86.15734 65.35663 61.885624
83.28178 62.765305 59.255043
81.4418 67.79088 68.25406
50.233356 38.977955 39.240288
51.4922 40.32153 39.97921
90.64431 72.403305 68.59106
52.364365 44.64145 42.045204
89.46832 68.6017 69.119514
98.64543 71.6351 70.62155
61.684864 45.24829 42.911514
43.942543 37.589718 35.103466
74.79973 66.12448 63.160744
104.25137 96.56052 94.05066
82.98829 74.23653 72.78694
89.69144 75.68795 77.97438
61.842342 56.96973 56.43322
59.302525 54.45464 51.654015
57.860676 52.864388 49.731678
58.648335 53.945675 50.789494
60.814888 53.595173 53.162888
59.737404 54.812473 52.828213
59.080795 54.196423 52.537
44.344868 47.4985 49.219852
38.98408 39.187347 37.12922
19.934898 19.82477 21.030584
38.743664 35.565483 36.38815
106.58341 103.572365 111.10919
94.12953 90.22974 94.67302
124.19674 111.75748 111.687996
96.23832 88.32618 84.27785
84.1526 69.66582 65.27194
69.77881 60.326046 57.257946
83.11057 75.951485 73.72475
77.58685 68.13325 69.260544
90.7548 84.43899 83.526405
74.140755 65.39969 66.539055
58.189762 50.59535 51.366867
78.735214 72.4427 76.706375
75.10011 65.638855 66.31661
86.16669 78.87239 78.867294
91.391594 79.66148 80.36835
72.069756 61.0004 60.351173
86.851105 82.16209 85.4604
85.05571 78.31688 78.37831
81.07168 73.37742 77.01552
75.65817 60.79191 58.049454
67.48017 61.22504 59.944557
118.19973 109.329216 113.664474
91.79808 85.39656 85.19776
88.62263 74.046906 73.49537
77.61561 59.158283 56.96459
19.717863 20.248602 22.492243
25.386095 23.674356 24.882004
29.415962 25.035725 26.21033
26.602907 23.670378 25.39204
21.133556 18.114956 19.813324
20.457144 17.892914 19.602505
12.795931 11.771384 14.553454
22.064922 18.880974 19.45522
27.806484 21.853252 21.683434
23.966867 18.13642 18.412073
22.392176 19.877443 21.671406
29.494612 23.358238 19.85218
23.936329 19.837603 17.100336
27.75569 21.918533 20.165974
23.202503 18.360832 16.713213
31.113794 22.596512 19.169327
27.018824 18.028393 14.865415
29.936419 21.218824 17.997496
29.53794 20.802147 17.951532
28.89014 20.218601 17.400269
29.901587 21.240957 18.14326
30.697786 21.37134 18.205723
28.202862 18.591862 15.342678
32.104225 22.71898 18.932573
31.559132 22.00626 18.174915
27.661882 19.582964 15.31755
27.620613 19.173798 15.10901
30.695507 20.885178 16.132439
18.692421 14.581981 13.925643
17.12211 13.028571 13.085133
18.45616 13.910396 11.961189
30.390656 22.71281 15.482271
33.81556 22.539862 16.55153
21.313347 16.884462 14.33861
81.31791 76.7903 77.03908
87.02804 77.65817 72.16723
43.280884 37.202282 37.360786
35.504 30.64252 30.86081
54.94509 46.143036 38.403934
81.763916 68.519424 61.041718
117.052 110.10619 102.214264
76.02168 68.80157 60.39392
98.83881 86.47092 81.33897
99.42348 94.78153 93.52797
103.50365 93.80818 95.354126
97.710396 86.28831 86.75319
93.9658 80.95417 83.26492
92.98542 83.02093 83.33432
95.9632 77.95292 73.852585
87.2228 78.55153 78.9666
105.38605 94.01127 96.590256
92.569145 80.00613 82.75533
74.51831 67.82598 69.382965
94.27315 84.86095 78.54482
86.71111 75.73311 70.55234
64.390434 57.921528 55.787346
96.12672 84.42696 80.21914
97.06434 88.15596 83.93307
106.18238 97.36128 96.20362
106.951935 95.48138 91.96991
44.102528 31.315851 27.208763
65.08379 58.199375 57.34013
97.90579 93.27946 87.969505
93.0782 89.46676 89.060005
66.3133 57.7239 56.484417
86.88232 80.9294 84.1865
85.84015 77.68947 78.3941
90.24395 78.00277 75.22808
88.7269 71.80648 66.8985
81.763115 77.17483 78.4491
113.48491 106.83622 109.70512
104.35645 94.34272 94.399734
104.01569 98.55962 97.0613
94.82584 83.956985 80.69095
101.5733 92.33593 93.1036
107.21198 100.62915 98.01382
108.6228 101.13606 98.78314
24.753767 22.851778 19.268902
87.28245 77.28576 71.24735
53.776928 43.242657 40.677532
52.535973 42.038586 38.776882
92.35113 71.13472 58.88777
52.675205 49.16092 50.289692
90.52864 72.352516 65.383095
62.09372 48.460094 38.63586
64.88943 66.38368 72.81945
65.70901 49.476013 45.4778
75.63765 57.089024 50.74505
70.432106 54.860184 52.71205
21.798658 16.644356 18.624638
31.929264 25.067337 20.124302
41.2664 30.838453 24.115984
41.256115 27.418823 19.02513
36.232193 26.19119 19.894567
60.752113 39.78587 30.20845
37.61355 24.4926 20.624279
41.775097 27.523989 22.511871
30.906998 22.707087 20.27695
19.664968 14.920546 13.885938
25.503773 13.191464 12.504538
54.52193 34.4262 21.72542
64.25634 38.11393 23.424816
62.327343 38.236618 23.302526
46.46251 32.56168 26.824413
35.333645 24.107891 18.516342
38.201073 26.314867 20.221416
85.74983 89.13034 74.07217
70.757835 65.66372 52.799286
54.10646 48.315807 38.409435
61.886387 56.208004 46.41082
54.705612 49.92327 42.191772
82.54138 72.16557 66.570755
60.52457 55.527565 45.79562
60.716297 53.433044 51.25786
105.2972 89.42634 84.44221
80.46523 72.8964 71.44865
78.03407 72.65813 71.29484
105.883835 94.358864 94.61793
105.07262 94.9472 95.61977
108.82258 98.0968 98.13217
62.180683 53.385067 48.397274
74.90217 66.68093 58.84167
46.704674 43.31518 45.10293
62.69403 48.933376 46.18158
60.980507 49.96763 48.91697
79.16262 57.7924 53.521305
68.08214 45.917862 38.574604
62.505344 49.994858 51.32296
54.96025 48.21024 49.870377
79.203445 63.170937 60.64802
82.326225 67.4068 65.68987
89.0279 72.199104 67.08482
67.67793 52.35958 51.03166
75.94509 67.16978 67.22338
73.05491 64.19996 64.56991
79.19982 61.27731 55.444668
82.85451 67.976524 62.441227
90.676414 74.184395 70.601746
88.847084 73.43497 65.91549
74.408806 63.03939 60.39593
83.91089 64.76329 59.370533
75.373215 66.12806 64.37317
80.42343 61.845562 58.9869
80.20268 65.99245 65.87628
69.73803 59.54357 59.191998
88.66582 75.91478 71.72962
50.77818 45.35815 41.92694
76.783455 63.262463 68.931816
75.65473 65.0964 66.93315
67.44444 59.411446 58.447308
86.692245 78.78019 76.61735
80.74308 72.08576 69.50418
92.25933 87.79003 83.234924
139.57898 125.93762 118.980415
125.953094 110.5366 107.69417
45.990566 42.115715 44.301006
103.23747 76.84427 33.56946
37.513077 31.125866 28.640465
49.838764 37.77237 34.630135
46.73861 35.6837 27.887234
60.031834 46.304985 40.58225
52.29041 39.238632 36.45285
54.006035 45.87762 38.706997
52.697517 40.28017 35.07677
33.98654 26.349787 24.6055
38.228348 27.653297 24.855085
42.468185 33.429554 30.94791
53.903553 41.064297 35.691795
34.14344 24.093628 21.995663
46.494568 34.34165 29.574781
40.46774 29.758596 26.2761
32.25263 24.3129 22.497608
48.740086 36.426693 32.276905
45.361996 33.894836 30.981356
42.27552 34.14326 31.045652
52.37979 40.351486 35.540936
42.6499 33.440285 30.065638
58.316074 44.265594 37.495953
62.34979 46.523094 41.028168
44.045563 33.482407 29.4909
46.788197 36.531635 33.64051
46.54916 34.801388 29.741516
41.87905 32.434025 28.348043
35.127655 26.23112 22.574425
68.638405 45.91585 34.921932
61.0021 40.609436 30.137358
49.208675 36.715405 31.375185
50.11974 37.721977 32.670734
53.775677 39.061256 34.97961
42.145718 30.511648 27.390207
28.606215 35.369507 45.391953
25.666845 30.084597 37.58024
42.577824 38.20523 38.967182
32.367672 24.225039 21.529488
66.511604 59.618824 60.471676
52.82589 49.510174 50.93128
60.88048 53.616142 54.651463
54.153408 48.565838 48.59383
53.18641 46.23367 46.283344
30.458618 25.913973 26.128147
80.90628 73.03506 80.74889
96.43434 89.72046 95.97357
53.296223 41.430138 41.157658
41.694256 35.723495 37.740173
86.918846 79.46059 77.78149
126.94997 118.36324 116.22227
75.989136 62.834072 58.073597
91.09166 81.32032 76.75985
101.08933 90.904625 87.14782
106.419945 95.38511 92.83832
105.78086 93.81046 88.54634
81.945045 73.022354 69.96177
106.86984 99.30686 102.27789
100.822845 93.00572 97.69711
106.79061 103.38417 112.99276
99.85817 95.879005 107.31442
79.23751 70.26385 76.649
93.75019 87.782425 90.65813
92.087456 84.80979 85.324036
96.46296 90.95748 90.63948
97.23465 90.84141 91.87467
56.72412 53.004917 58.297295
76.19879 70.64288 70.712456
114.288086 112.69944 110.454865
102.14169 98.04945 99.19115
107.021866 99.89756 100.4647
103.924164 92.67396 89.28893
128.93472 117.04042 114.18319
110.60577 100.8363 96.35614
124.77787 116.01846 113.28625
107.89591 95.499176 89.34245
135.51294 129.17268 133.9285
134.91898 125.85451 124.45124
130.46904 121.794235 124.7759
133.79088 127.554794 128.5496
125.31446 116.48638 115.97791
133.27222 126.34625 128.98279
106.872345 101.64315 100.9049
106.8224 100.79593 101.28429
96.09475 80.72967 74.49497
109.59396 101.58784 99.00608
106.7129 99.19043 97.78994
120.25209 119.39191 118.6736
133.44896 134.97707 138.8634
115.01158 109.12792 106.04753
47.179657 43.593292 47.0744
77.23483 70.97921 74.956406
75.93865 70.01574 72.530876
76.0161 68.75377 69.98864
71.94473 63.834072 61.583008
85.54071 77.61999 78.94281
84.516655 77.132034 78.362976
86.652985 79.32332 80.94496
89.41954 77.92032 70.32435
54.288845 51.23747 48.61422
39.338207 37.215874 37.754482
81.22119 69.25929 63.402996
52.603443 41.14335 34.196335
69.32582 58.393024 54.646008
84.28558 76.44753 73.97116
65.49144 55.877712 51.157253
83.44838 69.31724 61.60921
84.84074 70.746704 62.742275
28.280214 24.48625 24.955198
50.335793 40.65039 38.494076
42.491215 39.54053 43.33123
47.24364 40.85446 43.041046
42.92037 37.322735 38.058037
118.84985 116.28079 126.46743
96.39307 87.71335 85.72846
89.989494 85.26394 84.292336
78.557884 68.69331 68.28102
116.90512 117.54925 125.75082
71.80434 63.786945 62.640644
101.6664 90.88947 87.7141
124.59571 116.52019 116.13606
107.5861 98.17778 95.30838
78.03264 64.04127 63.724926
99.15985 91.98726 94.21306
80.254234 69.7991 68.34975
92.98113 83.96521 83.825485
78.41265 63.781937 61.624367
104.7159 97.41637 96.09475
93.883835 78.63027 75.561455
101.53955 99.82964 98.87167
79.870155 70.78475 66.88983
96.71312 88.160164 86.22942
120.265594 108.41359 101.11795
130.90334 113.52998 106.62656
97.66474 78.775185 77.88554
110.911064 101.9527 100.241585
105.29273 82.38824 79.08898
111.220566 101.605675 87.340355
105.91317 96.09792 95.74554
100.00134 95.231926 88.02835
91.7898 83.242966 77.12367
91.45477 84.76244 80.60009
104.00398 95.6233 95.67615
110.5713 102.95725 98.85017
103.46551 95.142456 91.3839
104.113884 96.52256 91.992
90.84945 77.252625 72.12515
84.404335 81.24834 78.32032
2.4948804 2.248558 2.497742
10.343438 10.098368 10.364543
12.287816 12.045383 12.324078
10.801163 10.560116 10.856785
