150.14058 168.51486 141.08473
150.2257 168.57982 141.12419
84.95725 76.76299 66.23113
126.407936 108.43937 83.63907
106.155174 88.108635 62.561172
99.101456 84.15398 53.271336
96.78976 80.17313 61.545223
59.200626 58.27257 46.17066
55.509655 49.001236 41.043564
97.42732 82.87209 62.937553
98.2991 84.19151 65.127014
97.712364 81.788635 63.624313
94.546265 76.83201 63.16
49.02962 35.764076 31.190508
99.925964 88.76578 70.64787
114.74052 110.724335 94.44478
113.559746 106.94095 96.31478
89.633934 83.55511 71.810616
107.32046 98.68352 83.15216
113.41824 90.44493 74.20553
72.14799 67.50015 56.438404
88.7864 76.64579 68.94786
156.37473 82.82208 76.75361
113.103264 85.832085 73.55271
137.68503 98.76678 90.60972
166.83537 98.46505 95.9803
75.850586 55.86549 39.365376
72.896736 39.266163 31.822546
86.45725 61.486675 43.171932
86.84692 60.58809 43.291225
91.16479 64.510315 46.278328
71.0285 38.76906 30.210588
67.39955 36.798717 28.811539
81.598785 57.232178 38.046265
68.38638 40.879818 29.850698
79.116516 59.29752 44.47509
43.19572 34.903183 20.168224
73.018074 60.06538 44.655827
84.02109 69.18533 49.505714
90.373795 73.34282 52.20055
95.30463 77.61701 62.218777
95.61165 82.64285 66.75902
100.72302 79.82494 57.10933
79.38546 63.24133 45.205994
145.05511 133.53159 119.380165
94.28365 90.5487 82.37356
101.74662 98.746155 90.611496
104.581215 97.68707 86.030624
131.51529 122.2457 109.53213
114.34112 99.39793 83.00672
119.66409 109.72156 95.805595
139.43018 122.686295 108.1047
133.82047 114.35108 100.28883
126.4362 108.817604 92.647064
141.60971 128.81795 113.01147
119.70738 103.02958 80.9262
79.19337 62.89067 43.14405
95.986755 79.68074 61.851665
74.40465 60.2886 48.631344
45.15212 44.04171 28.525219
47.346836 44.486446 28.690584
47.20271 45.393875 29.2657
87.995285 68.184135 49.11578
84.333244 65.17691 46.33363
82.66992 63.852783 45.37333
98.89751 84.17136 63.48741
54.158108 42.953117 31.397697
62.00143 46.05704 30.801306
81.42705 62.86325 43.751293
75.13957 59.02997 36.995674
68.707886 52.16274 35.656292
70.63999 54.264233 38.70043
69.31992 53.088707 36.54677
71.434 53.705143 35.776203
112.70642 106.75581 96.403145
112.9866 107.02433 96.60199
112.114044 106.11435 95.91909
85.83019 72.6023 54.53024
91.38387 84.090294 72.416084
88.389626 80.47752 70.45505
108.394684 91.82575 74.00614
128.29984 124.39438 117.764465
114.37773 106.97104 96.72731
57.88484 45.780453 33.301537
54.62385 43.587086 31.361397
55.076775 43.93319 31.451727
108.77462 101.70622 88.92045
58.795746 47.97814 37.066967
55.757744 44.249092 31.943037
56.433384 45.60431 32.407738
54.961998 44.37248 33.830193
59.264 49.245502 40.826794
85.08125 71.94941 55.946243
115.4971 107.72762 97.68198
108.117134 104.20275 95.51221
118.076195 97.643814 86.28254
62.870472 54.962036 45.221943
90.061134 72.45868 59.94068
41.82992 33.299297 30.751062
45.794083 36.292347 33.17255
41.099712 33.245926 31.82749
93.13134 74.49189 63.574997
48.961266 40.868233 38.049393
116.09489 97.8529 74.52452
88.48706 80.161736 65.45555
84.16807 78.9177 67.62895
113.92678 101.21128 82.00019
107.804436 94.86711 75.75353
127.01128 114.62605 96.39202
125.59998 112.46597 93.5402
126.837875 114.63544 96.62397
76.67715 67.643936 57.01429
138.02235 127.05522 100.8741
114.67726 107.593346 97.0962
120.91388 103.52989 90.31343
119.55866 103.23963 86.17444
124.13706 107.270065 88.85722
79.07527 78.94385 66.922104
149.02812 143.28856 119.06735
73.67078 73.68062 70.491585
93.94752 84.757515 61.81486
127.98818 114.72055 86.78423
77.04769 78.7735 59.965435
107.31015 90.38704 65.23488
120.36584 109.27312 78.541435
100.73855 94.65031 60.641846
91.16962 80.831856 56.427822
87.91071 82.96857 68.43597
121.72901 102.60895 73.41971
107.68865 87.07573 64.45906
83.65656 73.266815 57.043564
99.544914 70.96964 58.497684
103.20511 77.54109 53.828068
101.5071 74.556656 49.762146
111.105896 82.811 55.61694
101.43551 78.39206 48.62277
109.20835 80.53244 57.08639
104.538734 73.194756 48.26535
114.69576 93.8758 70.23098
105.83452 82.98413 60.589016
84.98162 69.00931 44.4223
87.11014 72.16799 52.91052
82.43137 71.56947 47.802193
114.95242 89.441956 63.944736
114.21677 94.995636 66.03452
115.821655 103.14038 76.95366
121.654785 107.38805 77.9116
99.627014 79.86314 56.655865
84.562485 67.53719 54.613422
132.62119 115.88468 84.93918
101.96231 77.00672 56.797905
117.02534 101.95748 71.50919
108.982895 99.927704 80.26106
119.19781 95.47953 65.93585
120.240715 94.30629 62.077354
122.81382 104.964165 76.27149
114.59554 109.44686 90.59775
81.83 68.57183 57.49718
83.476715 64.91573 53.75137
78.172935 61.730286 43.005444
75.57859 61.61327 43.496716
91.03167 73.30073 58.985054
102.432686 85.98026 45.250908
80.589554 68.02896 29.579208
71.390015 57.013092 25.365143
82.843094 65.61775 28.353054
82.391014 64.31019 26.860315
83.87897 61.61269 38.814243
89.344055 73.485016 45.21445
69.31459 53.25755 29.272264
69.345215 52.86711 34.60319
70.71175 54.563953 34.834866
68.717926 52.19599 32.507607
67.94157 51.759983 32.60103
69.14555 53.074535 33.454353
68.917435 52.27049 32.51819
68.17425 51.687458 32.05314
21.747547 32.667953 22.329304
51.85873 61.178226 55.327915
122.22577 110.57739 63.237583
70.58709 65.40843 39.13922
103.4681 91.21626 62.692787
98.39094 88.07307 60.06685
89.31691 78.323395 50.510117
45.515022 69.362366 75.62632
60.473892 83.25681 99.80818
89.448524 67.5078 40.867073
108.34471 85.819534 53.48173
136.50888 121.60022 83.87391
110.876114 74.36209 40.641422
116.99764 79.561134 45.584614
104.91905 82.213135 59.50896
76.67155 54.379353 38.482197
133.08435 98.419174 68.238205
160.75685 128.65385 79.67417
141.51039 112.687805 79.51873
116.66896 86.9859 46.99718
80.65675 66.91732 37.148026
108.05102 80.83135 51.42875
139.71936 126.44014 96.58929
128.83124 110.87329 78.91813
128.48663 111.483894 79.02248
131.06488 106.14737 70.265274
129.81386 105.62146 76.899864
123.026535 98.05901 68.56662
101.66016 77.65579 47.936626
101.06612 74.13563 52.332355
92.41604 58.566578 36.24886
61.899784 64.01738 51.379353
105.11323 106.889206 89.94323
82.37001 78.5716 56.892136
121.225075 105.621956 75.50533
146.34196 124.157646 85.608406
145.96802 123.22121 86.60597
82.362595 64.38747 49.59257
88.68502 71.340004 58.025333
109.75237 91.1751 65.5348
114.7377 96.93609 60.420097
114.35398 96.94215 58.857574
126.79099 94.598206 71.51854
147.26886 111.17035 88.34143
103.73195 69.880936 51.254074
106.43906 88.505905 62.38306
147.09608 126.43261 100.04831
96.87615 61.685448 38.923573
146.76578 130.61536 91.423416
152.16061 136.9586 105.50989
77.50344 69.40032 39.07168
156.27643 138.17459 103.29022
79.08241 72.54804 45.39569
132.98308 113.050514 72.34857
90.079056 83.130455 64.692245
132.1899 123.88225 116.87831
113.11126 98.02804 77.97142
59.24925 69.020355 66.557816
97.63038 93.36615 78.62617
101.377426 104.70974 100.48807
73.727776 53.866222 51.91562
92.69043 96.832855 92.825325
108.321815 89.79385 78.1985
93.46698 82.9286 73.77481
95.08427 85.55967 81.02993
75.51521 72.111145 60.38928
92.269135 64.372444 62.24469
82.70051 76.458405 69.07449
98.94593 100.42662 96.081795
80.00633 79.27833 70.37904
95.34911 90.69375 83.65398
91.43686 84.88067 78.67629
111.57886 95.00884 80.23778
99.2942 100.34085 95.35935
102.49204 93.42334 81.22932
103.34293 96.8529 89.64791
82.4386 70.80517 43.779716
82.60543 74.61755 52.199272
77.35205 70.491005 45.150036
78.54422 71.65822 45.750793
79.02781 71.88882 45.604504
76.9637 67.92944 40.338844
79.67193 71.82247 46.330616
84.42195 72.73894 36.588284
63.502007 87.713135 103.83772
64.07407 88.44748 104.71009
55.085346 65.43991 67.508766
55.0302 65.24488 67.75207
62.42701 86.13791 101.30324
62.56635 86.42925 101.80996
62.683594 86.62034 102.0684
45.55221 53.58948 56.015602
46.854675 52.1113 53.56936
43.42581 48.96003 49.949448
54.653473 71.4552 84.934616
43.08222 47.31737 47.505177
51.38808 68.0263 80.40311
45.777477 50.827374 51.636402
77.364525 88.634705 91.73171
70.96567 64.06349 46.995712
60.401638 69.40388 69.775314
57.066425 66.74183 66.948715
69.30787 65.42794 60.43512
72.23017 69.06164 71.13621
55.71252 51.324013 36.7282
68.80872 61.27068 43.973507
65.28999 55.999382 46.643433
43.81007 41.79169 31.969799
61.433033 54.59817 36.551826
70.960686 62.86754 46.11265
40.61192 58.038002 72.66293
43.842937 64.538925 76.17452
64.4591 51.04762 16.416891
57.597977 44.28802 11.179193
54.813354 43.265427 18.030857
67.32606 48.89287 20.598478
30.868233 21.440334 7.1586466
66.462036 48.83718 20.715147
58.00502 45.140343 18.13702
47.98073 31.269058 16.26091
36.806942 26.366379 13.364757
66.78393 49.299297 31.095968
69.061714 50.99104 33.394493
45.569744 28.814281 10.394107
67.66224 45.61991 19.98741
71.573105 52.617287 32.571407
50.233295 37.2355 19.307909
54.7801 41.950607 23.006836
52.190624 38.626286 13.969606
119.25145 103.57114 74.884605
102.08129 84.271645 60.17143
35.28802 29.355217 24.235073
63.323433 57.70916 50.951572
106.60674 104.62096 94.032906
76.401596 62.189426 48.575733
87.159 71.52908 52.467983
93.428055 73.81231 55.109177
70.38859 59.367035 45.50417
70.32922 53.17819 42.179733
58.858925 55.3137 49.904224
71.56631 68.96462 57.130726
50.49803 43.170273 36.197304
171.10995 148.93532 122.66031
192.32942 180.94528 172.08342
155.06491 141.7533 129.25206
132.28343 121.55395 110.44018
173.18488 160.20912 145.33061
151.13574 134.35101 113.64857
161.4499 144.08624 120.273155
142.11937 121.80884 91.007416
138.27307 119.751335 88.499886
146.23967 129.10512 104.30281
158.92783 145.51884 124.65162
149.69603 133.95111 108.39565
146.46455 129.34471 102.49189
151.7036 136.62617 112.955315
168.54124 145.15648 118.97482
160.56685 142.62212 121.04596
106.78269 97.36063 88.20592
109.32231 100.26029 86.81169
70.927284 53.150074 35.4323
98.54368 79.02804 55.49691
102.81247 82.103424 56.696686
92.2925 73.636246 53.204372
107.878815 92.720436 60.65127
84.0755 73.378235 42.391827
167.66866 160.90508 131.94551
95.974976 66.66471 46.55252
102.73643 76.903145 55.32907
110.48355 73.041435 43.02406
58.772457 51.94941 34.668533
86.46346 73.851585 54.29721
53.811966 45.29161 25.878157
73.75068 64.532745 36.12474
58.36016 48.799915 29.738047
56.46443 49.52742 28.831776
54.905037 47.637714 28.850698
53.948635 45.99135 29.068394
85.16498 71.87488 44.913456
82.49599 72.41944 42.554184
81.38256 69.33259 43.73009
126.48629 114.443695 87.26203
95.63169 79.119255 49.91724
87.07554 80.04209 56.82919
73.21422 60.565304 37.07052
75.75392 63.226772 39.177765
115.953735 95.42396 66.3826
74.52016 63.83819 39.995636
75.797325 64.65919 40.73214
76.300575 65.13675 40.91743
108.875725 92.51738 67.160965
86.67046 69.39777 48.7808
82.40318 63.69456 37.71329
41.254887 33.672935 25.35433
76.066345 62.054493 41.01031
73.01707 59.163937 37.945084
50.66695 45.917046 28.71982
45.666256 39.40098 18.572063
19.099752 21.41079 20.056538
37.12536 51.690315 54.31312
47.644627 52.208042 51.346565
21.710474 23.762068 24.885456
13.475941 18.028656 19.341661
28.06121 31.609716 30.15436
49.692245 46.408783 38.082954
52.298332 48.125397 40.120956
59.227776 55.208427 49.37248
55.380978 49.781727 41.849075
55.95412 53.38117 48.172703
50.91446 46.296787 38.507298
42.526184 39.150497 31.675446
47.557503 45.403027 38.885456
54.05816 50.392136 41.43396
44.699314 41.481503 37.239204
64.16822 50.73453 35.9121
144.04086 127.16351 121.832664
104.14799 86.347374 68.30277
130.90964 108.670815 99.572914
144.09644 129.41504 124.24218
71.783424 60.838146 46.92091
130.62875 109.00421 100.68947
144.18977 127.278366 122.313126
88.92809 74.53924 55.33112
92.46528 79.19696 50.177803
116.849655 95.41724 51.293465
95.642 79.753685 49.26199
97.69453 83.32494 53.294662
100.059166 84.951996 53.22183
81.52553 68.04692 42.86997
79.77505 65.56241 39.058895
131.56682 122.56245 97.468025
146.11586 130.85838 104.81609
92.93404 74.435196 48.59508
94.70588 77.20298 53.276398
93.39225 75.642 50.223488
81.17649 67.68101 46.775547
119.53669 108.923416 91.27698
73.67131 64.31289 43.8025
77.74442 67.40028 44.649998
74.87897 65.32799 43.99529
94.63377 81.977135 66.5638
100.52568 84.79408 68.83166
85.265854 72.791885 53.410095
116.36541 91.668106 73.39384
98.480034 83.95868 69.09404
103.01089 74.8687 54.564495
92.296555 76.729935 58.930565
87.039 72.77361 55.01197
113.56708 98.919945 84.09176
113.946014 100.01572 86.515755
117.12501 95.698616 72.229355
102.345566 90.5229 74.507225
94.12304 80.51386 61.924305
52.805283 45.9072 28.527884
47.537655 40.838455 25.375338
53.79339 45.21148 28.519966
48.96644 43.185257 27.54781
60.971962 49.709354 31.571754
72.7041 65.186874 40.592415
43.87329 41.56376 30.969337
73.247894 56.666176 21.403143
77.84784 63.90967 47.27064
74.06067 59.946358 41.687187
64.003204 53.575695 40.503746
75.0392 53.088825 31.465397
80.413956 57.664284 33.944004
86.99695 62.108093 38.6062
62.77041 48.992546 36.060825
91.82042 68.68919 46.223835
91.987526 66.37916 41.98073
85.64459 59.546032 35.239323
97.167564 71.75697 45.711517
94.40813 72.00429 48.331043
63.84618 48.703907 30.757126
90.80131 62.64907 37.405266
78.227585 52.724648 32.078552
71.42609 57.959335 41.537964
73.89461 61.686802 44.37364
63.680004 53.33861 37.261837
66.8242 51.111145 32.12435
55.44709 41.24056 24.299606
79.71124 60.57318 33.2136
64.9055 53.01506 36.97992
42.36344 33.53584 21.136286
60.458485 46.525837 25.826872
60.825443 47.21136 25.246466
69.18371 53.504288 32.118713
71.021935 59.103035 48.253727
68.60848 56.610912 44.708427
61.44999 49.71422 37.016415
64.92504 52.634396 39.341934
68.176254 55.077198 41.21646
60.75678 55.351086 38.29841
72.73059 58.18344 41.647137
50.696648 46.981693 37.419903
55.27257 52.16857 47.3999
47.597668 42.23009 32.01931
55.471344 51.732063 46.941452
70.410484 65.52858 60.34062
47.33112 40.489147 29.703136
65.925735 56.56874 44.44771
69.676254 60.989998 48.88055
72.24635 63.28215 51.02881
69.11987 60.320034 48.157295
51.133312 46.458794 35.928402
46.21113 41.95223 31.14204
27.801498 29.867111 25.383911
30.01954 26.677107 21.958677
89.91504 75.458176 47.156445
72.19479 59.629723 37.50734
62.35101 49.102184 29.115587
65.88743 46.956978 29.733414
61.702133 45.91133 26.349308
63.918358 45.816944 26.020197
66.54244 53.83973 33.25253
92.111145 74.02939 52.63864
83.41457 67.97366 46.695606
81.00545 66.31231 47.400246
82.61833 68.16707 54.550552
82.27369 68.44478 54.53889
81.6203 67.99243 54.24071
76.91345 63.851665 50.511395
86.93469 73.54615 50.12918
75.070366 59.94512 32.740868
92.13467 74.13003 46.39936
78.46999 60.488415 32.880013
87.48888 67.67185 36.403877
105.49479 84.420364 53.05739
91.84606 74.63945 47.71391
77.37151 56.897236 31.88758
84.78586 65.02553 35.086933
97.22847 78.611534 51.352783
102.71306 82.74141 55.50838
68.40485 47.934887 20.01927
57.262726 60.98073 60.803932
30.600332 32.389202 26.825327
62.3149 52.26288 27.665676
70.314896 55.676838 30.508186
43.544334 42.971615 42.835636
56.621456 56.066696 54.894997
65.837685 61.301304 60.137444
13.209315 14.811501 19.774736
16.378504 16.902525 19.12277
45.930523 38.44555 32.173244
38.77095 39.47621 33.442574
37.37638 32.67452 29.051441
40.4094 39.28922 30.842396
30.651579 30.076311 19.728971
28.810457 28.05314 22.989187
51.577084 43.40264 34.795784
31.435621 31.345407 20.963583
52.396732 44.305862 40.474857
40.107864 36.47521 27.71136
22.849657 24.241987 18.790453
18.428633 19.95022 14.630532
105.36475 99.04306 89.75072
100.93261 89.332436 77.22511
66.84332 60.34985 45.698154
112.75859 94.20144 81.36248
80.83919 64.29644 53.702633
102.36252 89.119835 69.69541
112.15772 92.12748 70.07585
51.703407 49.87283 38.435196
58.688732 51.540474 43.74824
90.56522 82.92519 69.07442
81.58539 74.09153 62.494476
71.48108 62.860508 48.443306
112.89863 93.46841 63.792385
3.2372365 3.2372365 3.2372365
2.5346026 2.5346026 2.5346026
3.7165368 3.7165368 3.7165368
4.06152 4.06152 4.06152
6.443539 6.443539 6.443539
10.236078 10.236078 10.236078
