0.0011472674 0.0011472674 0.0011472674
9.5953274E-4 9.178139E-4 8.969545E-4
9.386733E-4 8.969545E-4 8.343763E-4
106.3068 126.94612 130.8884
157.8828 150.38141 150.8269
47.161743 48.646225 49.583126
121.744156 122.6985 129.92422
122.484024 78.60824 78.4661
13.600668 30.737192 27.489883
36.261868 117.28652 129.6523
133.85359 109.182686 93.853966
106.31383 87.39228 64.16671
92.96502 109.13873 138.54926
117.38285 116.34729 134.1835
110.58115 98.36873 98.35351
240.33661 242.39543 89.34541
109.53713 99.33703 105.48091
101.28283 98.73792 98.46308
84.305466 65.58678 80.99099
111.72284 115.08323 129.41394
244.06326 236.38979 233.83832
186.33223 176.93741 163.13463
189.89247 178.84535 158.55876
77.36233 65.66268 58.96335
62.531246 43.922882 29.575365
68.934044 58.765667 45.306904
69.93323 59.739006 42.856697
78.51477 68.28033 55.974426
71.0258 56.893284 55.81969
93.72641 77.09919 71.58836
75.05365 62.65444 57.99051
103.45797 85.963 69.82908
96.63557 79.25922 73.81617
74.96896 86.66164 96.282684
105.959785 86.294975 82.39838
101.108826 84.313515 81.33953
79.32764 73.9145 59.743576
95.93698 83.52733 64.56959
139.09035 136.62772 130.2428
114.828804 105.255486 92.33632
93.068275 85.00256 82.56387
92.6248 83.68982 80.88892
91.81673 83.26141 80.55763
100.01992 85.64435 81.93279
88.5399 74.58609 69.29228
176.50597 174.12143 162.08241
135.7974 138.86111 113.33548
116.474464 90.12557 66.08227
115.47178 100.67109 72.25674
94.22125 85.49839 56.16819
122.739296 97.232185 74.266685
126.66879 99.47263 73.98045
104.16873 97.76957 68.75167
128.5113 120.4713 102.76003
106.12528 99.23571 66.513954
78.74176 64.734436 55.281204
87.68623 73.00088 61.476284
73.553085 62.485794 52.588486
96.41415 77.58573 63.62666
84.737946 69.57879 62.22718
82.95903 64.74716 54.080685
84.454735 66.42768 56.6893
119.88636 128.02031 129.05423
118.45434 110.865166 114.11614
116.54299 109.52616 112.108116
100.85031 76.93279 66.628784
105.361496 88.622696 82.21767
117.72547 98.93851 95.04854
68.376785 50.760597 37.407238
43.21842 31.619734 27.263308
79.00365 55.369545 40.89616
38.137672 28.004005 24.153858
52.15048 37.53367 28.225449
52.08732 36.025093 27.791948
149.62143 128.07678 81.01212
112.65392 100.4369 83.795074
152.00862 127.02776 88.882706
177.12953 164.18684 126.89879
67.03433 54.953423 52.562244
79.6544 68.01487 62.832874
68.70292 58.818398 61.01239
89.52898 81.57505 80.2394
63.99324 56.96091 58.440155
100.90426 100.75427 96.741486
67.614624 138.23064 165.59935
118.92837 155.06432 158.60587
67.67737 106.46139 117.721466
53.218483 94.69781 108.52023
60.639236 103.5092 116.994804
109.61627 136.20386 164.55931
84.96827 69.858154 55.939068
110.795456 96.55597 83.44024
99.505066 89.18083 82.686066
140.9975 138.85524 131.01518
121.63417 140.3928 147.02887
117.18337 145.01541 159.1085
165.36765 143.46725 126.76873
159.76741 137.50818 119.795265
126.58673 107.99668 92.22
115.71875 91.52128 73.27278
121.37374 95.858406 76.80271
26.283188 18.06844 16.05048
48.668316 31.842554 25.424656
58.558533 38.55073 30.060764
49.79399 36.088505 29.872173
57.829746 28.197393 19.515018
59.670338 27.975199 18.572903
43.331913 23.818481 16.371027
24.369211 11.910033 10.779286
52.972404 30.720463 17.983126
90.56894 65.277596 48.88108
32.65296 23.65269 21.479704
67.11008 50.888046 43.269753
66.154655 49.354546 40.951126
48.277554 35.604195 30.41988
18.363224 12.715979 9.331414
15.190154 11.713872 8.839487
13.675469 10.869399 8.529328
83.21875 56.847435 38.950626
79.284546 53.242657 38.074467
63.679955 48.558594 39.699814
75.21285 64.1574 57.074112
81.96312 60.452877 47.0083
71.93285 57.02163 47.50705
69.92013 53.82864 46.48636
64.94019 48.263435 40.26381
87.460785 76.30415 64.38838
110.1277 99.64767 83.70461
107.17288 91.6137 76.77412
115.74178 99.02294 84.029915
108.27666 93.50292 78.8732
106.62155 99.49235 87.005905
101.32263 88.572754 76.096306
97.78621 86.046265 74.67055
83.14345 78.03479 71.42843
85.69047 80.46435 74.433
90.47597 90.137024 84.94604
93.51054 83.33746 72.97263
99.6797 85.29143 72.28876
8.9158745 8.611055 8.652733
28.916792 21.029099 16.006863
24.816875 23.914017 26.173134
20.302649 30.513391 31.565561
13.71312 18.652294 18.535315
14.170526 29.199 31.236128
16.618168 16.729809 18.525553
13.786421 12.148685 12.641573
14.317438 15.961639 19.240446
18.16481 19.187464 21.269316
26.504818 30.843784 32.73156
13.040947 14.656716 16.101315
25.356216 28.5155 29.486816
21.182728 19.065603 22.217606
32.60707 24.29464 49.466812
16.201439 19.619066 24.396767
25.147581 17.577492 13.339967
30.62186 22.26435 17.352795
26.948708 20.292114 14.234001
33.422737 25.65486 18.660074
29.827765 21.947372 17.237568
61.138172 50.912518 42.015625
82.22165 70.853836 58.134377
24.787714 17.26942 10.94783
103.834984 78.66936 58.763683
60.558655 50.95461 55.09326
48.985126 39.919502 40.79345
50.592804 32.655506 30.660597
58.79616 50.322945 49.57887
39.655716 30.49662 21.457071
27.756592 22.2432 17.304735
31.722006 33.612473 44.52501
34.11112 36.179996 48.282417
45.789757 24.006676 22.785002
190.36052 94.09142 61.805634
150.35217 111.446915 107.37022
68.796745 79.628685 79.522026
92.58809 100.69772 101.904755
88.11792 95.11525 94.19416
64.58288 43.665977 31.621298
64.75315 43.911285 32.08861
64.05782 43.578243 31.928223
74.60075 50.638943 36.777264
68.61198 56.478016 45.878765
40.763893 30.587318 25.815561
69.946495 48.257343 34.39124
71.087944 42.162098 27.181978
72.66043 46.481583 29.263205
85.623405 63.05991 45.763706
87.22115 65.69504 48.518524
82.46201 59.72111 42.16792
87.70046 62.395805 44.624092
102.44984 80.54291 62.306633
77.04589 52.71823 36.74875
173.70615 145.18892 98.94107
126.277016 105.94249 64.87776
252.33128 251.89476 247.18826
179.33542 162.99022 145.3444
159.61359 156.71391 173.27875
147.83064 142.55017 145.3698
77.179535 54.278328 39.699417
82.59683 58.15444 43.160744
111.02568 80.73039 62.70557
112.579346 82.235 62.77407
101.97699 77.129395 60.346203
101.73302 74.89981 58.84099
97.30056 68.68225 50.89205
120.71709 119.3698 99.45196
101.27687 94.98701 79.88446
125.32059 115.77522 102.77349
105.726845 117.65936 129.17792
158.15524 163.0074 163.5534
65.731186 74.68681 66.28786
129.86336 128.68983 101.44737
100.69434 91.58734 93.69328
93.8819 92.751686 90.28706
134.48325 131.90503 130.41685
93.57234 94.25899 97.398766
110.22286 109.27153 110.315834
120.43237 101.67223 92.10326
87.69019 87.32605 93.85108
88.99733 90.45582 89.25111
94.35161 93.276405 90.24875
102.036194 99.35255 97.40307
77.29074 79.62657 79.14211
36.17113 30.895287 34.18348
66.213936 55.852398 50.90918
69.93627 72.92935 67.17111
64.311264 54.503983 50.30238
168.34746 165.56383 159.1535
170.24834 168.06912 161.99045
159.29417 152.86484 126.4147
104.98452 174.5865 208.05115
53.068127 53.359844 57.19009
129.67455 134.92953 141.15352
84.83963 70.76623 69.04658
114.65803 94.67637 82.06871
155.77582 126.009384 88.71172
98.43894 86.528435 64.977325
118.77165 112.36014 98.49554
135.92685 113.25375 95.76475
131.79303 130.53523 119.92088
97.17741 85.828575 66.3569
91.44794 106.31902 120.34433
104.8103 116.871445 129.32422
94.82837 112.30901 128.60945
98.97142 117.967415 135.8942
98.41535 88.99722 69.92591
104.374115 97.75576 79.897354
106.61287 95.06231 105.807945
74.3975 74.191864 74.84491
73.60315 61.75705 49.95192
69.099625 61.045284 51.913788
128.70407 113.53446 103.11033
116.07453 99.73615 89.52618
122.92987 106.79445 96.43229
85.51289 84.64101 88.86827
90.919716 89.85617 96.063034
26.546309 26.07455 37.931812
10.127827 11.440133 18.340801
0.005778056 8.004234 7.001314
57.74491 41.02161 31.21867
100.04593 74.25492 54.82378
26.41844 27.032707 29.740383
24.861765 31.78667 58.089237
74.08536 68.56629 85.29504
122.27265 107.023636 86.376656
128.91653 112.25069 86.904945
127.9733 110.90693 86.91984
153.70709 149.89429 149.41034
117.198875 104.68817 73.304276
157.91357 125.115456 88.74377
148.73859 121.86431 83.63598
146.4027 121.64134 91.04881
121.7402 99.45993 71.62972
119.63119 94.366356 68.94808
127.75568 103.941154 75.32078
103.17935 84.80123 61.26433
102.42964 84.48193 60.52211
156.08206 133.45761 94.13373
157.43675 127.17814 103.05382
155.94476 126.89654 102.7961
130.99481 137.37805 138.21274
72.63542 68.7028 60.994034
98.75427 88.46402 79.11168
59.45263 51.57591 47.4141
144.47441 135.29565 129.11713
91.659515 78.63429 68.55254
91.69741 79.15058 66.72409
75.849915 65.78319 61.01097
96.46796 84.46141 71.64495
75.25788 65.42186 58.108948
88.6447 78.4174 64.72858
4.8620152 9.763037 11.736463
47.63252 26.005465 19.632582
34.07144 16.5665 13.687046
51.255653 41.67797 33.86675
53.689632 76.6127 80.75616
52.57918 59.193344 65.09354
28.834314 38.96844 44.76112
16.677326 57.768795 73.626015
25.556133 32.243137 39.154903
72.45271 63.14708 56.95044
98.62353 96.04501 80.72111
14.359532 9.954735 10.854026
81.99011 63.954193 59.341553
75.459114 67.95369 58.482605
67.045074 55.369106 51.452835
57.19055 48.67818 46.397247
59.777576 50.773216 47.75995
71.213165 62.166897 59.694786
80.144844 71.56431 70.795074
66.27234 59.340885 56.35605
62.927765 56.87889 54.509346
42.871964 36.474133 35.832478
98.05592 105.01279 108.776474
110.49744 121.25874 131.88177
155.5674 122.31345 100.13292
164.92912 148.52153 128.8944
137.72421 149.5361 155.76016
139.87132 136.49481 123.38198
111.0533 92.72036 83.63844
86.905945 63.36264 47.963474
178.44028 171.4538 167.37303
117.552124 129.94954 121.28567
157.74124 51.81456 72.654274
25.519524 25.381435 20.187735
19.870108 17.437046 12.122194
10.88035 10.543888 4.8052773
29.656675 22.522383 20.798624
25.833021 24.934126 35.904507
52.818607 42.283813 41.853985
48.323883 35.44003 36.104984
130.7117 123.28842 118.935295
102.38438 98.92668 96.02349
63.070297 50.82401 50.00338
81.54262 64.35423 51.951836
77.91166 69.64838 63.184334
94.73425 81.43792 76.20507
106.672195 91.40206 84.78938
81.517624 72.14585 71.53882
69.14378 57.714413 55.945473
85.01608 80.431625 80.975426
94.33402 81.76643 74.920715
87.58389 73.69504 64.77722
89.26364 76.32192 68.11281
132.6389 150.10474 152.15718
77.64393 74.64193 69.12284
82.84355 76.25843 52.120586
21.630621 29.796017 38.341927
24.939674 31.506737 28.969837
26.727575 35.858135 33.423195
28.543951 45.457092 46.83344
30.90269 52.520256 53.726032
32.136356 49.333103 49.03258
19.041386 39.901585 45.975533
54.789112 41.109447 29.85434
62.94833 47.721695 37.021652
50.18959 32.934002 27.139008
52.43642 29.659075 21.582457
43.576283 28.89268 25.469086
73.654816 53.724926 51.70651
46.48035 31.714622 29.981436
78.42316 60.273716 50.056675
83.085526 64.99485 54.163685
59.830788 40.102463 36.378933
65.800354 45.259888 41.076344
74.11481 51.61189 46.678078
86.93373 62.492596 51.876762
72.99431 53.065353 43.92791
105.078476 76.74165 64.91322
71.65192 49.861744 39.639256
69.240845 49.370796 41.369526
56.119274 37.668503 30.28569
37.7864 25.162663 21.863476
77.961914 54.782185 44.353985
74.96846 53.599667 43.96742
41.899414 25.36285 17.575031
121.659904 94.80887 67.10718
81.42088 71.73506 63.71039
95.57192 80.33014 71.60434
54.684273 45.065937 40.81838
51.111996 35.93784 29.935398
73.974304 65.2972 51.124176
73.35594 56.942596 50.113453
85.98803 65.94829 49.54852
96.935524 82.08703 69.82645
41.62501 28.561035 23.0859
35.758343 24.090654 20.078077
36.187298 23.510658 18.113997
43.846977 29.291656 19.588215
44.89758 31.087442 21.419315
44.258198 28.190947 21.493492
45.74445 29.31696 20.552149
43.346455 27.08204 17.494326
57.614456 37.75073 26.059156
83.60847 58.52791 37.780373
69.38392 42.725136 30.34973
42.983353 25.988173 17.677471
44.015186 25.708323 17.255945
37.669147 23.86648 14.657155
15.920859 13.262954 8.587901
21.205736 15.193784 8.57647
33.567898 19.374865 10.286588
9.327117 9.645953 4.6242595
87.70457 98.856926 110.58312
45.67257 44.917458 37.50296
38.644077 42.47668 36.623447
87.32812 105.91256 113.988884
48.40177 47.733543 47.926846
43.5262 42.40467 42.428368
30.604485 31.290487 36.677013
23.29297 25.840008 31.084023
118.99829 116.54285 97.160614
110.081665 109.59881 77.58152
8.549082 8.496621 8.587964
32.2325 25.81821 20.197706
50.010826 29.785023 21.91625
83.7073 93.20121 106.531975
88.1626 91.880165 106.71473
80.77424 63.57134 80.310974
183.16983 168.23433 172.71504
38.229702 27.35849 23.435148
43.908092 29.730413 24.792198
98.84733 72.85244 62.622154
83.40486 77.6606 85.18681
77.28498 68.09854 64.103294
82.74199 59.46479 51.61844
91.51636 117.52797 116.46681
116.279305 132.57768 134.24692
103.96089 103.967834 101.62872
83.27142 124.47173 131.14417
83.95428 101.407845 108.41268
241.46635 240.35077 236.24306
241.30035 240.1015 236.02701
240.86356 239.48244 235.61569
241.48874 240.36427 236.26161
240.86504 239.57405 235.6278
0.5485398 0.5480809 0.5485607
6.9487276 6.948269 6.8565497
8.170734 8.170463 8.056717
4.6143303 4.61408 4.5635376
7.745786 7.745536 7.6855445
9.605674 9.605862 9.51892
8.685544 8.6869 8.556132
6.4902587 6.4900084 6.4115767
6.7565084 6.756258 6.649541
7.948394 7.9481435 7.948394
9.8120985 9.811848 9.8120985
8.049437 8.049187 8.049458
11.630601 11.630392 11.630601
9.581852 9.581435 9.581852
5.923717 5.9235086 5.923717
5.6939716 5.6937633 5.6939716
11.882708 11.882499 11.882729
10.908406 10.908197 10.908448
7.604276 7.604068 7.6043177
8.4740305 8.480496 8.477097
7.1974134 7.211598 7.1915727
10.355695 10.3624325 10.358907
18.54393 18.557968 18.55048
8.095494 8.095536 7.966187
11.434627 11.434377 11.299479
18.299353 18.298874 17.985836
18.915457 18.914976 18.619692
9.730496 9.730247 9.582082
11.618064 11.620004 11.567751
11.38811 11.405215 11.280684
7.6400294 7.6407175 7.5845847
