6.4246706E-4 6.4246706E-4 6.4246706E-4
0.0063999603 0.006251699 0.0047690826
0.0064246706 0.0062269885 0.0047690826
83.999405 86.59776 79.93741
76.96064 75.57689 71.81838
76.18597 76.34565 68.65215
65.195335 59.598507 55.32232
93.21849 95.059975 86.167336
4.174504 0.508661 0.6098989
31.633398 28.197435 20.951445
27.7058 26.0596 20.608294
26.515827 23.032692 18.21461
33.205986 28.685314 21.598656
24.368357 20.811436 14.569349
25.501965 21.68104 15.3875065
26.171959 23.195482 17.888409
23.962341 20.289728 14.069411
23.78003 20.09301 13.939509
28.274136 23.783539 16.642368
28.217327 24.01831 15.893722
42.596977 43.91401 37.794907
52.113716 57.37263 55.065407
53.88764 60.16447 57.472412
79.62604 79.119446 68.485405
73.611336 72.33819 67.06556
57.345993 59.034866 50.851837
62.56752 58.69782 51.787468
49.499294 46.183277 40.77017
63.30206 60.919567 54.44508
49.194546 45.49517 36.660282
68.831696 61.569843 55.2025
71.34975 69.18903 63.53698
79.201385 75.257034 66.036125
20.53903 24.379723 21.802887
27.669327 28.756628 24.985075
42.99921 46.994442 40.74993
44.968544 49.57464 42.582817
45.80973 50.40347 43.293533
44.78322 49.42514 42.752304
44.890606 49.599915 42.837753
45.75759 50.348957 43.42289
45.196346 49.89083 43.012676
54.403297 48.581852 41.382637
111.2133 93.70689 78.03245
57.124344 47.41029 37.30935
97.66735 91.24654 71.98337
75.782104 61.08167 44.27137
123.822556 120.82562 104.377205
56.14542 48.39314 37.68981
111.5353 95.7847 82.23092
71.695694 45.689293 38.692307
71.527664 45.85347 39.28449
101.645905 95.90111 82.40675
73.63406 47.194817 40.43196
73.89748 49.3199 42.196915
74.04717 48.827473 41.90642
73.050385 48.308334 41.215153
73.88255 48.985497 41.767574
74.098595 50.097507 42.889618
75.44575 52.95982 45.29531
100.90415 69.018585 60.18078
101.00232 71.473946 62.290543
103.69001 71.98859 62.98233
113.10799 101.9296 85.95977
107.75045 96.271835 80.28426
101.96481 72.18686 62.935013
110.45887 98.248116 81.907906
138.9313 125.704216 103.721565
57.70805 45.906372 32.890213
51.628433 42.874916 30.027775
73.30011 62.789764 49.149868
73.70531 69.34105 58.95011
88.45143 72.795525 53.663742
100.33991 81.60572 61.083176
112.679115 92.08142 77.314735
127.288124 106.86536 89.84136
110.461464 94.34943 77.014854
113.385605 99.56975 83.80644
111.882355 96.56303 79.621414
124.41597 107.76854 88.8252
118.54845 104.64882 87.119545
21.409153 26.066767 24.01873
24.206478 21.754034 16.603846
19.126171 21.520596 21.808817
41.26393 34.240875 27.46396
16.047493 19.138056 19.55005
44.408363 38.154785 28.648102
15.351405 20.063135 20.78166
14.103116 18.255505 17.60938
14.692209 18.803503 18.677036
13.425215 17.523537 16.622057
21.926735 26.193605 26.93679
18.279991 22.298006 21.978329
15.853864 19.494848 18.612246
44.02239 37.889942 27.762955
17.121254 21.039734 20.310139
44.008698 38.606884 29.310484
22.302479 20.899256 15.745707
42.11473 37.277817 28.100645
40.722282 35.435394 25.700808
7.3207393 10.743655 10.432356
16.222664 16.816847 13.75737
32.298798 27.74672 18.737059
34.793175 29.921743 19.96832
13.180187 14.986706 13.267934
16.527143 17.64946 16.022635
25.801527 26.491537 21.01841
27.547852 26.770342 20.408287
12.164867 14.4922285 12.769874
16.745607 19.768589 19.410315
19.963404 23.424103 23.892485
44.83906 38.812004 29.422075
44.84964 38.270206 28.436285
45.15674 38.51867 28.763128
45.523537 38.86896 29.1215
25.851095 30.50016 29.855915
24.700586 28.919592 27.41019
24.741653 27.44009 23.46826
20.689442 24.931084 21.957869
21.984755 26.852356 24.088167
17.69174 23.73135 21.908745
21.942055 27.114632 25.147818
19.754257 26.11342 27.246683
24.767279 28.086882 24.536732
20.696558 21.186611 19.086363
16.928463 17.501446 15.925647
32.017223 35.824707 32.705357
34.449455 38.054287 35.823273
26.465937 27.9084 25.14552
29.571772 32.885666 30.383553
32.665325 28.791544 20.1769
71.9745 68.00465 51.232697
27.927204 23.655489 16.067236
32.711605 27.61783 18.28004
7.6243544 9.049346 9.182782
9.139736 10.009538 7.7582345
17.455708 17.329388 13.486595
20.93899 21.414341 17.860659
21.359682 22.23833 18.148607
16.836987 19.34666 14.003262
20.442734 20.697794 16.266846
27.185946 27.671255 21.445477
21.921545 22.37016 17.975266
24.262646 24.27836 20.068373
25.052015 26.602337 21.41973
25.383923 24.62312 16.615534
22.87084 23.759272 17.663198
61.854183 39.759296 35.518024
54.719364 37.14564 32.082977
28.116508 25.024315 17.06526
63.91448 43.098694 38.03111
27.892857 24.653389 16.912254
57.67296 50.18582 45.676765
66.90691 57.91334 51.586052
39.762905 36.628628 34.44135
39.740124 36.497787 34.21545
9.429489 11.687934 15.833601
40.268253 36.79147 35.008427
55.49596 48.851814 43.10403
41.382614 36.832638 27.995058
35.73839 24.618917 18.794361
47.652325 30.453186 24.029554
26.273567 18.585066 14.943858
22.66063 17.224518 12.936667
42.165585 37.749783 30.123156
47.891273 42.275543 33.96306
34.933826 33.480614 24.808693
49.471966 43.161827 31.610195
118.4839 112.149475 95.73649
101.48672 100.597916 87.9767
101.98359 100.650055 89.04559
108.304184 105.893425 89.91457
83.51889 79.22684 69.41098
80.67266 75.51899 66.70204
56.457043 50.67941 47.245003
62.579285 56.852455 54.464184
54.74126 50.166893 46.71272
49.094666 45.401073 42.299984
40.8956 38.811016 36.827843
55.9766 50.064568 46.737995
37.106327 35.154713 32.37757
46.727818 42.445923 40.819046
45.821518 43.47041 41.032616
42.640266 40.079445 36.70496
64.996315 64.346466 62.426723
64.93415 64.15375 62.16247
58.986877 52.02172 46.636734
39.57424 37.79157 34.26413
48.67953 41.824112 37.98028
64.61649 62.88663 60.120216
52.054287 45.8062 41.079617
53.013466 44.12313 41.423904
55.08169 49.115917 45.19405
54.061726 45.822655 41.008797
55.741135 57.795547 54.559044
63.269615 47.89246 43.608093
69.10057 68.27297 65.713684
72.83881 65.697945 53.43945
67.159134 63.003952 53.573895
66.16998 64.06637 49.11977
56.477352 55.016285 45.95053
37.03719 36.80264 32.20979
53.012554 53.83654 48.52181
37.882057 35.773556 33.121796
39.04752 37.17579 34.84744
51.677284 52.818207 47.727818
43.71697 44.707233 39.83464
47.267883 48.408657 44.07823
53.495094 48.288097 40.940422
45.96375 46.954185 45.624477
56.57014 57.793297 51.64111
44.74929 42.84373 33.312534
44.40253 42.095432 33.76928
48.812004 46.001854 37.987694
46.52561 41.4286 34.35479
46.384468 44.63886 33.658504
47.119278 47.131927 40.818974
39.982975 38.131607 30.916948
45.86066 41.093925 28.238726
43.577923 43.148163 35.015938
53.43989 54.579853 51.899082
37.299934 36.19694 22.812746
84.387505 90.289604 87.032295
114.98977 129.73422 131.55072
186.33742 187.95863 192.31691
172.54062 172.53725 175.61232
166.9294 166.63202 165.70627
119.19442 118.231735 117.26487
115.53535 115.14164 112.89127
109.857765 108.710396 106.34681
113.27404 112.76333 110.6565
144.83524 154.43903 155.2304
107.742516 108.23794 107.99424
54.69495 55.042404 53.92849
99.20759 98.94151 97.175095
94.27809 94.87897 92.76812
56.26885 56.12916 54.302998
92.21169 92.45239 92.38301
142.70822 141.89879 144.75856
124.110405 130.08093 121.65415
113.44471 112.29768 105.21377
52.78366 49.557465 42.62176
51.812077 45.64921 37.562233
98.00089 88.75354 75.417725
90.37572 78.60548 68.24807
136.93114 133.20897 113.59969
116.969536 110.8186 97.6422
113.881836 110.249725 95.96896
134.07503 128.0767 109.714226
122.1364 116.37192 101.312164
119.989746 112.76066 97.33475
129.48866 121.53236 102.29012
146.89264 141.79391 122.972916
104.181 99.38108 88.649704
135.19936 129.24107 109.450966
139.06068 132.4316 112.80511
87.731155 81.65734 63.949074
86.522545 80.015915 61.488792
106.24602 96.52689 74.18545
111.0237 100.949715 77.336655
100.379425 92.24093 75.23816
85.26591 77.38108 63.00749
97.965454 88.256836 73.338806
126.35929 115.86412 90.987076
92.53337 87.02254 73.44501
97.331535 88.66392 73.177444
141.41446 135.25113 115.98448
119.59062 108.52336 84.68376
22.23114 21.674812 22.741259
16.5096 19.476858 18.667177
22.370827 21.810547 22.79288
12.564926 16.179693 11.564407
12.865304 16.321604 12.130618
21.62171 13.636043 10.424622
11.996491 15.526749 11.288097
11.644987 13.908375 10.505325
11.613334 14.937335 10.70234
12.461094 16.054907 11.503768
11.916628 15.586943 10.984432
23.124662 21.961304 18.78522
12.744792 16.37829 16.692678
10.011886 16.829945 13.821493
11.405471 14.576639 15.260817
11.4623785 14.405125 15.087845
10.796066 14.186044 14.783735
22.842817 22.366823 23.648792
13.588944 17.096024 13.504979
13.533371 17.047049 13.403865
14.594133 17.82678 11.535447
25.5693 12.27416 9.770071
22.638859 22.303392 23.448591
9.848897 11.260916 9.49937
8.184685 10.399565 9.277521
7.350367 9.306309 8.948356
14.447874 17.109665 12.209469
10.180978 12.217327 10.6567
22.683363 22.397713 23.482542
12.259582 14.64096 11.168746
12.801502 16.51516 10.991203
16.385406 19.658035 10.370802
16.062641 19.005411 10.624775
9.633448 11.743433 10.44014
24.79147 8.213867 6.945909
15.293706 18.039957 17.396229
16.283848 17.118313 12.956411
17.21478 18.125751 13.591614
16.864883 18.212854 12.982901
16.538042 17.61882 13.147422
16.702168 10.075094 10.606563
16.431194 22.53735 13.993303
10.606019 12.655984 11.103832
8.491413 11.681954 9.073735
13.690602 14.068917 15.406459
15.680175 15.34587 16.605896
15.074822 21.009192 11.545528
14.89765 20.435791 12.431713
11.44303 15.927031 17.8189
14.845536 20.69075 25.566557
14.690652 20.55178 25.366304
15.191381 21.05597 26.046085
14.915788 20.749043 25.642763
102.531715 103.27554 95.869156
87.684105 84.97986 73.88156
89.42326 88.04228 75.88742
97.19946 94.27319 80.43485
97.462746 95.0151 81.35192
76.09106 66.26447 52.504066
97.59473 93.44093 80.053795
75.71588 72.3877 63.80222
82.15919 77.78855 70.487015
32.718452 28.703972 23.477032
33.389755 29.430996 24.088488
84.934814 80.164 70.37614
87.85463 81.10994 70.82676
60.105316 54.21918 44.04502
95.691444 93.026215 85.90867
69.05374 54.457413 55.761177
67.76832 53.50335 54.10445
73.410286 54.64637 53.062122
71.8227 53.84724 51.888977
75.20398 62.74215 54.1344
74.94245 55.996292 47.701153
18.094343 15.912452 11.746621
18.668808 15.676123 12.971978
19.486298 15.974623 13.126146
42.67763 32.47718 22.74425
38.23124 30.389532 24.03724
40.19909 34.106033 27.217945
39.353256 31.006548 23.019398
39.20836 32.74111 25.0854
61.598557 50.793297 41.10482
53.32393 48.573425 40.229607
49.784874 44.822628 37.286762
53.907288 49.35501 42.110355
54.114334 49.334255 41.14485
55.87966 51.985767 45.722675
48.444042 39.585014 33.450813
53.60891 48.835873 41.36109
11.196125 12.966394 10.153476
10.920532 12.778028 9.936865
33.461834 33.191208 28.049
16.224617 15.206652 11.219649
22.059948 20.188242 16.631124
11.686278 13.657837 10.92157
19.931181 20.452446 16.737206
17.560354 18.502731 15.82814
35.259235 33.73921 29.104649
35.089478 33.30989 28.956806
40.277817 37.389015 32.856926
38.022114 35.629322 30.95562
35.718796 33.71514 29.378809
31.177246 30.90521 26.070919
24.49769 24.773037 21.339272
15.5388565 16.602016 13.056142
24.840916 23.988386 17.903778
43.173664 37.43967 33.09585
40.443153 34.635696 29.567225
37.01851 33.13855 30.218958
9.584102 13.362845 15.507054
15.648842 21.114656 23.911068
14.8785 20.003016 21.140823
29.737898 37.624874 34.922535
15.725123 15.392942 10.349947
16.907608 16.61447 11.220885
26.833132 31.162594 22.158022
11.853493 11.377845 6.9277472
18.45724 21.214165 15.874743
17.596258 17.381922 10.976822
11.140082 11.614495 5.794831
15.636487 17.481775 13.683264
15.559292 17.222515 13.287554
15.571252 16.148458 7.609652
18.97566 19.708889 13.650275
20.676617 20.326027 9.3725815
17.086807 18.173195 13.423287
19.618029 19.070475 8.785268
18.338778 19.333761 13.968297
20.846672 20.680077 9.478366
17.093405 18.086906 13.609207
13.23502 14.6432085 11.7212925
24.51516 24.172798 13.196892
10.478243 10.59826 6.825175
14.166325 13.80894 6.52025
11.831427 11.616472 6.995972
18.93904 17.243767 9.165361
30.41375 26.357286 14.694359
13.949517 13.601423 7.3724084
16.639057 15.944649 8.614149
18.45373 15.955966 8.542588
33.11493 27.163977 13.56547
31.52823 25.969112 13.096568
17.000864 15.349725 8.070177
36.942425 35.527367 27.121279
21.47634 18.708765 8.324545
20.782673 18.097878 8.062468
22.469397 18.97141 8.119573
25.109837 21.218513 9.227902
25.894093 26.017397 19.756777
7.2462626 8.513158 4.868986
9.875065 11.28276 5.2892585
11.012257 11.587239 6.4752774
8.715214 9.732981 5.098174
7.1951866 8.403469 3.884776
21.967606 22.263363 17.338778
17.952234 35.979935 58.39161
28.039635 28.748869 22.858065
15.557538 18.581705 14.424671
22.046825 23.810053 18.792063
21.28921 21.33774 16.226469
15.528578 16.615038 10.502039
17.43248 18.158417 11.545257
16.556105 17.544416 10.966864
13.604166 14.169463 8.684104
30.288073 32.342533 29.522573
35.591736 33.225903 30.614174
40.01453 31.48284 29.166744
26.235144 24.442413 18.426128
38.86513 33.8166 25.318392
43.407745 32.687416 26.431911
34.631817 26.28019 20.254688
38.856804 31.966146 25.950382
32.183327 24.840174 18.366108
7.5074997 7.270652 5.2574315
14.358768 13.967506 7.760928
14.3586445 14.026489 8.028294
6.717957 6.8279176 4.9129705
21.93657 16.648596 13.485112
8.367293 7.7065654 6.191653
14.753737 15.018977 8.601621
22.398207 17.420372 14.732041
28.087894 21.101114 12.380415
14.211224 10.846252 7.20811
28.299637 20.71467 12.028294
82.37483 62.163136 40.67197
81.294846 59.86246 39.70167
57.31172 29.197731 28.413502
48.428772 35.77007 32.67197
73.753914 46.729076 34.22721
82.361534 54.835728 41.301292
107.180756 87.898735 87.40488
77.53493 48.98253 52.613583
60.631794 41.38795 38.157726
15.681262 18.506413 17.151943
14.006301 16.792458 15.09506
20.192888 20.158392 20.813759
20.772518 21.475277 21.936619
17.52267 17.908894 17.612198
18.966295 19.27967 18.547358
18.564087 20.304604 19.418295
19.644197 21.436136 20.513233
19.105907 20.906446 19.787294
20.261509 20.62685 19.841854
19.79441 21.56898 20.579233
19.623909 21.48353 20.496998
18.539425 20.380291 19.374039
12.959451 16.23712 15.255875
27.637327 28.371864 21.349577
28.703749 30.001976 27.381378
29.50404 29.84178 22.214386
26.698065 28.901579 23.649239
26.827374 27.727446 20.601522
27.926388 28.81497 21.506634
32.16489 33.130917 30.305939
32.392597 33.059303 25.684425
32.95537 33.595963 26.210012
33.358868 33.88097 26.48153
32.615063 33.441376 26.430082
31.644518 32.466976 31.042452
26.71991 28.178705 26.719366
34.12659 36.642467 34.92478
29.452272 30.810349 27.80459
35.75381 37.654675 37.119053
38.5843 40.59339 40.936867
32.046257 33.365982 30.716745
36.810547 39.064865 38.553883
38.983196 41.449383 39.34807
123.78571 137.16348 136.93338
122.63412 135.8719 135.53268
113.25797 126.95582 127.14952
83.278534 91.07215 89.727425
115.759964 126.39739 125.93222
118.02313 129.3148 128.60988
137.41931 147.76811 148.10097
132.75305 139.30219 138.31145
9.918678 14.408362 12.885739
19.503397 20.770096 18.808125
10.550495 14.279078 14.726334
12.148385 15.827819 16.02303
11.940991 11.884677 8.564852
17.174429 17.62853 13.723418
15.943883 17.481281 17.201141
24.422224 25.165312 22.77862
24.859646 25.837208 23.590673
7.2056885 8.704119 15.024018
20.187922 20.762707 18.164001
18.107662 18.984581 17.029825
22.011984 22.995207 20.78512
23.642912 23.32284 17.909338
25.716574 25.419407 20.524376
18.222244 18.566902 16.653389
24.767624 23.733698 17.310583
13.681212 12.881613 10.830586
17.81114 19.35689 17.088932
18.811634 19.696238 17.06521
32.154713 23.597963 11.340829
14.674517 16.194643 13.771455
15.517853 14.698955 11.867478
17.56915 20.392992 18.821667
17.36969 18.649757 16.150707
19.213842 15.296697 10.336554
13.15691 13.5840025 14.014282
73.94544 65.85196 53.998814
38.491783 32.717415 24.296005
40.24614 35.747265 25.070028
40.95011 34.560925 25.687292
32.03677 29.043886 19.797796
74.32116 63.875336 49.617435
61.278584 54.13944 45.097927
33.755543 29.79305 20.638266
65.92532 58.098125 47.9551
34.247795 28.20937 19.4008
52.71551 44.909832 33.61306
34.684254 29.33139 21.849514
39.768368 31.16835 20.480886
55.82337 47.3519 37.909782
45.017395 39.516888 30.983864
40.972572 35.98569 27.174208
41.54758 36.304626 27.495317
24.370531 24.97702 19.73009
14.469421 19.829796 20.338408
12.893573 17.850058 20.646
8.850874 12.457264 12.677308
8.470953 12.70916 14.21105
8.363587 15.029084 13.607873
49.187675 44.577084 34.902714
46.671528 43.050755 34.10089
64.51195 56.576317 43.21357
34.76056 32.656948 24.965258
41.481728 37.27463 28.871927
56.005188 56.430058 43.991005
43.165585 40.413254 30.630829
45.342285 43.369987 33.901505
41.19768 37.477673 28.46102
49.445404 49.33932 38.0382
51.573105 51.206676 39.38022
30.394352 21.168697 15.019423
51.128395 46.680546 32.84294
33.340385 23.595617 16.779016
32.252342 22.510588 15.852455
32.88799 22.863081 15.847908
91.47108 88.243126 80.81344
75.32916 78.26393 72.27784
90.04552 93.308655 87.90701
81.177444 84.516075 78.6287
95.61017 92.69372 78.9104
93.964195 92.35118 79.57261
96.79068 94.78875 81.171486
76.060715 74.63382 65.09012
79.03618 74.64148 61.31246
122.74788 126.945244 124.22155
98.45771 97.5757 93.557365
85.03267 83.64146 79.13981
22.760607 18.700462 14.995923
18.703354 19.925226 20.674665
15.200771 14.51852 10.744495
19.571821 20.021324 20.44518
26.388618 24.622501 22.33354
19.016161 20.313177 21.473425
15.266822 14.977266 10.735748
18.942968 20.054535 20.674318
18.734884 19.883638 20.677011
15.029159 16.755863 17.395834
29.185204 24.142948 18.81282
49.583138 45.80575 38.31476
58.781044 53.2346 45.607254
56.79169 50.319183 42.77993
42.625935 34.99595 25.365885
45.037437 37.874695 28.36245
63.273594 56.10907 44.13499
38.47051 32.675358 23.656874
38.195557 34.49974 26.37268
33.74294 28.355309 23.703922
41.466976 37.625763 27.617237
43.69836 40.38007 28.189627
67.78855 60.612247 48.147842
30.859276 25.94455 18.476538
57.863426 50.912178 39.316242
53.519608 48.93432 39.053276
26.548098 22.064247 13.982307
73.72651 59.278534 37.88821
55.50278 49.95545 41.397736
55.418346 45.521782 29.993452
35.03736 29.341915 26.011934
51.44807 44.425438 39.365738
49.23136 38.855495 24.12884
3.1846352 5.195656 2.9563863
42.44083 37.093628 24.87472
46.31266 40.775433 31.38427
9.176233 11.012207 6.846129
11.873484 12.437916 10.441795
11.128246 11.971806 9.166572
13.234327 12.140231 8.62769
16.10057 12.151005 10.358546
16.74808 13.259211 11.105859
41.144405 43.57508 42.732437
26.625418 16.518768 13.218711
41.314835 39.83946 38.69772
28.254244 25.814821 24.894093
25.026514 22.669945 19.586523
9.192517 5.31303 4.7631273
43.494328 43.549435 45.986065
57.411797 50.24772 42.57518
53.870148 47.043392 39.669403
66.07969 56.364502 48.02167
67.272285 57.722725 48.080334
57.159504 50.701797 40.535374
48.589462 42.035904 33.918705
69.17297 56.755295 45.859844
55.10717 33.389828 29.448713
46.528034 34.43673 27.690973
21.16756 14.952136 18.862043
14.501643 19.948826 18.367813
11.6877365 15.834787 13.8080015
170.57574 157.39626 162.65047
37.74499 35.05456 40.017864
22.105513 9.013145 10.334157
122.89488 119.02649 120.350395
71.40839 56.754208 57.991623
63.242332 59.29247 59.979465
50.04008 28.556896 15.440708
127.022835 79.48242 27.348835
26.57664 17.307642 18.505547
50.947712 40.028614 17.812178
97.78297 59.90773 95.01579
92.31471 54.35731 95.20635
87.70244 48.28365 90.59393
68.63522 32.15822 86.03748
123.48232 73.20092 137.715
116.94648 65.759026 136.54318
27.097036 36.571846 64.537
10.967753 20.797129 38.76246
8.298203 23.590403 52.450047
9.915664 47.195065 111.34965
98.294846 31.961723 31.958511
48.0513 19.872692 22.154192
101.1046 32.03766 32.37357
59.975437 24.210804 26.585066
79.66957 49.22756 43.24819
81.0599 50.488125 45.32442
18.478563 14.865774 11.073216
79.456795 48.423656 45.933132
113.022804 53.144432 52.231487
4.174405 0.50841385 0.6096518
2.9244113 0.39158368 0.46761718
6.500358 0.8914972 1.0011861
12.576639 1.6236873 1.9285132
6.801107 0.97338706 1.113519
5.4202228 0.770491 0.8756826
5.229855 0.7548741 0.89162076
3.3113494 3.3110776 3.3105092
16.96422 16.964071 16.963947
16.932293 16.932196 16.932022
16.469124 16.469002 16.468878
18.586275 18.58603 18.585386
16.081049 16.080803 16.08016
19.352615 19.352394 19.351751
13.3117695 13.311547 13.310855
14.614396 14.614174 14.613433
15.0767 15.076428 15.075687
