0.0029865967 0.0025980964 0.0018939395
0.014811577 0.01124223 0.005123349
0.007260101 0.005754662 0.0032051282
1.8485334 2.1367521 2.7682595
60.082336 99.732254 118.15083
196.30844 206.5035 212.10327
84.019356 66.22674 40.472683
169.82736 149.8032 97.63063
156.46243 112.648895 48.248566
144.1659 155.13945 158.99728
83.18333 97.57211 99.82447
161.50899 138.07976 113.46838
175.14221 164.32666 136.50998
141.69612 87.09523 66.53992
129.27309 137.86682 137.04839
126.05376 90.11995 48.516026
127.14753 153.2054 169.24663
111.15052 149.4991 170.70428
71.79273 98.99104 100.453186
134.8985 110.96972 68.58909
194.47363 216.64224 228.95406
253.27689 253.7836 253.84573
148.98553 135.61273 110.90251
136.06854 108.76119 52.75794
125.26819 121.94444 102.219284
126.197914 121.65407 101.603806
90.74638 60.49835 35.5447
99.4324 73.00967 43.69102
104.97587 77.479385 46.723167
97.133064 73.316315 47.84108
78.74131 55.95508 33.45331
131.86427 109.0067 82.43629
91.844284 71.72025 50.40132
115.78332 91.68284 65.31468
97.34989 78.63493 46.969112
99.45083 86.60361 71.436386
57.12619 42.048588 28.813568
65.94598 41.467777 25.390055
85.742035 64.27273 43.83758
106.1647 82.40613 45.209305
179.5014 155.12698 124.876236
95.86825 74.56109 60.76459
59.92893 49.611645 45.04565
58.677326 48.142628 44.194057
50.62398 42.522144 41.374905
19.506945 9.166254 1.9589647
38.75806 20.452847 6.8009176
29.126966 17.823597 6.018745
29.896927 16.261873 4.71064
49.441845 45.895058 17.947966
29.939297 19.727856 12.667395
33.198013 23.636389 20.469406
56.608173 51.33642 23.141535
6.053176 8.973 21.784529
45.973434 30.064539 17.757648
31.034698 24.771683 19.062014
33.576195 23.26889 16.399475
45.385853 34.96144 24.24456
47.000534 36.234825 25.561262
47.28317 32.092583 22.936626
33.178078 17.87903 8.267798
39.932037 21.07083 8.636534
38.89054 19.022339 6.3432403
38.51078 19.558397 6.6825466
36.410477 25.663801 19.797495
26.077263 12.732906 3.7803273
45.441578 26.105963 11.122402
45.93252 27.963966 17.917734
29.452652 24.593702 20.094526
56.688446 43.665962 23.43767
22.155619 17.449615 12.2499275
26.985407 16.82991 8.811577
46.887238 39.02542 26.815607
16.88855 7.918245 4.603487
9.386509 7.951996 1.7500728
52.108196 13.89071 3.3919482
24.657925 14.696848 2.6935704
42.53703 34.058712 18.828865
7.1431623 17.172033 19.18597
6.554609 12.333333 13.140176
7.3857565 12.325296 12.301428
6.7475476 13.248616 14.292735
7.4495435 13.84035 14.264593
31.769547 14.427885 16.486814
16.6588 12.671765 4.356036
3.9549096 8.206585 7.1886654
12.196557 9.226496 4.135514
12.713044 7.8972416 2.8304195
38.72642 25.071314 7.980648
9.6726885 23.143211 28.96836
46.87267 48.66941 57.256676
6.218604 13.318595 19.264471
38.61808 37.891026 44.800358
22.714937 30.265686 48.535934
89.00345 55.19085 23.440754
97.17531 60.66271 31.82056
112.85492 78.99548 48.27263
119.78928 106.95498 75.88146
124.87116 105.08904 62.182182
89.21511 111.94707 136.53409
160.78499 144.3892 110.731155
43.827168 49.438957 27.397484
150.84604 137.19049 101.80626
111.12905 124.366066 143.84164
98.12682 103.5236 109.20914
137.57428 117.355865 79.63338
153.95981 126.92721 137.48238
154.29189 125.938934 148.3973
119.16475 125.27868 142.83209
95.47349 96.36313 102.18959
76.874855 61.3741 36.333138
109.4949 90.16711 57.120266
120.354965 99.012794 49.209377
116.01304 98.48674 48.356426
62.036324 77.51593 75.162926
126.19797 102.28215 45.816555
114.260025 96.71654 46.452553
116.99645 97.50168 55.77882
124.08316 103.93733 59.872692
171.9033 158.5706 124.47827
100.36242 112.19617 108.93374
76.96824 84.21181 77.220764
48.66783 62.158703 58.384617
85.96596 95.039894 89.13724
113.34127 95.30833 42.967125
118.99216 98.409676 54.643406
124.24427 102.11949 52.49298
120.86946 98.959915 50.50255
103.452576 115.74514 112.92582
125.60523 108.98113 57.97424
125.84258 103.68381 52.537758
112.987885 94.79152 51.98259
119.965256 139.36461 144.65897
99.07268 108.287125 107.85451
84.10169 107.279015 113.69316
106.25585 83.727615 27.836636
69.85815 91.62988 101.141754
58.42444 78.348366 88.21472
73.87202 114.00437 137.64511
53.87852 75.68906 84.353004
65.5658 85.013596 94.66953
103.9391 90.85244 47.5946
75.30303 89.458694 91.05014
92.87697 68.3159 29.192745
109.777 80.74388 32.01367
186.58377 144.8261 67.778946
38.64246 40.958626 32.948547
24.86723 33.812283 30.130001
25.814516 29.860577 22.8598
24.466953 33.727833 29.683275
27.562452 30.403774 24.188107
30.526953 37.221832 30.107395
18.072529 26.018648 24.584522
44.82639 24.703356 6.587194
45.647266 40.539093 28.38748
58.760807 33.665867 8.516171
56.033142 46.12075 30.777826
56.993397 52.283096 34.820488
80.62398 48.37148 15.033921
57.476593 32.53827 8.873422
47.910767 48.51666 37.546474
42.342125 39.813156 30.693861
38.607834 31.289505 22.982931
43.399525 25.704836 6.9759617
44.24313 26.284843 6.771732
79.381 47.575443 14.280862
38.794506 29.644377 20.464525
50.457653 28.109022 6.9209886
24.842318 26.663754 23.688715
17.29866 20.314005 18.302107
19.779915 23.799389 21.569881
38.17332 34.43097 26.645567
48.72256 29.227394 8.205784
45.700638 44.81828 31.478415
45.722683 40.554585 28.309902
45.506313 25.733852 6.708989
47.052498 41.25874 29.07316
48.891243 31.05864 9.230332
49.308567 44.406322 31.28261
3.0992618 10.399791 23.505075
13.58207 10.971129 18.554512
22.433275 13.336563 3.1406372
16.997086 11.987956 3.650714
142.22745 123.09999 78.863785
128.1096 135.55806 123.48023
148.99414 133.4067 94.1975
151.6801 135.21956 95.67315
181.27083 152.04768 104.35001
177.48428 149.83372 102.87272
201.63911 176.46188 134.73007
152.26059 118.10584 72.19678
129.80782 135.26428 123.37412
113.76112 117.68471 101.40912
102.44119 110.218025 105.281006
86.75415 87.17818 78.06158
110.73548 113.037056 103.391174
125.00287 129.46953 119.775475
82.929344 55.700104 29.14105
159.91322 138.87187 103.98645
155.11871 121.62202 76.73386
132.72525 139.05646 126.69719
158.99414 126.26476 83.70015
134.82867 142.25735 130.1733
108.013916 71.62478 35.683033
121.65222 82.02049 43.15851
75.77263 82.51056 76.52256
67.2568 75.82394 77.827965
73.753105 71.06539 56.747692
115.308495 74.15054 33.787853
106.90421 73.35699 37.617714
92.54422 67.84443 40.726276
91.82719 65.91982 37.921085
91.52698 66.72674 41.29055
72.57275 78.06014 77.96372
93.44532 67.49922 38.683784
78.68658 97.940704 101.1992
85.59334 115.036736 128.23436
81.61235 111.95719 124.38705
114.930046 96.402435 52.412926
91.95816 118.40766 130.03996
64.968216 88.08127 88.266174
84.59445 105.98138 114.4891
82.712585 66.06556 36.53664
62.08683 62.898697 66.40814
44.281612 48.38765 54.272144
25.552204 36.775494 41.152195
114.678154 138.9913 153.34601
71.76299 95.6055 95.42118
76.39037 59.920334 32.656128
138.73436 121.44697 88.00447
154.76286 145.16286 125.47162
137.76598 112.10087 76.1283
114.45183 120.92094 118.31879
87.71615 108.84572 113.96766
117.55876 96.19316 55.220913
121.87529 137.48973 151.3451
89.15659 98.2383 105.62779
85.17446 94.44503 98.55859
77.80803 100.66535 105.48968
51.188885 61.908775 57.194954
118.700516 109.67463 87.07595
123.45508 102.7617 75.79291
126.6098 108.33047 74.4477
62.592876 51.90676 23.356936
68.38765 54.284966 26.377209
63.183784 50.29191 24.83314
89.3666 74.53224 47.13311
66.193886 51.473923 21.111378
89.7507 81.00294 47.61354
75.77355 67.10948 68.98791
77.82122 70.0356 58.598484
103.12917 89.51549 68.75913
105.48628 99.93682 86.60543
97.05568 70.46511 46.084717
181.35025 149.29817 122.2694
88.1106 76.62393 62.63998
164.04524 128.62611 100.275856
84.21144 51.915573 32.971104
98.13532 68.717804 38.24388
100.91229 56.294434 24.288
101.558105 65.40387 29.469381
105.30648 69.17169 38.874878
97.190704 71.10951 45.35414
104.51768 71.12896 39.547832
84.707146 55.444542 28.345255
88.29242 49.527706 16.93245
84.80898 48.297398 18.60963
69.75374 42.749294 21.884033
115.68027 77.685776 48.70984
90.343506 56.674706 26.045988
99.59336 121.073814 137.78972
95.787415 118.34205 129.11584
89.040474 109.688614 116.702484
91.33622 113.24039 120.00483
92.57309 114.23516 120.886246
107.97183 130.67256 140.16179
102.3735 125.00388 135.75612
81.13221 94.46737 98.66417
80.83981 98.26603 100.67594
78.47227 94.7061 102.75653
75.42198 91.93388 97.65331
87.81976 106.29429 120.092125
38.62738 19.947092 6.505779
49.937767 29.93983 9.982542
46.88685 26.908386 8.799072
24.959232 13.465229 3.9677303
31.76486 20.137554 7.9837317
38.24835 21.59766 7.292104
37.232445 27.152584 14.422494
42.58076 26.383158 10.6866255
27.66283 21.545237 11.424461
27.51753 21.076754 10.918828
39.495167 25.6233 11.792176
29.757406 22.885708 12.658994
33.1875 24.929 13.96535
33.902946 24.533072 11.484144
37.177883 24.316652 10.533532
33.332993 21.510683 7.5368347
29.010246 20.97919 9.592051
41.46387 42.8176 39.136364
22.146708 16.30337 6.629516
42.07139 31.28698 17.550991
50.801308 31.971008 13.401661
16.754177 15.413413 10.265589
47.012627 42.46178 31.671013
29.1605 21.709305 14.129686
28.172543 22.002623 13.693667
36.75539 25.743322 16.23883
87.410645 73.88253 51.369682
42.812912 32.500923 18.972416
56.391365 46.670795 22.751263
59.040066 48.190292 23.24609
49.78698 37.623493 15.575078
59.058857 46.02314 17.242085
60.40846 46.727394 17.79645
115.04589 99.80975 71.19901
54.02734 40.091637 15.924267
42.03436 29.43308 11.167468
60.904697 43.56493 17.582289
48.70061 31.472466 11.078307
39.261753 22.210615 6.425432
37.97222 24.212122 8.099553
42.049896 27.87636 10.42315
46.65705 29.448767 9.845328
43.28307 24.892944 7.0583477
38.174557 27.50238 11.43869
102.266464 79.99437 44.556114
72.12699 61.893456 47.69634
133.58148 103.87131 64.731544
54.00459 32.65467 11.546765
36.516705 20.16669 5.189855
27.580832 20.110043 11.011582
28.354336 24.274088 17.414093
27.261412 23.907051 16.900665
35.734486 23.459427 8.604968
105.869 85.973656 51.07709
120.76146 94.34268 54.863613
68.15923 50.094723 19.357687
89.80517 68.72861 25.165745
50.167686 41.944542 20.408289
56.347878 48.785015 25.473314
58.45401 40.537853 18.90052
47.058784 32.41346 23.685728
42.513306 25.072432 15.912951
31.253813 28.018818 19.708601
24.479385 19.549047 12.386631
32.8835 28.700953 20.211369
26.12636 23.549145 16.621674
33.59217 30.753351 22.743322
36.691727 37.545235 31.789457
32.90669 24.261848 16.26299
35.299145 25.22817 16.517628
32.992496 24.284626 16.692356
36.77632 27.485893 19.079327
53.762577 44.17662 31.056551
28.606182 27.495508 22.76095
21.644861 15.112811 8.916205
21.976229 23.914043 21.561432
25.05842 29.299679 29.842535
12.4987135 21.20411 24.752136
74.80735 54.6934 30.634056
31.521198 23.296522 11.952603
34.022167 14.808907 7.7299438
37.960033 30.602686 14.902632
54.0254 37.9721 18.277754
69.61019 54.744926 30.645664
62.37381 42.464645 19.951948
38.326412 22.658897 11.900714
45.8928 33.28625 18.08411
30.545868 20.398771 11.195877
62.437744 42.38277 19.74558
75.218025 59.85458 34.564953
46.60118 35.303104 19.381508
39.06175 35.25702 26.223923
100.14863 93.20457 75.42198
102.57673 94.33576 76.58263
44.089912 49.665794 52.48689
45.4773 39.352345 31.548513
82.26127 77.74609 60.61684
94.7932 83.675575 50.284966
111.55577 94.000145 74.27676
44.71965 36.32935 25.665987
68.09416 61.38158 38.976883
40.128593 39.364315 37.343605
54.949375 49.485867 37.798344
31.47363 28.417978 19.668901
102.63595 100.69386 95.591034
55.722004 51.6918 47.808056
50.03863 46.160767 37.194492
41.118202 34.25738 27.775106
92.51442 89.57784 78.3844
43.80235 37.945076 26.08853
26.468119 34.311142 51.304707
44.86048 27.974504 11.27603
55.830345 35.060486 13.999077
38.808033 37.919533 35.056553
53.63425 34.811893 14.451947
28.265127 30.932861 28.83139
44.690826 27.513987 10.2761755
43.580444 27.02853 10.120241
22.531492 19.542711 16.418512
40.84074 26.343119 10.576486
48.564175 27.533945 10.146538
46.825417 26.424656 9.785208
24.494488 20.901928 16.229046
38.58219 23.866768 8.9163265
25.282755 26.764496 23.92672
18.502403 15.636 12.093774
19.660912 21.091614 17.99155
20.96625 24.477928 23.639788
66.65142 44.162952 17.014448
72.6953 49.408703 20.022581
24.255657 21.021708 16.501822
75.45676 49.77586 18.227978
70.646 46.09103 16.267872
25.292347 22.457216 18.086975
26.716467 24.436018 19.7441
8.27921 13.485699 13.027049
15.096737 20.396877 19.322018
13.434441 19.125826 18.671207
56.834667 35.165913 15.337388
16.774355 20.954763 19.214767
37.566532 30.061554 15.112009
12.375826 27.901321 38.307816
39.093822 23.854895 11.067162
21.56522 11.729725 5.88175
20.567696 11.443279 5.519085
22.111013 33.939247 41.638477
41.787636 26.900253 13.436019
50.603752 31.524815 15.280619
26.45503 15.41215 6.891196
51.590763 28.399208 12.493201
13.486694 17.088577 19.164967
9.719673 10.212121 9.962
18.282465 15.360334 13.967973
93.150955 91.36344 93.5836
124.45311 128.15822 133.29387
99.83989 100.757065 104.32202
124.79407 130.65802 136.13658
106.22511 78.01957 39.881897
120.776245 86.0261 41.33144
91.71773 64.95066 36.960663
111.48167 76.17721 36.38238
116.289795 79.72062 34.62347
129.1631 87.20559 35.626286
130.26886 90.250046 36.02928
111.831825 129.11674 142.31673
113.76107 118.63629 119.206024
110.219284 111.11393 110.58151
102.28688 95.61043 91.483925
94.8657 94.594795 92.67463
105.62898 98.19194 94.36514
129.90662 132.97852 133.37964
110.978294 104.28591 100.26335
97.64836 90.07042 84.82027
110.68719 108.91021 105.596466
129.84914 131.92822 131.50316
60.948112 52.495144 34.974457
63.04286 56.052666 44.09948
73.21846 66.0811 47.594624
62.41936 58.698307 41.918415
56.100574 44.7889 33.27144
42.55876 48.14054 43.860332
47.14338 49.42621 43.392727
59.98934 56.598484 46.434925
47.733997 48.163727 39.86075
61.019035 71.45843 62.65977
58.772606 59.52394 49.922615
46.299973 45.056015 37.673855
58.69408 52.433617 40.883644
53.227127 53.292103 45.709522
55.3403 48.200077 36.81437
51.487568 59.728634 50.039043
53.194977 53.66827 43.335884
78.02846 74.03885 46.52059
19.538364 33.57498 45.22596
12.639253 22.33984 26.815437
91.00801 108.93643 118.267654
82.266975 88.35978 84.382065
99.00673 99.57131 99.0726
122.60087 126.96282 118.96829
161.06621 161.69998 157.83032
98.04728 124.594986 127.428734
115.31675 87.2347 57.097366
118.3007 147.14246 165.2682
114.40722 144.07318 161.97327
95.26952 73.06109 45.62755
95.90617 109.58771 113.0804
129.98862 109.63646 78.668175
90.09045 103.97358 107.83972
91.95103 118.50136 136.26138
90.48686 105.237595 109.39615
100.94964 75.31991 51.59873
93.178154 119.219894 136.85735
104.58156 79.3353 55.155544
112.22215 136.77353 153.2316
110.91473 135.52107 152.03734
111.60334 98.148865 70.9645
91.989365 70.87459 44.20571
111.02265 135.80634 152.55267
136.78642 126.005394 99.728386
77.98735 97.51923 104.60788
77.305046 96.89331 104.05733
76.96909 97.60674 104.96766
131.58098 122.04778 95.00748
89.440636 68.71462 39.84227
92.30123 129.4492 149.02711
84.67325 72.928856 48.161568
232.98726 225.77562 213.8515
83.28834 71.60672 36.624783
88.59693 98.325226 85.99097
54.721565 58.073425 51.70175
84.07627 95.88403 71.83955
27.33008 21.595232 16.0456
44.054756 35.6402 29.219843
51.484413 35.33673 24.742983
43.845547 29.13396 18.428808
29.901466 21.76826 18.711563
132.96974 144.3709 148.56903
44.05548 27.57617 15.904574
51.83984 42.97375 38.529816
41.144424 33.612568 35.837437
119.2577 127.29147 127.706856
118.34406 123.992546 123.07761
108.73366 123.043465 126.93505
111.91853 124.64474 127.4466
96.47426 112.58022 115.89773
105.1055 123.20435 125.67378
148.2312 143.54655 116.95294
175.26268 166.99432 149.73839
144.64159 136.9602 122.28402
115.4426 93.39982 54.45032
146.6276 133.37384 103.839745
222.56943 214.36694 196.0295
131.89357 144.98788 153.00687
75.741455 84.452896 84.89188
34.15516 26.064419 20.286398
40.490944 17.596056 10.417832
65.79502 61.0574 30.564054
23.983925 23.753181 17.3725
63.40013 70.65523 62.550358
60.12687 74.54657 75.75903
51.071194 54.89423 45.70343
37.33411 31.285086 22.543804
43.617546 41.350548 30.939636
35.780304 32.122864 24.150131
50.314808 53.470863 42.74796
23.382454 29.321728 22.522945
89.52749 86.20282 73.114265
90.30779 89.16535 77.416985
93.94109 91.83501 71.43536
64.01243 84.894356 91.69726
78.85344 98.057884 100.87311
104.953964 102.81765 88.33205
166.5962 162.87236 154.1663
27.005318 30.217997 26.673271
57.3573 60.436188 53.883644
131.81628 142.31903 142.653
97.58365 101.71304 93.14268
83.31359 95.569885 90.18342
77.75942 83.48633 78.25743
72.713356 76.02669 62.52729
100.54696 103.89081 95.85404
58.535233 65.1554 61.23992
78.70904 81.65929 72.27967
120.05806 134.41257 130.8212
109.599144 106.26984 99.89406
68.30269 76.102295 69.80866
89.691284 95.008766 89.931915
87.67682 100.37354 95.032486
66.75486 68.3776 60.572357
103.06063 131.49736 125.71936
61.766705 73.25566 70.13255
130.54181 131.03282 125.48368
156.0475 178.63716 176.30034
75.99548 80.94925 77.567116
82.585785 96.75803 93.75221
98.63437 113.62301 110.832924
80.60878 87.485504 89.18116
101.19877 92.982635 82.54757
91.54045 94.73895 95.500946
81.79808 72.39506 56.101616
123.46756 124.92383 113.37408
90.86206 82.73167 70.23189
104.55485 102.99133 91.36796
92.44107 83.439514 54.51612
163.557 144.68082 120.44265
133.16252 136.50418 120.64785
168.14417 160.30385 148.42928
107.01355 100.459915 91.41664
88.37966 85.549095 73.75362
104.33445 89.50403 72.83299
97.19386 88.11262 75.07654
151.95195 150.93594 144.01126
126.429634 129.45685 138.66118
101.43561 96.33749 78.70576
58.640587 56.63896 44.16419
43.58064 44.65967 33.962826
191.17854 193.50597 199.71225
111.38362 86.92091 66.29835
152.60056 149.76215 140.3904
65.67813 59.10917 41.179295
28.21841 29.221008 19.405571
39.23536 32.562862 21.261898
38.559635 35.260757 21.473364
86.47448 87.54223 67.13493
104.649475 87.70629 68.11327
78.32578 74.041374 56.56755
121.64173 114.7938 88.99218
64.94522 47.12517 33.578815
74.81617 61.231716 47.15887
113.59154 117.77729 102.736496
1.493784 1.4837315 1.4763258
7.2640347 7.2537394 7.245945
12.21285 12.202336 12.193644
14.790453 14.779648 14.770566
10.409722 10.398771 10.389229
11.823038 11.812087 11.802496
10.16317 10.152826 10.143163
7.7637916 7.7542005 7.7443666
9.480308 9.471688 9.461514
12.555629 12.5473 12.537248
13.95996 13.952409 13.942987
7.7302837 7.722975 7.713627
8.025738 8.018623 8.009106
7.47754 7.470644 7.4611015
8.03125 8.024136 8.014933
16.429317 16.42225 16.41305
18.257357 18.250559 18.241114
17.031153 17.024548 17.015394
9.688642 9.681867 9.673392
11.461514 11.454837 11.44697
12.459572 12.33632 12.198936
9.17922 9.173295 9.166472
