0.0020011435 0.0025728988 0.0026388706
0.007674715 0.012666578 0.013326297
17.556955 17.70436 16.026873
15.311497 9.641817 10.345692
1.119233 1.1241369 1.1248406
3.6512294 3.656177 3.656859
94.292145 120.8723 140.62048
84.47603 114.36592 135.06874
135.86856 150.19783 167.42542
143.47833 156.53325 168.14551
83.20924 113.642525 126.65171
104.32566 134.1501 149.75935
89.03776 131.4525 137.58817
46.780907 98.56168 100.01216
79.06019 119.840965 130.02621
77.561485 114.55779 117.86181
100.59373 124.29219 133.76732
125.32731 96.34576 89.90681
127.17748 99.67333 98.04904
129.198 124.04376 122.00534
112.01792 97.26556 62.30037
67.096054 95.819214 150.02242
23.968575 28.250648 46.237698
25.44942 34.173286 40.373158
54.30125 39.506004 28.801117
47.6277 35.4547 30.05227
56.510796 43.352245 33.28975
61.138607 48.537758 37.535538
55.46754 38.60116 25.607292
44.453136 34.48608 23.448498
54.73101 44.318027 33.548622
42.63223 35.951004 23.879667
54.670406 41.65807 29.410234
53.96987 41.16845 28.96112
59.0716 43.526234 33.949135
43.39383 32.751747 21.31992
53.25861 38.806877 27.02021
41.342636 34.93484 26.264612
51.59192 37.51447 26.593393
68.49512 59.533623 46.130756
79.999146 64.77671 50.13225
61.730724 47.484146 33.358467
67.11499 45.070568 29.326582
71.22433 48.739105 33.827682
61.107315 46.919647 35.84725
47.25973 38.19077 30.174341
45.605183 40.746162 38.364185
106.09618 86.63089 69.00666
130.5784 108.855415 88.57598
94.352135 98.257286 91.744934
90.75254 73.08218 65.431564
92.822975 98.197716 82.14089
114.43216 101.330124 110.67023
55.62394 48.87307 54.34453
87.19761 72.91804 64.64575
140.42462 127.94738 120.48243
119.53486 103.91058 96.25184
98.56067 86.12214 75.77537
102.267296 88.557724 88.71281
58.832146 54.058933 39.924263
97.06158 82.878746 76.06458
113.2289 105.75745 108.937195
107.675575 103.3299 104.238884
111.87914 104.805756 107.45564
58.663303 53.935635 55.44907
64.86759 60.247547 57.53976
50.916943 44.935104 36.464508
60.75353 58.911137 49.377094
70.6672 58.367176 46.586685
55.971653 46.563507 36.932907
33.134804 32.475567 31.867155
43.518208 44.85163 54.156616
54.132427 42.740513 44.809517
41.56155 40.640675 41.54339
63.26444 48.6973 45.20781
52.335907 37.61112 34.429016
53.275497 44.459118 35.460262
70.987595 47.7225 36.33177
56.846592 41.733562 31.578463
69.52949 51.53061 43.079693
82.2773 63.303757 51.311825
79.34431 61.207745 52.552666
72.22448 52.867046 46.879337
64.7262 49.336304 42.12084
36.62152 28.773254 26.40942
27.123344 24.98465 14.798126
42.77152 33.043606 17.675573
42.743195 25.781458 14.6039715
41.968773 29.883846 18.207306
44.749615 35.534832 30.143248
45.187054 38.144016 34.06595
36.456238 32.36929 19.16803
35.49864 24.276356 12.933478
42.11079 33.36533 17.809496
47.113583 31.116264 18.601927
39.312004 25.985464 15.064388
43.91151 26.508686 15.685644
35.316093 21.263645 12.42211
42.95149 24.318798 15.260523
45.016758 24.85242 16.070457
64.935196 42.831177 32.170097
57.356865 34.126644 24.129568
47.72039 21.857874 13.338941
56.72404 28.888178 18.183996
60.162224 52.418743 41.040047
55.98771 43.5051 31.732067
34.948475 36.38985 25.755135
51.023838 43.501034 28.993425
43.872807 37.309143 24.872938
44.9472 38.04719 25.800282
104.1056 92.36753 82.275566
56.80958 46.26569 32.25982
83.750496 76.88369 64.25885
41.62981 44.22978 29.058891
32.787724 27.60859 18.706293
38.869595 29.811474 17.744535
45.213615 38.53833 26.12493
91.78419 86.27706 80.557465
43.991356 40.55555 32.61138
64.147026 56.384174 51.204533
54.585545 43.35471 33.74889
100.740906 94.15114 97.98804
98.941986 92.98553 96.0797
88.95395 74.71426 68.408035
103.99202 92.4193 95.21564
46.41949 48.67058 38.82735
64.51744 62.115627 53.906693
51.15158 48.417534 34.563465
97.490524 82.90289 68.0093
72.10098 63.88356 53.39636
39.733604 46.241367 33.301712
39.07534 45.273212 32.15785
19.807428 22.48122 13.450389
60.207195 59.666096 63.758675
30.870806 23.099815 15.622488
61.237587 49.101948 34.14481
23.206821 27.671 18.365461
51.77244 44.90709 28.682367
34.74159 45.432663 36.529114
101.173485 102.414764 111.73068
82.38154 65.189514 53.53325
55.696243 54.71806 54.540924
63.521175 52.53923 47.47438
70.7287 64.17975 65.058846
21.750164 22.32867 21.79098
29.362339 32.101 39.084354
72.82056 59.467125 52.28691
63.124535 64.505936 74.912674
62.880085 57.442055 56.80554
31.899612 31.29142 31.583147
25.559177 22.763426 19.633768
30.088577 28.059881 25.698004
32.681377 32.313805 32.889957
27.279346 26.53822 27.933413
77.17245 72.73524 75.85787
57.07998 55.366474 50.747044
79.1681 73.16238 70.89603
61.28458 54.629482 52.9008
58.252914 50.887146 48.436424
78.830124 62.606678 55.00132
38.374348 30.114372 19.181202
93.351036 76.361725 73.78592
80.12625 68.06674 55.020077
80.192856 67.606895 54.652416
97.43243 79.26501 76.27858
45.151913 33.816643 21.874807
60.053326 52.195496 39.016098
59.443638 51.814686 38.82036
64.336914 54.55491 41.81957
61.070282 43.94032 32.38567
78.96974 65.46776 65.303185
66.129944 57.452236 48.80173
90.50459 76.21635 67.89086
79.21318 71.87731 64.58172
75.62513 65.6226 87.6756
74.23921 64.9341 89.170494
36.915974 38.24999 38.54809
117.158485 130.2716 154.31726
94.018166 84.33593 82.50974
96.255905 90.622246 89.996284
96.684235 91.69906 90.46822
97.94674 83.22268 74.51797
105.47737 98.45674 100.75516
28.31053 25.434666 19.556406
40.802963 37.700092 31.275959
49.6308 45.31253 37.0519
69.54365 55.789726 41.138275
0.009565906 0.017636452 0.017988302
54.068127 52.22956 47.01126
53.505367 55.402954 43.969585
73.56146 73.63454 66.333244
78.02507 78.81953 72.305534
82.74031 95.20691 104.246056
62.686394 62.270836 57.420834
60.250298 59.992588 51.13432
57.522804 50.644653 44.906517
64.87945 56.164467 47.61059
76.290695 65.25481 56.09579
57.234924 47.382725 41.572414
121.26573 118.12084 132.61195
95.25518 95.666115 69.59212
19.845274 20.599354 24.412521
58.924065 59.18969 67.345406
46.81284 50.08774 47.411465
44.328144 40.479637 38.96816
43.615913 44.959473 42.379646
59.577934 59.166336 55.865353
58.24612 56.576683 55.2817
51.25927 52.18226 48.394005
43.632492 44.235607 41.999626
45.383823 45.972908 43.663258
61.339756 56.23796 49.781303
36.73451 35.34213 28.673573
76.78906 74.93449 69.193954
60.361702 56.903397 53.254673
49.47007 46.73 49.822998
50.14769 49.5393 45.515152
68.9366 67.87347 62.738884
53.9264 53.181137 53.755486
44.39053 40.402493 33.70548
49.022408 46.523903 38.281876
49.0643 46.897392 38.503716
46.671394 54.21153 25.83716
119.72837 133.30098 109.00917
87.74913 99.796875 65.07644
101.76475 96.06175 89.50332
91.17027 84.859085 71.98951
109.28086 120.403946 103.65712
123.85299 138.85202 164.22629
95.74284 100.5247 89.47757
124.51916 124.596756 111.24579
105.97209 108.059395 100.31717
137.24539 133.87718 133.20851
110.9355 126.27396 120.61145
129.71902 126.36456 124.795685
99.145355 102.92503 77.78775
126.05049 120.1023 101.64333
125.54506 108.57985 94.06547
97.25793 98.80323 95.17762
59.924286 49.62726 46.814224
111.11879 106.04099 107.82357
105.79021 101.23655 110.8308
94.7614 84.84162 78.64074
94.31077 84.75307 78.661476
93.753334 84.96875 79.07728
68.507324 56.481354 51.389477
71.28616 60.419888 57.69446
75.295334 64.18707 61.41947
71.27831 59.149296 55.351543
76.31149 63.307472 59.236618
80.3416 67.183075 58.573227
73.37826 65.37668 57.46807
72.55095 58.44144 45.370342
79.3736 69.22191 66.40375
88.30934 80.18391 80.51172
77.5223 67.424484 55.80424
100.18345 98.583084 93.04981
86.39328 83.39821 74.48522
83.5583 70.468025 62.283768
89.05047 90.24913 81.07549
63.679333 52.44698 39.53336
57.02586 47.930992 41.183334
68.307915 59.797226 53.20128
68.74324 59.418083 52.570347
67.31928 56.67898 53.54763
73.8016 62.034416 51.586777
70.307205 58.859943 54.20726
72.1538 60.507523 52.272003
81.07105 69.00327 59.73268
70.65567 64.04735 50.727757
70.59032 62.162643 55.044178
93.63111 79.646194 70.075714
96.117935 83.98868 73.72831
120.94408 121.27238 125.96548
61.944626 56.63909 50.616154
79.62574 81.95521 77.28733
80.87586 81.37676 78.70449
82.345055 75.63898 74.517265
74.48674 74.806595 74.59744
87.80719 80.81112 78.1222
96.704796 92.63555 86.80657
89.6306 82.97874 70.69075
75.35787 69.6339 57.901833
71.81033 57.827793 50.074814
87.12066 69.93361 60.86157
71.25691 56.805626 48.857765
91.389496 72.63667 64.24381
70.38631 54.998745 47.04631
78.23781 61.80923 53.115295
78.68107 62.00145 54.090405
33.96497 99.561615 83.150375
27.490149 44.512337 48.461143
50.673374 60.808353 62.579056
51.86953 60.01291 61.39429
50.510315 58.460613 59.767162
63.160244 72.759155 78.57758
146.65144 154.02054 157.53159
143.55878 148.93341 145.85626
150.41017 158.09383 170.85753
104.071335 105.937675 111.456154
137.92809 143.0517 148.44017
149.09012 159.32368 168.60822
73.9211 58.77011 53.683224
140.62897 139.43356 146.17351
121.34778 119.025925 125.20045
105.29483 97.6045 97.29197
147.02208 149.64984 153.93788
143.69717 146.88142 156.34787
149.18925 149.84517 154.20735
133.39409 129.15887 132.20203
130.87868 126.91965 132.87798
128.38107 123.432976 128.66318
108.54084 111.1065 122.9905
127.20779 123.392136 129.17671
141.45604 142.66185 152.13188
111.63223 101.28445 94.659164
168.38101 162.05515 154.426
161.62338 146.57364 129.77516
153.58388 149.46599 151.36142
137.15254 122.89086 106.31429
137.67749 132.26509 128.96016
111.08517 111.5225 94.84754
102.284996 100.499405 77.86997
118.28524 111.53936 88.142876
129.7126 117.07505 102.30197
131.62944 123.65 117.19226
137.06625 140.9678 151.24939
103.42908 105.06841 103.88778
97.371025 98.99804 96.02164
101.567665 95.17991 89.51196
145.2097 156.76936 174.51135
87.09513 83.68712 84.00682
141.57785 146.79799 157.644
135.37498 136.99936 137.10373
110.622444 102.06166 99.48019
91.554184 95.07035 104.79122
121.937836 118.142166 115.294655
147.93658 158.0321 175.43053
115.3597 96.93064 90.99593
131.1496 108.70979 97.81772
23.722654 24.967234 51.40377
50.9145 46.154484 34.26611
66.85425 57.263866 41.578022
50.16337 45.99413 34.89471
58.366516 47.57081 34.177242
56.2026 48.887802 35.299114
30.122026 22.27708 16.073471
54.726128 51.415226 38.581917
26.88776 25.454678 22.407507
36.53787 27.816885 20.148745
62.18338 60.873466 55.327618
34.671726 32.931168 31.63047
31.588446 31.591415 29.278906
111.07706 126.94045 136.1483
82.45001 104.050735 74.75894
45.995975 46.96198 41.299488
71.40003 75.82302 62.52111
56.6288 74.870186 47.999187
32.52208 31.797928 23.236378
35.91813 35.234814 27.002287
27.384857 30.32346 16.868849
36.069645 34.65046 37.52632
65.333534 58.338192 48.276905
77.36889 61.62818 43.970688
74.98918 59.16706 40.669437
42.340195 39.293728 38.359943
33.929565 33.854225 31.199608
53.864033 57.9313 50.721996
51.06936 56.085545 45.962856
76.45063 65.40674 54.09722
58.371223 47.86832 42.54099
75.78803 64.65187 56.73508
76.4512 64.5661 57.359238
75.0343 63.538177 55.697803
63.49237 66.12757 59.97326
61.537712 66.40566 64.80602
35.752758 35.4251 34.65864
37.11998 37.252518 37.107426
28.421427 27.676386 26.851498
37.24893 37.036503 36.24869
122.59186 127.840065 116.83762
65.688545 63.710033 55.401703
54.601994 50.97381 43.821636
56.280293 53.305077 50.466114
64.686195 61.375225 54.046753
70.10307 71.62629 70.3725
52.258545 48.90487 42.149734
40.330387 35.89064 25.496416
55.350796 56.344658 36.39924
88.418724 83.80345 56.41303
86.333176 92.81557 107.85433
75.81136 77.9145 91.3487
92.18067 108.19576 118.39735
72.078224 90.99743 130.85042
34.429123 38.45373 27.078749
35.90056 41.08304 31.14118
54.389584 55.48122 53.679466
49.705566 53.600388 52.648327
75.05341 73.38103 68.22002
68.46651 66.285835 62.053326
60.19873 57.262436 56.27163
45.544136 43.178608 34.289726
65.12746 59.22976 42.812664
94.2616 104.09012 107.14455
90.589874 63.23279 71.610435
86.43273 91.08671 103.81675
93.55931 92.0875 102.78385
48.570415 45.42101 44.791245
56.42655 54.188526 43.109734
38.199806 39.363174 36.434402
101.07028 102.69039 96.719864
67.924904 65.406494 57.337578
112.15492 114.39787 109.41576
65.69283 72.42341 66.04306
70.98903 69.82289 70.96873
51.240467 47.92851 44.641598
87.85911 81.22248 81.73816
77.98408 86.96418 81.882484
46.266262 39.592934 35.259205
59.255642 47.948036 42.942493
65.396 52.50376 37.721752
58.456944 46.70216 33.27444
77.00748 68.3378 48.652966
77.59955 68.71887 57.11609
65.39537 52.711372 41.958725
30.085434 26.888376 17.444695
38.754147 49.352947 46.106323
49.14905 58.973457 53.152836
37.146656 43.99976 41.8712
46.498833 52.459427 50.00233
44.268353 51.968643 49.488125
31.527664 37.081806 31.923868
38.489468 47.349453 46.926113
70.374855 63.87483 49.320072
69.11622 62.247505 50.5963
57.31937 48.691296 38.03565
56.31284 47.74713 37.062565
73.62275 60.730373 47.92341
85.1763 80.56325 72.86003
84.11325 79.50534 71.78317
86.49026 81.82925 73.465515
85.18388 80.59792 72.37806
71.76475 58.679928 45.421185
83.47902 79.55652 71.280685
71.269646 58.235542 45.39827
77.992546 63.784714 53.18039
79.950455 66.80578 54.72855
53.536835 42.67863 30.878899
76.91653 62.20902 50.996
73.51216 60.155254 48.129856
53.77308 50.907795 41.5422
56.68925 52.627148 42.545235
57.8619 54.240906 44.49004
58.553394 54.54783 44.229954
55.57424 61.364296 53.769207
184.69386 192.32146 209.6241
74.74867 88.62174 91.11442
84.66013 100.34226 124.13309
54.54429 56.6507 60.899017
64.94029 60.262062 61.559395
89.77614 88.78935 93.74317
58.83496 54.493996 45.617695
62.713947 58.522255 55.409664
99.114746 100.301094 107.92528
46.61534 42.143776 34.236156
89.236115 91.49188 94.481064
88.66715 90.621826 93.88699
93.47284 94.87287 101.53916
97.46578 99.55533 107.34587
117.651184 119.7152 129.45705
117.2251 119.520294 129.68472
121.31629 124.12249 134.30138
56.538307 60.99184 62.50917
29.256475 30.807428 31.022343
61.26285 60.625587 64.925255
32.7534 38.991886 41.790516
29.716805 38.265053 44.25683
29.75995 47.70073 51.000286
26.000637 32.84125 29.408716
25.586731 31.910389 28.83351
36.887848 42.28634 42.119102
50.38745 55.472534 64.77328
22.106478 23.665457 25.327593
19.806417 21.049324 22.853191
18.098715 19.113625 20.485464
12.838149 14.695738 16.60085
11.742336 16.949532 16.931082
142.99109 132.15985 128.54561
129.27379 124.53972 128.10567
167.59981 173.03265 194.71942
57.993557 62.510555 59.35961
66.66442 62.222015 56.62517
48.17997 46.652393 40.754498
51.647118 49.54209 47.091854
53.847076 49.24119 48.938843
69.18771 61.61356 55.529358
81.09388 72.78654 65.51221
51.723293 56.209614 58.82128
49.844746 54.459515 54.44918
58.324448 57.14947 52.51042
73.780685 73.1765 68.6597
53.09256 51.62196 48.746956
66.1149 62.604237 56.790848
67.8796 64.7585 59.68648
51.384262 53.38057 51.037098
92.29967 82.495445 74.38888
102.04825 88.11088 90.02355
152.0367 154.02771 176.06639
142.73065 128.7368 109.845406
103.395676 98.42895 97.358864
92.94051 88.13089 88.48124
93.45631 86.01093 86.65011
150.6434 150.85907 173.90067
79.735825 74.54849 80.661766
120.95993 128.26222 124.671265
53.356445 43.995426 39.76402
86.1551 81.13867 83.16922
84.61897 78.59054 80.3308
86.37487 80.8648 81.83426
109.18268 104.37828 105.318184
82.17219 80.26349 81.58418
129.37039 123.12048 117.826515
131.0787 124.64197 119.77317
61.69136 54.803295 46.765778
67.77163 65.048096 62.972908
79.98254 97.89438 111.938034
2.1736157 2.184479 2.1826758
18.127216 18.136341 18.133108
14.267559 14.27673 14.277499
12.487311 12.496482 12.4972515
15.120442 15.129591 15.130383
15.711043 15.720192 15.721027
14.922835 14.931983 14.926618
14.536658 14.545873 14.546642
13.618221 13.627392 13.628161
13.930708 13.939834 13.940669
14.150811 14.159586 14.1603775
18.920965 18.930115 18.930906
15.810903 15.820117 15.809385
17.600782 17.609512 17.610327
15.782623 15.791881 15.792673
13.28977 13.298984 13.299776
17.790781 17.7996 17.794367
12.59799 12.607248 12.608062
