0.3169115 0.31685308 0.31673628
0.33443332 0.33358642 0.33276874
0.71477383 0.7046112 0.7105978
11.223083 8.391379 11.097684
4.9713516 4.8493414 4.6559296
36.372078 36.35885 36.367317
5.2154894 5.2044797 5.212131
95.977425 99.12312 103.712524
107.01075 112.87962 118.725494
4.3449755 4.335718 4.350203
97.662094 100.488655 105.12327
108.88737 115.54397 123.069534
108.22285 114.62354 121.997894
80.90661 91.103966 86.69886
112.67047 120.068275 125.51254
118.91949 119.927986 120.80264
126.986946 133.59557 130.37111
148.4966 144.94798 147.1554
115.14876 115.73986 115.853195
95.69535 101.741875 113.503784
96.194145 94.41401 85.22358
214.66963 220.61513 226.02774
90.309555 95.74494 86.73247
62.419296 74.45846 72.57498
36.6896 35.508747 24.984318
48.086266 39.890636 24.481178
35.993927 35.01504 29.807728
67.616066 68.151596 64.59174
63.045033 64.18354 60.67801
65.164474 54.86444 43.305202
68.452995 57.638 44.40931
57.486755 66.554535 61.220104
51.63166 59.41337 54.8871
41.201736 47.305466 43.493416
52.557163 59.09602 55.60973
77.099495 78.08618 68.243965
75.07946 75.81684 66.72292
71.341064 72.063835 64.00102
160.34602 187.27641 176.18567
120.80189 142.66667 112.282394
103.07634 120.099236 113.31247
115.05592 131.94846 101.20077
109.77496 134.24393 101.97728
83.19432 103.07721 75.71404
78.57959 101.771576 45.218876
110.85127 129.87238 75.957596
81.832405 70.058205 53.138947
75.361916 65.36425 50.999153
88.70885 80.25597 61.75195
68.06396 58.68668 47.219547
70.05963 61.96671 50.907192
71.62535 55.2397 35.45919
74.18217 62.059196 42.503635
79.824165 96.20722 87.685394
83.30056 95.5647 88.53042
65.08665 79.20676 69.84992
103.98508 116.963554 116.28169
93.46316 103.26397 106.71165
118.14631 152.94714 129.31528
135.86 136.92072 123.72569
138.17911 139.60538 122.73224
100.50352 93.482315 89.26143
112.82466 106.10046 100.96282
74.4935 64.6071 58.646935
82.366295 69.247116 66.17741
86.41743 72.431946 61.398796
142.93178 133.63356 128.59457
96.56397 86.34682 82.545685
101.70888 79.2953 73.077156
88.46734 63.328156 55.193176
90.20687 73.71162 62.868294
96.82484 78.06252 67.57895
83.49324 60.447216 54.642204
81.37622 68.8131 64.80414
73.730804 78.7603 64.70768
107.07797 109.12335 92.07073
97.55439 98.85813 90.453964
91.4506 101.63537 86.89703
90.87682 97.66107 79.73063
87.03551 93.56949 91.38005
104.396576 108.17081 102.73927
35.335045 25.982391 19.398563
23.130276 16.474083 11.185615
21.899279 16.33563 10.665654
24.272465 16.103846 9.431329
24.214848 21.079258 12.487428
24.027946 21.062437 13.30377
24.811552 19.38291 12.704377
22.363024 19.06819 13.409223
53.236954 48.628944 39.80945
32.971703 24.627224 17.634115
26.26017 17.46389 10.306223
26.600035 20.191689 13.478316
23.658207 16.295856 9.854073
21.719387 16.870106 10.602926
25.284058 29.406477 15.070964
18.231989 20.498058 14.976784
28.90106 30.786964 24.557018
42.779343 41.80986 34.980026
30.43638 26.687323 21.416523
21.190578 21.76693 13.5720005
21.490261 21.855183 13.621733
45.600063 44.248226 37.74015
30.288029 25.350203 22.232193
34.9868 25.531174 15.570335
75.82259 46.991413 24.248606
69.06805 35.19461 22.317379
53.08641 33.710392 20.486406
63.53646 36.161404 21.017784
66.07569 35.719913 21.307772
52.93409 27.72771 15.195427
51.022633 29.482931 14.841544
49.043686 26.374004 12.837106
47.345764 25.127617 9.082616
45.633385 35.143593 20.475075
38.386326 22.202261 9.65739
42.929035 28.710335 15.58336
42.22013 25.004993 11.478843
50.421955 32.6856 15.250709
37.28362 20.814678 9.950384
49.10481 27.085155 13.020763
43.128727 32.168385 18.51196
34.649067 18.059223 8.975557
42.767952 25.417341 12.0111265
51.42841 33.32833 17.038898
134.47166 142.15466 110.2463
89.47858 86.97453 70.301636
96.468506 106.111115 77.01495
118.85933 106.39739 93.08568
121.13533 123.20442 108.04795
86.652626 89.81605 80.504486
102.07762 102.31811 88.14479
102.70923 102.93768 88.68426
97.67719 98.47212 87.154366
118.026695 118.98543 111.581024
132.9225 118.73469 116.387436
133.79958 124.41515 120.10525
101.69754 92.653275 68.84228
117.043106 120.6988 104.03907
106.47688 110.0985 92.8475
135.3507 138.63756 129.17911
131.50241 139.30835 130.7016
122.48223 126.7537 115.6844
103.28286 111.88042 94.941444
118.518936 122.04512 109.166046
132.02074 135.53973 122.21003
94.59472 84.93181 68.055336
137.6309 123.13209 118.5699
123.3314 123.30894 113.460884
129.02234 143.20264 102.32445
103.054405 112.04179 84.79304
122.52516 137.86453 98.42225
114.52469 126.68081 91.113365
109.9764 118.882484 92.60205
106.55731 114.32333 81.429405
92.287384 63.555443 51.52189
109.98823 83.16167 70.149925
105.78924 71.47592 55.960285
110.17069 77.40073 60.946472
106.765 76.26041 60.949013
109.77867 79.71874 66.10568
98.832695 68.405685 52.36688
107.169 80.94168 64.52282
102.78679 108.82522 86.1716
16.314722 15.342814 13.16526
34.11354 39.5263 39.509155
34.536053 39.686623 39.685543
46.79035 41.47928 39.308853
40.58803 37.034927 32.431736
40.42587 37.64866 35.170662
41.35806 28.003855 22.957743
42.39938 23.998482 23.690914
36.20772 38.40236 37.987442
52.92238 46.025757 44.438892
126.18643 128.41034 109.08633
58.874573 39.978683 28.955233
109.76544 101.480095 85.78828
70.40043 56.83573 43.9503
95.62001 86.83182 65.43372
91.0391 78.9762 64.74547
87.059425 74.12263 62.398857
121.35032 110.91041 84.846886
101.0495 84.748886 67.862305
118.7905 80.529015 65.069885
137.67162 118.7862 97.850945
139.16252 121.719215 100.61221
140.32231 113.68741 97.79111
140.8145 111.35076 96.28198
139.36491 110.03945 94.65601
142.64606 123.513306 102.980606
139.55466 111.10846 95.75207
146.70818 119.05338 106.24747
135.76392 116.06749 93.85971
142.51482 121.271385 99.27492
125.77452 108.80347 93.301956
124.015274 112.63251 100.71118
130.3256 118.837135 105.50241
136.79958 125.22997 111.115295
120.42204 136.67392 104.445816
109.34789 116.92474 120.04699
98.60004 120.53839 93.18637
98.46734 116.94708 105.536865
83.63864 85.674126 85.581085
85.13366 87.40014 85.719475
90.103874 96.06778 91.76351
101.18573 100.979385 101.95383
97.14394 113.875885 91.19239
82.81558 83.74558 76.75899
83.60088 85.086525 78.074585
82.386765 83.40405 75.30377
75.37975 76.99962 71.5758
95.33636 104.470955 92.754196
93.37812 101.69696 89.90979
80.60707 98.42628 74.27045
84.66948 116.33391 77.14073
73.69717 94.82881 68.449875
155.59639 162.91429 175.81357
111.53769 109.08764 110.13915
131.3571 128.65479 130.92174
112.5812 119.61017 126.51914
107.38031 109.29489 104.43922
34.999855 24.841135 15.757556
34.67021 24.538155 15.559005
89.641594 86.04757 77.96855
95.51534 93.68218 87.296326
115.233505 121.20153 123.43372
115.64355 119.39176 120.15904
148.92833 150.35318 152.93056
143.61256 144.47417 145.79062
191.98718 197.6363 202.64903
121.39947 133.28795 136.8329
118.64874 122.89125 125.65999
116.968315 122.42651 116.022804
112.74234 112.638466 114.450195
109.457726 110.78738 113.41635
90.61875 99.947754 103.744125
25.110212 23.608534 12.930497
42.067635 42.951756 33.575974
152.28143 153.85696 154.3047
121.020325 123.72619 117.91128
114.27953 121.91511 118.18804
100.405045 108.726364 103.00388
73.33832 79.310104 79.07908
109.22305 115.64851 115.37885
93.71214 102.82037 105.28467
84.25144 87.397514 76.84943
117.90862 121.86508 111.73799
134.57678 141.2684 129.81792
60.63245 52.462753 51.573986
84.08446 85.94396 86.31066
59.411236 56.328358 54.861286
116.31288 125.615105 127.68373
121.97007 131.48602 133.49353
15.232398 16.016968 13.54195
132.58023 119.94072 101.81371
31.768682 27.169582 12.409135
126.743805 113.08075 93.63251
29.337528 24.1678 13.0243845
132.16083 120.46961 99.93006
31.677628 26.587507 11.788833
32.85524 26.3712 11.347808
134.54597 158.03198 148.24904
93.49441 118.19309 82.68081
75.56014 94.14771 54.90243
88.26373 109.68458 74.67004
57.614723 101.47017 34.6479
80.46354 67.74333 59.338055
83.619865 79.412636 73.65809
85.51491 82.63578 73.90097
87.43329 84.752914 77.27483
92.23847 88.441284 76.78629
85.21631 84.7563 72.49987
82.69161 82.05023 69.73142
91.298454 87.57162 75.80411
74.565865 71.24069 67.21193
72.246826 68.22489 64.44406
89.69503 87.8157 75.93555
90.62495 88.682274 77.43317
87.674736 80.14476 68.91896
66.216484 62.696114 55.05689
65.428085 62.237537 55.0549
87.63572 77.24568 67.70242
84.37184 72.676636 64.58601
96.06279 103.93131 105.11568
99.55059 88.06705 97.79599
95.02199 99.67769 103.487076
96.31098 102.398476 105.99027
83.83293 96.293465 102.27959
97.929214 105.1261 106.459946
109.92077 115.01986 112.90012
116.90976 117.74576 118.33023
132.44821 135.8916 137.06317
113.826355 118.87922 116.15051
132.71112 138.37401 137.82025
106.14091 106.821075 103.2227
86.98295 86.44529 77.52352
91.78845 90.886894 81.75934
84.55521 84.82282 81.27655
98.32637 100.70038 92.92182
99.93765 100.00514 95.3806
119.62991 127.27559 123.96028
111.10945 125.37742 131.74202
92.71428 95.1956 90.88243
126.131386 131.85658 130.86482
110.79663 112.74269 118.30625
118.60526 92.52814 73.459625
124.72511 100.36606 82.19297
113.78483 99.782616 82.8145
118.2289 95.66802 78.16614
119.190025 99.18707 84.63254
116.19154 101.529305 86.91779
114.63864 94.722626 81.884384
103.91017 90.68268 79.35035
110.3717 98.62083 86.45726
104.50267 91.194756 79.23585
108.48097 94.37278 81.47788
86.11637 69.857285 59.08209
114.27214 98.542564 81.932976
127.14549 138.21944 138.16847
103.02076 107.008 106.32129
105.368515 119.61992 118.84914
98.19113 101.844406 95.123764
103.32602 103.488045 95.117546
102.14794 99.939316 89.73093
79.1353 86.84055 84.79374
95.49315 108.43478 104.37003
72.61934 76.84747 69.389244
105.07777 108.84263 104.10046
107.692665 119.269485 117.19043
110.78974 120.242035 95.47046
122.05263 129.23114 114.14858
112.0116 103.78364 90.156296
121.122505 112.327866 97.09018
137.61441 147.91954 110.21724
51.37447 45.05128 35.688198
58.796776 52.082615 42.174255
130.24738 130.45432 124.219025
130.27853 130.32895 123.31352
133.75352 133.58643 126.44243
114.27889 114.18442 108.31817
114.33797 112.12449 105.09622
108.27425 104.7853 97.37978
122.34267 115.51964 100.58093
110.21126 106.543175 100.19105
132.71016 123.80802 111.86999
144.56865 133.64618 122.77958
106.89931 104.54201 98.74515
130.52855 128.49304 119.762405
113.873665 102.75157 91.47656
90.45183 88.19519 85.81059
119.687035 124.44158 123.53707
105.21096 128.92206 120.86076
115.40195 112.311424 114.53015
50.684258 45.583595 37.07143
79.532486 69.57778 57.477325
65.1381 59.295128 53.63645
95.80507 81.744095 71.038605
79.57279 73.50805 66.3488
65.6295 59.557514 53.52951
50.24122 45.613235 37.711094
21.783606 24.733667 20.4075
21.410069 24.060947 20.31811
17.79374 23.668808 15.201968
31.116316 35.33125 26.30637
30.667086 36.33864 27.807055
58.993195 65.50276 65.58967
38.19636 46.468826 37.810036
30.018923 37.150337 27.798265
40.25512 49.519436 40.20448
59.906143 65.379845 65.11859
34.84017 45.028385 35.037876
18.54125 25.446018 16.314283
17.03738 22.58958 15.274888
32.675262 38.71933 33.081066
66.35161 75.346725 76.30806
17.45948 23.32544 15.022457
61.37748 67.58762 65.4794
26.80907 28.125223 27.42289
21.231462 24.322752 22.994831
25.238619 25.58047 24.55439
23.87647 29.227814 27.61376
28.06299 35.34956 26.446865
23.27223 27.703384 21.199778
41.22323 45.384224 36.30526
22.994072 27.62921 20.636627
34.95891 38.189117 29.037525
38.499256 42.599773 32.862015
22.152586 26.928862 20.292469
35.88383 40.153667 30.711153
37.671642 42.51184 31.34699
35.697105 43.40338 31.396578
34.13629 40.18874 28.766026
44.617 51.37742 39.437927
62.847588 62.38849 57.69395
66.38133 67.16894 62.342583
43.879597 47.32973 42.472416
33.249218 34.761673 29.935665
56.75163 56.284378 50.047222
46.53316 46.151154 39.19081
34.76728 35.610344 30.297054
46.590485 45.102707 38.52145
43.216423 43.545807 36.451828
39.890488 40.656223 34.641823
56.720207 58.07622 52.8753
38.010426 37.50682 30.403908
38.558304 38.26283 31.187103
38.397076 37.841137 30.925123
25.416115 28.08682 24.22428
38.24037 37.13594 30.019537
24.140203 26.371141 22.019945
33.140293 36.790993 31.965364
32.981747 37.94539 31.985983
36.732704 35.2067 27.696726
45.4836 52.91464 48.093624
46.940105 54.510937 47.029495
37.461494 24.000496 15.034167
20.473616 14.100138 7.5927343
34.230793 28.098152 19.288963
25.118944 14.822183 8.579739
26.27296 15.596355 9.085273
28.632187 23.495634 15.800922
27.733494 17.39544 9.958123
38.84724 18.612825 8.230529
43.58038 23.919428 12.149666
13.289314 9.397453 4.489998
12.781824 9.085215 4.6518703
23.441872 15.308823 7.660544
23.72777 15.321993 7.8085155
32.63172 26.423298 16.576439
36.467834 28.557777 17.576118
22.588762 14.8362875 7.3025727
25.541716 17.23999 8.978332
34.219402 28.043161 17.446777
20.30923 13.237333 6.1063576
19.274654 12.788979 6.100225
18.751015 11.910697 5.696376
27.630173 16.082235 8.196653
23.744036 12.444734 4.8966503
1.5329849 1.2527232 1.2460941
74.428085 60.010193 41.204742
72.99375 59.951904 41.975792
59.71524 46.522736 32.933067
50.9472 42.40598 27.233011
41.97287 28.27226 18.21657
62.780365 50.34702 31.079199
54.39874 42.029175 27.213182
61.03925 44.896885 29.961832
35.675262 22.139416 12.268405
35.10411 21.807085 12.150162
46.370354 37.627922 24.036884
65.75519 54.427155 37.60103
49.748386 41.434483 27.173525
65.41399 52.953743 35.73136
56.279472 39.290424 22.433432
51.379787 42.74351 26.346582
55.97395 38.529537 22.211285
46.192158 36.422363 23.384604
36.074673 23.725023 12.47379
37.82735 23.84426 13.104021
38.064713 24.42724 13.574745
52.251 42.85997 28.251818
58.36317 44.91832 30.146687
66.004616 53.628098 36.307743
65.966125 50.34416 34.351986
65.87504 50.316006 34.301815
66.27346 50.877872 34.7879
54.757557 70.811264 34.677307
65.615364 90.50481 44.077503
60.969746 76.2548 38.662003
81.277374 83.35803 59.648922
72.27156 73.93812 48.98712
86.86657 98.205124 50.885117
91.50051 100.010254 57.46862
92.54365 101.93088 58.511726
72.68805 72.46897 48.742924
100.00073 114.21359 65.55188
79.19709 83.37815 54.34229
108.66504 121.23652 75.09491
100.554504 117.82426 86.126335
97.08697 106.91519 91.26362
34.329906 32.66539 25.744795
55.380135 47.490524 36.985397
19.442308 18.625763 14.842157
10.978419 12.792659 11.432701
19.791636 23.265982 12.384399
82.240486 72.022575 63.26826
92.64419 84.33093 74.1772
91.41997 83.14158 77.34369
83.896355 76.514496 66.1025
74.37894 64.244606 54.166603
70.167915 56.731857 47.206203
77.965744 64.63923 55.854656
67.73457 60.0957 53.01688
68.9253 57.43311 48.722572
71.88783 59.765793 50.960167
69.56818 57.678825 48.298603
70.27711 59.657566 51.693253
73.00088 66.3752 56.059574
72.67354 66.1454 56.511257
113.24563 103.89718 96.660164
136.21535 121.865 106.50714
75.006744 79.18226 78.54969
82.19782 89.44231 89.82747
96.42987 104.33327 104.15107
114.89218 117.51555 111.517654
122.87574 123.98955 121.176704
124.427155 125.34562 121.43294
108.255585 108.818504 105.41947
57.51561 59.8303 53.204975
68.01603 79.414215 81.92655
71.89472 86.31069 90.71393
85.423645 99.85787 104.402214
64.137024 66.33429 70.48065
68.9227 82.005516 85.803055
62.37593 72.698654 76.78597
62.323307 63.7259 66.82773
61.638554 63.248196 66.47969
62.43346 64.56008 67.7254
68.44587 74.36668 79.42756
70.69856 76.50623 81.51
68.48498 80.635284 85.00879
73.13217 77.08577 80.967
95.88392 109.40172 114.55092
70.65459 73.6264 77.25135
43.838943 49.13232 53.260433
68.497475 71.905 74.80098
90.26581 98.69378 100.05578
92.32418 92.32036 92.518906
80.61589 80.853226 83.202614
94.36986 94.46862 93.78115
77.71924 81.35403 82.76401
87.6083 89.46579 89.974304
84.4938 87.19794 88.12753
72.00447 75.50346 76.66542
70.49613 69.72032 68.71927
106.4794 113.5762 118.60976
104.06474 100.414856 97.5939
89.91934 92.293434 92.770256
104.272026 106.827034 107.35952
103.03192 104.72815 101.95053
168.14339 172.4832 159.52664
95.84902 118.45802 126.95266
111.81392 123.77225 127.75207
45.71118 35.77055 27.438017
127.99115 126.19277 128.18723
152.35928 151.31166 146.15924
150.04688 143.9559 145.6212
99.627396 101.17145 100.49415
71.676636 86.18036 96.50796
74.91584 89.9842 100.60039
78.698364 93.88304 104.75391
80.49455 95.94022 107.346466
116.4016 124.01008 126.53039
61.633095 64.74202 64.909996
122.21283 121.51193 122.206116
62.35388 65.14797 65.213036
89.572174 101.37161 105.7207
119.17026 120.962944 121.3427
102.19549 117.567505 126.32996
2.6803143 2.7153287 2.7751074
6.254972 6.2569866 6.2599072
2.0673714 2.0699706 2.0731828
11.272319 11.275852 11.279415
11.163216 11.167216 11.171101
10.085039 10.089653 10.093801
10.189557 10.194229 10.1986685
7.1427736 7.147563 7.1521187
9.5777235 9.5827465 9.587302
9.415706 9.421108 9.425401
7.8958035 7.901323 7.905645
10.777298 10.782846 10.787109
11.803522 11.809304 11.81348
10.590749 10.596969 10.600999
15.1219225 15.127792 15.132027
15.135823 15.181176 15.23745
16.780539 16.785444 16.79003
11.5031395 11.507871 11.512543
10.838215 10.843004 10.84756
12.712262 12.717081 12.721665
7.372105 7.3769236 7.3814793
6.898344 6.903221 6.9077477
7.34591 7.350787 7.3553133
6.845253 6.8500133 6.854598
7.0083227 7.013112 7.017697
