0.62149316 0.6197469 0.6196038
0.6419615 0.6273331 0.62567276
15.588085 17.019466 24.825146
1.545517 1.0384175 0.90618914
8.737175 8.251002 7.3122926
2.0325775 1.9779285 1.9118286
14.279228 2.7350566 2.24708
101.07829 73.93084 65.306625
66.45855 51.833103 47.274677
90.905556 60.28948 57.944347
100.072395 89.20731 80.83749
95.656075 84.51586 76.636665
88.120605 78.8575 71.433784
70.32555 63.19498 58.35483
94.80565 83.3925 74.818016
61.202652 54.819763 46.26835
77.91867 65.13108 58.022385
91.60071 83.79165 76.72893
74.480705 61.674767 55.27983
79.071915 66.24413 58.92348
78.83027 66.45056 60.994648
85.03421 63.78607 59.435875
93.92139 64.03023 59.34155
54.298206 52.34043 46.170475
158.93771 154.84613 142.8957
146.7532 145.66586 136.87927
121.29952 116.54581 108.383286
106.16707 104.53945 95.944695
123.95743 123.4191 115.273705
141.3323 138.07346 124.81707
120.70431 121.96791 114.668724
123.907394 121.64849 113.74734
118.63784 119.37553 108.45537
103.83359 104.008415 96.12204
173.2467 175.97238 179.5055
109.26031 82.98629 80.71167
101.65627 68.479645 66.79019
134.02785 116.70984 115.04723
124.964615 101.9173 101.722145
86.67589 62.192974 59.03212
117.41967 90.67013 85.64877
95.16967 76.793 75.477646
120.0156 92.324486 90.31948
71.91189 55.295776 53.875843
121.06602 96.84118 92.87379
114.98113 86.749 83.540825
97.51503 78.401924 74.92483
104.1839 77.40407 75.13913
82.68736 64.86974 60.259445
99.6135 72.883804 69.16137
99.16518 74.96711 70.9256
164.73068 167.68164 172.46811
138.10826 127.77107 120.999886
154.1358 149.42734 143.83803
109.9497 100.9826 95.10277
113.59839 105.521385 100.21378
124.40719 115.34135 109.29752
165.90674 175.62587 178.05139
101.30493 83.35002 70.60941
97.06893 83.35234 69.124954
64.29014 45.523876 30.703196
132.72148 107.82151 84.201965
108.11288 91.485146 74.82117
84.32844 67.73569 50.9254
72.77668 154.78287 143.10185
84.7342 86.89362 103.721
128.25246 140.81421 155.3494
102.718254 73.91589 87.034325
58.272903 70.41898 61.225494
66.24611 75.53321 79.309456
92.63085 94.200905 110.39425
106.64145 95.85652 125.6373
84.18015 63.19561 50.410313
86.15049 68.59721 33.061977
63.02479 45.645424 36.881283
87.033325 102.290565 107.19071
60.99539 50.7569 38.671104
77.344185 90.820335 90.12101
85.846756 57.523647 44.664204
63.970142 48.028625 43.725353
92.5132 63.28438 50.887268
85.72409 71.70963 65.1523
83.71883 58.929005 44.92872
66.5704 62.006985 57.77167
75.413 84.10938 69.855
102.15407 123.408424 119.01002
97.5065 70.92975 57.03278
122.25498 96.78495 100.62644
129.9087 85.2484 87.37158
61.586796 59.64133 60.11428
117.42047 101.70022 105.88982
90.02722 72.82349 56.899204
100.46616 98.44515 94.37298
109.855 111.47092 112.851654
69.07171 58.286015 56.792053
50.62527 102.74141 109.55179
95.40639 94.318565 88.675224
130.66328 126.18473 115.03461
82.99347 79.95626 68.50063
77.05228 71.505066 64.22982
157.08456 144.22461 138.36427
134.83557 109.375755 101.34713
100.03991 85.79792 76.975296
129.04729 104.89457 93.04002
119.00813 93.49356 80.514946
60.774303 61.637783 57.89823
64.356575 65.97607 60.42228
101.00389 98.56882 95.21914
134.65237 125.26606 112.186646
77.81117 110.90539 122.3384
90.42566 122.26554 136.02768
100.80989 131.0872 141.16678
78.56352 111.156044 124.59956
55.60698 52.14806 54.17345
119.0651 110.77771 99.98131
124.64333 107.404274 92.06278
130.61694 111.92207 95.5892
75.3023 67.16503 60.08511
73.112274 70.169304 71.74665
124.43264 128.12877 135.32643
125.174965 128.70265 135.89099
48.922623 43.46619 40.054676
98.33173 89.602516 81.567444
70.02413 67.22381 62.285812
121.82094 124.34825 128.43076
134.46596 138.07704 144.0673
124.52222 133.16884 144.39153
75.63732 59.513054 53.56862
112.79246 119.48955 126.8747
121.887695 126.91744 131.06924
87.7206 79.49144 75.69684
118.500404 118.2733 123.05024
81.556366 79.18264 80.32148
99.18559 94.84115 91.88389
103.63289 95.46548 88.503494
101.91377 92.88881 83.009476
119.300186 107.63003 95.84848
114.15768 103.42983 92.953995
80.056595 75.27697 71.69919
128.94644 117.53504 107.79406
82.840805 77.27754 73.41354
91.91354 80.67935 74.721146
115.455315 103.13629 92.702934
83.24015 78.30333 75.21817
105.26583 97.93545 90.987976
103.69489 100.7721 100.052185
92.330154 81.31937 70.16145
93.86353 89.41186 87.28696
124.655075 114.48228 102.1855
125.84682 118.998024 112.79168
110.675514 111.62258 113.397484
123.506294 121.16856 111.630714
107.42483 103.806564 98.03272
69.09195 72.79984 72.10535
99.197495 91.45932 86.799065
76.05571 72.154015 67.47664
70.31979 59.656704 60.279057
69.515915 68.34017 66.85675
64.300125 57.559975 58.243187
129.18056 134.95203 132.25653
119.40279 126.42277 126.25733
130.31049 137.77399 138.44301
120.58308 128.16982 130.12724
122.06556 133.02637 132.88574
81.70566 88.74502 91.22363
135.60776 144.91435 146.88303
144.2764 147.40433 150.22707
102.108154 109.8948 116.46783
91.93605 98.38944 100.68963
109.77413 114.89256 115.91993
106.60277 111.37624 112.793396
101.641045 109.970856 110.53449
100.910515 103.89256 104.381996
111.97492 118.18645 118.35054
100.744675 108.14165 108.46654
118.5442 123.33502 123.024765
133.2434 137.88538 135.45981
128.60062 135.26196 132.72308
117.38283 124.06192 121.74347
111.20113 149.78355 165.5477
105.6026 121.46659 129.73395
115.65333 121.960526 123.266205
120.810234 123.69492 124.99742
90.95328 100.0116 104.826836
96.97948 107.459465 112.41944
108.86293 115.26443 114.4639
81.58299 90.16916 96.201935
93.26405 101.464905 102.76715
94.07715 101.51629 102.83167
95.805565 103.209496 105.66764
101.97644 108.24304 108.08296
116.06401 121.7697 121.00813
104.078636 111.08955 112.70236
78.67671 86.65081 87.55462
111.10841 119.33585 124.164345
136.68925 142.0087 139.69203
131.42334 134.49484 132.27843
136.38432 141.47026 139.93942
116.07019 122.35678 121.37261
73.00693 75.50369 73.79589
49.503407 53.462585 49.59487
67.61224 70.12309 69.78587
56.502205 54.406677 49.9264
85.77954 91.240524 93.57532
79.11711 71.01443 63.48626
91.90003 85.78384 79.38392
71.19257 68.92566 62.133114
48.062637 42.16913 40.737892
42.971718 39.2285 39.31713
81.72051 78.68705 76.70383
87.08076 89.20592 80.058975
64.23451 74.006615 63.560345
91.622665 75.95752 56.63807
66.02929 74.30436 67.808716
68.39537 74.28011 63.222347
54.325634 52.913116 43.32861
61.647114 65.72203 58.184586
60.855778 64.847565 58.639328
51.02771 54.848362 49.71436
65.88603 72.516945 71.48546
66.0363 56.052418 46.186275
52.84908 44.950417 39.8891
80.2666 73.08505 63.63263
74.02931 62.330727 51.113476
110.31252 89.12788 74.483795
70.15359 61.06258 48.406334
57.50292 49.48938 40.208836
83.20569 65.99722 54.230736
52.221573 45.599163 38.979187
77.37853 66.77814 54.56865
67.91944 55.88114 46.47727
70.81607 57.635548 48.239265
91.28905 81.828064 71.50951
106.3047 98.249855 82.45726
103.6547 97.7352 85.15318
122.02284 110.55777 98.574455
104.313034 93.599365 82.69421
107.797775 96.849625 85.641304
120.92254 109.037674 96.82457
82.5257 67.418495 54.4777
78.37353 69.6614 58.502777
59.84533 54.332504 47.835396
60.487118 54.96393 48.46127
95.98737 81.53158 65.48322
36.932697 42.25146 33.774277
66.77339 65.30382 53.920788
73.609955 71.11571 58.682327
107.108894 107.19043 95.72337
98.71745 97.620636 84.78155
55.428432 51.72269 36.75286
49.194378 45.059116 30.646198
45.943604 43.513226 44.69684
57.790707 56.471516 52.48921
58.081932 56.6843 52.68665
58.52244 57.009274 52.985573
117.33926 113.51337 106.29844
50.04947 50.717854 46.310688
51.755352 53.586998 52.006958
57.700047 56.340633 51.33159
71.65101 68.643135 62.747826
69.52877 71.71989 69.08451
62.570824 63.798695 59.151524
70.051926 71.515976 69.861015
61.79154 63.167496 58.97435
56.996853 58.40244 56.464504
75.24327 75.5446 72.636665
67.37006 70.152954 66.18868
49.05416 53.183784 52.716793
60.00501 64.41701 64.26606
74.94063 75.03358 68.78078
75.4262 82.4505 81.49049
78.65109 80.67826 77.39262
76.98943 78.94641 75.497826
75.05834 76.99579 73.43533
60.02047 65.843124 66.44484
85.56713 87.81146 86.42597
88.05468 89.89683 88.39491
51.7583 51.65284 49.36571
74.593895 79.776024 79.19853
65.599304 68.84178 63.40974
63.763885 67.42027 62.606922
77.63297 69.08992 63.626587
82.13867 73.3538 67.8751
80.66795 71.70984 65.2038
95.7003 89.40854 83.72326
128.17825 129.93736 131.88687
151.69618 151.80391 152.61818
97.23875 99.5661 99.79586
85.19827 86.75693 87.88698
86.11136 84.57597 82.550415
109.34043 106.37871 106.02119
69.72544 71.82884 71.54223
104.27857 99.4809 95.85953
113.84733 112.172165 109.479416
118.14903 116.3471 113.908676
137.09521 138.6737 140.86668
105.44844 114.63137 114.63003
116.64786 117.7713 117.05485
125.09015 126.092064 125.47478
187.34839 192.37234 198.37198
149.88855 156.99173 155.84953
140.34367 143.98297 148.06685
145.70906 153.6626 157.54987
163.44092 164.57999 166.34116
127.6515 125.54171 124.131996
122.686165 129.15536 137.71236
155.41786 157.72292 159.9317
165.5221 169.55696 172.65762
159.71565 162.777 166.8962
157.24919 159.51875 163.37189
155.44592 157.8453 161.03532
156.07451 158.78758 161.93118
107.46891 111.703964 108.57824
118.852516 121.18307 118.32383
111.45929 113.9994 110.06808
112.72418 114.525276 111.7076
122.285614 126.311005 123.5361
125.01328 128.72661 126.62656
122.6328 126.7699 123.75859
114.39436 115.575836 110.50206
114.293655 115.1906 109.78318
119.81584 125.43006 123.82122
114.483826 115.79477 110.54045
115.5862 116.81985 111.6549
110.87433 116.88031 116.79148
124.62309 125.64059 121.60703
119.68207 118.34335 112.45422
119.65905 118.67262 112.78155
106.14941 110.70692 108.729706
116.451675 114.00467 107.87441
146.89597 147.10371 146.62721
160.48804 159.17622 157.45216
145.52362 145.51767 143.84705
117.250885 120.17571 117.52877
143.71762 142.8191 141.25844
144.00948 142.90047 141.1924
151.75713 150.53131 148.75104
128.6231 115.41392 107.6249
151.04657 146.53833 140.9309
155.82567 145.17915 139.58633
137.28278 130.97163 127.685646
173.81252 176.60822 180.4566
154.7993 157.85927 162.18951
90.88057 91.5537 87.30708
112.10615 114.98769 110.72498
107.21519 110.55331 106.401436
112.68553 115.54612 110.7259
117.90106 122.498825 118.650696
159.75012 165.24808 171.28748
146.7483 152.43193 159.17268
134.26254 140.41655 141.36047
134.83084 133.29369 131.52425
137.0348 135.61691 133.86978
131.6307 138.54146 139.92017
192.27623 196.08342 199.22859
170.3311 171.59201 171.44873
157.3623 159.97171 159.99026
152.36008 154.03172 151.72693
150.23108 152.6454 152.98795
121.94243 125.3988 123.76291
147.8907 148.87811 147.09879
145.56476 147.06982 145.65121
123.71528 129.27934 130.05302
157.55026 159.14972 159.2165
146.80199 148.74808 151.15198
162.49863 165.28238 172.95119
197.31506 199.61636 204.4542
203.18495 206.46909 212.01826
177.40742 175.08786 179.89296
228.49641 230.90697 235.06381
201.74258 204.23386 211.11462
165.74686 165.00659 170.75235
170.57594 172.03418 177.15266
165.89156 166.83722 171.95961
128.85019 100.6176 91.40911
146.23532 141.08044 135.2865
137.14632 127.88652 125.23918
156.11963 149.35918 145.87038
116.97481 111.39291 109.50802
143.46576 138.76787 136.29784
109.716194 104.647514 103.473694
136.09633 130.09705 123.9402
133.47076 128.91945 126.36133
143.23975 132.67609 130.97412
113.17359 104.95159 102.78578
110.06398 102.268776 101.22567
133.19017 126.39777 124.06352
129.23666 124.3526 122.952736
109.32632 99.71227 98.17173
89.42308 80.44507 78.54171
130.41148 122.342636 118.19151
126.9781 118.717964 113.70019
127.642876 120.09427 115.593155
131.92433 124.18493 117.489204
99.2137 85.787445 81.8891
106.70697 98.28622 93.84914
112.654785 103.80396 99.78661
111.98995 98.83038 92.15044
106.52428 96.0902 91.03243
105.03249 94.53086 89.934555
131.08408 126.120636 123.028656
165.30055 161.3574 159.70305
204.69 206.05608 208.2254
147.35498 143.72745 142.17014
124.70291 124.42545 122.60263
136.98369 138.50009 141.38309
141.4499 143.0527 145.73677
187.53293 190.60403 195.62688
82.69057 110.91612 122.00358
85.99453 113.41707 125.28321
77.235085 93.110016 100.124725
59.62705 78.600365 86.20305
73.08754 64.05955 54.828926
103.01978 89.73686 74.1425
100.22884 91.50155 80.73806
107.615135 101.101166 92.17342
103.34988 93.08986 80.12023
96.01199 88.41452 78.17663
110.14786 102.61188 91.87181
111.0523 104.398346 95.028915
85.512566 77.52247 69.43991
90.38374 82.4927 74.645996
88.39176 79.35074 75.75887
77.98142 73.79323 72.14477
80.52256 74.53361 71.954056
114.05359 103.75647 94.737175
99.895424 91.02084 82.15573
96.71665 87.78472 78.97512
93.46791 85.16813 76.416756
98.67259 90.07569 80.713875
96.0438 87.0018 77.05156
111.22298 104.87347 96.621895
90.226585 82.28032 75.61494
96.438484 88.57434 81.48228
95.26543 87.25103 79.834595
66.25461 60.347244 55.584423
111.245445 101.207085 87.8603
97.6464 89.58757 85.2822
71.451675 59.2569 46.408592
124.18599 110.916466 93.350136
105.43092 96.60706 84.78707
94.486946 88.61044 82.221405
96.525795 90.05702 83.04695
79.32337 76.71324 73.70314
77.73989 72.95345 70.58167
95.13449 87.923 77.922424
78.53112 73.33474 68.83651
87.94215 83.821594 82.40304
65.62098 63.095013 59.447784
86.59061 88.774765 93.57896
67.72704 66.293915 66.46708
102.90871 96.22672 90.43914
106.46971 98.8783 89.235855
83.65318 78.01841 73.37982
112.37309 106.40012 97.245995
106.81344 100.098366 90.98634
104.13203 97.01111 87.78083
74.636894 69.64374 69.12748
111.70145 104.6863 95.684326
97.5679 88.16297 82.04488
90.65441 80.20128 71.310745
89.58033 78.33863 68.05886
107.34487 97.92308 88.7806
96.803535 84.6774 74.661255
116.293655 103.41398 89.21811
102.57122 93.72298 83.790596
113.65184 89.53266 65.45471
85.01546 76.85841 63.861732
102.171104 79.96399 55.13057
93.32626 80.11832 64.315414
118.62052 110.4617 106.572624
77.95045 75.78063 77.59015
129.93262 127.563896 123.47404
98.54835 101.29208 103.23142
102.621635 82.486946 71.843636
88.87407 66.45766 55.53653
92.36525 67.172165 53.15765
129.27075 108.5365 91.616425
96.34905 73.587746 58.17451
99.3082 82.300354 74.03103
86.65135 67.043655 55.40327
101.00054 96.81278 93.3262
75.479416 73.59023 70.77325
74.77903 72.98077 70.64786
76.073685 74.13985 70.774216
77.7741 81.424995 79.04996
85.06198 85.88409 85.21107
88.21499 89.742584 87.55565
92.71381 97.67142 98.24585
77.89173 82.3956 81.957405
95.59507 100.07586 98.25052
97.030975 98.826035 96.2354
111.66083 114.86385 112.186676
124.64397 126.23918 130.2277
111.71519 117.30021 124.73804
120.733536 125.543655 132.59464
99.31919 102.63844 105.215904
192.66432 193.10417 199.06215
138.00523 140.2185 142.23778
152.95056 154.60786 156.00124
125.238235 120.714676 112.56716
119.935074 115.95316 114.575005
124.42883 126.03232 121.87484
79.2962 81.468254 84.61471
137.82578 139.39221 141.04271
95.821655 97.512024 96.74871
141.00813 142.26045 145.0797
123.19412 108.24075 100.13572
137.17975 139.84868 142.224
133.58038 141.33763 146.38345
82.10366 78.51923 73.26637
179.38828 180.36273 179.71565
110.21482 113.12224 115.53936
110.842064 113.97378 116.29119
140.67165 143.48674 144.26569
108.2962 112.60397 116.81143
134.84 136.6251 138.65308
185.8131 184.66853 184.87894
186.63655 185.52614 185.77943
1.8162429 1.7060574 1.6433356
5.0581417 4.851053 4.729818
11.387037 11.185646 11.067302
7.734656 7.63386 7.5765486
11.751946 11.55817 11.457031
11.915607 11.722833 11.6322565
11.734026 11.634976 11.591663
11.458777 11.25979 11.178719
9.362877 9.147973 9.065241
9.939797 9.712756 9.613592
10.144681 9.913575 9.796777
12.3360815 12.108039 11.975266
13.666237 13.448557 13.308428
9.903642 9.694035 9.551443
15.445952 15.250114 15.105605
13.826491 13.63595 13.491269
11.995048 11.803905 11.660083
8.09238 7.887009 7.7316785
