0.0029239766 0.002669718 0.002669718
0.014899568 0.012509535 0.0122044245
41.521053 40.506638 39.920086
6.065268 3.1590643 9.3836
0.11332316 0.107551485 0.12776506
159.191 120.59255 83.751816
104.65596 71.55472 41.52202
128.66745 86.31376 56.7254
115.50074 79.56026 60.546886
172.29512 140.69423 109.96265
211.3063 177.2262 140.9717
97.31596 47.067608 27.047699
56.39568 34.57605 23.676914
124.54948 79.05327 57.638954
116.738594 72.70112 43.1986
166.9676 128.86484 88.28894
127.962265 99.64287 71.85494
110.55373 74.70539 54.85716
112.43125 84.5236 58.448742
2.9125857 5.776227 3.3679888
52.98355 47.943756 41.0417
20.198982 24.836817 17.443605
84.85548 76.344826 71.656906
96.03461 88.38388 83.267784
93.809586 81.718994 76.84887
83.39947 72.1357 56.08144
96.97407 61.125046 45.9954
141.02426 106.985916 88.92469
34.058964 40.553802 49.4119
65.28444 62.28731 63.37358
51.33519 48.2643 53.656597
45.135544 47.618816 53.73402
53.513042 56.77381 64.574776
63.0207 60.22962 60.8327
136.08614 109.384415 95.54495
126.14256 103.73872 89.97068
126.66659 87.62825 72.88579
133.21597 96.507576 78.49334
126.76832 92.30379 74.72975
128.09306 105.72716 95.539566
47.859344 48.217262 53.031097
58.50928 54.466133 72.845665
43.67404 46.921 60.34058
103.2267 96.72764 91.97907
60.66789 57.10534 57.302773
113.66407 89.15685 81.96883
130.75146 100.40346 84.99176
109.71604 94.066284 78.8896
119.39273 101.77849 79.7421
120.302185 96.10989 78.66796
99.0163 94.878845 98.15327
80.422325 73.68442 69.380775
108.89903 91.33181 82.90722
96.269135 79.88251 69.16143
98.651566 81.35627 69.56273
87.700584 79.57666 64.08513
91.643196 71.79295 63.464863
93.17633 79.62835 67.45286
108.30201 93.76662 83.80707
125.11106 176.34825 161.55678
78.60635 71.638466 77.94226
104.40717 106.28665 124.003815
103.59957 105.35271 122.9539
101.50783 83.370964 75.93316
94.73102 92.27577 122.769516
82.13936 88.89888 124.64872
86.491684 71.38894 72.93959
73.94444 62.737072 66.49479
145.73788 132.3597 121.38144
116.4461 92.75309 80.48617
92.58594 74.723366 64.97279
136.39192 118.27666 96.486374
151.63608 106.975464 85.76692
115.79344 78.89825 63.388916
127.40895 93.02654 78.2866
123.90905 90.54129 76.931656
109.00745 71.45352 55.9509
107.95141 73.40882 59.0686
108.14935 77.52128 65.166565
84.878105 57.171448 45.98131
93.59611 62.719757 50.412918
103.95604 74.6462 62.080853
105.01912 74.52726 63.938545
118.68042 81.088486 68.93847
112.821075 78.8508 67.47302
134.78474 106.51541 94.74609
102.15787 73.26794 60.95703
105.19629 68.39214 53.454792
112.82609 95.08177 77.978874
129.98466 126.79947 87.86161
151.95131 126.96829 112.37989
112.48258 110.304474 82.169945
115.58304 110.464584 82.98899
162.11562 134.71854 115.19911
127.15668 108.71007 89.51792
159.55083 137.01717 116.92408
180.9716 155.98183 145.9672
141.52107 121.62133 113.31754
136.92372 118.68182 104.304115
119.59883 97.85431 87.26374
126.51625 100.71722 88.014694
130.437 107.29415 93.60816
137.47043 118.12304 95.07597
125.485 105.23356 82.964096
144.68243 126.54818 108.471954
85.9852 78.9493 60.45624
90.47974 83.194435 64.57399
145.56433 116.19751 106.9612
94.5316 81.39273 62.41785
95.69608 85.92535 66.447014
65.725174 37.62924 31.80501
166.10239 139.31177 123.37778
79.75551 74.2848 58.122856
114.865776 82.150116 69.21589
100.628525 79.44203 67.6165
140.24396 106.90397 94.370255
122.54978 84.38983 62.098095
118.92189 79.726974 58.55863
133.55453 90.53526 67.6555
130.14798 110.72476 76.14752
144.94432 95.13463 76.4955
44.872158 46.160107 39.14966
81.700836 72.06718 52.289753
57.5106 58.522526 41.80613
64.810326 58.362953 48.050827
76.57323 65.30938 54.052757
82.46443 61.52408 50.17994
72.557846 59.93989 47.388077
52.22029 48.97053 34.237656
44.35947 34.17183 24.264658
83.73605 74.612 62.321102
72.85822 61.945206 52.37999
102.493034 84.6403 73.46962
100.32357 84.666466 70.994606
92.6029 78.38843 65.51511
67.61907 61.943783 48.230232
43.037605 47.05146 39.566566
45.664555 47.773937 40.612152
52.699795 49.588684 40.49423
83.57269 67.86217 54.852505
78.84889 69.20145 60.97493
42.388786 39.975388 37.837273
75.51485 57.179585 48.213272
95.66079 73.42385 68.41889
86.84862 66.115 61.214035
87.13463 66.28057 61.236156
94.04564 68.09029 62.66415
0.014365625 0.014467328 0.0158149
161.6769 140.53072 119.414925
86.51513 75.703354 55.567123
105.517265 80.43242 68.9581
104.39041 79.47109 68.35479
102.24752 87.412155 76.333565
101.3196 75.17104 64.85441
126.35098 114.08309 92.46608
105.34187 85.10465 69.92187
117.36351 107.59364 100.76374
111.15525 100.83407 93.611115
113.690796 106.27852 98.74495
112.99222 105.61808 98.13969
49.982227 49.30763 41.76003
105.30132 73.745285 65.42652
127.017494 80.87346 75.665596
89.8599 61.153954 54.909714
94.63354 61.0987 49.5671
108.52042 76.37541 65.31714
89.95675 63.2939 55.377525
79.678566 55.68886 48.324738
59.886116 50.66649 36.832623
77.15019 53.4581 45.88739
113.60864 72.9643 59.360413
77.22581 52.542206 46.360588
129.01797 82.88571 67.596466
130.21841 91.47434 77.37262
84.317215 57.632954 54.691074
85.31772 57.23112 53.634197
79.74727 53.304092 45.57956
71.95403 52.02446 46.06921
59.962902 38.42807 33.81734
63.35497 38.290897 40.692017
70.566284 46.67081 42.001705
79.14157 51.708847 38.245438
90.49804 60.10346 51.731808
96.71879 71.74701 61.35779
91.8196 59.504753 52.11419
147.24715 104.978645 69.28467
165.91585 122.02833 88.45319
160.85939 126.20804 110.304115
132.2045 99.95505 77.291405
147.48668 112.637886 89.45863
133.91624 103.58485 85.349
132.7655 103.09408 82.0119
167.93094 115.0436 94.64765
158.22003 113.446754 90.09494
114.42512 73.94925 59.526367
127.06794 82.98487 67.24686
160.99088 122.914085 99.11492
138.49828 100.74541 81.8224
132.6584 101.07468 86.15878
131.15883 108.76799 100.18721
141.17567 116.73501 107.54053
146.7356 106.82034 98.983475
145.6269 113.20827 101.960434
153.32814 117.18729 105.98596
146.70584 112.686066 100.33639
141.7239 111.83051 100.00066
147.07936 92.09309 69.639336
159.27493 111.59026 94.49519
125.41406 95.76796 80.65182
129.49988 102.61902 90.69364
124.263435 94.33674 79.081894
134.04208 103.90193 91.18492
142.80696 117.868546 105.65744
146.25728 119.431274 96.30579
160.57967 142.73209 130.29268
150.70348 123.90292 101.3491
149.10573 119.96026 99.0297
151.3735 121.16506 96.463486
148.0612 121.43666 98.27221
156.31104 124.552635 97.112305
161.80666 129.73822 104.256676
188.75797 151.56201 129.20091
166.19904 128.62662 106.19723
180.0648 125.85591 100.573784
196.71564 151.6887 129.17354
188.97981 148.17844 126.91592
187.21735 137.37766 118.79006
126.49593 119.59021 111.67635
110.61381 93.832924 88.49914
152.0686 143.0343 140.09914
132.02823 105.165215 94.88352
130.5195 103.89552 93.43247
135.7895 112.97974 107.42957
138.79811 111.70694 109.349884
112.908875 89.556366 76.880165
164.44257 157.64935 135.65375
132.31238 101.846146 88.90987
136.302 110.75332 99.170685
87.76725 55.690464 33.59855
80.108696 53.462013 36.86486
75.055046 50.65726 34.844673
108.17973 77.370865 58.636208
117.50834 78.691124 59.080246
122.15815 84.96028 70.53867
100.32393 113.71589 100.61465
117.75942 115.9967 100.34704
137.0978 114.77831 92.58917
127.74966 117.159546 93.40478
81.27463 71.064354 61.149937
92.265396 94.032646 82.102516
111.04386 104.929726 99.421844
135.85304 112.7715 110.208466
141.99248 103.843506 95.70112
121.93135 89.76412 69.99868
122.405876 91.26679 77.079124
137.66904 115.96522 108.80562
69.789604 52.426876 42.048565
141.56229 124.927895 117.16397
110.12014 75.906715 69.081924
67.88739 59.817772 54.71523
124.53728 112.9805 100.90552
127.350494 112.33384 95.750244
111.22598 96.71449 92.86291
99.18841 62.324028 55.924484
115.691734 75.79657 73.057434
140.30574 85.93857 82.98884
58.192196 39.49278 26.681973
104.804344 59.98777 38.61073
104.38942 56.648743 42.773685
107.15741 82.11454 61.21813
123.96776 95.59471 64.095474
127.56898 99.0909 65.846756
131.73636 101.05367 67.28541
124.78355 96.236946 64.52863
105.399055 78.560715 58.486217
120.53183 103.63575 80.53364
94.93921 69.12547 55.802135
117.56191 86.93946 76.86845
108.84231 84.4162 66.07099
117.99339 91.877625 71.622734
202.10999 150.4004 113.72789
84.326775 77.78896 46.16316
126.01742 109.924965 79.42126
11.26659 9.922222 9.494381
51.755657 33.421715 57.750065
66.644646 51.944725 74.11211
66.60015 48.689575 61.43867
97.656166 88.14909 104.70572
152.46156 129.30913 112.195885
153.28494 127.47193 121.47274
147.34927 115.49326 108.99537
130.99283 111.948235 106.33954
134.03448 127.0403 92.26105
125.40974 116.470024 64.597664
141.69797 135.68042 70.62022
145.79611 134.12599 79.01599
151.69942 127.421814 94.35164
124.542946 119.336105 68.96623
141.2194 127.904045 59.457947
141.60085 135.06496 60.04058
164.7525 127.4163 92.19687
139.76222 117.43679 101.359344
138.80379 111.71989 95.860466
118.65668 103.49372 91.89609
142.048 129.26123 99.06113
151.64328 122.355225 90.83845
134.4004 101.085304 77.627205
133.9958 118.55014 93.84187
138.947 110.33893 87.49746
136.96278 121.61612 100.751205
161.21419 138.51186 124.910194
124.318 116.83395 109.00755
143.2475 106.1046 87.20432
125.537834 90.70946 75.16077
119.93303 86.20552 71.53522
129.53857 93.31958 86.513374
171.85991 153.83621 137.19202
191.23846 181.25044 173.6689
189.12924 171.70999 155.22975
104.95698 79.02873 65.50402
111.32418 74.755356 63.205772
93.345665 69.7197 63.118893
106.358604 84.00582 73.50524
132.33661 94.28696 89.78612
137.30737 81.45802 64.03465
116.43967 88.511314 81.387054
152.85449 132.97134 127.10837
153.77754 124.27249 111.57546
142.02716 114.82365 105.68299
155.64452 132.71095 120.17933
126.97495 104.8495 97.703766
125.6641 92.19509 87.33008
99.97129 69.83092 54.80638
122.89527 86.9718 74.01139
116.33552 88.325226 77.84111
135.0998 108.68027 88.95167
153.20198 124.495705 103.5481
117.99972 91.28751 73.32947
107.71821 86.92708 77.900024
137.03941 101.764305 83.17935
85.82723 63.260616 53.009457
145.39511 108.15685 96.274475
174.33595 148.69334 122.986725
129.86766 108.826164 95.299164
124.53743 101.434784 89.06102
127.703026 113.54302 96.2077
155.3827 131.44691 114.98428
138.98752 112.135216 96.24175
138.35904 123.02891 106.83885
135.58891 122.054 103.34534
134.1627 110.36501 78.3029
128.09865 110.66982 77.6161
119.175415 90.87658 73.1165
159.55965 140.45706 119.19959
138.43994 102.85065 74.558044
149.35602 113.40188 81.09324
145.7316 114.43839 92.4344
145.60612 118.46272 96.83338
162.12924 121.35464 89.51233
52.215256 41.80778 31.18098
141.64897 131.79608 108.124565
162.2643 134.69662 104.89146
80.42146 57.805874 52.403812
100.27811 90.540504 75.13008
95.58128 78.74971 68.7774
113.438545 87.01068 61.935368
171.31793 150.15138 133.8779
153.02678 131.45863 119.1479
170.43654 144.85214 127.437225
60.43407 46.102592 37.35497
31.649733 22.510933 13.918866
37.466183 24.273176 13.090847
31.093033 22.395245 14.529876
0.03155352 0.030561913 1.1854564
129.51198 103.56067 87.08688
104.61144 83.49649 74.96377
162.6362 136.82634 117.909584
59.54373 45.56593 38.075058
76.6775 60.558556 52.983524
81.47915 64.99187 57.260006
146.62009 128.15053 121.506256
130.18535 114.158936 109.40239
125.02881 106.74737 103.257744
143.199 145.94681 152.07494
136.81714 124.83849 120.44747
121.273506 101.862724 89.135345
99.20682 85.164375 75.22522
136.9818 125.72037 125.813225
174.02774 134.57674 112.41668
162.20091 121.03194 97.78009
139.52388 125.63229 124.75922
129.65106 105.46802 93.140144
114.44996 107.696266 103.96306
134.55655 122.16807 117.07542
133.64595 121.10259 115.335495
143.62337 130.93814 125.47213
143.7191 130.31073 125.21668
87.20305 78.90127 69.49634
101.93343 64.51856 49.38238
122.89443 84.113655 86.535164
117.81274 77.88795 70.406586
121.066055 88.454765 84.47353
93.483345 74.58589 55.378693
131.6639 105.462776 77.651535
104.746704 90.23046 70.184364
166.6943 153.30307 133.1826
132.61902 114.30613 92.79789
95.35022 82.4789 70.205826
146.17249 121.4193 104.30285
113.15619 84.048386 62.72695
124.650826 104.68078 86.89525
122.985176 97.21223 85.59072
130.86731 107.21068 97.72194
131.97542 106.028404 95.21134
90.675644 66.4837 53.082558
132.57567 106.87656 95.65594
126.93125 106.73151 87.63112
174.61197 152.28136 139.03882
159.06956 134.97588 120.67076
158.70834 135.96393 121.85744
202.22537 188.14511 180.59697
139.8985 116.28492 101.40567
99.98279 72.116066 54.91495
141.83344 121.584564 109.21436
134.47786 115.293846 103.258125
169.0361 145.79146 132.37259
78.59374 59.905163 48.42934
88.87518 72.83992 63.63992
98.4568 75.85441 59.28744
109.34027 90.2583 76.08136
127.46127 91.1223 87.5505
109.824234 81.11492 68.866974
111.804726 82.57475 69.930565
94.85629 97.303 124.898605
60.30018 44.523926 34.669132
128.72552 103.65309 96.13066
141.76628 76.72499 71.71302
177.88884 144.04012 132.9284
152.90521 137.33084 130.97559
152.66722 107.81391 90.5105
172.08334 144.96913 137.6468
137.73738 115.855125 108.56491
132.98312 104.0414 106.152756
131.5965 108.718056 110.488304
123.40458 78.60689 75.81106
142.19832 121.27127 109.97877
162.30821 128.32504 117.0908
158.65973 121.33514 107.76049
154.71655 115.81335 102.57465
131.92749 91.74498 86.89555
154.93486 117.37198 103.47544
167.99156 129.42773 115.882225
151.53304 105.94973 90.80623
131.43443 99.03473 88.43364
82.11635 64.85075 58.863056
96.90298 72.11404 62.389244
107.38426 78.193565 70.58597
111.09746 82.11579 70.73067
124.7641 94.92298 84.618866
101.24869 79.6534 77.233055
128.28807 107.79136 94.308975
135.45876 97.83346 87.94139
135.90205 123.84007 109.1285
135.35416 125.892044 112.017166
91.36219 77.83061 67.614494
85.404884 73.625656 64.32706
112.65825 94.74897 81.36339
107.96369 98.56252 80.157616
129.47879 115.76545 90.99385
121.712105 109.377754 84.664375
128.21754 113.99901 89.08708
117.278946 109.276535 93.14434
125.76072 118.71764 101.92309
145.55144 123.54495 105.09359
119.7944 104.675415 91.04711
136.13435 116.98022 103.71869
93.491714 89.42677 82.12121
76.16374 59.969234 52.51116
158.26886 131.48866 115.56888
106.17933 86.486855 76.57523
86.99725 68.93194 64.72382
58.2434 43.8761 41.443985
67.41879 51.474472 51.46354
53.350647 37.00763 34.431454
50.369057 40.029114 38.65108
50.71378 41.144672 31.494406
49.504272 39.981873 40.324738
40.155937 35.079865 39.90318
35.149124 31.78576 38.037174
42.497967 35.386322 43.196747
24.4911 30.20989 35.122704
33.241417 37.1285 33.317493
49.55324 42.043377 36.70689
47.390083 38.642284 31.502008
128.2781 107.08103 90.36791
121.89476 95.99761 79.11785
104.83977 86.61536 81.05701
27.633486 23.881033 21.827969
117.76097 96.03781 81.12547
114.367584 89.91109 75.06395
15.311925 25.302694 38.25477
23.460615 19.47343 17.128605
24.350927 22.834631 20.104958
107.548615 90.60526 82.60539
137.58514 120.62365 115.81589
139.38484 122.72685 118.271194
79.91912 69.58538 48.73257
85.8048 75.11785 50.319756
91.63476 80.679276 54.24734
84.0461 79.184494 53.172287
188.21956 135.61765 117.98863
139.73816 106.840836 94.94923
127.305695 106.68487 91.62171
130.60039 109.880424 91.62207
138.08885 115.74605 100.316925
106.25263 81.96613 67.19039
57.089653 39.061836 35.29128
103.62822 85.97371 84.00201
81.14071 70.59687 69.83916
96.326035 74.07264 61.91912
146.02098 79.27345 74.91017
147.1759 80.07264 75.81048
48.230663 47.213856 50.015587
36.264835 40.045918 46.997025
44.960617 50.175438 48.312458
50.964836 43.34312 44.60529
31.150572 40.43018 42.679432
58.53458 63.160286 60.64391
52.49382 47.36588 47.83735
51.58647 57.175133 58.073837
33.778133 39.572796 34.851845
31.372795 38.32817 41.357258
61.94892 58.736385 58.89471
49.526215 53.452633 65.9613
44.01144 47.96387 59.28111
57.638927 62.64554 78.20079
10.814518 13.938774 19.170124
10.921943 14.056852 19.33229
94.00687 70.73702 55.52184
106.73878 75.95553 67.96443
58.536892 29.985533 20.365294
88.44101 43.666386 27.107628
81.63831 40.14221 29.939589
85.80361 42.63435 31.151157
113.396416 59.65263 38.189167
65.46176 69.729675 62.098907
87.09466 85.63661 80.03244
88.57887 82.46802 79.73745
95.78024 78.26903 71.88546
116.87455 99.4299 90.28538
78.03633 65.540405 62.711136
81.60414 70.510345 67.38965
133.68703 117.06644 107.451996
66.55698 55.26415 51.723747
92.61324 87.619835 88.31615
109.70465 104.49578 104.57048
100.96886 100.2493 71.91017
71.47905 72.12642 57.52525
167.38734 163.8702 159.49623
129.78752 98.1911 80.47157
125.11431 97.25177 82.12555
147.79166 118.003685 100.60742
108.57651 104.05134 88.8164
101.4823 92.1104 82.306206
125.5878 123.29011 115.08757
106.33214 105.22472 97.74088
140.05045 112.5257 95.40903
121.06438 99.54869 89.46718
120.41294 95.82571 87.30613
102.391785 86.5539 68.10982
33.30432 39.595806 38.191864
93.946884 84.736336 77.43776
113.50664 99.613525 87.52326
121.15632 135.3268 142.61548
131.0024 133.49591 132.74442
129.38503 133.22098 133.73099
134.62291 130.7905 96.33237
117.708336 116.09906 80.51185
137.09749 137.85431 108.26486
141.23094 141.93196 109.50275
132.16188 133.7159 96.35467
131.3041 133.24445 103.731735
125.00074 128.06163 101.358986
122.85761 125.83981 102.18589
116.2015 118.88833 95.18205
113.484055 116.879555 94.58546
110.80877 114.62438 94.44465
115.569466 119.57107 102.62835
115.40552 120.21615 104.29303
116.27686 120.90684 104.679886
49.53885 63.89054 53.90646
11.17371 11.761836 16.020874
14.133486 14.5622425 18.684338
12.253038 12.747088 16.895601
12.466641 13.000331 17.177168
11.072388 11.651132 15.935368
14.692041 15.149529 19.297941
12.255759 12.729036 16.98149
7.050699 7.728782 12.327104
7.2188153 7.860132 12.433231
8.261149 8.822731 13.34541
31.317595 28.170761 31.728273
