0.0 0.0 0.0
0.0 0.0 0.0
169.45834 126.04471 132.34755
84.934326 60.331875 52.46187
133.49924 105.20068 87.17386
102.92322 80.85337 69.692345
134.2996 106.34916 93.36696
137.59319 114.118286 97.53593
137.71211 112.92899 96.4004
139.6678 101.85297 89.38505
142.84747 104.89984 92.18701
107.8751 82.320206 73.949196
139.88612 102.99054 90.638374
117.06648 89.912186 76.895226
151.56865 107.7887 88.506134
140.42787 101.87494 88.70513
141.80481 102.890976 90.09772
140.64406 100.785164 86.77899
152.38705 136.45721 128.00352
100.49158 78.63144 69.71459
70.21279 59.894024 55.57558
105.983925 84.07975 80.393265
125.069244 98.162186 86.793785
133.82353 111.668205 99.02843
121.39355 97.07406 85.49984
99.21432 67.98633 60.135284
117.196594 88.756096 78.01347
123.25553 86.05425 77.70409
129.99591 96.91211 88.41728
126.659584 95.36011 89.41095
132.20236 102.27181 89.54948
111.04499 87.90292 74.19094
122.23396 91.90096 97.53998
113.95906 98.23737 100.12911
116.50533 109.92706 111.59932
131.62346 114.4816 107.431755
100.322136 94.96969 93.090576
141.07205 126.80409 123.416
127.78685 107.64106 114.60309
124.69727 89.424576 100.26042
108.085526 95.611786 96.16307
96.99218 82.90253 79.10682
70.16817 57.285564 50.819126
71.86388 56.25433 59.35557
71.44811 56.067482 49.723457
38.82113 32.219566 36.81239
68.535324 59.760384 68.44407
72.963394 67.16287 71.31375
63.351044 55.848354 65.31078
55.186047 46.32831 51.14443
81.87839 66.328026 71.47979
75.40008 60.263874 62.590378
45.456337 37.193787 35.79928
100.051 76.22671 66.83388
102.85197 83.60686 78.80762
138.5077 108.08156 104.71375
149.43112 126.4259 108.54775
118.53681 94.4909 93.74174
126.67201 99.08344 85.35353
63.09138 53.01688 46.815197
66.11696 56.953087 49.061466
34.247234 28.10461 25.490217
70.59315 63.872456 56.45
76.64896 58.60878 51.89976
97.80858 84.102005 77.911224
96.97915 85.14579 77.756256
76.68465 61.936287 65.12426
81.441376 66.06492 78.770004
97.630035 84.39382 76.57153
100.2249 88.46507 79.782234
104.04996 85.81023 75.842384
108.51845 87.613556 79.50967
111.06692 92.044106 91.10638
113.86175 97.431915 88.60942
54.505894 48.385406 47.288734
108.21187 91.56327 100.00581
120.67759 106.05986 105.47093
31.367884 26.922575 25.74948
81.53929 73.754974 73.91207
84.28605 70.55545 68.16648
72.72975 59.467403 57.347515
66.06716 51.534924 48.66668
71.6972 55.34627 51.692944
72.47907 56.68689 53.160667
73.284164 56.173016 53.380154
76.593506 59.07029 56.402206
73.3725 56.738052 54.20962
90.74988 73.54944 69.63553
88.43661 74.14302 73.86861
89.59944 75.20052 72.53681
18.653048 15.560305 18.35397
35.51656 28.165358 29.961468
19.634523 16.980473 17.861588
23.82478 20.581114 20.826504
29.844587 25.046993 24.29607
30.016039 24.977987 24.755293
25.030914 20.003689 16.218685
42.19591 42.77526 49.59278
23.710665 18.938732 14.944467
25.94996 21.156696 16.82053
40.546593 31.61596 32.46271
89.34363 71.42065 69.77702
87.31869 69.0245 67.40818
74.589134 58.785965 62.65738
119.157295 103.69206 81.87438
139.09247 117.39535 110.731476
93.818886 79.48549 86.74378
97.58103 86.673416 87.07262
66.37995 59.967644 62.04595
63.17538 56.672775 58.597713
105.79074 95.24058 89.00048
113.18047 102.065475 94.39323
106.5666 97.434685 89.630394
106.610825 97.47614 89.88376
102.28621 89.09996 82.139534
104.20854 93.610344 85.14394
102.703926 94.78785 86.42843
100.505775 86.72037 76.619
94.70052 79.42566 66.96917
94.74419 85.2911 72.33304
97.870125 87.39687 73.40381
125.69736 113.1184 107.64122
99.19599 83.7516 79.21407
109.32418 92.231834 87.46271
83.4427 67.56131 64.618965
111.372215 95.765396 83.02153
111.77823 96.032715 93.91046
107.53424 92.62298 86.250084
16.986689 15.614074 14.112029
131.5915 100.836525 104.7755
101.99419 83.396675 96.77771
97.71548 97.210625 109.63617
80.62807 75.79519 86.53525
190.7449 189.11528 204.17839
50.989296 49.79146 55.551365
188.48653 186.94576 202.77214
78.05381 74.47899 85.15357
171.92494 174.76411 187.83784
131.27081 125.30016 137.05673
135.84451 131.10878 142.08244
99.18829 94.37033 113.38068
96.35786 91.41652 90.34611
72.692345 55.194187 55.768684
69.472374 55.896313 52.714195
77.603325 60.81704 66.42322
67.61011 54.9326 61.81243
97.7356 87.55048 86.73841
88.817604 70.48942 77.50229
83.313675 66.55237 70.98725
79.29984 64.04968 72.92141
77.80646 63.08653 72.0763
111.29764 94.72241 91.869125
75.72703 61.717484 72.97245
105.83974 90.4992 88.94278
81.66307 65.41476 75.05024
106.782074 91.38043 89.5109
83.25633 68.92546 70.75722
56.993946 47.53344 50.352245
56.892902 47.21303 48.676064
125.285645 109.31508 113.42667
122.815155 106.174576 109.59543
67.29126 57.482437 58.980034
114.7113 100.60874 102.699
103.52907 89.71632 87.76648
58.351124 49.66235 53.384563
105.93885 92.58673 92.22305
116.69571 91.71395 92.401085
89.91997 77.8818 80.367165
97.11211 84.82534 83.91981
94.39691 80.36776 84.13861
83.99086 73.21235 73.89394
81.45673 64.71648 69.78388
100.09948 85.0579 93.33444
90.854614 74.873215 82.354294
101.38978 87.21684 93.37638
138.63817 131.18785 133.03882
80.72197 77.94571 73.66636
110.36043 82.30216 89.12899
113.04784 87.50569 99.43396
118.47983 102.68745 101.64519
116.616356 98.67646 99.259705
79.68504 61.24126 60.440697
97.08092 77.58396 82.87121
98.93821 78.74872 83.279434
87.548355 72.40541 71.42149
87.75401 71.80072 69.02113
21.491861 20.353209 20.406013
60.793465 51.191257 39.384243
75.50249 66.47723 60.006535
74.00224 58.422493 51.132156
76.035164 66.52759 59.34158
71.35569 58.21696 47.31989
76.11624 67.000244 59.79182
70.45397 57.059704 45.41291
73.57013 59.392704 47.92466
68.9765 56.47454 46.40465
76.484 67.006134 59.99936
85.85778 62.119568 55.28737
87.16355 63.985363 56.29984
70.66367 58.17927 47.160988
68.92526 56.798317 45.836327
87.72149 64.968 57.56255
68.71604 56.5662 42.223858
76.83027 65.81231 60.772175
95.50349 80.95577 65.07614
80.001 69.00882 64.085724
83.40493 72.27329 66.85305
81.58208 72.328384 68.032
76.82598 64.39378 53.819687
73.57987 59.480713 50.777466
74.085526 60.468082 51.836647
74.019844 60.407578 52.064476
77.12434 62.5998 54.665478
88.20862 69.9255 68.263756
68.830315 54.656254 46.180794
84.25208 70.56179 66.247475
89.480194 73.76856 71.182274
91.884 76.8314 72.83172
54.10333 39.64134 29.173777
106.272736 97.03536 99.16628
92.79864 88.97794 72.18236
91.02277 66.02626 63.43051
97.29062 72.94996 70.04106
90.282234 68.61648 70.34944
89.938255 66.15425 66.949
101.324615 78.66083 78.1255
88.307335 66.53552 63.605694
95.72426 67.13893 64.07129
72.319046 72.45413 71.68063
82.10112 59.640457 55.313553
71.200966 52.86764 46.255535
52.688454 38.246593 36.52783
65.580475 43.532078 42.292263
98.122375 79.159904 74.41191
100.74017 83.871735 75.58981
114.83236 96.29186 89.61824
128.48628 100.34126 86.67759
133.79025 106.79691 93.393745
111.49234 89.92486 84.02875
162.90634 147.06447 130.02579
129.55264 109.61271 104.98901
128.72658 109.64062 105.5579
125.60176 105.94736 100.786
142.52643 131.16989 124.61824
132.1186 114.7356 114.29812
122.52955 95.863434 95.02029
105.69495 79.80092 81.134125
117.12378 97.72678 94.056335
106.204414 90.72875 89.57306
122.27883 92.877106 81.818
119.3336 88.54743 79.06307
123.54162 96.98737 89.293144
148.3121 137.7986 121.97029
153.00542 131.90497 124.90706
78.967285 66.119286 68.13753
99.53605 85.9992 94.17237
122.219124 99.47061 100.86002
103.05157 81.698555 77.5328
74.765236 56.947796 49.0911
90.34623 71.7662 66.08981
63.976383 49.894066 42.173176
63.411827 49.339855 41.4006
64.26776 50.038494 42.311306
84.89178 67.05461 59.20826
87.10297 69.08833 61.29972
64.26728 49.735886 41.527668
87.143265 69.318 61.168526
86.26331 68.42911 60.776344
86.53793 68.32662 60.728027
87.20168 68.709465 61.401524
57.768044 49.235565 41.27009
68.04619 56.240097 50.895508
63.53288 52.099598 55.315758
53.218483 42.063713 38.232197
50.915157 40.710587 37.66764
51.717922 43.8757 49.34206
61.085846 49.3577 42.471973
57.06211 41.3326 37.34671
56.235085 40.809704 36.514717
52.908943 41.949078 45.085846
63.6259 51.64575 45.797955
66.05125 51.351402 41.18849
41.43019 40.499317 35.8342
45.292503 49.782158 45.136566
62.54142 55.648476 43.494186
141.08865 124.58272 119.40084
119.68765 102.401245 98.57514
121.81155 103.73825 102.84086
66.33192 67.24358 61.365997
65.35553 53.92963 53.048996
76.54018 65.52706 63.22446
69.59358 71.3354 71.03957
146.60509 124.19142 123.276825
122.10457 101.581795 95.417564
113.29174 94.9579 88.272415
122.11985 102.22666 95.24491
104.41584 82.076904 76.78913
61.23641 58.206657 46.21768
63.95441 57.07029 47.32113
64.423615 57.127266 46.798115
77.48962 67.5419 54.34908
66.908905 58.847153 48.253647
76.43508 70.52967 57.639935
67.64198 48.95449 44.82859
78.61251 73.31439 61.18412
78.81195 70.45008 62.169205
119.71652 105.092545 101.94519
153.16492 138.85962 140.3891
175.79483 162.73897 161.38997
126.71496 118.80465 114.078186
117.144905 96.72478 92.24054
28.248756 18.540657 20.48384
55.15814 51.30016 48.278347
65.422455 56.828148 53.87466
54.760464 49.912792 49.68328
104.53175 93.57033 93.39952
53.638092 48.370087 47.067524
84.93933 74.29844 70.800804
124.529106 109.77426 102.118164
110.11856 99.10618 98.33974
59.1745 49.54078 50.87065
82.25878 58.793144 62.901363
81.25894 66.06632 62.27482
81.59655 66.37799 63.779472
89.76708 77.90914 75.16956
74.78236 58.867203 55.880913
95.10513 77.34611 77.297714
98.39394 79.48693 81.61459
98.360985 83.22875 82.51748
78.75413 60.760426 59.272694
83.090256 65.70634 64.20734
73.78966 55.577427 55.022934
105.60814 89.002205 88.27939
78.871735 62.525864 61.714596
88.429794 73.786446 76.18083
110.27426 85.19984 82.18954
122.05044 104.47682 102.668846
91.45184 81.659584 84.87807
99.78051 93.01175 92.092865
94.49001 89.656975 88.494705
104.298035 96.83183 89.82105
102.25112 92.71652 84.37755
97.29611 90.72261 82.38521
100.10686 90.53557 83.926865
108.96696 106.728065 108.96809
96.38091 77.55184 73.56508
101.64579 83.07602 78.90994
147.3099 140.12405 139.68056
129.99983 112.49022 112.644585
131.2395 113.81311 107.295105
118.12923 107.371254 100.83416
104.7326 92.53829 89.58954
90.96496 70.49908 78.539696
98.06876 66.616 70.86804
93.7091 63.99984 70.01488
28.659582 29.933079 31.97045
45.064636 42.80449 47.051483
66.92859 58.260944 58.7241
75.6763 59.34214 57.003487
76.41371 60.376102 62.94491
70.081314 57.856697 49.57614
72.22205 68.8174 60.565678
60.55325 56.863914 53.53296
83.655334 71.93845 66.67093
56.02093 51.43817 49.86295
86.81985 74.58737 70.47903
55.218643 50.055294 48.87963
60.81375 50.340137 45.739056
58.494907 48.31688 44.9506
41.552444 32.07414 28.125542
46.54996 36.849678 31.168324
51.197353 41.198315 34.253567
48.57859 37.785805 31.925861
64.13292 44.42145 41.507137
63.419445 49.915638 44.322613
65.75489 37.931915 34.70369
64.56155 44.564514 41.293064
57.23316 45.628147 40.53408
51.223217 39.71668 35.65052
62.32831 49.326263 41.82502
63.813152 47.83693 37.6587
63.422855 47.676903 37.522896
63.631233 47.890415 37.796593
64.40621 48.460346 38.29563
57.764275 41.811947 32.62811
58.418324 42.232758 32.379673
46.864998 34.15337 29.676464
43.34908 30.198637 25.348877
61.180553 41.443302 32.10493
46.16203 38.61295 36.996872
66.389694 50.39122 51.455814
100.62318 73.49174 61.902164
70.05834 57.856216 58.402245
61.58356 46.41788 44.473698
42.184765 30.559061 31.20818
43.8243 31.195309 32.747234
21.361507 23.284563 24.448677
26.131435 30.072134 31.416279
29.425941 28.781355 30.664595
32.81199 32.60798 34.116158
24.217321 24.581074 27.914474
40.2249 39.678307 40.396233
67.691055 59.03416 65.39266
85.56885 61.732037 58.297916
64.17185 55.43781 59.883
68.485 50.95946 47.59599
68.39431 58.189774 66.10076
71.96981 63.206577 71.47891
72.05477 61.927986 69.919044
71.86267 61.64587 69.43019
71.27935 61.31231 69.256935
89.999756 66.60533 62.959946
69.38468 59.02069 66.688255
82.65978 60.792103 57.47518
93.68777 69.41456 65.748634
87.54122 65.08332 61.838093
90.98697 72.37546 76.23336
53.880672 50.960587 55.752686
109.67594 104.588295 114.923454
80.75962 67.40112 75.43725
79.30076 59.302006 67.580635
86.62622 72.03773 77.12282
93.73144 77.73777 74.67398
82.146034 60.243504 55.47562
89.70593 62.603527 54.32983
54.726665 37.424458 34.252365
73.77642 54.57855 48.134163
52.298397 37.931435 34.70874
88.25713 63.867603 56.769165
59.315155 44.61259 50.47939
60.369205 44.119286 52.952126
92.61079 66.06748 57.866077
109.157616 77.431114 74.94062
89.74703 62.509624 58.33368
99.147194 70.13095 68.62983
94.14355 70.93456 76.43348
80.710785 63.90445 62.722492
94.18781 80.51419 91.35297
93.0338 79.46965 90.7994
87.861946 73.44046 85.27775
40.50421 31.817642 34.7753
53.62566 45.072853 52.009464
33.02775 25.876663 29.701323
33.706375 25.741138 29.08336
56.765877 45.815197 53.457737
54.351685 43.75834 51.13733
73.46098 60.906414 66.68797
27.105494 26.730352 31.103249
96.361786 84.36468 76.311584
119.46656 105.046555 98.46896
86.06255 69.73027 60.92125
118.87382 102.38589 92.647194
129.34563 111.03184 103.02791
87.619606 77.25272 69.73841
96.98464 85.19804 75.31078
79.9243 72.538574 66.881
75.39792 61.360947 54.997154
77.79844 60.443302 63.288372
96.75385 81.90212 79.590614
83.81062 67.041336 68.51211
87.26347 67.34374 70.207054
81.45673 59.34992 60.19122
73.999916 58.214874 54.303608
107.73544 84.32017 77.09454
93.272934 68.82057 64.44491
101.17939 79.59615 75.580154
75.29892 53.698036 50.731113
99.499275 79.1326 77.793465
103.828384 81.96039 76.95072
72.323814 53.164635 50.368244
75.3848 57.032516 54.57907
92.6852 69.33661 72.625824
73.77458 57.565998 58.171654
98.56067 81.95493 78.721535
80.99166 61.56383 50.989536
90.58753 72.768326 66.60533
87.38898 73.42738 72.50898
107.28152 78.87117 70.840294
87.56901 72.174736 71.1846
97.39851 73.26552 64.57173
109.464874 82.665955 73.8765
76.81396 53.526863 45.285164
116.026665 88.36207 75.34735
82.074455 63.681915 51.35934
113.59571 83.51952 73.543465
118.77121 88.39764 78.3994
93.346756 72.398155 67.40637
109.83332 80.94507 71.619
83.76881 71.93508 68.40585
115.93292 85.82246 76.28079
108.15814 76.278786 64.89739
99.87506 72.90036 56.382797
120.83099 90.21359 79.44639
119.80397 87.91435 76.601006
86.57426 62.626423 55.63813
70.55385 50.08308 42.913673
73.191055 52.522694 44.722614
146.71716 125.75697 121.72294
69.41764 49.10445 39.37458
134.6832 112.37935 106.18039
126.530914 105.73701 100.12718
69.57843 48.64122 38.922253
81.73749 66.53701 65.33737
90.43488 68.31087 64.43348
88.27999 65.73845 61.961708
96.05609 77.98212 73.613716
102.99001 73.92987 65.20152
99.58167 90.61155 86.80349
130.32169 124.7004 120.881874
135.75032 126.59856 126.98368
88.619286 67.89551 70.72566
75.063034 60.24234 64.47746
79.2014 62.136166 62.422012
101.9498 75.09623 72.73064
106.398834 76.15353 72.35718
108.460785 76.90457 74.26291
70.84438 55.681355 55.135246
83.99054 67.5745 57.476505
17.690496 16.728067 12.677185
74.79154 57.684525 57.161026
