4.4014084E-4 4.4014084E-4 4.4014084E-4
0.0028997515 0.0026149545 0.0024596106
0.24300952 0.19666529 0.1734155
4.824099 4.773198 4.7576375
0.12709714 0.09833264 0.092351906
0.30594966 0.2276305 0.20016052
64.04743 68.067314 71.57423
44.216576 48.516155 51.944283
42.976284 46.523533 50.931286
60.546993 99.19229 92.444695
102.73946 59.446484 40.62798
78.036865 108.06623 88.02462
100.632454 44.507458 38.723125
42.315063 28.28811 40.50743
74.02224 50.272446 17.9179
106.752174 91.910934 67.29008
72.21204 22.39095 12.57718
68.18735 63.94185 64.185196
79.74591 81.24493 55.547924
112.94926 110.029854 92.254845
94.83337 92.67422 68.503365
93.173935 86.91878 70.4555
119.767784 111.9738 98.117905
75.61491 69.86573 55.695137
119.31566 115.08208 102.72025
71.91663 64.29386 55.83469
108.52553 101.03459 87.10129
64.32402 57.515636 50.12725
64.69708 59.772034 51.731255
111.45891 109.5596 96.34414
131.98558 129.56053 125.73889
192.91338 193.4479 189.96281
136.63068 136.49757 133.82431
154.30797 151.24335 148.1995
117.696014 119.539665 107.881935
113.505226 115.89859 104.78671
112.02172 114.444595 103.03301
106.46318 109.63096 98.74609
107.57231 110.01893 91.36366
98.43949 103.373604 82.728226
83.22046 77.75037 57.874973
94.44006 85.24925 68.17608
88.41878 73.984 48.2441
86.71847 72.08122 46.422096
87.52597 74.80134 49.49138
130.03783 129.70044 109.20244
128.74117 128.54585 108.77133
34.156456 33.55142 22.141855
48.048054 47.0647 24.381758
69.49019 69.020065 49.84098
68.67676 68.78088 49.87565
86.46751 92.22667 73.55468
85.861145 86.203575 68.258156
79.842354 81.40755 69.0965
103.88386 104.59663 93.329796
97.6532 103.657936 89.123055
90.578316 95.81949 81.192856
92.34882 96.79702 82.30787
69.378624 76.44475 59.866844
105.82213 104.3525 94.503624
98.264885 97.27555 88.702415
104.282936 107.11547 101.23902
92.66391 94.863686 89.78721
98.23265 99.263176 93.96652
98.596855 98.47906 92.91989
162.61983 161.28549 151.29726
115.16816 116.00321 105.391365
112.25831 110.44827 87.16415
100.22323 99.70805 79.27892
91.693115 93.39939 77.40679
83.191536 86.305145 72.15887
80.33779 83.1672 69.21981
88.48506 91.16803 76.965126
91.81781 93.60509 77.513985
90.82917 95.732346 82.47087
93.70231 93.457954 72.65576
52.69718 47.88608 34.606823
74.88968 62.791996 44.84639
74.22934 62.681442 45.011963
79.65017 70.28612 52.77892
52.631138 45.34727 30.904127
89.43312 78.07423 59.439518
0.51667356 0.4270661 0.37828812
164.29611 169.16109 162.10582
127.55942 111.98599 99.40216
71.90079 67.63546 54.39408
118.58922 124.630226 117.72784
93.920876 91.82721 71.90956
120.85768 126.39794 112.963005
163.16252 157.58536 131.49104
67.97111 64.0829 50.61529
69.736046 68.81796 59.412205
61.736435 48.579975 30.774414
59.353096 47.39253 29.927973
61.81535 51.621895 34.914925
62.343933 52.25101 35.37746
62.5255 52.248966 35.34673
63.049942 52.31092 35.453007
143.90588 148.20464 153.81903
67.265175 71.64887 77.80776
112.1519 116.258415 121.87101
120.06436 123.8103 129.6742
84.40682 91.28094 85.262146
99.976074 105.31196 82.6715
141.98622 150.72212 145.64447
110.67621 110.88787 95.247025
104.21528 105.81312 90.380615
106.25228 107.910835 93.528275
117.50143 126.23594 103.25321
96.70878 101.6882 88.93683
98.389915 99.35568 86.33842
107.53982 116.64623 98.80696
80.90716 97.268845 77.34388
67.803856 68.427765 52.75479
116.5516 119.0139 97.47284
99.431755 99.96173 93.23335
84.39859 86.26217 71.34706
127.364 121.595695 99.131836
125.63877 119.87634 96.12914
113.152985 111.412544 90.17494
86.36638 82.91844 65.050514
73.62316 73.01962 62.013153
89.693794 86.01204 69.38331
87.69508 83.9485 65.60299
88.05046 87.10633 73.29598
100.651024 96.699905 79.56408
141.22815 139.02574 119.67805
58.34753 58.6642 50.137115
69.40576 70.87865 68.832436
95.224396 95.391 91.617775
111.83202 110.8938 107.32674
113.46531 113.62596 108.33857
89.651924 88.95837 82.69079
104.3007 104.326096 98.196175
117.12409 116.33914 111.20894
103.36829 102.90257 94.72906
103.37883 104.05587 93.78226
94.87754 99.55155 94.2775
78.6897 80.23817 66.206894
86.58585 92.87093 88.909515
76.11485 85.95314 78.23149
89.47587 97.94534 94.536064
83.1112 82.59002 65.590904
76.43934 79.41101 66.42963
84.9179 77.95591 58.410446
93.00821 91.476204 90.1491
54.037983 61.241817 54.75681
72.01074 76.286064 67.024185
77.11972 90.87251 72.7231
89.00233 79.78149 77.653015
73.87634 87.78917 70.39007
69.04513 83.34999 66.70868
88.525635 88.82415 82.4412
77.85833 90.077126 87.57244
100.43455 106.26414 106.422874
70.65363 76.13518 73.985504
129.0664 127.67911 122.82961
69.57534 70.06887 62.924347
103.22494 100.632355 93.21202
93.275894 93.48695 86.42518
90.92277 82.91751 74.61946
63.852787 67.12236 59.276123
83.53348 83.211395 76.157936
72.72261 66.233246 64.871635
121.00668 111.09769 105.071144
95.30724 94.76434 95.495445
129.71329 121.04106 119.7448
108.74045 107.71971 108.863945
99.42108 99.341446 101.75347
103.33236 99.59836 86.400345
97.47564 97.92344 83.24084
103.8503 93.77276 81.799995
90.00686 86.527626 77.99982
87.34087 88.560684 80.76685
85.266106 84.39172 78.822
57.684006 64.61578 56.566566
86.842094 86.44703 76.38414
89.866974 95.21639 78.39403
107.97522 110.46787 96.80958
119.15081 121.357315 108.124794
92.08728 95.46057 82.448425
90.68755 93.75386 80.92728
84.28563 88.26732 75.51243
85.76983 89.28024 76.14867
92.22631 95.99078 83.69822
76.35219 79.77068 74.01921
62.818066 69.2618 63.526073
122.15687 121.92745 109.92766
88.317184 93.47051 79.91899
111.73281 103.40097 91.395584
116.96279 113.60307 105.78943
132.0421 124.006424 112.1002
128.14417 125.21173 117.54117
91.76629 89.23809 76.75567
88.73664 86.78995 74.73913
127.06926 123.88437 116.398926
42.8691 40.33992 28.836216
41.756992 36.30779 35.213753
42.05256 36.590282 35.37878
43.193687 37.63287 36.41604
43.76204 38.13336 36.887764
46.496582 39.79355 38.68113
49.00298 43.430614 43.289692
53.192444 46.3379 45.250336
42.694283 39.258465 40.383335
44.18126 35.633675 33.80921
44.386444 36.015766 34.12399
34.810013 28.603123 27.504116
31.266907 31.650839 33.28547
38.26688 34.088676 33.525917
87.84015 91.84947 85.02978
88.25264 93.351776 87.719475
82.1868 81.08314 76.83305
82.036736 81.62723 77.48196
79.46741 79.72665 75.983795
93.33899 99.95985 94.926834
126.67098 126.701355 122.73923
126.76235 126.72183 122.86192
125.92554 125.85711 121.85033
126.31962 126.23936 122.09994
125.96427 125.87624 121.75862
67.825806 73.12707 68.91604
91.72126 99.746895 86.421005
94.15218 99.30851 89.03671
72.126656 80.870285 82.86192
64.74793 64.943504 65.10009
62.97064 57.1504 51.752434
36.106903 39.97988 38.390614
76.59595 74.68126 70.69027
50.006653 50.82058 48.190372
69.89908 69.385666 68.191124
57.036766 51.68271 44.344734
135.98729 117.99309 104.6875
53.301807 44.111977 36.050667
97.79476 98.64607 87.29777
96.81025 85.97564 62.862183
127.88 116.153114 90.818665
135.36925 124.396126 99.75344
109.338234 96.763 71.67481
96.45101 85.732056 62.58316
102.358505 90.55704 66.29101
92.810196 82.392914 59.871788
124.96005 122.075005 100.658295
108.13199 106.83575 89.33528
112.75186 111.09173 93.17111
126.97401 125.76693 108.43372
120.1062 117.19203 94.54927
128.7049 127.03353 108.4362
124.06483 120.54676 99.796265
113.84336 111.39939 91.73716
124.25106 123.72711 105.08821
104.03653 102.93765 85.67994
139.99896 139.03148 118.23519
102.61123 102.13753 86.29976
93.05028 95.84057 76.47232
114.67243 113.92173 102.81874
109.50215 106.43854 90.28179
78.390976 81.02822 63.42321
56.823788 54.019054 44.41578
75.541916 69.88522 54.39214
111.472916 102.83453 79.737755
127.2202 120.84432 105.39833
83.314186 77.27289 56.315166
114.29818 106.134605 88.625984
81.6432 73.80067 59.15169
103.17699 96.870544 80.72618
85.170235 73.13085 55.501293
89.25984 76.24223 56.479935
62.37544 63.057865 58.11265
52.209637 61.771828 54.58016
42.68147 51.372566 40.796474
78.18897 63.91803 45.264706
80.509476 66.80077 48.96365
79.76949 66.21663 48.75233
77.10167 64.3248 46.10773
72.07555 59.79448 43.293575
12.741897 23.834507 20.772266
24.735838 25.903738 17.969604
50.830677 48.90309 39.085335
30.681494 26.397835 17.625027
44.28257 38.29264 22.3183
104.840355 91.18846 70.4629
55.740654 47.817005 34.671524
51.901047 44.749454 30.89856
55.057503 46.95842 33.455235
54.723072 46.976982 33.608532
53.695217 46.064728 32.83922
52.765743 45.232784 32.16785
58.37166 46.693714 30.941565
40.529724 37.864487 27.351698
50.709766 47.274986 38.875027
50.478485 47.04487 38.489594
103.617935 91.882454 72.367935
108.64988 104.01665 90.405266
87.672485 81.05569 65.68315
109.73167 103.01546 88.22315
138.04051 131.04678 112.190636
134.00945 128.84665 112.52222
148.12068 141.19698 121.56211
117.97338 112.45539 99.115265
82.20834 80.52778 68.50655
77.15014 76.039665 64.35833
102.99467 101.29797 94.09722
83.928825 82.86612 70.040726
100.73625 95.51269 83.37834
131.26813 126.342224 110.829796
110.809006 99.67613 87.13676
114.42468 114.50624 102.05437
90.769936 94.47926 98.48633
106.07213 109.921036 113.60897
112.187836 115.50259 119.88243
65.28829 68.80691 72.42054
108.15366 111.59217 116.227264
35.59059 28.856073 17.424555
36.704693 30.391182 18.174917
64.38284 48.210075 30.82643
36.46717 29.968699 17.737753
38.568584 30.405655 18.470924
36.638542 30.13036 17.714891
70.78322 54.994408 35.853848
43.40208 35.130592 21.490524
68.04407 52.77351 34.204742
36.72675 29.866457 17.71906
36.576534 30.219656 18.090437
42.820835 33.37275 20.926651
40.931053 33.76476 21.310455
74.07397 63.15454 48.948994
128.4884 119.593 106.29013
78.73845 77.206505 60.811775
78.835106 78.41935 63.901382
120.94814 116.541115 100.29117
91.71899 83.84057 66.31359
93.309265 84.77465 69.99857
89.96383 81.726204 68.4891
128.2409 124.36601 114.05639
77.80364 69.20847 55.90361
44.354755 36.75575 26.718723
106.07086 95.90884 79.71145
123.87169 114.37847 98.98051
51.60263 43.598385 33.989254
45.05269 36.450058 26.704304
92.69371 86.172195 77.32876
60.822933 52.03819 42.113815
123.75899 112.815765 98.548134
48.448658 68.275475 52.90871
71.39921 69.93755 62.51134
60.410652 60.720123 51.745987
54.644238 55.188923 45.48185
15.729909 22.919428 22.789328
20.95376 28.983223 27.675125
104.72155 113.44138 99.66537
126.2994 127.818275 116.35423
90.76193 89.36588 78.62409
102.64064 103.18781 89.68675
96.812706 99.94125 87.73328
92.28208 97.33184 88.57666
75.61993 78.75143 71.0989
76.6948 80.89854 72.305046
74.4244 76.036064 67.160416
74.14861 77.0211 67.82974
71.03335 72.495026 63.65822
67.58816 69.425514 60.79554
18.663214 25.57454 22.927351
31.497334 35.49767 34.250465
12.62614 15.273457 9.315944
55.23835 42.684704 34.353745
39.523716 38.768665 35.54826
62.85087 52.99943 46.15242
61.483402 51.760666 45.044712
90.678154 97.57703 86.602295
88.63308 95.21847 84.56364
81.93683 81.89962 70.467766
87.88458 94.67282 83.69664
70.86889 77.29782 70.31092
101.1062 86.31025 61.31708
100.93636 86.19772 61.195007
100.77457 85.98581 60.976467
100.39364 85.62171 60.76367
146.74213 115.63748 93.940216
125.158195 120.69558 105.58321
113.41169 107.837845 94.06287
117.78138 114.89369 100.62047
116.42186 113.941956 100.06783
69.64616 67.12881 59.48809
80.04637 75.69527 58.34313
169.48941 160.77304 144.20734
135.16635 130.65952 117.0073
122.2319 114.83318 109.23286
97.70045 88.66762 73.704254
45.647316 49.446484 52.553955
150.83705 144.25003 145.00925
128.2158 120.53288 100.692314
123.02213 116.252174 106.19105
134.32257 127.81369 119.05087
106.735245 109.95917 113.47752
69.649315 73.37549 77.396904
155.90695 158.66948 160.55826
65.6955 69.45156 73.513596
128.06253 131.61118 139.16751
126.11493 116.00637 94.14804
29.913887 27.847452 24.004557
30.183203 27.982628 24.233301
30.280525 27.900269 24.122644
24.376244 24.91684 18.578138
30.720303 27.795204 24.509321
24.07107 24.145636 18.138826
28.97864 26.700678 22.889084
26.808073 24.50769 20.801962
27.312449 23.438847 19.034124
30.426134 25.976828 21.580883
26.019365 23.721054 19.036325
29.216368 30.658062 28.264627
36.460464 33.86946 29.324203
44.70622 40.220432 35.72121
45.383053 40.878056 36.529125
26.074488 26.983274 25.247437
33.917072 31.581194 27.003754
128.75293 139.40071 137.4022
105.696014 114.001656 93.11307
90.35711 98.36837 77.18074
90.22561 98.4134 77.131935
94.48299 97.972786 86.4353
121.32047 118.1962 111.5016
87.70987 96.82242 87.406456
80.07332 90.78392 84.36666
99.86586 100.474655 95.46062
95.113014 100.274155 93.48291
80.034744 88.41145 89.01367
92.43965 94.700806 90.88507
107.63403 113.46474 109.05108
84.59126 85.72999 81.778145
86.178154 87.80473 83.79844
111.09492 117.29184 112.694
109.00156 114.532104 109.99417
84.41622 82.75267 78.00593
79.117256 78.34258 73.5327
75.392555 73.67251 69.191025
50.848125 59.636703 53.491302
78.617775 82.10299 73.77193
56.42388 63.334198 55.660572
57.301704 61.06734 52.582565
63.34287 67.40244 61.69871
24.484648 39.494797 36.008854
51.76882 57.448788 55.295307
96.41511 92.871864 77.77884
147.90291 140.44403 129.9407
90.15811 86.037254 79.36863
61.70252 62.85804 54.220848
114.81835 113.99772 105.80059
66.54316 80.65601 86.85351
20.538473 29.60843 34.04355
66.58096 59.380306 57.616325
12.258881 11.927688 10.9239855
14.834145 19.291918 25.32454
119.15827 118.56649 115.510124
59.26476 64.853355 63.764187
21.699799 21.028946 26.215384
61.885513 56.135357 52.43359
63.940735 58.057346 54.432556
63.20749 56.59792 53.16096
7.299995 8.988504 7.840669
58.899387 61.401176 62.23242
18.503107 18.283943 15.673804
23.772861 23.139008 18.671474
11.925202 20.371376 16.891777
35.6816 34.474316 40.470745
60.78726 62.670284 66.3387
23.599678 20.063898 20.079199
31.863169 45.203915 44.79461
19.74288 28.31962 32.79663
18.243502 27.391699 31.510098
12.909849 21.782156 26.509579
39.29365 57.064648 48.639446
47.6955 61.652523 58.756603
7.7175074 17.956451 23.02879
17.793936 24.083963 29.455105
22.931494 28.856022 29.624973
34.2965 42.511547 44.198296
52.890636 65.65374 64.61123
50.333523 63.723774 62.5059
100.05191 98.87073 85.667435
96.32125 89.888466 68.7108
87.946014 82.00147 69.10527
97.77092 92.06213 81.03047
62.458473 68.67834 46.65296
98.505104 98.611534 84.26678
74.3264 80.840126 54.738556
81.005646 88.96585 61.065605
82.96096 90.78368 62.654465
81.39085 89.04896 61.15312
77.23884 75.0348 62.25919
83.34512 82.34813 69.17634
83.00476 80.63603 68.22501
67.991066 74.77439 54.89636
84.830574 82.0348 75.10175
95.21942 87.89367 79.79621
91.78288 85.48157 77.196846
109.1068 103.21461 95.87552
138.08226 132.48714 125.58658
77.55083 66.94739 57.456867
144.9905 137.81161 129.18
84.66088 73.35056 62.494614
1.0747981 8.123265 7.386625
129.82713 132.09123 124.04834
123.58805 121.2218 115.9767
80.77149 79.68551 62.00471
112.54122 110.388 106.01206
75.8983 67.73045 53.367958
82.42945 73.48659 59.03736
88.43512 91.766235 77.26561
94.20565 95.56239 81.11068
95.33782 96.480995 82.1193
95.73196 96.56931 82.23936
75.52426 80.57759 70.62844
94.00945 94.82182 80.62795
1.6056856 1.5812448 1.5783451
1.7884476 1.7255592 1.715177
7.967792 7.908295 7.894703
10.979702 10.95697 10.951429
10.012169 9.986123 9.978148
10.216031 10.1866455 10.177325
9.524182 9.492984 9.482058
10.199047 10.168289 10.15612
7.4088907 7.379971 7.3680096
9.429604 9.404645 9.393305
9.7288475 9.710232 9.6994095
8.942161 8.928231 8.918082
14.315063 14.306882 14.298571
17.23066 17.226336 17.221468
16.015017 16.01152 16.007017
10.978615 10.975223 10.971753
10.32151 10.319128 10.315891
6.460077 6.459559 6.4586267
11.479702 11.478537 11.475274
9.026538 9.025398 9.022421
9.834222 9.833885 9.833083
10.370521 10.369382 10.36889
