0.003276604 0.0036922926 0.00290982
0.009903169 0.012054969 0.0077758217
15.234448 9.421924 10.167155
3.3652434 3.3674197 3.3630428
171.06924 176.97302 144.4653
179.69301 183.28627 156.65825
171.52403 174.94662 149.4312
175.8246 178.55751 153.0629
168.16458 168.95697 145.68466
125.98555 123.56818 120.37847
141.48924 138.02548 134.0717
71.40654 62.81646 41.132214
135.20334 117.85358 81.51364
100.96222 88.131134 56.784283
111.923584 97.38833 61.67547
92.26161 77.3916 45.493275
76.08275 64.48709 36.734913
67.51093 66.33018 49.467697
86.18579 83.62434 70.269684
154.5494 164.4955 173.39664
155.85583 165.44188 172.6061
101.12277 108.24308 111.71117
121.48411 125.67471 126.23511
58.075386 57.432537 47.965767
123.65158 131.33815 123.33145
81.33644 82.42204 77.381996
83.06776 83.846855 79.38326
70.93251 74.244156 61.908817
177.26234 180.4187 178.9791
82.33561 84.23929 74.65818
126.201584 131.55783 116.8761
50.71239 50.231514 46.687744
104.444664 103.173615 90.02066
111.02139 110.5154 98.8346
110.04702 99.87299 85.07871
95.918915 87.13762 73.10862
95.055824 88.41276 73.69596
93.07739 84.072624 68.92405
101.47504 95.35818 78.63006
94.73525 85.88578 70.29746
95.28888 89.90894 74.4253
94.4844 89.24347 73.837585
115.375755 127.06055 107.50917
81.1984 65.9387 42.06365
59.1674 47.11104 21.366882
124.37409 123.09463 112.9262
82.71129 69.38815 50.48589
116.09898 107.191216 80.85751
76.34367 73.879105 65.52035
72.93916 67.39119 48.88214
51.93114 38.607834 24.499413
53.43383 40.252934 26.272032
45.675762 33.389034 19.890919
51.86864 39.694714 26.37324
45.795677 33.590816 26.344337
49.389256 30.635954 14.780492
46.886345 33.19784 20.988287
47.510124 29.43058 16.3861
53.849228 32.946228 18.210411
51.011955 31.48567 16.798317
56.504036 39.901215 24.50736
45.863018 36.70738 23.669502
53.841183 40.78206 23.69058
109.03133 110.69434 107.53797
108.74731 110.490364 107.382996
89.20919 91.33717 84.93234
123.03166 103.06881 66.4374
102.72423 87.73308 58.19332
104.65006 88.533966 58.120792
97.72301 82.70892 54.87307
103.40816 87.44811 59.493446
110.82947 89.8236 56.271103
126.14982 108.370895 64.6484
126.53379 108.866295 65.38781
115.00037 96.02484 50.808075
126.056244 106.72922 60.88285
115.611015 97.89141 53.414734
112.16351 95.124 52.121895
107.628204 88.199356 46.13324
122.40855 104.952835 63.80448
115.66713 98.984695 57.936474
125.19087 108.48188 67.11828
52.791176 56.71464 49.24555
58.940533 64.20195 56.630478
90.70144 99.47425 100.32336
92.87023 101.67478 103.29326
91.738655 100.81952 102.01435
88.84272 97.48858 96.51032
98.042206 104.93087 106.52323
107.94574 119.93146 122.971146
103.183586 89.60219 63.417007
88.356346 78.24095 57.353188
92.466965 84.563965 62.73039
81.65256 77.12468 57.682854
59.83979 68.18728 69.396126
10.685324 20.515478 20.557806
1.5100988 2.4217284 9.711904
147.79015 155.70721 160.75766
67.04211 57.29047 40.386543
69.415886 56.767017 38.80162
127.64923 113.725525 96.26384
142.55328 133.78719 117.812744
105.25489 90.027855 72.65664
92.08062 98.243034 97.50577
93.00242 96.059494 100.19471
69.333015 73.34986 75.164566
83.11177 83.68405 84.23811
109.27878 116.54935 119.92202
102.43638 102.210754 99.65378
97.29675 94.43821 88.21234
97.75499 104.19095 102.650406
71.719826 81.77893 76.97596
87.89158 76.26636 57.751053
88.06338 74.828 59.169746
105.55661 89.8638 78.194466
74.66449 77.00619 49.62708
71.90114 63.169968 53.288097
92.797485 88.27257 79.10718
89.4185 83.21902 83.1206
80.06827 75.8849 78.42943
90.19408 83.58878 76.44019
97.69836 97.27502 85.51621
88.640915 88.5434 76.643654
101.51086 100.59573 85.54761
79.96875 76.04418 77.49746
78.77531 74.45234 76.24565
81.534775 76.77827 77.37348
64.72865 61.836636 57.748264
95.50367 92.54416 94.15454
96.52059 93.059494 95.06783
117.018196 98.896545 58.862213
115.25264 97.63006 57.994816
111.9875 95.99506 58.818783
114.66346 95.092064 58.68261
79.13119 64.994865 38.176865
123.64014 106.16982 71.23454
90.06712 74.79744 51.624634
85.60084 63.516823 36.89417
106.15691 86.17114 57.500782
110.88972 103.58353 80.38016
109.16774 97.80079 70.8694
61.955154 52.25347 33.669357
89.88273 72.144394 42.112724
125.42801 106.39911 67.07433
120.44782 96.89571 54.25159
108.74215 94.34499 64.85759
102.093185 90.36994 63.63422
117.54722 104.612946 77.74768
128.65146 110.342285 70.32626
151.53186 170.59981 166.89598
14.176839 19.344704 11.485989
11.851501 15.2565775 8.000513
30.2489 29.35446 13.195642
36.00973 34.752396 15.768217
23.754963 24.4509 8.732174
32.21298 30.449482 13.147887
42.82282 38.98616 17.509146
25.389011 27.530077 11.226012
28.348959 28.778023 12.983764
19.712784 19.561474 9.115537
32.737896 29.879694 14.091843
30.606441 31.438576 15.532082
26.336683 24.164833 11.533866
20.61989 22.389965 9.338223
21.98127 24.645662 10.120965
58.023987 59.904488 50.864094
57.55086 58.185665 48.71134
59.802574 62.89031 57.620403
55.799393 58.948456 59.315582
114.605484 107.29101 89.63661
106.97855 100.48029 84.67476
146.75256 161.1834 158.86908
118.91897 124.20381 123.25552
125.20229 136.80965 121.66346
134.33118 147.7093 108.412506
133.15677 145.6907 107.03519
134.38297 147.74294 108.55304
149.74355 156.94995 140.72334
138.65134 142.03827 130.54846
142.76399 147.09383 135.3821
142.57054 148.43771 131.96454
108.46195 132.37239 145.67178
73.76343 75.433784 75.50976
54.67344 75.05382 96.61899
55.76237 78.31925 94.33724
64.84284 78.456085 101.30108
72.59444 100.03484 126.91491
52.52697 78.900894 92.54538
75.35167 97.25949 107.86358
111.31634 135.77728 161.59508
102.5735 124.17691 146.95052
119.401115 141.67764 158.15974
113.00154 134.86429 153.47554
110.90627 133.84015 152.86047
22.444445 21.091036 8.141726
23.035406 21.023817 8.9085245
47.224106 41.305702 24.311596
44.855927 37.6439 21.916813
48.35649 41.95613 24.685665
60.0758 41.042988 26.45804
39.416153 31.452343 21.872824
27.41559 25.052523 20.779734
51.49501 33.386616 18.708675
69.328735 59.443222 40.796238
64.12541 45.24225 21.12676
50.99775 36.366344 14.941535
50.82223 43.157204 24.84957
95.18902 79.22271 52.37099
73.272964 44.16674 16.212759
71.81798 44.05969 16.255722
72.10918 43.92488 15.710754
72.315895 44.1273 15.811595
50.120964 33.67772 14.256113
74.237236 46.17486 18.666935
28.44261 13.709213 4.1779637
80.211876 78.25367 64.35891
82.5982 80.69797 66.6084
75.852844 73.7197 60.173172
73.37038 68.68322 50.083847
93.01956 75.78216 40.873608
86.08588 70.05061 38.50296
83.43713 67.693565 37.72215
87.167305 71.154465 39.45501
87.34905 71.558395 39.948307
113.23149 95.11786 52.255013
122.09639 103.1252 58.775894
113.63884 93.84854 56.321033
113.26508 90.96584 60.2555
119.12605 96.30673 64.754105
121.98454 98.83094 68.548416
116.79154 93.60808 60.240074
109.02421 87.61077 55.053696
111.799446 92.79521 57.330376
118.26927 95.31455 65.16838
112.53379 95.965225 67.57512
124.96753 104.21794 63.393414
103.14278 79.74706 49.604607
128.24452 106.475136 61.81646
115.5356 95.52455 67.43305
128.19753 126.88522 125.39312
143.45909 145.2593 146.90471
21.383411 21.808783 26.722149
137.7824 124.89676 111.57737
83.36407 81.650795 74.649254
86.815315 82.71112 77.59957
85.20652 80.26147 69.86336
117.003395 98.05081 67.92838
132.03651 112.837 75.42831
115.595924 97.131256 66.04162
110.298904 95.77399 61.973934
121.537506 108.63884 75.267166
112.806335 95.64048 58.51472
109.94647 90.083015 61.600964
183.03824 194.22273 172.65904
119.976234 129.29279 95.647964
111.15855 120.10172 87.047195
87.08649 91.28937 77.036385
135.72115 151.33778 159.9825
135.34918 150.59688 159.1007
69.2533 68.80057 48.715622
104.334335 112.235405 109.08417
126.68838 131.74306 125.375755
105.07473 110.76577 100.6953
102.06319 108.1831 97.04744
113.28044 123.1013 124.33091
119.85487 129.18889 134.6684
138.38649 154.96342 150.08705
106.9207 110.30895 94.15258
114.613045 115.35201 110.756355
137.09013 153.25723 144.78076
146.37054 155.92067 151.19046
91.93545 81.20217 46.5658
86.67192 73.883804 30.9364
122.33414 98.28088 52.414906
116.053894 92.06837 48.792767
128.87114 104.128105 54.768364
112.240295 89.4865 47.64153
119.76179 96.14407 50.98606
109.598564 95.81573 57.234596
126.60487 104.248436 54.716866
125.6371 103.41613 61.58605
116.98359 96.597145 58.156128
95.621475 74.603065 43.650455
89.49442 62.613434 31.84622
79.6204 66.09416 34.162754
75.96907 62.098763 34.045067
88.633194 69.82165 39.04942
84.50105 79.7544 60.250145
87.93095 87.09302 77.46266
84.07003 74.26907 63.71462
92.30255 73.405396 52.44987
92.60859 77.68273 64.51406
102.96307 75.95237 47.43701
90.03878 52.175297 20.543036
105.15195 79.33436 49.8572
130.96692 127.91168 106.60921
128.47581 125.63628 105.58805
111.56756 108.68853 98.9719
117.02309 105.67322 74.07947
21.362555 19.534649 7.09644
32.045555 29.047535 14.578443
61.276432 33.91119 16.442072
58.078884 38.012177 17.835608
103.558395 59.37984 50.82096
105.308784 22.046337 4.609375
123.57279 68.68567 91.56651
68.01472 32.898155 77.77849
8.395148 13.263987 24.79646
116.121574 98.43425 68.101845
118.06981 94.01714 55.548466
148.7142 127.31822 88.69425
127.35353 103.52812 62.24032
116.710434 98.98981 64.50195
114.31311 96.80294 62.98824
109.10737 89.95875 56.30179
114.68092 96.57666 60.928085
91.4151 80.42914 68.950584
92.89525 83.149086 72.21078
89.58519 79.39427 68.009026
55.131237 51.34431 48.91987
86.356 76.387764 64.788246
83.524796 72.433174 63.5859
86.15501 76.43393 64.77656
117.078514 102.91674 86.76792
121.75384 108.21073 92.22462
124.5948 137.23718 137.29517
78.84698 82.70286 82.33326
87.62595 95.996994 97.18373
70.71548 71.20696 74.84595
75.1295 77.43772 81.849815
86.54487 87.18914 99.97264
80.33592 81.74381 86.75812
80.16273 80.8931 85.614044
83.575676 83.93515 95.31901
84.56338 86.05531 99.94941
81.08776 83.05174 96.30998
74.333626 73.662506 78.65784
16.75807 17.817537 10.690948
160.66696 171.83223 144.17715
159.47935 171.2824 143.18912
132.81186 128.0979 110.69643
63.161263 57.314724 53.56331
119.8014 122.28235 114.10201
94.719215 93.32057 84.44545
108.32766 119.56648 116.17175
92.68087 88.147224 81.74076
185.25581 196.48077 189.11981
189.59453 199.71103 193.74193
150.6243 149.13654 147.3796
151.31444 141.13786 129.2133
165.02225 157.58568 145.48523
154.67584 146.84392 127.04646
127.14202 121.72936 103.6349
129.06932 125.01658 110.6263
134.51039 130.85979 118.315704
147.41096 144.93044 139.8959
130.41939 129.33511 120.8182
131.57008 135.11888 133.29338
89.03851 97.06913 87.23736
64.04201 69.52494 72.03947
133.26836 136.05754 133.47212
121.87683 124.129425 112.17317
102.95229 127.63395 156.7978
111.18078 132.78575 142.89558
129.54189 153.18347 169.81093
110.17403 114.71662 104.63872
121.879814 123.847145 119.747116
126.98885 120.895004 102.18995
144.85175 148.89102 143.12251
122.806145 133.76259 123.995255
49.7242 60.515404 66.154366
52.974228 58.918037 63.75538
54.37121 59.697598 63.27054
57.102283 63.639893 67.94014
56.831303 63.032475 67.489
53.59089 59.365513 63.80619
80.01971 87.25489 76.40571
80.09294 87.434006 74.82952
67.49531 67.58977 55.662045
71.01438 73.72662 65.42048
87.00428 90.19318 72.52582
87.31516 76.33336 42.81749
109.13231 88.909454 65.58574
101.71867 91.01785 59.374413
102.61033 91.41234 59.158867
132.83351 109.53905 77.436325
133.38332 110.12419 77.99
104.9656 94.38821 61.53032
133.5896 109.67664 77.48279
84.31045 76.34842 46.460022
132.65013 109.307755 76.67589
78.399254 70.16278 41.97227
75.29578 67.21244 39.639034
78.36617 69.92828 40.64148
79.181435 70.33622 40.83864
87.48322 90.82815 83.69745
88.95733 91.30597 84.11923
180.82771 175.59636 164.57268
88.48599 86.21354 74.04333
97.545235 105.29105 107.00558
151.46867 147.59695 139.76352
75.540955 84.12969 84.70836
43.225353 45.918842 40.59162
82.552086 91.03299 91.174225
61.384636 65.70469 60.75367
61.36172 65.040344 60.386494
55.790665 58.742935 53.54707
64.85761 71.13458 64.875244
39.14356 38.169086 41.22572
43.978554 41.71325 44.621307
36.103043 36.12055 46.791397
30.920286 26.412582 13.335754
35.9207 25.69574 15.456108
35.54602 24.805214 15.774721
36.35057 24.322647 15.172266
16.481905 15.149085 8.028145
36.266922 26.671703 12.729533
32.36798 25.316755 14.131554
41.549835 27.488483 16.000366
109.60201 70.852844 48.33605
75.26575 46.51582 30.960411
114.90248 74.73633 52.055973
120.29837 83.51108 54.70787
95.11321 61.1965 40.010296
87.792595 54.530296 35.266335
22.718481 9.561889 6.243716
67.39821 38.636127 18.543085
60.36395 28.707624 13.346782
28.331427 3.4415836 3.503888
62.515404 28.526482 15.063796
60.230854 27.26076 13.460387
60.146614 67.39158 60.151825
59.8403 67.05727 59.970608
52.68904 50.791763 51.471367
39.19442 34.0 31.515697
89.09896 103.50719 121.404366
44.44354 52.919895 48.758045
113.54876 132.3158 150.14053
107.481926 124.50751 141.721
74.33507 78.147156 69.181366
70.97824 74.692635 66.65227
79.2332 82.90718 75.69136
97.0246 106.84077 88.162605
87.80245 95.69065 83.60136
115.05436 128.2456 98.859474
147.279 158.62825 131.58363
165.05798 173.63564 150.10909
143.30336 156.22758 131.4497
124.503914 132.05478 123.05761
132.69762 148.11624 112.33042
130.84294 144.73799 111.079445
134.66347 149.31955 113.420235
133.96819 148.84366 113.58541
112.57962 119.56827 107.480415
118.66288 127.52898 112.980095
117.45012 127.200066 112.07617
113.03455 112.54201 95.05396
116.54793 110.32228 95.338715
89.61219 87.17796 85.913536
95.32644 91.11877 85.69422
100.72831 90.75856 69.80812
100.37197 90.38018 69.15175
80.03687 73.8915 56.730904
80.91441 74.26159 58.250023
97.06883 82.96929 66.90562
131.87521 116.83507 94.744446
118.86505 103.66151 84.95657
118.52484 96.66708 78.787415
129.95844 106.70777 86.50345
140.6382 118.05504 97.75868
154.0244 133.05872 113.73085
156.2078 136.29842 118.27538
160.06786 140.58243 122.60945
117.70931 123.29854 104.50489
105.06832 111.60018 110.62439
90.96149 95.43557 86.77565
103.08588 108.91021 97.28184
102.44848 89.48115 55.03675
96.523865 82.80822 52.703197
86.97254 73.37155 36.408646
87.40696 75.18349 52.702538
80.61932 68.959335 45.176838
106.08602 89.18486 53.687378
98.9788 104.32512 96.65501
171.49959 174.93576 179.67987
141.70457 138.61894 137.66156
179.96866 180.3227 178.12666
180.53731 182.15295 183.40273
185.83304 186.9323 187.3278
179.3615 182.82245 186.17293
173.87094 176.71623 179.48174
195.12938 196.13136 195.65364
182.27386 181.72987 180.29712
84.892944 79.528366 79.271
132.13373 128.75133 117.71721
120.696526 120.14497 124.682365
165.17332 162.0877 155.87073
144.07957 141.74724 137.38388
131.43234 126.17679 117.81974
140.33722 134.5189 124.873726
125.36023 119.054184 111.019806
142.38332 137.84644 129.72151
201.63992 200.65916 198.26222
201.44902 200.73523 198.68527
201.37659 200.28096 198.50963
0.33382237 0.3365855 0.33052132
3.7364535 3.7390943 3.733299
5.266603 5.269342 5.2636933
4.611967 4.61473 4.608935
9.794943 9.797755 9.791838
9.204201 9.207087 9.201316
6.127372 6.130233 6.1245356
7.997457 8.000416 7.994767
9.242371 9.245158 9.239608
9.945569 9.948235 9.942635
7.7053013 7.7080398 7.702269
