0.010346379 0.010796221 0.007917229
0.023031939 0.02480132 0.017753785
4.359394 4.3608637 4.357115
0.026810616 0.02962963 0.023151897
105.40501 97.36086 95.384224
139.38834 134.68929 122.40834
108.35445 116.66088 122.56314
144.33205 147.4778 143.19667
184.86649 191.14326 191.57063
149.12349 141.82846 131.17336
71.23806 88.22471 90.2188
123.293655 114.84466 95.953
108.70472 98.70706 101.47038
104.804825 87.563324 78.8156
126.53007 113.31846 101.1677
71.367615 69.48346 70.27665
128.63496 108.395355 90.579094
124.75667 104.8464 87.72595
115.33775 95.40787 78.39842
108.107544 89.90751 79.791664
109.24243 88.54728 68.39625
95.488525 93.22639 68.42276
68.474525 69.01047 55.792355
77.3357 74.76287 58.393223
71.894554 75.17013 71.809296
79.60795 78.33318 64.92574
89.22474 91.46999 65.85545
114.59193 103.29828 83.6271
59.586773 65.54464 61.31504
69.51696 71.14023 60.4855
110.70673 100.838264 83.15933
67.832 71.643845 65.65545
112.387344 108.40968 87.841324
109.20279 103.064476 85.61629
107.621414 105.86591 85.77814
69.57946 71.948265 56.365242
37.20758 34.36271 18.253183
23.700735 24.73936 21.832958
92.96038 84.55109 66.72245
15.91426 17.846964 18.85848
81.33708 73.146675 65.329704
112.92305 99.901 74.2263
106.3608 101.416405 91.71753
141.15025 118.02822 90.53108
106.632835 93.965485 75.31864
154.41536 155.87344 154.49754
131.45941 129.00372 117.79937
75.4194 69.28913 54.124397
63.01985 58.411037 50.627052
151.96555 147.77255 142.34914
136.73965 123.05947 108.83035
138.71974 133.4021 123.08736
127.85482 130.33672 126.2209
157.7769 150.3428 133.4766
198.25697 203.0414 200.20569
163.59457 157.70029 134.93964
149.71138 147.91321 129.91498
157.04858 155.97073 140.45009
142.59103 139.99937 123.62639
142.33574 139.25755 123.263245
161.72134 156.67995 137.38585
143.36234 139.97061 120.97331
119.20354 119.65698 103.2212
84.90646 91.89962 70.97206
83.21326 89.71108 73.42483
139.61829 134.4631 114.77676
112.62159 110.5507 91.520676
96.771 98.71786 80.12014
111.777985 110.41305 88.00758
145.38692 143.4727 126.58012
150.29741 149.2328 134.17732
105.959694 97.5447 80.137085
147.43951 143.64572 125.455414
116.82726 120.793495 106.5746
125.13594 106.165245 86.14317
121.51039 127.661446 123.163536
120.275604 126.41403 121.76551
100.1641 86.48871 50.251312
118.07482 124.896835 117.016975
113.7788 118.245674 112.6721
113.75454 120.861626 113.759964
95.83295 115.00658 108.75112
27.310991 31.558615 21.965483
51.049152 44.166443 33.48916
52.68145 52.645283 42.03317
30.39697 32.430138 27.112581
28.653412 31.794031 23.761972
9.807707 21.565992 28.065317
24.960804 22.471975 12.074734
54.412056 38.604797 18.564402
30.104746 23.491304 18.44008
30.926136 28.095907 19.309912
13.870715 18.248793 16.02828
13.5148 21.320047 20.82852
10.02957 13.021262 10.521697
12.572949 16.71009 14.553697
16.63152 23.618174 19.648373
18.555435 21.726765 15.887659
11.894167 13.398141 9.932613
16.754566 18.352016 17.491709
26.877913 29.212896 29.578648
6.4527817 17.59892 17.100885
48.533512 37.849545 22.499775
28.017904 22.576458 21.775558
145.60762 98.899925 41.812717
97.38 88.59211 68.64981
44.02423 64.62357 70.53195
81.474014 89.588486 90.65062
92.06783 96.45674 86.23221
103.57841 97.53801 78.61011
124.81493 111.106285 94.754654
142.07962 132.28188 113.746796
135.87273 107.309494 102.20453
133.21269 106.42807 100.5459
128.05495 103.28175 92.99343
91.10775 84.2003 74.94845
100.1363 92.395355 82.596405
101.71108 94.02519 84.41266
118.779785 100.23701 92.64762
130.08073 117.22051 110.30919
126.4496 114.527214 108.43893
127.22924 116.074196 110.301186
125.4649 114.82786 109.539185
126.69318 115.11567 109.15217
125.09333 115.19922 109.98986
165.78392 148.91634 141.88568
111.72452 106.46976 100.492546
167.33894 156.75189 142.57088
111.79985 104.61949 94.13804
169.1013 156.67273 141.7833
112.18092 102.51237 98.3503
124.29297 110.43464 102.56314
112.28619 103.21958 98.85119
123.457756 120.4174 113.039375
131.46057 132.46358 120.89539
129.0808 123.026634 106.71096
54.171032 63.335194 63.565212
144.30226 144.84436 126.961464
121.35637 119.709045 109.111084
98.7193 98.63437 78.5659
110.591064 99.23071 81.01625
33.11981 40.063488 41.39988
9.249183 10.204978 10.19799
13.688409 12.089309 10.794692
55.26223 49.59463 43.54599
10.868136 10.303703 9.197061
50.22999 42.83242 37.122086
29.554596 25.756065 22.297466
58.043903 49.012447 43.13465
50.810856 49.288677 44.637726
13.863428 15.65842 15.912821
33.780807 35.34335 33.77034
31.765781 27.780237 23.890478
41.874226 33.4849 25.539871
48.386864 40.14599 33.871136
64.2702 63.14311 58.949768
13.292848 15.693717 15.709822
8.6260605 8.17163 7.3078723
7.841955 11.573639 11.974359
32.927456 34.290836 34.753246
10.640816 15.104094 15.500315
57.490837 56.51435 52.34953
17.08403 16.1468 15.250142
11.853321 16.233109 15.524306
13.667506 20.528625 22.348358
8.703464 8.179967 8.748538
35.155704 37.25971 37.99412
7.5640426 7.1093116 7.7160892
9.064117 8.508502 9.081242
81.188995 83.5958 81.585365
110.06685 102.54422 96.067444
114.80801 110.20057 102.85992
74.18954 73.3907 71.5247
36.867508 40.85551 35.37853
53.010376 50.62468 38.94353
45.28832 44.413315 40.31276
63.847504 63.88919 55.77736
63.363983 61.479744 50.964043
65.00162 64.954025 52.716988
70.89668 68.75271 54.32203
69.97973 53.698875 33.65839
64.960236 63.979366 51.23353
59.680042 57.87995 45.39886
59.62834 57.757866 45.369022
66.059586 66.02726 52.081963
64.93462 67.31708 56.19667
64.129105 62.849934 50.156303
64.92596 63.651703 51.125805
73.928566 72.77637 57.605907
66.60195 65.06508 51.706104
89.067444 93.10548 94.65809
8.646244 14.157175 19.65476
25.531744 25.02741 23.217005
33.37529 41.535072 42.079594
70.63884 67.11498 58.924335
28.5414 33.54722 34.51294
40.691708 47.822403 47.151356
33.932945 32.549347 31.31387
20.846603 27.661808 28.783176
53.830048 57.264896 54.48871
68.4909 68.77751 64.98773
67.03692 69.60327 67.11105
19.955706 29.424982 34.964344
20.133842 33.254612 38.180717
13.026751 15.57199 12.878512
35.348568 36.159096 32.039467
42.71711 44.895397 42.785545
45.193913 44.19517 39.54131
48.646545 53.588844 48.94332
40.13798 35.550877 31.061628
46.13933 44.012177 39.318188
39.054913 34.701214 30.468016
36.068256 38.03581 36.63041
53.330513 53.461838 49.754597
55.872185 55.62816 50.979187
48.319656 50.357506 44.48634
89.88127 87.507 75.515396
117.24196 108.89336 99.186745
127.253624 117.17298 106.102295
164.85558 162.39296 153.85086
170.48448 164.23647 153.5184
72.23536 85.42579 83.45641
156.25743 149.74002 131.35196
139.00618 132.88148 114.87431
72.5922 82.188515 77.87848
115.25152 119.8003 113.00792
135.30652 133.34898 121.01808
164.2383 159.36497 148.44336
111.45809 108.72374 99.91498
151.35457 144.63167 133.72673
142.29387 129.85374 118.19041
135.04535 129.34608 119.061745
136.8618 131.13034 120.987434
126.41889 121.02609 110.99598
135.39655 121.293205 107.62372
137.1182 129.74557 116.06211
126.84906 117.149734 103.31897
126.075516 118.94296 108.54494
125.78351 119.00843 108.50011
123.80024 105.23632 78.7677
67.95037 73.04663 70.041115
69.61275 65.16833 51.51798
50.80549 51.51888 46.212654
167.20453 165.63458 155.382
124.94455 125.665825 121.595505
125.77265 122.274704 110.967285
115.1064 113.86328 90.559006
22.238417 30.184916 27.920168
72.8765 76.73132 73.7704
44.10607 50.750248 48.184315
44.172348 49.93867 45.733784
40.17532 46.245766 41.251762
43.57151 49.22312 48.118397
40.577236 46.58111 42.96743
47.14347 56.964973 55.330666
41.128593 49.23596 46.638508
40.378227 48.876953 46.85656
60.147217 67.85083 64.78342
88.31894 85.4478 65.441505
106.361946 95.58302 83.66289
89.104095 79.20249 64.51237
65.10601 61.28349 51.590614
60.359184 57.54092 48.489788
93.7351 84.68367 69.67309
62.758823 59.54434 50.26238
93.652695 85.51903 72.07968
62.33789 59.20693 50.4275
84.51363 72.164314 58.147038
100.00255 91.57709 76.73639
16.762934 36.191452 36.644863
144.346 133.43095 112.77751
130.64859 122.54347 113.95379
101.29558 93.75403 86.44798
130.86601 118.46988 108.366745
144.89969 137.73402 129.96971
139.8335 124.80519 113.53882
134.09956 118.296295 106.470566
90.38438 85.13451 80.10085
97.328476 90.195984 84.273865
154.7147 142.16542 133.63167
54.324066 59.440575 61.014305
101.033585 94.0314 88.385216
154.28703 141.69926 133.46085
108.12971 98.93624 93.07084
116.7533 96.73615 83.76257
134.39713 130.0325 114.835655
135.79855 131.4733 117.94947
129.9676 125.73867 114.370224
84.53513 87.374596 69.155014
110.34491 106.51558 92.87035
87.765305 76.49654 61.243183
131.38866 125.992386 105.13384
80.76251 74.901665 59.468018
56.434937 86.1782 83.960625
34.40159 36.806057 35.152676
62.930515 62.070084 59.62879
58.56836 60.067806 28.240965
142.53055 121.2894 90.77733
145.64247 139.24063 124.33648
149.8461 157.0398 158.52388
87.39829 73.93523 45.82648
126.44705 139.2834 111.703316
147.3615 141.38524 127.137535
182.75186 156.9091 138.50163
116.8284 115.98695 104.07713
106.17037 112.88943 113.796074
72.99883 72.7273 70.87638
85.15189 82.2918 78.04354
121.05431 114.139694 106.72494
151.30568 131.92125 110.035385
147.58377 140.77121 129.29039
127.40153 112.42333 86.86046
131.95694 117.59694 93.46856
139.67873 107.866844 79.84528
134.01604 103.87686 77.64055
105.03287 87.77922 67.97298
144.07791 121.075066 96.757744
115.23173 88.77598 64.784225
133.45258 101.393585 74.451645
100.3363 80.811905 60.580296
119.79316 92.77178 62.45473
128.72548 109.89312 84.74338
108.833466 86.76437 62.13834
75.892456 60.765484 46.85635
149.51714 126.32778 101.521034
48.71231 48.805817 41.5226
44.984406 44.047115 37.269367
43.903343 43.6909 37.5381
25.010946 38.068947 36.20105
25.68859 41.538372 39.771122
95.11495 86.18491 72.75361
140.64136 129.03796 115.54059
120.850235 113.11489 101.82528
126.06058 117.221115 104.83086
147.82632 138.67569 127.04489
97.466095 66.650505 47.175377
54.931625 60.68187 61.052242
53.305172 59.83221 60.761433
54.363625 52.872906 45.963234
155.0014 138.33472 117.89531
68.901215 57.932823 44.620544
66.34653 56.13684 44.17394
76.31132 62.519928 45.326195
161.00851 157.91464 135.92694
160.41658 156.74422 143.29474
157.4217 158.94662 140.46385
139.02684 141.82204 119.283134
122.093025 114.34341 103.506676
15.197451 13.844654 11.881572
19.867506 18.208878 14.148418
13.711951 14.404228 12.985665
23.709192 20.687778 15.163173
12.716209 14.244234 13.403809
17.116629 14.596821 10.918009
21.932703 18.91375 13.149288
17.979187 15.375978 11.25512
25.069065 23.180086 18.468527
7.4873896 10.719628 12.272574
12.176158 20.710901 20.377869
9.790374 18.783205 19.787735
117.42066 110.650116 99.31225
84.15304 87.083374 82.91597
65.18648 76.46205 78.39154
63.234516 65.75313 62.550846
70.76923 69.529015 61.02978
60.387913 68.12974 65.37568
155.3593 151.47533 144.67653
119.994545 117.77388 111.43296
111.68286 108.339455 101.94155
65.94014 65.15394 59.5671
74.721664 74.84948 71.243484
70.430916 68.95828 62.77328
75.29435 76.57412 71.29957
100.1444 101.08958 99.8864
168.85416 159.98438 147.87845
115.33582 115.58774 112.96782
133.6927 131.59187 127.79631
89.988754 87.23614 84.957115
110.22537 108.37082 103.107605
95.78615 91.03332 87.33657
103.353935 101.4233 98.75981
93.616165 88.873116 85.0461
65.62738 60.464687 57.840694
73.31363 67.38065 63.539722
139.96986 129.91115 123.443214
129.79346 122.93657 116.11123
129.26778 119.26577 112.97757
31.328115 34.73984 33.536423
43.29516 47.441296 41.501423
40.837368 43.79934 36.188126
44.535164 53.193913 53.12053
33.103405 42.185184 39.34212
119.1889 108.678276 85.068016
118.62729 114.36863 97.291466
107.08343 101.12089 89.05965
117.6442 115.3393 102.6771
126.03563 118.98534 103.88076
119.36479 113.63449 98.86286
89.898636 79.50739 64.15574
90.718636 80.19862 64.28541
70.74206 64.68433 50.726166
43.67998 42.16872 32.866726
76.50919 67.106705 55.8864
54.647415 50.17211 37.935314
56.22489 50.963264 38.362812
57.45827 52.171 39.51057
94.37127 82.748535 66.77577
82.61871 74.209206 57.211395
77.67275 67.22015 48.928986
68.700226 62.86073 49.762573
31.727575 38.66097 28.490448
47.294735 44.438477 32.867744
99.36038 94.24378 77.017365
86.01019 85.787704 68.39649
108.81871 104.88685 93.875786
97.13564 92.86925 81.725174
147.48914 138.88547 119.35226
45.47761 53.83212 48.751686
47.095577 53.86427 48.216526
160.92905 148.81772 130.30382
54.099625 59.92209 53.79919
161.80632 142.36665 118.420456
119.921455 115.04301 97.91129
140.9881 126.349045 99.90859
99.36752 93.95126 82.1602
130.20139 112.4724 90.36929
108.58473 89.76914 75.11588
123.264656 101.728386 84.93217
154.1564 133.61241 106.707275
141.4284 122.52802 99.85467
126.82723 105.549644 87.929825
169.55891 152.79771 127.41266
144.84154 128.80815 108.88091
121.94335 114.8451 98.745
151.4185 138.10872 119.28853
130.77568 110.465614 80.41757
127.79379 108.359245 81.164406
143.7964 124.834366 92.97346
111.76644 96.74692 70.86676
111.22276 96.36024 70.552734
139.49908 130.42159 111.97967
161.82024 141.087 111.725
151.0996 133.01332 106.528595
157.85204 139.07054 112.11135
75.19814 79.59925 82.52718
68.893684 75.237816 79.041504
67.39415 74.47018 78.3175
66.60264 73.85002 77.66394
66.122955 73.474556 77.36815
63.91285 71.25527 75.16944
119.340775 116.783325 101.80564
116.38506 112.40741 95.48577
105.60519 103.19625 89.813225
116.890205 111.94728 94.00072
95.149376 98.85521 79.84441
92.193855 93.48871 72.51525
76.22402 72.19628 54.22693
101.78926 104.10688 96.42012
65.767075 64.86484 48.125866
69.00138 65.41586 47.59718
80.96365 75.49537 51.328896
110.34215 98.87851 78.78839
77.55949 74.49372 62.99808
100.18617 89.698845 72.43149
123.238174 109.332466 87.71321
123.69363 109.59952 86.949974
74.74173 79.51429 68.97562
58.59943 65.518936 55.54425
81.49635 82.39943 71.379906
85.66916 85.29123 73.827324
58.952976 69.133934 62.518997
56.77028 66.34011 56.711742
91.40012 83.066154 71.719475
91.39101 83.62093 72.04192
78.05689 84.204315 76.08184
113.95516 93.4993 77.976906
118.03125 98.93444 86.30041
127.950424 112.52791 100.09855
86.29303 74.380775 66.36596
120.62024 104.9743 93.67632
112.05926 97.97976 85.34893
127.64007 111.80123 97.67659
127.067085 109.696625 93.33831
125.2257 108.31495 92.148026
107.078575 91.824715 78.008514
135.26604 132.64612 122.2197
144.51337 141.09254 129.21895
119.02279 89.420425 47.676624
148.61688 104.74755 49.491108
129.59476 119.86583 105.689125
121.75451 112.70557 99.22447
109.0598 101.13345 89.00912
110.65173 105.707245 97.6748
109.90892 100.414665 90.42015
116.7563 110.4658 102.06499
125.147545 111.873085 100.91978
54.74872 50.988873 41.13447
83.91105 76.43212 70.4562
92.455 84.81565 71.77964
82.08124 94.65116 102.263245
50.22645 57.021263 57.782097
55.83326 72.51567 76.46819
38.42921 59.63152 59.63677
51.150967 69.44736 72.75796
40.303852 65.04924 81.20207
38.51354 54.30892 59.253742
36.687958 55.43395 61.76899
58.270206 73.88454 83.293205
103.28721 91.6376 72.82786
90.59139 79.330605 63.474133
97.27512 93.47083 78.65836
99.6852 95.94896 82.151985
39.95001 53.924187 41.037605
59.9674 65.37382 51.296356
51.85419 58.34224 47.62708
50.71267 57.393852 47.008247
39.436256 53.86124 40.56761
95.01985 89.80258 83.765
104.612114 107.41527 101.63937
115.36986 111.75588 104.58462
121.13687 119.00192 115.13936
105.81358 105.58521 102.40327
80.30181 74.03266 70.94425
104.86004 109.0682 103.87986
103.5423 108.05929 103.034065
134.23454 121.80462 107.63884
111.959694 102.35181 93.65749
136.8221 128.12361 121.86352
95.32512 83.61239 79.41053
102.78093 89.40198 84.29174
135.66115 123.39631 120.784225
134.46936 121.076775 117.52583
135.03644 122.19574 118.48352
98.49402 85.5641 80.78651
135.72737 123.10508 119.75265
135.38063 123.04568 120.300766
133.49803 121.34797 117.850266
85.453415 80.35687 78.67899
127.77361 123.18027 123.394424
127.7755 123.25734 123.65731
126.785484 122.09989 122.790016
127.69546 123.11027 123.91804
129.38788 124.61368 125.49153
130.60007 125.42684 126.00354
94.72983 87.9737 85.18078
131.59784 126.836136 127.85083
86.9794 77.71852 73.85665
86.3423 74.829 69.52383
124.28274 115.93436 113.9737
90.480705 74.249756 65.89015
126.50952 115.38048 111.86373
23.05401 28.867987 26.321547
14.129405 16.811127 16.110842
56.467297 58.45815 43.438297
61.05083 61.964672 46.59841
95.63263 102.26052 99.6326
110.57199 116.530815 112.8126
69.7196 62.447205 49.817245
68.27045 61.125717 49.617035
107.187614 103.92821 102.55244
149.55765 142.33382 145.99434
139.52254 132.94502 137.17952
123.47218 120.19652 95.79142
120.264626 112.586685 91.37148
79.32299 78.9695 69.91201
71.12932 67.56047 60.507904
106.72601 105.02348 91.447655
78.682594 78.77571 70.26001
92.38638 76.8756 63.990074
72.8631 71.821175 57.559006
82.83227 77.68967 61.91231
101.24148 101.78477 82.69855
65.92125 70.73639 65.89174
73.41656 69.49066 58.210346
91.06805 84.59121 73.7997
62.382187 65.761345 57.57592
0.7872245 0.78920376 0.7718998
7.7217574 7.723767 7.7102113
12.85566 12.85791 12.844085
13.216944 13.219883 13.203838
7.545689 7.548928 7.531504
10.082292 10.08568 10.069276
9.332403 9.336002 9.320948
7.500525 7.5064926 7.4925475
8.892068 8.897615 8.88565
11.839796 11.847174 11.833888
13.845134 13.848883 13.834608
13.153636 13.156515 13.14113
15.2302 15.232629 15.217184
10.382816 10.385096 10.36983
