14.60908 14.80798 14.2785635
14.60908 14.80798 14.2785635
1.7513102 1.7513102 1.7513102
100.405594 88.13712 83.258385
71.22491 50.710625 42.81584
72.497185 53.803394 47.655987
15.489845 17.744038 23.479101
18.042912 13.262906 9.8151865
20.077503 15.826979 12.299069
24.256224 19.247707 12.693724
50.025616 42.970715 36.326717
39.147274 36.3049 31.99679
46.58019 39.906708 34.09827
90.08209 88.05464 98.677345
133.59512 148.14145 172.20421
84.239975 97.7504 90.379845
91.97995 106.105804 74.296715
88.429504 94.95538 64.84952
70.938484 71.70211 53.962524
97.423416 86.77608 71.377945
60.055294 58.090538 47.112225
59.9299 58.021423 47.061977
102.68606 94.86596 66.557655
76.318855 71.15232 71.412735
60.710625 57.810665 40.54278
34.45899 34.83235 20.848206
75.59408 60.306538 43.970585
81.758514 68.57187 51.32796
81.21554 68.01514 50.844666
56.466064 38.06761 29.532495
102.16012 79.48408 65.62153
103.681015 96.96043 65.61072
133.76494 119.80503 87.86622
128.85352 113.0494 80.51959
104.418045 80.206696 59.24502
118.39105 107.41693 93.4244
112.69923 97.81224 74.87317
112.69923 97.81224 74.87317
130.75931 91.33825 65.87173
98.25059 81.34244 61.28112
109.949814 101.54907 84.57023
92.03132 74.78538 51.795727
92.05739 74.82213 51.820557
176.56912 162.04901 139.94005
129.60895 113.188416 101.55156
116.080185 90.278305 64.71495
115.112946 89.24181 65.40199
131.67938 105.47366 79.826065
76.87841 50.863274 37.475433
85.82764 53.75989 36.787933
84.91064 64.76611 48.11203
76.46901 47.133583 30.617205
123.19274 105.15933 81.08235
108.92426 97.543045 70.78512
108.69582 97.2523 70.6763
121.5741 109.11334 75.01592
110.87061 100.54475 66.686584
111.227264 100.361176 67.447784
71.922035 56.110847 46.646423
60.148193 50.77273 40.168896
59.71233 50.335167 39.899437
100.44713 98.05582 69.84041
117.27621 109.17125 78.74109
82.77974 62.3201 48.822918
96.65212 77.68069 66.04796
113.44713 95.418564 88.304115
147.7973 134.47046 125.98205
127.92892 108.89374 102.736305
133.62965 102.844536 90.172104
85.710106 74.008644 62.733227
112.560074 93.383125 81.925575
101.285904 90.03295 76.94837
91.77968 74.9413 62.18501
91.64865 74.82947 62.10659
123.65324 108.556015 91.730736
99.80634 85.74469 68.60528
99.90009 85.79402 68.59499
108.364975 93.07324 81.82848
110.85161 89.79756 80.282166
96.592896 82.27889 74.38948
82.221504 69.12493 62.33104
109.469406 90.24496 78.907234
180.65533 163.69543 141.60974
63.471436 45.635284 30.387512
68.45368 56.98513 53.78872
72.92499 60.3372 51.62795
78.79009 60.232704 49.71816
78.93416 60.453617 49.969406
96.18043 81.72759 67.40435
95.63247 81.09735 67.72936
102.177345 77.46816 63.68547
91.486435 74.40612 63.458073
105.138695 81.37376 69.99142
67.42348 47.164307 38.19097
67.139084 46.837395 38.025814
59.068527 43.120937 33.159462
80.77876 66.475174 53.996857
53.36786 43.07593 33.400745
47.5568 35.63299 26.150747
50.738796 42.586544 32.38155
53.948112 35.26559 27.643803
111.71626 88.64452 75.49764
83.35515 67.390656 49.976612
53.13155 37.449554 28.218096
67.91883 47.02116 34.378143
104.68619 88.18901 78.168175
113.440186 108.5684 87.97216
100.5004 95.35973 71.13286
86.36537 87.22085 66.66195
92.61373 77.75917 63.635284
111.285904 105.31512 86.24423
113.006096 106.28315 60.847748
112.85319 104.89852 79.15291
121.260284 112.745674 89.126045
121.06827 112.60207 89.00504
69.124084 56.624477 47.39151
65.22445 46.35397 31.062042
63.609474 44.556995 30.421776
99.760284 87.081955 74.227005
100.221436 87.49181 74.53355
68.34788 49.777122 34.025944
104.56106 85.66385 67.848206
68.96318 50.678787 34.90684
11.006552 12.504586 16.705385
108.535706 86.50596 67.280334
86.79069 65.43429 50.689205
75.9398 54.0283 37.330647
76.256096 55.521946 42.797825
71.34342 55.331173 44.09912
86.12913 69.33478 61.91542
89.067215 65.97707 51.933178
140.61957 126.054504 105.085754
73.44418 76.987686 64.47779
100.069115 88.02031 66.99738
142.79488 128.08582 110.27621
142.79488 128.08582 110.27621
101.03616 82.364975 66.879585
100.739975 82.10279 66.75884
107.8771 97.41726 65.87074
123.01297 103.98316 70.5437
103.03348 83.793175 52.040092
113.90317 95.46298 64.22275
102.3543 95.98552 64.44451
94.16693 72.26441 54.50675
61.70571 44.47065 34.42859
50.34827 44.175903 27.824162
61.580452 44.878143 34.980675
76.95375 75.45827 76.29802
113.24404 92.69962 80.09198
114.05202 93.51494 80.90808
91.90625 73.420135 55.80575
102.85482 72.6497 63.86524
109.879654 80.90304 69.01611
123.39374 91.87736 88.51317
123.98296 94.17996 89.82783
113.6915 83.6402 72.18324
114.28715 84.083725 72.40874
124.6894 92.936386 85.90121
109.094864 80.379524 68.971306
107.79455 78.30149 66.29291
101.831764 67.37369 64.77895
125.147995 140.03944 106.35639
128.38863 137.28491 115.23965
62.530334 61.532036 44.118122
74.840866 77.4544 45.896294
81.60305 86.27974 51.04684
72.818985 69.66025 47.751835
114.26801 104.27974 78.596436
124.08759 104.71292 78.64937
117.65769 111.68567 76.85469
123.10272 116.41791 80.100105
144.87369 131.54842 102.29069
72.50216 73.66064 55.196606
120.45709 112.30811 64.41673
120.73375 112.5684 64.41798
77.568924 59.294155 43.089886
109.82423 88.639084 58.67715
120.47425 103.61288 75.16319
131.23323 113.190056 85.664246
131.46495 113.258255 85.680885
116.45375 101.86989 84.179115
78.27201 81.01035 64.034195
78.449425 81.15946 64.36347
41.42669 30.564596 17.551691
56.8448 40.848206 25.010809
47.92001 32.629192 15.821737
51.118774 42.217766 21.568724
47.326782 38.07364 17.089558
13.383844 15.178197 13.345584
13.840212 14.073899 11.963705
21.61537 18.736242 14.271947
21.769917 17.96292 14.513758
36.211346 25.34755 13.208595
40.631485 30.656904 12.658281
30.39806 20.771685 8.884237
40.412277 30.466589 14.184224
23.930687 17.29658 7.107246
80.31689 73.93016 49.229298
120.72962 103.87173 81.660835
103.66902 96.804375 79.78007
102.98048 96.403305 79.97373
101.605675 95.16975 78.92892
63.12893 51.46541 38.39426
209.28537 206.63411 207.90166
209.27568 206.62952 207.89682
171.90291 153.15147 136.81113
94.47871 86.86943 56.792454
111.635155 94.78538 73.03165
113.28754 96.51448 69.49155
116.76684 101.02889 72.901535
131.44687 114.830055 84.370476
105.943726 88.83418 68.688484
102.21174 85.70244 66.01959
107.041336 88.65776 68.22779
106.443596 88.55103 68.21469
94.06132 86.60489 56.804768
93.88824 86.46004 56.673546
141.2464 122.824486 105.63843
140.14925 121.7348 104.44851
146.03433 123.936584 97.49659
149.74161 125.89374 98.679375
116.949814 88.215996 64.70217
120.658806 95.32861 74.30556
65.911095 54.984997 35.05575
87.77267 69.305885 55.708073
117.388885 97.64564 81.28492
79.94464 65.6402 51.437893
89.28282 73.599976 57.915226
89.48277 73.67329 57.80241
78.348465 66.49155 55.326782
78.268936 66.39125 55.21672
89.91772 66.82593 49.866943
89.48598 66.74181 49.8674
96.29632 93.592964 94.145836
97.8638 95.17682 95.649635
91.675514 76.98886 84.63666
166.18599 154.6985 150.6421
100.03001 73.54999 56.70853
99.97943 73.682976 56.79612
151.54633 135.57292 132.73769
125.909065 124.89551 128.32979
102.6854 99.35509 91.06879
145.66733 115.920334 91.63791
145.61275 118.27031 99.60495
108.842636 84.75327 71.02293
108.333595 84.39288 70.59814
124.67964 108.55923 97.061516
124.82731 108.60076 97.00223
119.81486 102.05896 89.754326
113.6117 96.51854 91.33792
115.7464 103.46259 98.032234
108.392624 96.060074 86.24574
182.33295 171.03027 164.69064
118.37847 101.49155 89.68809
88.78983 72.1421 58.90317
79.789505 66.592636 62.5038
79.18901 66.02188 61.89485
134.1833 115.901794 104.30582
125.68796 105.066826 94.15789
125.33582 104.73513 93.99823
107.15992 88.36072 75.35587
119.857506 104.36 95.08255
128.66791 117.651794 111.12546
107.20217 97.38568 82.02129
116.51854 102.543434 92.26631
110.4867 92.85666 85.67492
101.91254 82.18043 61.428917
118.36983 105.793106 94.87467
133.83353 120.07547 110.79272
114.25387 100.63777 90.506096
106.71004 86.783936 73.99797
67.42754 65.91582 45.676952
66.050514 65.29462 44.558243
89.24974 81.44811 65.13417
73.18069 64.66765 57.089165
78.08255 68.776726 61.096962
78.006485 68.67158 60.943657
86.10646 75.40612 66.97668
109.06584 86.04206 65.192024
83.519196 79.100494 75.80772
94.339096 79.29101 49.170795
115.13378 97.83949 62.689007
106.864914 90.0076 58.139545
106.76952 89.98389 58.09244
80.548416 71.94857 51.315186
88.89655 75.93219 52.23978
103.6953 80.025154 53.55123
52.81597 36.975433 17.33602
53.000656 37.044613 17.375132
85.4379 73.22111 47.983295
31.595585 24.647602 13.817479
36.928852 27.009237 12.9973135
28.009762 14.893803 6.941431
28.241484 15.02162 6.9738603
165.12991 143.5046 101.79619
108.8807 95.280396 51.562565
83.441696 62.688156 41.191956
83.455055 62.752422 41.27817
83.37297 60.159786 44.347355
52.482834 37.22694 23.978119
91.03269 75.51684 61.901466
113.11956 86.8691 61.936714
110.93613 85.43449 62.50845
104.49646 81.877754 59.28564
97.54966 75.21855 54.285572
112.47491 87.85456 63.67394
100.199486 101.2046 75.88017
74.32848 67.13463 49.18239
84.99142 70.796715 52.048874
91.5247 84.10423 77.80634
105.774895 91.22596 73.59906
105.48336 90.76978 72.85436
83.7994 67.90448 52.837524
113.84526 92.41726 86.21639
105.20905 96.763626 90.18907
123.31427 103.688545 91.490105
89.69707 70.76258 61.73218
120.76087 103.08202 91.890854
97.27974 86.65618 78.65501
94.19634 73.29101 60.566757
74.063614 61.212852 54.01926
73.66385 60.816036 53.551624
91.68586 70.50707 57.133976
112.61753 91.993774 87.12061
119.84041 112.405136 84.666275
83.98185 80.54226 70.05634
92.449814 79.65075 71.14098
81.93514 71.410706 58.68822
81.60699 71.0454 58.439598
100.08248 87.532234 60.081104
92.37697 68.38601 37.92859
120.28243 114.17066 81.63306
118.23965 113.397606 83.70388
118.125656 113.28361 83.58051
129.12782 126.816826 88.966194
74.403366 68.81591 45.740566
62.28885 61.700798 40.33399
67.75773 66.47779 46.431538
77.0247 72.38561 51.67086
59.58792 63.322655 42.041206
32.655266 19.617859 13.772143
38.318657 22.462984 8.758648
38.54468 22.645113 8.811911
12.905661 11.860325 6.2762055
14.303 12.292256 6.4943004
50.962395 25.373821 11.732966
41.37749 24.060076 11.871921
17.620152 13.82534 6.8520703
17.706957 13.902057 6.9354033
20.38391 15.316431 7.738142
21.426428 15.753144 8.183438
19.25321 15.447523 5.7444315
36.424725 19.32344 7.127031
19.69641 10.002358 5.6231656
36.19058 22.937368 11.985653
36.04324 22.747839 11.826716
67.672035 33.49345 9.546318
67.870674 47.896816 28.391706
83.52752 64.61072 43.265396
42.590214 35.587067 21.229755
46.162342 32.450405 17.318396
47.891705 34.739124 20.69641
67.324684 35.408085 14.452306
36.27149 25.565775 16.229626
37.71934 27.513693 17.110981
55.839886 32.56584 13.343161
44.129128 28.097485 15.506552
47.382336 29.36917 15.603773
28.032103 24.641247 14.496201
28.148716 24.661623 14.501048
32.52745 28.822983 16.194052
23.110193 17.974909 6.470388
23.034132 17.900091 6.4374347
71.828094 53.66123 28.611046
67.59428 49.83628 26.45401
71.23048 51.758713 29.691692
48.3748 34.385612 19.242466
32.973663 23.735325 14.100432
34.371395 18.078617 8.613142
11.489715 11.441169 6.735063
20.646816 15.36216 13.09054
10.482311 9.917256 7.9393997
3.4920728 6.764675 6.754979
17.887054 17.642296 18.275288
17.905792 17.634499 18.290684
22.391182 20.57665 21.376179
22.122183 20.337788 21.233753
21.945362 20.16588 21.112946
21.98395 19.908018 20.94962
19.256224 17.23932 11.940776
20.734539 18.099909 9.813745
78.28459 41.426167 5.385679
78.01081 41.303394 5.3960953
37.563877 27.4375 13.122576
60.502228 39.88889 22.880045
8.23716 7.7743053 13.261924
5.090409 7.2108884 5.7454143
8.328878 8.817938 12.212395
8.355674 8.874148 12.27162
56.057587 38.225693 21.214426
80.633125 61.434814 35.63522
20.465343 17.54645 8.022734
22.16051 19.303131 8.489977
22.121922 18.700472 7.6259828
59.47517 44.11989 27.339819
73.550514 51.011856 24.98349
56.342373 37.65697 20.939531
100.203354 72.633255 40.535572
11.530791 10.057717 9.319968
6.4301624 6.9827046 5.72956
18.652975 19.23264 20.573704
94.80267 81.195755 74.5207
72.00996 58.666798 39.62605
76.67453 62.283478 48.041206
74.44595 69.955055 52.14806
74.68743 69.99312 52.420467
54.432194 51.59244 44.921776
47.3144 45.35967 40.100956
63.13417 59.67741 52.838707
99.039375 88.10004 76.458725
104.923615 92.3142 81.63974
33.85934 34.01631 20.658543
76.27038 75.07744 66.4508
114.90042 107.541275 93.96272
40.723206 33.340214 28.829271
95.01251 84.69267 84.8277
82.964035 93.826584 99.999214
99.55837 93.572586 111.16962
68.25983 60.873623 60.871723
49.7215 41.543762 40.320427
75.1782 63.202175 61.835167
75.41569 62.70047 61.513824
60.989388 48.47799 48.74987
54.69641 51.10659 51.156185
81.01605 75.63594 69.32574
114.36537 109.513695 117.010025
101.77535 88.55936 88.91575
95.8066 77.74502 75.30621
51.58713 53.05051 53.117138
78.9299 73.749146 62.193592
80.60836 75.34145 63.78105
62.634827 40.70067 36.04907
67.09991 55.539833 50.675247
88.3334 75.8146 70.60109
92.8258 80.22635 74.260414
101.1894 88.10842 82.577896
98.9434 89.88647 87.24384
95.76297 74.29815 59.62985
95.57311 74.14374 59.499214
118.83877 110.85816 99.75754
96.07934 90.02614 81.118576
93.28099 77.67866 72.622055
82.763756 66.35699 58.541077
88.16778 70.58825 63.869957
70.91621 62.10102 51.63345
96.80772 92.34585 79.89197
86.55516 83.71128 68.84611
65.118576 54.77555 41.947132
121.535965 118.00308 103.129196
70.243645 59.56833 43.57639
127.00957 118.107834 103.695625
96.03328 81.050186 63.532757
109.45761 96.28859 81.05293
107.931015 94.664894 79.36504
68.48375 51.22373 26.283281
65.2593 45.99692 29.29409
29.842964 23.862225 18.709513
89.51284 65.62173 49.86668
89.5627 65.732506 49.88522
26.051952 22.73657 21.609867
145.06964 157.85017 158.87985
113.006485 108.00957 95.307915
113.006485 108.00957 95.307915
29.059618 25.270178 24.87821
28.937958 25.205517 24.74312
90.11406 89.221306 84.42335
152.37617 152.37617 152.37617
10.114387 10.079992 7.9494233
112.84605 151.14046 98.56486
20.14033 18.355347 15.514872
89.25681 103.99129 93.40258
141.93422 144.48369 147.99437
141.93422 144.48369 147.99437
109.61766 113.6381 115.49633
109.61766 113.6381 115.49633
186.25603 182.31505 180.08635
127.66319 113.23179 120.60312
24.837591 22.35207 22.009369
47.265724 38.120678 33.345715
72.657036 53.608032 49.254322
74.647736 48.64269 40.43632
22.353512 12.099843 14.899437
41.711346 33.23788 27.60194
39.981327 32.413784 26.956367
38.193134 28.40199 25.668894
41.874672 32.89963 26.643213
38.161034 30.647995 24.558962
39.63522 29.204403 25.916077
30.505503 30.759565 43.992268
38.50105 32.17551 23.657822
38.337593 27.622051 21.30228
34.829533 29.620676 26.081696
42.39649 31.57855 25.304441
42.56512 31.681276 24.176888
105.27935 77.30923 51.928658
106.65114 93.699356 73.61373
106.56381 93.596504 73.55103
90.83261 82.8313 70.923546
80.284195 57.77483 42.76107
88.61406 66.82416 41.775486
88.82501 63.47432 37.439598
93.62382 81.1402 39.4092
87.35462 60.769524 39.49653
130.03648 103.43527 75.00694
98.784004 83.01972 60.585167
95.31034 79.37369 58.262253
129.20872 143.47183 173.43239
156.46082 153.96495 133.49803
155.88994 153.3157 132.9265
129.50223 120.00026 90.962265
105.21875 84.36904 67.99522
120.95637 111.53865 86.67289
112.00301 104.82934 90.70447
120.08681 104.10829 92.26238
0.8717898 0.8717898 0.8717898
95.00249 60.45342 56.165028
85.416145 72.32233 67.22072
45.34532 32.148716 15.899043
35.840015 19.23801 7.9569573
35.63712 19.107443 7.9570885
2.9125392 2.9125392 2.9125392
1.3339884 1.3339884 1.3339884
1.1297824 1.1297824 1.1297824
6.78767 6.78767 6.78767
0.9621331 0.9621331 0.9621331
2.1542192 2.1542192 2.1542192
9.189924 9.189924 9.189924
7.1941824 7.1941824 7.1941824
6.34054 6.34054 6.34054
7.131027 7.131027 7.131027
7.702699 7.702699 7.702699
7.9167323 7.9167323 7.9167323
5.5741615 5.5741615 5.5741615
7.0476284 7.0476284 7.0476284
12.468357 12.468357 12.468357
12.466981 12.466981 12.466981
14.185993 14.185993 14.185993
11.085757 11.085757 11.085757
8.676494 8.676494 8.676494
12.925053 12.925053 12.925053
10.364452 10.364452 10.364452
7.049528 7.049528 7.049528
13.416012 12.350432 12.260221
0.0 0.0 0.0
