0.0016244315 0.0016244315 0.0016244315
0.006920078 0.0046133855 0.003931124
0.029272255 0.018388564 0.014684861
2.3620207 2.3511045 2.347401
3.8859649 2.4115334 1.368551
0.5634503 0.35714749 0.2725471
0.9490578 1.6843079 1.4782976
22.153833 22.025179 24.895647
27.87651 27.927876 30.50091
28.60796 32.65783 41.31644
46.054516 45.797077 48.405685
39.344574 36.956074 39.330734
46.00221 44.608124 48.98496
39.47888 35.421085 36.202763
45.49506 42.430214 43.72989
41.634796 39.63447 40.710754
30.697855 29.414782 34.15432
147.71329 169.3759 156.46092
198.34503 160.88564 137.59883
190.78012 161.61072 136.7584
28.755362 26.751852 31.727388
67.145195 59.203606 68.527
146.89723 147.8193 150.40244
113.48616 109.96017 109.38297
108.25341 86.41647 83.83447
108.55403 88.35929 87.91351
113.93759 98.10487 95.6666
91.59841 77.51667 80.032326
94.33707 78.90838 76.779205
107.08983 98.32524 101.16397
81.89688 59.930832 55.535576
87.155655 63.01345 57.259163
99.76286 89.79409 91.29974
76.66039 64.51482 62.532715
114.51059 99.36933 102.165855
115.20744 100.76618 98.96225
74.91709 65.35387 64.70666
104.347336 94.44519 94.73285
104.765236 94.42963 94.17014
116.76121 114.80231 117.79549
103.460625 101.34571 104.46277
76.78294 64.724106 63.14948
139.7809 136.57895 152.70036
53.144737 61.765594 71.446754
50.33756 56.274464 64.378944
63.264782 58.462605 59.588985
63.484795 57.943146 59.225212
56.893955 51.15143 50.57427
60.758156 55.747074 56.797367
60.39022 57.17602 58.94672
64.98652 61.824886 63.260754
59.43811 52.413742 52.848896
52.105034 46.72742 47.74009
69.70442 61.876804 60.95692
58.95731 51.875668 52.39168
92.7809 85.9449 80.833954
74.769005 67.74354 60.803963
82.74721 68.070465 61.305458
78.275246 63.25718 56.872158
81.477745 76.30215 71.74331
86.772415 73.867905 65.46638
88.85341 76.72891 68.94487
87.58122 71.741394 70.44431
104.4489 98.04113 98.82082
111.576965 111.426735 118.9514
105.916145 100.55458 100.710625
136.22258 131.75095 135.81036
103.207504 102.69493 104.2541
75.81043 61.344673 58.40796
87.11969 71.38323 63.160625
78.83174 57.751785 45.898052
89.34854 75.70162 68.42086
85.97537 72.95611 65.714424
81.62238 57.894608 47.728004
80.54227 65.905815 57.40767
70.45432 47.75039 36.31517
105.62576 92.20078 86.19022
100.18099 88.58889 84.57502
97.91368 87.22947 82.885544
109.15799 97.82053 93.42745
118.81793 106.63674 102.891685
98.17339 85.107864 80.94276
117.775505 109.93853 110.05815
94.594345 83.251686 81.67505
96.272675 85.03853 83.15315
106.265205 92.2951 88.43935
111.467285 101.88249 99.29568
88.50686 74.419754 70.22849
88.34373 73.61079 69.26774
75.89061 66.83502 65.553215
103.501396 84.50672 78.41498
122.88421 120.80916 124.6743
128.7252 115.73382 111.501686
118.79366 108.60172 107.20464
135.42215 134.84932 129.96432
120.65351 110.899704 108.47911
123.56303 110.94233 99.498505
91.231514 85.313675 79.830215
82.43272 80.83925 77.28044
81.14159 79.15422 76.576836
96.33174 92.881966 85.84184
89.875175 85.87018 83.782196
96.39445 106.50237 97.1333
118.92551 105.470665 105.73314
103.37723 94.91485 97.402016
88.26283 74.23918 74.704155
85.713486 70.655914 76.00247
85.649185 72.021866 74.8447
91.40507 68.5026 70.18742
83.5409 68.92586 73.87641
83.771706 57.4807 58.65367
98.98067 81.313644 85.30052
108.13268 96.230736 92.97654
107.740906 98.90445 94.526085
87.48684 75.9577 76.4615
104.56179 97.08675 96.004486
97.365234 92.28112 87.353966
103.96992 93.66696 95.55835
104.936745 91.648735 89.31127
98.73193 87.99383 87.93177
115.9576 101.04701 99.26459
95.76449 76.20406 77.40328
99.18473 89.347435 82.78064
118.42099 120.33125 124.4616
115.76647 117.02745 120.65614
135.95894 136.00685 142.47223
117.203865 122.45972 108.00315
108.25127 106.696915 107.27083
94.607376 89.99301 89.3896
112.72495 117.92609 123.60936
116.13021 119.90292 124.255684
116.251526 119.63733 123.84506
118.85195 123.46316 129.87634
114.75455 110.981285 115.52976
108.37661 93.44178 96.905716
110.02336 114.73759 122.53668
97.09675 96.618515 100.75039
85.99789 79.02284 85.312706
95.440315 90.18243 94.30819
101.622025 95.33304 98.9719
83.487755 87.55868 79.5001
84.27615 86.41131 82.183624
92.11969 85.96173 89.926674
75.186874 65.44119 66.13025
97.06137 92.47359 93.75354
66.03655 57.5833 56.63866
69.47664 59.42271 56.831093
75.994896 61.852077 57.59753
90.30705 76.3539 73.56078
70.51988 56.680443 54.71449
96.81475 93.111694 97.75659
85.81875 69.676575 59.624073
100.62969 85.43408 80.20169
81.64327 66.05075 53.43509
95.98317 85.162056 80.39665
52.640255 42.0064 41.232975
64.080635 45.79584 35.75679
87.53811 72.81615 63.623066
68.46101 55.6436 46.10549
65.935936 48.634373 39.781902
80.15708 75.08531 73.83525
90.81602 79.991165 80.1886
78.70634 68.45338 68.78428
90.909225 78.8831 78.06098
90.694214 78.546326 77.566246
96.19022 112.5719 93.60965
65.99964 75.601364 70.17485
77.162056 79.64441 80.88694
110.029144 109.16875 112.92518
78.654 80.03418 79.840126
90.7807 100.485054 102.703865
95.73574 86.286644 80.79373
58.981285 48.339245 46.2218
63.218616 53.1783 49.65536
61.18463 49.208286 43.96215
65.82391 52.560493 48.100292
85.75072 73.111176 72.33181
84.07252 71.8834 70.82898
47.033432 37.10731 42.18668
60.067513 51.01449 47.00247
59.31212 49.87716 45.696262
59.612152 46.461662 43.670372
107.864395 99.751396 94.68742
84.68499 75.78333 70.25676
97.45136 95.23268 102.84483
91.77427 81.83925 76.21017
71.35387 66.31547 66.36388
73.33301 68.92339 68.01452
86.117546 70.89409 68.68125
83.823586 68.78353 65.35988
51.96033 47.848927 34.858414
91.857864 80.04162 82.20959
105.38359 93.66017 93.85185
100.89441 87.17203 83.64051
80.07066 68.022316 68.78093
70.183624 56.98353 56.8346
81.570465 66.01036 64.512245
109.60484 96.292885 99.27706
82.82586 66.45988 66.7028
88.877975 75.138756 76.14565
88.72924 78.5449 71.27804
57.501072 45.482975 43.31465
59.403507 46.168713 42.835346
61.9564 49.60952 46.95838
73.117676 59.92648 56.69058
77.272026 57.394608 53.444736
55.877583 43.94191 42.984634
66.22833 50.29139 52.06199
64.34607 49.937393 48.5911
48.98538 37.913677 39.8936
56.39948 42.43356 41.284374
91.50777 73.72199 65.570595
85.98837 69.864685 61.15182
89.81881 68.44321 56.61634
103.55169 85.04422 77.8089
90.87261 68.12388 57.847954
84.90679 69.54568 62.33541
100.10949 83.63346 77.78844
99.68726 87.96261 83.19399
97.72141 81.697105 76.25383
87.56566 69.504974 60.37924
97.23229 80.296555 74.06832
95.861465 79.52398 74.16547
93.48184 77.5334 71.42748
95.61562 83.542625 78.87719
94.285965 82.58707 77.72924
100.78415 87.47869 81.53561
102.806725 89.43278 83.88103
103.95968 90.31046 84.95627
104.81046 90.79337 85.594284
103.60666 90.98759 86.07121
96.289276 83.72115 78.63467
73.58587 60.444542 52.296818
46.789604 39.543404 38.11475
93.826416 79.16514 70.56059
83.59695 74.35887 65.53047
109.6038 97.368095 95.214294
73.68236 64.54269 66.42735
95.18489 76.55071 67.6498
81.60315 70.52791 68.7887
87.14344 79.37573 80.128944
86.98418 82.25387 81.4691
83.0205 72.354126 77.933174
107.24019 111.66634 95.418976
76.3037 93.67593 104.196884
97.104645 86.24165 88.350945
88.35007 80.967476 76.28327
73.94064 64.11218 68.937294
81.039795 69.62053 61.16725
98.28726 87.11758 92.758446
75.83236 64.2665 70.91692
103.94597 91.3382 92.99652
96.03489 80.68359 84.70283
101.38301 87.35601 88.17122
95.32407 92.276215 89.313354
124.299644 122.51319 121.593506
92.663124 81.943245 80.83161
89.418 78.35867 79.40468
98.16959 84.07485 85.47482
78.37294 67.138725 63.97063
100.81098 88.29155 90.06534
93.62749 78.32865 75.42719
87.57475 76.278946 79.070114
103.21225 82.02414 76.317444
94.86575 68.25403 59.74675
94.65663 68.45182 58.98265
91.107864 66.2294 56.20224
91.01332 66.32449 58.06644
92.50663 67.673035 59.56826
92.66482 67.76215 59.96566
89.4549 64.9245 55.13343
82.313545 66.8629 69.56806
82.00046 65.87274 68.95133
59.597107 46.545517 39.229923
61.92076 48.694378 40.338596
74.33983 59.31215 49.69386
75.00062 61.56683 53.245483
57.773132 45.29454 36.605816
76.31225 61.57544 50.71407
71.789894 58.343338 50.477192
56.738922 43.74269 36.716114
65.80136 49.981255 39.568195
65.44834 49.73824 39.436127
82.52463 62.68028 51.757538
63.0103 48.27625 38.011597
69.011406 46.062054 38.092365
58.425568 37.051754 30.681124
58.78457 36.33015 30.163904
57.497986 36.24191 28.153183
45.193634 25.115725 19.873068
65.80416 40.709618 34.12911
65.82278 40.768322 34.20835
36.45559 30.02833 25.935413
36.964264 30.396881 26.3115
35.990253 29.485315 25.553087
37.019753 30.483139 26.332424
33.583366 28.92742 27.331352
76.90822 55.068455 44.434536
74.6397 54.93353 48.17661
81.45838 60.435444 49.413383
81.176025 59.418064 51.669785
81.142006 59.606174 51.97888
74.38674 55.853313 50.204353
61.9744 48.647305 44.83918
57.69383 45.37833 39.89688
129.63992 138.6089 142.03766
122.65321 119.54779 121.840256
96.60003 85.12684 86.74477
102.90396 93.29058 95.87349
97.64727 86.68902 88.5447
93.42384 82.108444 84.46491
100.82167 95.20828 95.13684
73.54753 74.18548 86.266014
83.49633 82.94565 94.977585
85.58899 91.59149 107.02473
87.090675 93.30461 109.27544
101.8141 107.61592 122.46043
38.70169 48.03629 62.51335
41.655586 48.777615 60.550323
43.534534 48.77531 54.684082
66.282585 55.017544 55.36527
92.40065 72.62739 68.076805
88.4935 70.0372 66.039474
106.49925 88.41335 70.54399
81.78805 70.28746 63.66449
82.41868 70.00429 64.125374
62.02875 50.56813 49.951073
78.53291 65.72131 65.385025
85.7168 71.070435 68.43194
57.412476 44.563644 45.343826
78.067055 62.914196 61.046947
73.19789 60.764393 57.58528
70.659355 58.451267 55.708416
75.27342 60.963905 57.136322
71.76907 59.0205 55.729664
70.91469 58.88707 55.74032
83.09483 70.25416 67.080765
35.689148 29.9308 28.223196
95.196915 79.296555 76.03772
67.58538 55.096687 51.570435
79.10185 66.36267 64.30055
91.53765 81.5514 80.64064
71.47986 61.56839 55.94701
72.169136 62.369297 60.396004
59.351753 52.0807 48.603184
89.41039 80.81865 78.737946
73.135315 64.39327 61.385834
68.94929 60.22547 56.451298
69.916145 59.49646 55.022026
66.99178 53.96267 46.94623
65.909454 57.900845 50.53993
70.26755 61.327354 53.404644
75.437164 60.65562 51.3001
91.091194 66.04139 51.798927
90.262085 65.29828 50.985477
87.053085 62.781025 50.80065
96.16705 67.79545 52.08515
99.05055 71.731255 56.995224
99.5062 82.46371 75.40276
98.24367 81.31251 74.27135
106.70039 91.3027 82.994934
110.21488 110.6744 112.33408
114.92271 115.36621 117.179924
131.67764 128.16331 130.97801
100.79347 98.24097 96.8589
66.70845 51.02339 47.200813
49.328266 45.516113 43.907536
101.50591 55.95367 53.80845
51.577843 46.535606 46.123
77.358025 59.50351 61.368813
81.97668 57.692234 51.978233
82.34341 56.559128 51.168224
79.65455 55.672256 50.39584
66.18821 49.784374 62.78418
68.282 53.6168 65.58564
67.13577 54.55702 69.436485
78.09285 49.257214 45.864716
66.44276 16.150682 25.24048
18.084665 22.567057 59.05874
66.41033 12.455945 24.551786
22.30458 28.112736 79.101654
20.918032 22.72271 64.36257
70.614136 11.711273 24.777647
74.42892 63.163776 66.218
63.841293 53.488693 65.3386
63.286777 55.76566 54.803345
62.199284 54.06449 65.08226
65.419914 55.555782 63.349415
87.162186 73.481445 79.13733
61.237133 51.374332 58.888176
87.02004 72.477646 76.61352
81.29204 69.13635 73.751595
78.464424 67.15308 72.20328
101.74363 92.13457 94.456726
90.820114 81.99662 80.8604
104.51595 93.77544 91.898346
103.13236 89.498245 89.97729
89.29727 71.70965 78.128365
91.56488 81.18161 89.35565
88.14626 77.11251 79.61959
103.583954 95.55224 98.563156
86.14396 75.940025 78.54519
96.85358 90.21602 92.20039
95.59561 85.98645 86.515526
112.922874 95.91728 101.800224
84.33665 72.16862 78.19145
94.09617 83.07297 84.46949
109.05939 98.2846 96.83324
86.35812 78.33629 81.87534
107.182 94.68372 95.51004
99.22547 87.31043 104.21326
85.46124 84.79877 94.95214
92.080765 79.05767 81.3911
92.888756 83.49701 86.86501
108.62641 96.182846 96.04844
103.85754 92.81144 93.42541
94.365105 86.51469 87.56258
88.21261 78.505394 80.87778
99.21368 83.6397 85.946556
97.86381 90.24789 93.65767
107.583984 99.176834 98.81189
93.69256 86.19217 89.85666
69.57131 62.52703 70.7051
97.953674 92.060074 86.47323
92.29181 83.02768 86.053154
86.478134 75.78726 79.98567
89.76023 77.72352 85.98213
85.06803 80.35338 87.08479
76.6808 65.99324 74.36069
88.38054 77.954384 82.03775
113.669365 101.81972 99.80058
84.21595 75.916306 79.74587
85.68742 77.92112 79.429924
105.13973 93.159874 92.91043
112.47716 100.14708 96.6884
105.2947 94.87391 94.18571
89.31166 79.96345 80.217865
90.39825 80.45451 80.710754
77.85702 64.625435 71.539795
85.070724 81.248276 87.0731
61.07349 45.415333 42.37651
82.52443 72.04555 78.14984
107.57528 102.172676 92.786385
107.21293 99.2885 99.162544
115.20653 105.14146 103.66692
55.553802 43.411633 35.437298
63.162735 51.5705 42.06043
82.65884 79.26241 79.68437
96.23983 82.44087 82.111145
92.056465 79.15065 80.69883
84.48574 75.17232 78.314064
94.61696 81.980965 85.14471
99.245255 86.72141 89.50796
86.65799 73.00331 75.24022
92.58993 76.323944 76.278625
84.6308 76.77017 77.8038
65.285706 65.51105 69.2524
64.23015 58.054775 57.67414
65.29467 58.416763 57.648342
69.34207 61.868324 61.293762
77.00689 71.183495 70.45689
73.66754 63.255264 58.10286
67.18525 56.34623 52.598602
67.57537 57.454906 54.102177
75.888626 65.31761 60.5
70.89094 61.17508 57.15104
59.260723 53.29165 52.322514
106.6553 100.71313 93.60016
95.04701 83.65767 81.78772
73.91472 59.77414 55.074627
120.50523 108.02654 102.97232
65.24042 55.659813 54.1923
49.6423 38.281612 52.77401
113.224724 94.52495 99.77515
105.953636 77.80399 75.522095
132.35922 110.45406 119.333466
53.191685 47.60497 49.856174
68.48827 64.55627 68.8793
101.224495 82.81117 94.710625
131.74825 108.05559 116.44477
60.860203 57.230766 61.38879
123.27057 99.278946 101.03723
146.09688 117.39042 111.78444
132.06332 106.621704 101.69402
97.340576 85.891846 85.18603
71.12372 53.397594 54.461857
94.084274 83.535995 81.4192
88.55403 60.309845 65.55822
110.145256 86.91699 95.03674
65.27664 53.078297 40.75458
53.420208 43.199966 33.81504
49.14594 41.49828 33.49162
52.584927 42.790707 35.118908
53.862606 43.053833 34.561176
62.247467 46.917706 36.732227
94.13769 73.56082 65.953186
84.55731 66.64327 61.77976
76.714134 55.722027 53.80026
67.86378 46.43525 46.148182
61.619884 49.310688 47.21855
67.172745 48.202404 53.397434
38.50812 35.653053 42.292786
36.307373 34.31722 41.548634
77.69899 51.85432 53.625668
75.97362 51.495354 54.27001
79.60692 79.27801 86.27008
98.604485 88.09545 90.96517
70.81907 64.75026 62.227715
86.87398 81.44552 84.481255
106.021835 99.1847 98.398636
115.5845 113.14815 117.05058
113.190285 106.8859 104.981445
98.142204 93.12609 92.32196
78.816696 64.09938 61.858803
63.89568 54.882523 54.08629
78.330635 63.97469 57.870304
77.90968 63.40624 57.45536
107.11069 70.64051 76.38743
71.09565 59.51423 50.705395
80.89471 68.131676 57.847855
90.86575 80.067314 68.926346
78.58905 70.70939 62.645355
81.28499 67.93837 59.48096
76.64987 67.9716 62.069527
84.37466 73.42076 64.053154
85.06222 74.04792 64.638145
86.75708 75.82502 66.463875
66.23853 54.917282 50.89555
98.05094 85.74071 82.206436
98.10172 85.90478 82.148895
92.08652 80.46582 77.75
97.200096 85.41959 81.221344
88.84204 76.09597 71.88083
83.34289 69.27443 65.25744
83.50055 69.39002 65.44282
83.70068 70.11072 66.199646
85.44877 71.61611 67.5065
83.53736 70.49301 68.88363
87.0822 74.44158 70.63402
89.720665 75.07563 72.65965
87.9154 73.2064 70.61907
87.59896 75.16527 71.15419
83.90111 70.49597 65.90812
87.820435 72.354774 67.62654
83.69942 71.892525 67.950035
23.746426 14.675342 9.522027
33.288013 23.243372 14.478428
82.77099 63.41595 65.31465
91.09997 86.062836 100.38372
82.80377 60.363224 61.61618
87.180084 64.50523 67.734436
77.52008 53.759518 41.912964
82.76663 60.918095 71.8911
80.744675 67.19487 63.434696
123.64032 85.998344 74.28671
72.86407 60.74516 55.95065
83.419235 60.174885 54.949413
61.282555 49.32115 50.166927
51.29256 33.832718 35.659325
62.253056 49.909225 50.66579
63.830734 53.379566 56.146816
65.501396 53.812508 56.691814
57.007698 46.363808 49.372288
62.73242 50.660072 50.363613
112.967026 96.46943 108.68581
61.81959 49.763645 52.859
63.725147 52.04766 55.573036
96.844154 71.258316 65.10039
54.39227 44.69477 50.394833
74.621895 55.615593 58.445873
60.452663 46.317123 52.560818
48.22456 39.20523 42.920727
52.55338 42.323166 46.90101
63.16397 45.649967 48.44165
64.155136 52.406757 58.429142
67.43246 48.725307 49.596622
53.391132 44.69974 49.31647
79.25465 72.40133 61.41634
129.50766 97.24532 112.32768
82.08262 73.16469 59.323814
92.96303 74.19841 91.587166
70.91443 56.773815 55.532555
70.02453 53.50497 52.29477
60.93996 43.636486 48.34802
70.724434 50.51335 50.804905
85.487816 63.912376 63.11303
86.734604 60.399967 61.286972
61.449123 43.753963 49.32216
64.05802 48.91738 48.97758
26.642105 23.294996 27.105165
44.18629 33.8577 35.933464
59.771606 41.525925 43.6077
45.672092 36.731644 38.924007
65.12031 52.194996 50.324203
59.512215 47.048798 46.115658
72.137 56.43184 51.278687
73.87453 57.754807 53.186874
42.749706 33.418777 35.644802
69.881775 54.15224 49.84308
67.06127 51.561565 47.59084
50.05835 33.779305 36.309875
49.543663 37.270046 39.21761
61.361305 44.7872 43.989994
67.56091 54.262215 52.83184
88.81576 60.014034 58.763157
79.594215 55.2795 61.742073
78.905396 55.125244 61.843243
60.69961 44.011402 44.326447
58.24298 43.416115 45.6744
101.652016 66.66566 66.59656
116.77167 97.002304 89.78025
73.73626 62.42479 66.3436
69.27843 49.843273 54.374138
51.15104 32.78132 37.368484
95.562706 63.339993 61.449154
73.30383 64.72937 68.99048
66.059975 54.63655 58.090057
85.17157 65.13284 64.45078
79.18697 55.34282 47.367935
72.0128 53.713158 52.29971
124.58619 102.02518 105.758934
55.12625 45.71225 51.161663
58.09126 47.63694 52.80364
50.66608 42.449253 46.85929
99.48171 62.561142 57.195583
69.70546 48.311047 47.160885
66.24802 49.81891 49.725018
85.433235 64.388756 61.798927
83.614586 61.225243 59.61933
68.49022 50.021053 45.937363
99.42128 64.375114 59.516212
99.80929 63.591717 57.689342
115.8501 89.6359 81.48921
97.61254 59.709064 52.33928
55.9359 42.9436 40.667023
79.0371 51.115303 48.674625
105.71465 82.73626 72.82953
95.669685 61.41472 55.170662
72.16901 50.33356 49.015335
95.53957 61.773067 55.8525
82.190674 35.343796 43.534794
99.1474 64.97632 63.669167
35.79467 23.220793 24.116179
1.0305393 1.0276153 1.02859
0.2 0.19717349 0.19824561
76.252014 76.24932 76.25042
10.711793 10.709291 10.710429
10.8584795 10.856075 10.857505
5.0308967 5.028655 5.0300193
10.146946 10.144867 10.146167
13.016764 13.014814 13.016049
19.909616 19.907667 19.908901
16.168388 16.16644 16.167608
22.851591 22.850483 22.851068
15.096296 15.094315 15.095451
18.63288 18.63093 18.632132
19.779045 19.777096 19.778265
25.131773 25.129824 25.131092
19.416082 19.414036 19.415237
22.08145 22.079142 22.079987
23.417511 23.415497 23.416698
6.020695 5.7243013 5.771865
21.169233 21.175959 21.111923
16.013418 14.860071 14.517056
19.21059 19.208479 19.209812
23.228622 23.226381 23.227259
24.935543 24.485575 24.567057
