14.996095 14.996286 14.996286
15.000192 15.001184 15.001152
14.953425 14.956402 14.956146
144.08762 102.26047 80.592476
15.001697 15.003457 15.0032015
133.6089 193.71524 201.42007
15.001697 15.003457 15.003329
36.594494 36.39286 25.669655
78.729485 57.77881 38.007393
80.2719 58.95477 38.120934
80.204994 63.899742 49.786716
79.34046 56.145103 39.389565
85.919044 60.094784 39.89792
67.793724 50.738445 37.61226
60.592926 49.34808 37.37196
88.26315 99.288445 104.94424
134.5905 146.79015 148.49075
124.551186 132.3798 133.87686
111.93476 123.58284 117.57042
103.045166 112.26287 107.41869
126.7476 136.68579 133.0978
100.788155 102.07871 92.818375
148.27692 161.30627 162.54424
86.75768 97.04795 92.11927
108.91738 113.79395 110.10227
106.16556 103.36213 93.95243
104.79107 106.53966 98.29773
79.74606 88.758675 85.407455
90.45307 90.68435 83.819145
92.770424 89.21011 84.76133
114.95352 122.13799 117.54536
91.24606 91.05983 84.68861
108.89424 113.54005 107.11546
83.42337 91.45026 87.62708
82.32071 80.008255 72.11863
72.520424 80.45765 75.92289
128.5421 120.34357 99.03732
126.455444 116.811584 100.57631
153.26942 142.95839 127.14238
119.9097 112.16812 93.6321
127.58902 118.08342 99.40938
129.17693 118.36261 102.05205
127.05804 116.151566 99.53371
159.62212 148.48323 133.22401
117.68467 131.38412 130.5461
71.235054 79.42113 74.08787
91.836205 100.95435 97.20717
83.70189 91.258705 92.84747
96.436104 113.56123 110.70995
97.611046 115.853874 113.48204
99.47417 117.34354 114.91853
79.4388 82.87337 77.51825
97.555984 116.32388 114.17737
93.437836 102.38838 96.93909
77.366196 81.59673 76.05374
94.55963 103.89376 98.39305
116.56505 133.17944 128.36133
87.72807 92.693054 86.54062
106.06031 118.91184 116.05413
98.56425 118.967896 123.920586
104.13198 94.694305 80.90675
111.52298 103.40586 88.38541
81.12589 75.03966 63.76412
117.52449 113.33182 95.28732
109.943245 93.07042 57.389435
80.38774 86.521225 78.45976
104.63204 103.13774 92.26703
72.24171 58.58009 47.15211
89.16719 71.526855 54.045902
101.526184 94.45864 83.07884
100.502754 92.961334 80.68787
114.311264 109.29248 100.54968
123.85794 120.45131 107.66665
160.82103 152.3477 137.50513
133.11748 120.16495 73.24049
89.88966 85.32676 75.41741
117.312805 112.507744 99.883415
161.8373 149.96703 135.55852
142.98026 134.21725 115.407776
124.73985 118.73083 101.67827
109.92343 103.22433 87.99446
117.877846 109.98915 93.77529
124.848976 117.70557 101.12048
140.81517 134.67853 122.96591
130.85855 125.359505 114.301025
143.32677 135.77129 121.12708
135.2459 125.64209 112.10618
153.55199 140.07062 124.52884
132.72769 126.032104 107.97071
111.85592 119.28143 117.752335
95.8492 93.14648 79.70909
158.62433 169.07584 167.8103
122.86533 129.85316 125.9976
118.96034 122.99366 119.170456
147.93707 154.5557 150.23041
149.40923 159.2135 156.97993
123.473434 141.67451 145.96956
141.88383 142.08841 140.30788
112.56444 120.841675 118.181435
91.57692 85.91789 77.85631
109.253716 98.89344 90.205025
98.57183 84.557045 69.7017
121.88732 133.30768 118.96236
80.348946 70.401566 57.27407
116.03508 90.912994 69.35787
135.89603 133.09984 117.91866
112.68479 95.52878 77.86172
130.09401 136.92711 120.31658
98.359795 105.84171 110.70326
70.896866 84.34187 89.58256
103.491486 102.91223 99.34763
51.20256 53.962997 54.90458
50.754353 53.600414 54.65112
107.771545 103.51818 99.69068
121.2613 119.490944 119.909
102.22061 97.53963 88.84123
124.80189 121.16786 114.271576
91.263794 86.69395 81.02538
108.32545 109.932365 99.75394
138.62465 130.80138 123.22459
107.85246 108.75631 96.46207
138.39769 134.50441 119.06799
111.77849 105.978745 99.436844
110.03374 101.95243 91.430504
103.01162 87.65279 73.4525
86.36175 77.39888 60.468117
115.51825 102.44222 87.06489
118.13742 95.92612 61.787197
126.7975 102.92743 69.54059
118.35125 94.782616 60.55115
97.59914 80.11098 55.830345
113.57183 91.37503 61.33022
128.68854 104.85198 77.39433
104.294785 81.830215 50.438446
124.39152 100.074554 65.71687
111.4726 88.69392 59.64286
50.377975 48.85429 40.054928
76.11578 82.5468 81.25678
81.16572 75.32619 68.47622
66.79187 77.32071 68.11501
67.48959 71.18409 69.318695
80.46866 76.574875 72.8466
90.32654 88.907364 79.11655
76.25378 75.70666 70.236206
65.6032 67.985405 60.578747
76.384445 73.520035 62.34859
87.26357 83.00698 79.877785
59.164948 63.8258 61.239372
55.20861 53.498398 46.500706
85.38076 74.77359 66.76735
55.70112 58.73582 54.916004
45.13118 43.434505 37.54088
110.46911 107.59975 93.98956
114.99904 108.72507 94.39757
78.871635 77.95695 61.844975
124.09856 117.5307 104.56079
80.99322 81.48422 72.770515
118.54936 110.24437 97.08438
95.4242 90.50589 81.6847
98.4984 95.823524 83.18575
115.58691 110.94171 93.859665
117.43217 110.24539 94.3322
130.34789 125.759415 112.64289
142.0789 127.253296 103.83466
142.00266 127.2378 103.884094
122.04129 118.020454 100.206085
150.25954 138.77965 118.834984
110.63214 107.271034 89.949745
92.73067 89.30461 70.52314
107.99728 103.00198 91.16226
71.63505 69.89424 56.975414
107.02353 105.18028 90.60656
71.95099 70.58195 58.627625
71.71252 70.37363 58.557587
91.98678 89.128075 74.12122
117.77788 111.824615 89.396034
90.60115 84.55359 73.782364
108.77935 106.544304 91.16149
102.89213 99.74229 82.990654
70.93822 67.12071 56.030376
108.19184 106.829384 86.55467
117.05733 111.741425 102.758804
116.295746 111.23931 102.4355
77.6469 73.98163 68.704544
105.56117 99.69091 91.6483
96.47519 91.96415 82.85746
95.895676 91.42692 82.36623
113.11271 100.83252 90.676346
112.61738 106.57036 101.098206
93.91235 96.668594 87.65314
93.37529 96.11697 87.128555
110.51949 112.06146 103.699715
108.4767 109.003204 101.23172
104.924484 106.43403 96.19187
94.092255 82.29607 75.550125
84.056015 73.78329 69.07327
114.84683 115.48406 107.81847
87.30205 72.55352 60.413124
82.86188 80.7968 73.26194
88.00426 80.48396 67.413155
106.80842 95.41674 86.64699
87.812965 75.26652 72.07967
108.95119 97.633965 88.45944
88.663734 92.2444 88.55295
114.325356 103.95807 96.11687
110.37666 106.54683 98.07308
127.34363 135.45854 134.2064
105.62666 99.77385 90.1088
106.03998 103.64782 90.62602
108.5469 94.00621 86.69145
81.14901 77.216835 65.78191
117.181496 104.27804 94.3588
99.705185 96.58585 86.7684
132.55333 127.080635 120.2154
91.115746 83.77974 71.877144
86.942795 78.08694 68.17804
118.657234 107.67644 100.78582
91.240974 89.121254 76.622314
106.3864 96.681725 80.82705
111.223816 101.82564 86.28973
101.227974 88.6525 81.5541
116.66633 111.55243 100.72481
108.49927 98.57106 82.73643
123.068886 116.76216 99.15919
158.34248 151.48595 143.81467
122.98406 117.29706 105.44475
103.81648 96.16744 81.14206
107.20858 98.20467 84.47532
126.65544 118.16665 107.15442
125.70867 120.37586 103.099236
91.61501 93.01223 76.872475
106.92123 104.27875 87.31043
124.29379 114.09565 105.967865
127.282524 117.81751 95.94459
112.89971 106.901085 88.64834
111.860405 105.82157 82.76063
108.240555 104.58988 78.93278
92.77948 83.937325 63.741295
78.73223 71.03393 49.754128
112.50746 98.57004 82.056496
123.26543 116.64414 94.34408
108.12833 99.19856 82.65614
131.7284 117.88803 99.0192
106.21501 100.10781 75.217285
75.2403 69.82922 58.838604
141.26924 129.07558 111.138985
69.984856 67.01299 58.302658
74.1606 70.29171 60.873783
126.73217 104.098305 90.57106
109.41264 107.99049 79.12567
117.68217 96.91927 72.81562
75.2316 70.99882 61.588253
118.676506 104.06123 87.42644
122.194786 100.40586 78.05605
107.015175 89.96508 74.16155
93.93928 84.67174 72.94005
111.76879 104.99981 88.758736
97.38528 92.17948 78.7806
91.95912 84.0427 75.38582
90.63521 77.491615 59.76818
50.911907 51.986557 44.677082
67.2 59.3338 51.69917
55.887707 47.40112 34.776314
46.276825 43.02625 35.04555
56.12612 53.097023 46.241035
102.17625 90.55986 74.592255
146.30275 137.69398 122.50423
157.09984 129.871 118.7848
112.4718 99.77814 92.71367
106.77506 95.693565 88.13134
101.26312 89.88966 81.705444
79.23918 75.07654 68.48646
77.20663 73.77148 67.07785
95.68992 89.3749 79.05493
73.07996 102.38226 92.79152
66.413414 63.822247 54.177082
52.216038 59.316357 64.253716
88.056305 83.3097 88.29069
54.837837 56.85698 59.18486
45.120872 47.08108 44.77721
59.650833 55.68947 51.698624
51.963093 52.127434 50.992638
55.85733 56.78182 53.72391
75.585884 68.484474 68.14225
71.34155 69.115234 64.371605
105.30816 91.23227 80.580505
95.10807 87.12692 80.01764
85.24869 78.271736 65.78105
80.95026 73.722565 66.57282
77.311745 69.58329 64.92097
78.56581 64.19068 51.227432
65.60941 60.46636 58.618855
73.45336 73.60189 80.0227
83.54968 85.52849 91.97263
119.31658 100.32724 84.63143
124.514534 114.03566 98.64738
105.22013 94.57708 80.14917
109.58953 96.139565 79.99274
135.98358 129.12663 113.76242
99.78191 101.98646 98.79139
95.2912 92.96584 87.1727
145.60164 149.16527 144.67128
122.20138 126.01002 120.17756
103.20621 107.91575 103.19667
73.00192 77.27891 71.9057
74.46629 79.97727 78.82161
68.26245 71.89952 69.3056
65.0475 70.76876 68.95071
67.311844 71.55963 68.60179
89.36319 78.378525 78.87506
71.21389 76.25115 81.95352
87.930664 80.91575 71.5073
108.038605 105.67004 92.17779
99.550995 99.80778 88.288795
111.169785 111.59049 96.2323
95.05266 89.33268 75.466324
138.74295 123.47769 108.32004
105.33288 92.11722 75.63716
88.87984 77.54581 58.13595
118.18358 98.4387 74.67276
107.89949 95.63255 68.19395
92.87756 89.20186 70.3791
89.342575 82.44673 62.9581
76.84283 70.49507 55.801376
83.967255 72.84482 56.70477
87.299774 83.20122 66.169174
107.15435 104.295586 86.444016
75.36172 70.50758 55.34174
126.77311 120.23707 106.776825
143.62325 136.80966 123.926506
105.586105 100.98105 82.60211
109.920746 101.93169 76.503586
77.65842 74.96444 60.02119
72.32014 54.149166 41.691967
130.75647 125.97186 108.14818
69.401886 56.578426 44.214916
81.12926 67.538025 40.135563
74.14178 55.48204 41.61946
102.1685 88.19021 72.17285
79.7734 60.731403 34.02628
86.181725 73.56709 60.403072
73.80512 53.636395 36.135468
70.669525 63.93406 42.810917
83.438286 65.432556 34.319527
67.31165 49.912197 40.409733
73.60192 57.771606 39.615654
69.86831 57.16351 45.043343
60.560978 45.649296 35.915718
115.46988 105.937294 85.38713
94.811874 70.19132 45.676632
91.031815 76.13204 50.567318
97.69952 76.021576 54.438572
66.14878 47.16383 36.949806
98.58854 88.8532 65.31428
68.06639 57.08297 37.895454
148.42407 139.55685 92.752815
74.93886 67.1436 41.897854
73.89465 50.374744 34.77676
102.438736 94.59606 67.49363
138.09622 128.24817 89.92394
86.37372 76.45205 51.70589
83.621994 70.044235 50.974136
51.99539 49.502945 32.237514
97.32558 98.07196 64.67394
95.598366 95.70829 65.676346
101.836105 102.65445 74.55653
78.49485 79.24792 59.714725
73.64091 77.19107 57.28364
71.36373 72.73883 56.683292
73.74357 75.854385 59.13643
85.6661 84.48393 65.169205
90.59657 87.944176 69.85173
98.25439 92.98457 74.473434
88.1081 78.79126 62.20003
81.35176 80.30349 56.15259
119.860886 102.68652 77.574776
102.40285 98.26402 80.265396
111.6653 108.07253 103.18364
92.01917 100.4888 95.68169
84.46514 81.5185 81.20119
133.49008 132.38304 121.521576
102.84587 97.73886 78.31815
133.83269 131.6903 113.94664
135.0259 132.26053 114.711266
125.97746 128.80426 117.759926
87.80925 85.015144 76.95829
133.75893 126.15656 109.342316
131.82211 121.39481 98.8977
85.545425 72.90324 54.331818
91.07285 74.19833 57.76748
81.634094 90.265015 76.92759
93.41184 92.19872 83.520996
96.01293 91.84398 79.19667
133.99405 125.49203 113.795746
123.42667 115.73163 101.717705
81.80877 76.884415 59.787292
111.8913 99.19533 74.473305
71.85461 63.89923 47.080475
60.4315 57.143982 49.873558
43.38918 41.11607 28.820518
54.47289 54.47644 37.70176
66.09946 61.22548 49.08582
57.510212 50.41367 37.695774
98.99485 85.80653 61.556145
68.75631 60.94603 41.221928
70.87862 63.61258 43.093212
88.663124 79.062836 60.518406
90.2669 82.96517 65.51236
71.12637 65.53339 49.527847
91.98284 79.88079 54.56341
94.15368 83.24542 58.126408
76.20119 65.926476 53.189213
79.348274 72.787704 50.358932
79.89952 72.07513 51.596607
81.27318 74.42385 52.01751
75.10912 68.43861 48.609028
72.16434 66.06533 47.726887
53.393246 50.67599 35.035564
49.46146 46.76578 28.68217
55.53499 50.852623 34.776474
54.793568 54.5823 38.46079
48.700417 44.91482 33.442127
65.323845 73.48934 66.139404
78.99507 73.58166 60.714275
74.937164 76.50121 56.58854
67.2104 54.647728 42.052177
82.72727 69.182846 53.42196
71.592896 67.57199 43.751728
45.525864 47.131817 31.743662
64.50723 57.163155 39.281433
72.276566 66.14961 47.23265
71.81927 64.94104 39.853104
71.597534 64.95147 42.708996
70.63883 66.30573 44.653713
65.84888 62.66405 36.37468
85.93419 78.46319 52.24635
66.08364 62.545937 38.96911
57.860786 56.1387 40.64254
85.23681 73.03636 46.0436
74.955765 67.25519 43.53342
68.60093 64.628586 45.573048
49.367348 43.518917 29.760084
80.14347 71.557686 45.92055
76.39379 69.551796 45.652657
57.675194 56.60685 40.86357
64.50026 64.08323 43.345806
66.49046 66.823204 48.85173
52.160915 47.713955 29.39763
41.615654 44.59267 33.109924
43.50397 46.054802 34.25589
50.05653 51.99094 39.442894
56.63649 57.859474 43.84552
57.66559 61.93777 47.709953
55.562645 60.935307 44.715237
74.383415 71.6685 47.185978
74.56924 71.25983 46.831593
54.010372 60.392735 41.32689
74.133255 71.92177 45.909954
56.32202 65.90336 52.12871
43.093887 48.0217 36.29965
61.254738 63.924713 49.730827
63.5686 65.81149 50.785275
29.245327 36.164948 24.039309
36.43403 39.056946 29.600481
38.510147 46.576057 36.196285
30.966646 37.494495 25.211075
34.39488 38.458035 30.570038
43.528553 47.21066 32.18041
31.85429 36.024616 26.334572
66.28825 55.50381 35.05557
40.3113 46.10669 34.78678
36.144047 40.72026 28.421255
53.36082 43.984634 25.454866
41.933228 38.748817 22.952337
61.29472 59.25224 40.646927
61.095005 59.996384 41.141453
55.648785 52.614277 34.315044
65.83902 65.394684 48.52548
74.06501 67.55154 44.808834
53.83377 44.15493 25.969494
45.924072 47.387806 30.94203
59.328747 53.682972 33.617607
29.675512 35.2597 23.52244
44.465332 48.411842 31.671799
59.048687 54.852722 37.14667
59.352146 48.288284 26.511908
73.61623 57.40512 35.891838
111.81027 93.363 54.66338
77.29741 64.87939 40.167095
69.91732 62.900417 40.882908
79.81623 68.347855 43.912773
67.252014 59.96831 38.456116
68.78339 60.53044 36.120102
77.187325 65.70288 37.869526
89.777916 72.92801 47.18521
82.14862 69.73345 48.692894
70.54238 61.566326 37.879738
94.30605 82.97698 47.657265
68.25551 60.129257 40.10429
79.871605 71.77891 45.971096
85.593216 73.67337 47.35045
141.8247 142.98973 126.437035
69.492256 64.31783 37.05128
79.88345 70.633545 43.312996
64.50525 59.986076 34.471542
57.11658 69.1081 44.608578
81.10669 76.836975 46.14683
62.73105 58.78198 38.37164
60.037678 49.751312 27.91639
40.37756 34.976345 21.966166
67.12471 63.424934 37.410435
58.24174 56.162067 35.959892
75.08556 68.69811 43.837963
96.01991 117.932106 113.2307
103.26089 123.170616 117.62923
137.02802 154.71661 149.45976
59.436333 67.222855 58.51306
91.81959 117.20631 109.740845
96.93432 115.04792 112.02772
142.31625 161.5614 157.71402
144.53307 163.75452 160.20656
104.84574 114.1783 107.991455
151.67833 165.12587 159.36722
150.08202 162.47586 156.21559
93.17983 111.913826 108.830444
87.98473 116.860115 110.64894
104.87458 129.88934 126.24459
66.962456 81.06444 81.638954
99.431595 108.38636 100.19626
88.621925 117.69331 110.366516
69.70096 68.94769 54.133865
48.61674 47.043728 30.398016
42.387962 46.414276 36.24267
51.11572 51.982235 33.652817
85.93595 104.35214 101.645874
97.17804 91.30016 68.83896
79.78902 77.54187 61.09017
105.38092 114.752815 87.18073
91.408226 89.46908 81.89555
111.9838 123.289696 125.44072
114.05772 121.8605 119.37356
56.143566 57.958195 42.41847
55.713604 54.566326 34.27116
66.441 64.38691 43.387165
52.92977 51.730442 34.83124
68.44725 67.34584 49.36069
81.83726 71.88089 49.46101
47.178104 46.670647 28.91927
82.57266 72.48943 49.862354
66.223145 66.02586 47.986492
66.48649 66.75 48.446735
64.325226 64.73701 48.282715
41.76754 43.807076 25.622759
24.792957 47.889404 46.148335
85.157616 88.711655 70.90858
48.304897 45.9556 33.584667
57.123142 53.021896 42.33502
114.64798 113.359474 99.20788
88.65506 86.98908 60.88761
105.342545 101.97052 88.937935
75.18591 75.47061 62.270584
62.306114 59.526535 48.316677
102.25413 99.81671 86.128395
80.4444 78.7719 65.70186
52.82708 58.819622 57.992607
91.92231 91.359665 81.46825
99.89763 93.12382 87.312065
85.85727 86.354706 75.53345
87.841934 75.883675 46.339214
70.644875 56.720966 33.03982
100.15589 83.575096 48.666676
66.12833 60.47612 39.66652
76.134415 69.08889 43.602657
97.34744 82.70419 58.12769
100.12359 87.204094 57.660114
75.41709 63.08611 38.526695
93.312935 81.455635 54.19302
99.31831 88.60743 63.6339
92.472374 70.63051 58.684925
71.063416 63.89155 49.447887
99.63099 112.1209 105.79942
68.63044 81.038124 76.76591
69.48889 68.61188 55.165012
107.99818 101.74795 103.533035
45.111557 46.700863 41.2032
81.46284 85.58345 85.389435
109.82865 109.818985 99.85317
96.61271 90.96393 81.17295
137.67235 142.86891 142.28806
125.32692 133.18355 123.645836
122.14776 132.56505 134.36981
132.11494 135.604 130.94058
103.164085 110.07122 101.9162
110.40826 116.967705 111.694145
133.38733 130.07176 120.57874
127.43575 117.837326 111.37395
82.805374 87.05307 77.59561
99.22539 101.53681 87.68636
102.9548 100.722404 87.259476
132.57698 124.491165 111.41706
128.01315 118.99561 110.33118
121.716324 110.97775 100.59331
122.0846 113.13534 102.331406
112.759796 111.09142 96.07807
134.1776 132.41792 112.15115
144.04677 130.99219 128.33794
96.97475 100.50105 80.64722
37.216774 38.602783 27.870102
15.078777 15.032298 15.060916
72.587166 72.81505 58.833324
107.21591 110.64235 99.26662
85.75112 91.218216 84.15496
108.94574 97.341034 76.56735
67.68262 59.4943 45.509315
74.40659 62.986813 47.645615
68.88102 56.450287 41.343437
85.83105 80.53601 65.9217
80.86917 70.92657 59.278618
95.312675 85.02324 70.40691
71.07282 65.074615 54.61911
69.747314 61.581978 46.092926
90.12865 81.788826 67.354576
54.732586 84.16706 62.33585
36.96351 83.264275 55.50301
21.338509 75.80976 52.90893
198.00052 159.23965 64.913956
72.82667 169.76399 155.16293
87.228134 72.25458 49.549488
236.28117 219.42209 181.25615
194.01875 196.38857 168.44373
172.64104 43.402752 101.038704
180.9572 181.00883 195.03838
100.50093 187.06476 173.76453
118.49859 162.64987 184.56508
120.66633 166.32307 195.31575
35.013763 72.01748 52.434925
43.325287 79.966324 60.33947
43.924618 80.78445 60.9943
45.25288 82.20451 62.322792
45.071545 82.14907 62.20813
46.33918 83.39683 63.45778
44.327465 81.2912 61.344334
43.299038 80.414696 60.407394
42.901855 80.1058 60.121128
46.983578 85.593056 65.13844
50.263252 89.47612 68.64891
55.2298 95.11853 73.949326
80.66322 126.03451 99.205696
77.36469 122.79225 95.830666
73.6299 118.9202 93.216805
71.467606 116.4799 93.4016
69.5427 114.443565 92.04958
72.09482 116.04097 94.25086
72.11687 115.003365 93.860565
72.23169 115.34494 94.03409
66.895195 110.027466 87.88287
67.34485 108.46338 86.008736
67.73806 107.47004 85.08447
62.10141 101.26729 78.99155
45.944176 80.1087 62.44139
42.649742 76.49949 59.203487
46.70509 80.20912 62.972054
46.094368 79.96828 62.567318
46.613605 80.77875 63.0145
45.98451 80.45807 62.60176
45.528297 80.098625 62.132523
46.53854 80.86274 63.075768
48.37772 82.18992 64.62958
43.182297 76.87068 59.65986
