0.0011103709 0.0011103709 0.0011103709
0.0048190095 0.0040639574 0.005107706
58.075172 82.819275 119.02063
48.111614 51.88521 58.468975
88.44706 92.28263 98.14601
90.54521 96.90424 105.18656
202.4585 199.1555 200.57489
105.631516 109.92907 122.379906
200.0829 157.69383 126.92123
73.412704 68.314835 73.55769
150.27196 145.8221 140.65273
105.12409 100.87728 100.607414
147.68404 142.9305 137.77861
37.38068 37.380215 37.3813
122.36591 106.78854 105.96152
137.6858 121.39771 127.068245
152.03639 137.09135 137.51245
132.09515 110.79811 113.25174
135.5259 123.36942 117.89632
142.74783 122.46278 126.20979
133.97139 119.267265 124.94663
127.87013 112.6243 118.82827
163.31334 144.34 138.60553
95.15574 84.994446 102.69523
95.02465 84.4322 101.59727
122.36589 118.369774 141.12415
100.01848 90.09294 107.27613
103.37628 118.506485 137.962
102.09494 94.262405 119.837685
91.03149 87.440216 104.110214
103.96527 92.17626 113.47262
119.20964 113.55196 137.9887
97.759384 83.58556 101.64586
111.534424 117.78255 146.66647
114.902756 116.8843 138.1324
100.25305 93.17666 111.78812
122.391785 132.09407 149.771
57.903553 62.469532 62.35774
121.852455 101.46598 91.70548
123.766136 113.15237 110.098755
137.9659 124.38938 119.08195
136.25543 111.32214 97.71213
109.21823 96.227806 90.609795
111.46031 98.75521 92.204285
143.96883 142.51332 143.49043
146.89816 129.74875 119.25683
151.6547 134.10344 123.524025
88.15492 76.63798 73.85232
123.68536 109.971664 97.97157
113.29489 80.043945 77.93331
110.70069 92.90591 86.74952
122.50466 103.85641 102.03777
106.66936 85.94861 83.23995
108.47566 88.65585 86.36842
112.45358 91.75836 88.52714
103.6978 95.10224 97.00178
148.55312 134.9783 134.3758
152.29012 137.48903 137.04337
131.87349 126.43324 133.86604
97.00093 91.730644 94.03562
106.424805 98.5654 102.90746
118.87191 111.25119 115.725716
120.71372 116.23511 95.709724
103.88581 92.186165 88.48077
120.645615 113.8485 106.43787
130.20117 120.1099 111.0781
102.305084 86.3411 84.72452
121.3318 110.68845 101.50859
116.865776 95.48325 84.2577
119.3344 108.45492 99.34699
135.14531 111.571556 99.223404
117.49414 105.157715 94.217674
97.21645 84.617836 75.2296
123.882126 111.03775 103.91228
123.11106 110.01481 102.6807
169.74365 157.83868 150.35074
142.0903 126.91215 108.40244
68.87193 62.63311 60.275017
106.689316 83.885124 72.2012
105.352455 86.27373 72.466644
103.01721 84.7064 73.13975
108.11723 85.91692 74.62818
105.90349 84.33551 73.182434
111.885254 93.18106 82.8539
109.860756 86.65203 80.04313
109.44668 90.27353 80.24459
166.12537 103.28161 60.419167
115.60744 112.011345 117.12112
152.16649 125.15969 112.93671
170.44347 141.566 131.98656
124.96804 113.67724 109.29552
137.28172 128.50288 118.49609
110.23333 93.03955 83.94239
153.6306 136.49225 131.63177
130.17033 121.77253 119.04743
141.00806 132.54858 123.684746
117.428696 107.22498 106.59185
138.04512 124.619896 116.722984
131.2782 123.33409 122.494385
129.99826 119.22145 115.64539
149.95927 140.3619 131.8178
127.077545 113.70595 109.82569
126.14401 113.154366 109.3002
127.71837 114.27333 110.340065
105.04426 97.53746 98.52772
128.78435 115.57808 111.47073
120.80864 106.86623 102.400024
125.11601 107.72818 107.682434
127.75954 111.73351 109.432846
116.192604 107.869484 107.679726
128.93047 116.76711 111.95055
126.21443 115.784325 111.64164
114.837975 113.28809 111.67626
144.74306 131.14685 119.8284
121.78838 109.856606 105.37906
144.13216 131.69891 119.23413
123.45403 111.82369 107.440506
144.94806 132.109 119.920166
118.84432 107.28248 102.43673
120.61894 108.819855 104.37666
118.07513 108.90979 104.822876
121.858986 111.33293 106.23291
147.71881 134.26065 122.16891
119.295204 107.75039 102.00855
112.167336 104.68728 91.17617
126.33014 106.285255 97.74004
115.1203 89.413925 81.17644
117.17661 89.58124 77.0308
159.259 138.55139 118.72647
122.112015 101.32627 92.714836
141.12859 119.67595 99.92949
76.57795 72.704506 80.382164
79.87921 76.529335 82.185875
83.64262 80.528206 86.9503
86.52592 82.72596 87.47895
97.68761 93.05885 98.33651
119.848145 114.98312 111.10029
104.56411 104.78408 102.21739
110.48366 106.69649 103.0189
113.227646 109.09158 106.332466
93.77639 95.278946 105.97379
99.60504 90.78974 90.985435
93.19265 97.83824 109.38172
100.91375 101.436844 108.637596
104.71457 97.15394 98.81972
102.76746 96.41559 99.30555
103.93402 96.5397 98.36431
94.86709 94.5938 100.52918
112.25598 98.40191 95.8487
94.08103 93.464554 99.29631
62.115257 59.937263 57.600777
64.236 61.242527 59.326717
107.60622 89.12407 73.21355
158.53783 140.84166 110.748276
127.37548 112.00831 96.137245
95.17653 79.67233 65.41805
111.56191 111.48894 95.84459
116.94097 95.89487 85.69372
130.5653 120.47852 114.56496
140.86264 117.79574 108.87921
132.0644 123.867226 102.687386
124.740776 113.76365 96.05876
124.228226 114.366066 96.764114
118.569534 112.50988 106.9638
122.401085 100.25161 96.02128
112.50817 92.733826 93.6384
92.65903 84.24608 85.85214
118.06376 109.59187 116.663
118.2503 110.07717 117.76222
111.85729 92.4823 93.66644
89.27906 74.10551 65.72427
66.2678 58.91406 55.176216
90.44304 74.17773 66.17036
87.508064 71.8095 65.88638
88.0636 73.6869 66.695244
83.02132 68.79411 61.7998
79.85139 68.230156 60.87828
82.82627 67.11879 61.293625
86.659424 70.333 67.375015
77.454544 66.058426 59.744793
76.48903 65.22334 59.279037
87.31801 71.20857 65.32298
82.6855 67.70957 62.00866
89.079506 73.379906 67.28952
131.7331 139.19682 136.354
131.8854 123.71932 112.9773
123.128426 110.91095 100.06815
130.07716 120.73984 106.150925
151.85818 145.81384 146.59125
135.49825 130.44159 136.37209
152.51482 145.08894 148.59554
160.22563 156.26884 160.25565
136.05814 128.5261 132.58328
129.03256 122.55561 127.58998
85.11126 73.14497 76.76778
103.1433 88.990005 89.53691
103.45867 89.10489 89.55616
136.90273 129.23346 133.81303
136.39453 128.67761 133.12392
128.85994 119.04162 122.36323
140.93129 134.14908 138.19318
140.65845 133.83484 137.59631
109.61663 92.58925 91.23003
105.97171 92.85974 95.38701
114.1966 102.74479 105.50684
108.5265 86.60562 94.34155
101.92092 84.221695 97.92698
104.63911 83.63842 92.49944
108.50402 94.74859 98.458626
106.95314 94.63389 98.38523
103.70724 81.84519 90.59814
131.3496 125.108574 128.8012
123.92376 112.38492 115.28352
125.627625 115.47449 120.23105
79.51241 66.46769 60.02203
80.947365 69.96649 69.79411
87.29411 77.241104 76.726074
83.22121 69.20613 66.59356
78.34268 64.25083 64.02241
77.09529 64.639084 62.836464
75.5847 63.426537 61.3499
75.500885 67.05481 65.79827
78.63347 65.4678 63.53571
79.61428 65.95752 63.948147
77.56786 65.586365 63.727894
77.80249 66.15539 64.6253
77.00007 65.65998 64.5185
78.27315 66.54077 65.13955
77.751564 66.5698 65.179146
78.00349 66.950455 63.947857
79.22361 68.37118 65.56782
73.8785 67.33939 66.00231
73.957115 67.05994 65.71564
76.8352 64.51819 61.529625
75.48095 62.217434 62.794735
103.15969 81.695335 77.68792
76.626625 63.834 62.92523
76.733734 68.382965 66.791916
78.24322 69.47242 67.73893
75.35738 67.50122 66.689896
101.45236 81.5324 78.914764
106.52987 85.53031 81.909904
61.332535 54.76118 58.80806
94.943306 74.006065 51.140438
161.46104 137.43568 135.39865
121.692696 93.122604 104.68341
138.12167 132.51303 134.25471
131.8005 121.87435 117.02065
139.86134 133.07695 133.39671
130.58418 123.243195 123.334335
124.2085 115.74575 115.10531
134.73271 124.023766 114.271286
121.184746 109.174576 111.78792
101.741684 84.833466 85.55689
71.06493 52.65816 64.18636
95.06527 99.94384 117.82303
83.137665 71.77435 87.43938
88.69305 83.462845 100.159805
90.28521 84.804665 104.41051
75.3391 62.73993 74.77841
93.65974 106.57384 122.18361
91.51097 96.48983 112.75241
96.82836 104.78443 121.0847
173.70483 167.1847 162.78065
127.367775 118.1127 114.57775
128.57333 118.08505 114.21872
124.87797 104.705666 90.7177
125.32732 104.15663 90.35772
108.1423 93.38319 86.423096
139.34819 129.24908 125.71259
113.02794 92.44484 80.576324
142.16153 127.396225 127.80995
110.70675 92.45512 83.05401
138.86395 124.59507 125.32598
135.61412 121.54093 122.62545
91.51441 88.28179 91.500046
97.428024 96.34941 95.804756
92.43209 88.55754 94.52947
87.748146 80.26049 81.59225
82.36516 78.85432 84.148056
111.65763 105.23098 108.90655
111.46329 105.25927 109.02114
112.31739 105.563644 108.94377
112.355255 106.16778 110.038994
108.2527 101.54226 105.412506
112.64057 106.70602 110.66187
143.3502 137.86583 142.77576
153.44981 147.92479 151.73714
80.8239 73.95996 74.8527
69.96633 63.0207 63.680992
108.23786 103.731445 111.045235
122.397 116.93904 122.42734
169.37004 138.17438 130.06465
157.47157 151.03589 145.60704
147.60849 136.39478 123.32054
143.96288 129.41643 115.52916
125.15232 112.13158 97.49527
156.67952 148.7509 147.0669
101.31708 94.561005 94.734085
144.55501 123.25992 111.719185
132.6604 125.32625 114.171
116.69072 107.69185 98.50195
117.448524 103.28974 92.58334
156.531 149.0153 147.2215
124.43575 113.047035 107.004906
80.131004 71.313126 90.238754
83.52129 66.10841 85.60366
84.309395 66.73664 85.63771
105.14437 110.80744 130.20512
90.52538 91.36547 105.14233
96.50926 83.79079 106.11304
95.30189 98.68741 112.68577
93.446945 95.81035 108.944016
93.05252 84.554565 109.89632
148.05525 133.14975 132.20778
137.98741 120.12776 117.25683
135.17438 117.71565 113.04792
134.61748 115.376305 108.95165
77.955986 63.963024 70.00446
121.59522 93.814835 86.87726
108.313416 88.29498 88.37413
107.32212 87.83815 88.59112
109.39485 88.51728 83.77282
129.39204 100.05701 93.64466
122.75656 96.21694 91.26449
117.98421 92.7107 89.34632
126.66065 101.49807 93.340614
121.56962 94.32674 89.315636
108.7815 90.42565 86.92851
144.4292 127.22159 127.14086
104.87792 93.872665 95.4437
115.858025 104.47328 105.35556
126.367065 111.977974 111.37772
107.072815 94.36855 98.564316
126.9819 106.053986 108.33622
108.42265 98.917656 100.27262
93.92012 99.57751 97.16891
139.44693 139.61841 118.62718
115.52514 96.96458 93.80206
108.40624 92.675064 95.57453
89.25683 74.26544 77.343346
134.28435 111.74486 99.32092
117.07793 100.97615 93.669464
129.79112 114.6551 108.414215
111.6988 98.729095 93.41252
115.7829 99.60597 98.66678
36.00766 36.02838 36.02905
82.37892 73.4153 62.0503
67.09241 53.598114 55.808926
160.76031 160.941 158.18364
95.37988 83.9519 85.07824
112.15941 94.47573 84.58994
83.79827 68.81596 68.84326
82.10262 67.51541 67.31921
116.20644 95.469086 88.6928
142.84245 123.45379 109.711395
101.23038 86.54492 84.86423
100.536644 82.92571 79.45287
95.81279 79.91068 78.76187
113.95241 98.58683 97.56998
109.8606 96.56018 103.7664
130.16345 103.28581 85.37469
129.28123 110.077034 104.660805
131.86911 112.88752 107.534935
126.15603 102.7686 99.80708
110.62982 93.88923 92.24546
125.25032 102.20791 99.328224
132.00906 111.53262 109.21535
132.99303 114.58308 108.82439
127.541885 105.215126 102.69638
128.25374 106.00766 103.48619
129.92558 112.787476 106.711525
131.6685 117.022316 103.142395
173.03488 156.35907 144.86227
136.30363 122.82956 111.4642
157.47021 138.92618 126.27102
121.76292 106.5463 97.23757
141.47342 117.83564 116.67146
126.579346 110.48181 104.13728
126.50464 111.3165 94.25205
142.39241 131.35266 123.91992
143.57808 131.92793 124.04837
113.19225 103.43122 93.026024
129.07706 108.98137 99.20744
113.699776 113.9429 111.6149
117.2316 108.348015 100.16827
97.313255 89.89578 81.39827
104.20677 98.026024 91.70935
120.22352 112.19136 103.94497
123.87997 119.02421 114.1988
111.715546 112.843346 113.146126
76.84231 68.812035 65.45114
114.86227 108.23083 100.4696
100.04784 97.6741 93.22434
115.19716 110.94684 104.59527
95.20122 88.03165 82.27051
106.1726 103.665245 89.241486
109.316986 103.8141 107.538574
70.76389 66.572266 78.3044
70.611145 66.77017 78.751724
114.069534 108.52923 112.16656
72.118675 67.35814 78.65949
92.85061 81.666954 83.63291
113.06089 106.5407 109.72625
116.7352 111.18268 114.80971
130.72481 138.48538 141.51306
112.90566 109.31623 127.36833
103.95854 95.63196 100.87684
120.96274 109.223495 114.334465
114.76887 101.66505 107.62525
119.620544 105.17619 109.26014
100.623985 80.19378 75.91144
98.65281 88.24439 96.82925
115.48932 108.98692 123.40735
122.1787 119.479256 120.1811
131.39267 110.50593 101.8
110.98203 99.943016 105.20884
103.33169 86.82556 83.037865
100.471504 90.84304 96.00788
125.629845 115.26651 120.577034
89.1867 82.5698 83.89265
135.82799 123.25916 127.37419
83.8388 71.107216 74.83056
79.47586 67.51632 71.583145
88.550545 77.78248 82.783165
146.41554 136.83127 136.45532
114.34624 96.09136 93.246056
161.56764 152.78075 170.32756
110.38457 95.000175 95.4113
111.96204 95.440865 94.96333
109.47577 93.59298 93.18439
109.22638 93.32671 93.32954
120.3904 104.03233 102.33478
124.31195 104.21874 99.668846
135.71503 111.49958 105.968285
170.90822 163.13571 181.68707
122.23569 105.73322 105.438644
126.591385 108.858475 107.42905
114.9366 100.876816 107.4829
97.52843 81.70864 85.071815
75.70045 62.70504 67.24808
91.87069 78.17509 82.694
80.83613 69.230736 73.966934
125.76336 119.25661 101.947945
143.25348 130.26735 108.94568
98.33895 81.4207 84.68479
146.22816 134.53586 113.104774
95.671265 79.7974 83.43493
146.64105 133.36644 111.16675
138.1167 144.06891 148.76874
130.45387 118.150276 122.57013
112.77668 103.01406 103.576195
132.48528 120.69221 125.36716
134.61967 125.47295 127.30213
169.96207 157.0532 163.65999
149.98563 144.64117 148.61162
131.32884 118.57517 122.9998
111.698044 96.56589 91.190025
100.91859 86.46791 84.40356
120.22494 106.11499 100.963005
93.01939 77.85743 76.077545
111.15361 101.607574 99.294334
107.43809 96.49993 93.070305
68.63833 63.74024 68.0396
67.75099 68.1423 88.351456
76.48068 67.21523 66.30449
107.19809 86.22243 82.79916
73.479324 65.88277 64.95265
130.63266 118.07944 101.512634
146.39767 135.75787 137.3473
119.16702 107.009346 106.07266
126.827805 118.03591 102.933044
112.28006 100.6165 97.63155
114.6491 106.227936 99.80749
106.91725 96.35354 91.917725
129.51332 113.74648 113.28894
126.70062 113.05845 116.161896
138.58914 126.37908 120.93709
132.5968 123.86229 115.67955
125.942375 113.02938 118.95334
154.77094 140.77559 143.0677
117.14686 105.78301 101.057205
116.9247 102.42794 105.594826
109.45538 98.11672 99.57803
110.893585 100.17553 101.97235
118.329445 106.785324 102.88488
144.04272 129.3058 127.742615
119.4513 110.396225 107.25498
119.403595 106.89605 108.65403
125.54062 113.69823 112.24761
137.70415 122.709175 121.49769
86.42994 75.25141 76.37173
128.46762 114.31252 112.65488
128.7879 112.66156 111.590675
160.99887 140.66396 137.78743
129.30804 111.80442 110.8092
134.38478 128.65811 132.72115
134.32529 126.40715 124.95779
134.48918 123.58739 120.91381
131.73322 120.83688 120.16349
120.312706 113.56313 105.161156
102.96918 99.696625 94.18368
119.19472 112.565735 104.787094
107.85105 101.37175 90.75117
128.66054 113.55798 105.24246
125.3966 108.343346 98.30306
118.47886 111.6205 101.14557
102.38292 96.93919 89.480255
133.2037 119.14335 110.172195
112.15059 100.437706 88.83678
129.04335 108.54599 98.47593
137.41672 123.48541 107.11457
115.881966 102.71221 90.21821
101.060295 97.46043 92.58632
116.9843 103.70367 92.09827
115.50486 108.05199 101.34244
118.34248 111.20815 103.955696
151.35374 149.07721 135.96884
101.77087 98.74688 85.321785
97.62472 119.07373 127.662025
110.66563 108.41954 91.04572
144.40446 136.14946 131.44759
109.49316 104.34455 87.20011
107.21308 99.37262 92.97324
91.157295 84.28419 80.16518
97.60684 92.83469 89.276436
120.31017 112.1865 106.55272
107.430115 94.16247 88.135864
114.34186 100.492805 88.413765
130.30952 110.047615 99.99269
113.06971 108.84437 95.18877
105.73127 101.7326 92.34877
121.941925 112.86531 106.29727
36.00584 36.015434 36.018967
38.632668 38.642193 38.64579
38.398224 38.407883 38.41148
41.497425 41.5014 41.503643
43.395824 43.405663 43.409462
47.204952 47.214924 47.21872
44.52263 44.526405 44.528427
44.593426 44.60373 44.60746
42.58843 42.598824 42.6026
42.215878 42.219788 42.22181
45.338886 45.3497 45.35343
40.808548 40.819588 40.823452
42.47051 42.460426 42.475285
49.54335 49.55492 49.55914
