0.0011778563 0.0011778563 0.0011778563
0.0011010396 0.0011010396 0.0013570953
145.82649 139.7093 150.55946
35.51252 33.3151 50.478184
3.2725713 3.2725458 3.2728274
5.5544887 5.5544376 5.554719
50.36045 40.72287 53.230347
49.859066 39.256287 51.833897
74.92155 61.872585 66.92899
58.69125 47.06363 55.537693
70.28491 56.402573 63.409534
92.25042 61.35592 72.589134
58.419777 29.13379 51.13699
85.17012 61.05313 61.008194
89.069466 61.05902 64.44167
92.003944 65.07095 64.58053
76.496925 51.042095 56.932915
106.02583 82.430916 73.578354
63.38193 35.282352 48.589672
55.3404 27.411379 42.781586
48.759743 24.54883 36.424206
46.69276 21.42221 34.186306
105.64145 85.165825 83.72077
116.5836 98.74026 95.89038
82.59774 61.78901 61.24438
99.10275 73.972115 66.16139
63.712784 42.511803 48.09241
95.26292 75.712425 68.05362
71.00774 47.456753 55.709763
73.73424 51.380806 58.523556
72.64603 50.604496 56.084908
97.58852 79.032364 72.18221
97.306015 78.70305 71.73982
104.51252 81.63166 103.24307
120.0486 91.62977 115.011856
150.60289 134.02937 135.7755
129.35915 105.5358 101.74953
162.79462 147.29234 146.76402
147.32253 132.73647 128.72275
94.79846 69.40759 72.09963
158.28333 147.66437 153.17018
112.31108 89.472855 100.5697
143.84619 134.23398 135.93977
92.52443 67.11126 72.08132
104.298225 83.41396 91.06125
105.65376 90.356865 99.65384
97.52781 76.57267 90.577255
97.15282 79.1238 89.699646
146.5795 130.0317 126.96638
147.56804 131.17181 130.55774
171.34612 136.54611 145.8121
144.22585 105.77902 116.87476
167.205 129.70139 139.61046
154.83403 139.67113 134.35326
156.34695 121.10808 132.038
136.43689 119.855255 119.12654
131.07787 123.786095 131.39789
122.451836 105.842964 105.56865
151.3824 132.49812 143.18187
148.38698 128.70467 139.4986
127.71747 107.75206 121.56076
140.52032 121.01503 131.84573
110.11253 101.28637 110.11617
155.46782 135.12296 143.93588
162.26724 150.96234 152.51662
146.9932 129.77971 131.95245
148.95024 151.46028 161.06099
49.849056 39.455883 49.526093
63.76059 49.087597 62.01411
79.213196 65.553154 69.133965
83.74776 65.22249 67.71401
67.28136 48.905437 57.511036
68.3573 49.48868 58.730423
66.8256 47.267834 56.953808
71.14449 53.188126 59.962128
150.15988 139.96223 129.24937
99.571465 84.188736 95.76407
175.21867 162.26881 152.23235
128.47205 119.07528 112.05889
187.9542 181.73053 186.966
100.88687 86.05579 89.56642
163.74477 167.18979 169.22578
95.32972 95.01939 104.50153
120.72011 117.31669 120.995544
94.95767 94.879395 103.75459
105.92787 104.02599 108.714424
114.107315 111.89799 114.61579
120.10309 67.07564 89.65448
90.740074 76.0961 86.12844
116.73393 104.766014 100.27011
167.53598 164.15143 149.62411
119.19847 105.50563 105.35756
129.45534 116.203384 113.7325
115.01539 110.06888 110.533646
107.81142 94.163315 93.655525
108.41965 94.14946 94.16877
118.07505 113.72966 113.38818
113.068825 94.64884 94.587036
119.81359 106.68884 108.801636
194.75092 189.82483 186.39963
195.00832 192.2515 181.7471
117.21898 103.36447 104.086624
116.68707 102.84729 105.750984
120.57853 105.33991 99.70705
120.7865 105.24656 99.52241
123.21545 112.72198 104.67763
114.79787 92.44912 117.83689
128.78732 111.672966 132.34673
76.22999 59.335304 53.39827
95.97534 75.50699 66.42016
74.423645 58.54573 52.900932
66.69466 65.143875 59.554695
45.819965 42.055923 42.235058
58.17056 58.40183 53.080555
80.135124 68.004585 59.058098
75.912125 60.11223 47.38434
72.23939 56.828007 44.794773
80.90992 68.34903 59.270115
69.32739 54.31851 43.06299
70.665184 55.686333 43.899727
60.03385 62.168434 58.375454
47.9398 49.67545 48.693092
46.594944 48.02563 47.222588
60.226635 62.519306 58.640293
51.864292 54.364086 53.492752
51.680058 54.55024 53.610386
51.263737 54.48589 53.621113
59.282223 61.554077 57.782864
58.665157 60.380985 56.51923
92.30215 95.53736 84.124825
82.553566 87.88349 77.31633
85.10762 84.18718 69.97575
156.4358 150.52477 141.03703
89.57764 97.36083 76.5729
136.83539 133.58719 108.91243
109.805885 113.51641 83.37999
98.968376 102.78486 73.131256
92.76558 98.41422 67.631
117.91479 117.405106 96.503944
117.73265 114.454445 116.332466
126.35056 122.8205 126.92152
126.25298 122.82012 126.929306
88.08015 101.82652 70.89635
90.79569 103.46976 72.65594
86.90646 100.74458 69.37725
114.02806 105.628204 114.293106
117.007324 106.99362 117.56942
114.53275 106.12611 114.933685
115.625595 107.30819 115.465
122.9896 124.21207 120.33044
124.77721 111.484634 116.74891
122.10849 109.18062 114.931786
116.38201 101.93399 107.999664
62.544888 54.010216 45.267372
65.75204 56.80499 47.03636
68.039665 57.651638 46.440186
76.567474 63.66313 50.67102
85.01303 71.25357 56.037075
133.14815 111.33464 84.13026
86.96415 65.0253 49.835434
86.4386 63.95478 49.14339
90.11917 66.769035 50.912354
120.60683 99.07272 74.37023
77.35139 57.617477 46.298664
78.492805 59.444668 47.11566
80.67251 61.051414 48.779663
80.22353 60.5265 48.33487
84.042015 62.319916 47.999924
118.3182 97.68705 74.016235
80.89778 59.714752 46.19834
82.60445 61.08245 47.112125
83.075386 61.336433 47.30348
80.60099 61.067062 48.810825
60.802223 45.73977 36.75695
64.8098 49.06883 38.76041
77.357735 59.191914 45.05362
74.54376 56.63087 43.6343
76.32834 56.566883 44.04028
73.94049 59.59313 47.359528
111.122345 100.86621 116.135124
114.82049 97.81593 102.71809
53.240486 40.052235 34.621807
118.20118 103.1627 109.3002
59.391792 47.701927 38.91737
77.509346 59.447124 49.475163
129.98763 118.114204 99.39164
132.12854 120.32826 101.123085
154.47836 138.75429 121.370766
138.11482 128.67294 104.76612
140.51227 126.401596 104.12255
128.08112 110.72282 92.40116
138.85965 129.68326 105.404366
134.28197 121.19514 124.818275
100.34754 78.75406 87.54665
113.13315 96.81098 108.10335
97.26105 78.75398 75.29305
97.31638 77.97076 74.347855
92.22174 71.5708 68.77283
94.82511 75.42561 70.2114
62.649075 82.64204 85.905594
139.36365 141.1598 138.8478
98.62265 101.69453 95.63668
128.1662 129.74054 136.07687
90.47283 94.76197 90.463234
57.277256 71.76325 80.662674
120.553185 117.35346 120.30522
128.41867 139.90411 143.35281
95.122314 106.60181 93.803604
120.7167 135.13979 125.26886
85.2011 96.07881 82.38787
110.68513 118.416985 106.903496
66.6924 86.79969 79.63141
81.45675 87.76187 74.86032
79.201416 85.96728 73.42403
88.84841 92.562965 80.03172
127.03334 136.30847 137.55861
122.94034 129.7012 123.9548
87.38603 97.05216 84.81072
80.40431 92.93458 85.86173
90.87817 105.11269 96.589516
55.67389 53.154938 46.086315
97.623985 81.08872 67.65671
90.67238 78.23995 69.44879
92.55477 75.74568 63.09264
83.87072 68.92398 57.208584
89.74494 77.0094 67.85471
84.568985 69.67174 57.564526
104.19171 92.91734 81.78855
64.07907 52.161186 49.236954
62.332592 52.093384 50.15476
99.14434 83.8667 68.59822
85.34606 68.64439 55.48584
91.72172 74.68244 61.654453
90.05692 73.12391 59.807777
82.7188 68.40652 58.91156
101.38516 84.378426 66.37576
100.19949 80.97206 68.77508
133.76694 114.82552 95.3152
83.84027 73.685 59.13225
58.785683 55.866646 48.989246
44.525146 51.932888 49.35679
142.25267 142.16628 134.90149
127.07751 101.673965 84.55213
128.11446 119.16772 112.54752
111.204765 102.1469 95.38588
122.53142 104.198135 103.493546
100.19196 98.55849 97.686844
132.76205 127.78855 135.65007
127.39238 121.845085 125.60934
119.960236 111.411606 117.611336
133.62708 126.90954 133.82536
127.74264 122.045044 129.74141
133.51224 128.27011 135.02048
151.83641 148.71025 150.90979
118.24696 104.98284 111.229454
137.94086 126.2855 129.73424
136.18987 134.82097 135.0674
122.18631 103.36145 109.78614
128.48157 112.64265 107.782715
115.95222 95.382774 102.09774
96.28876 70.28804 82.86936
106.56714 84.4862 94.2484
114.98095 93.66572 97.164825
117.223076 96.86242 99.79214
123.34491 104.9642 103.40964
178.36964 171.05962 176.20271
121.992676 102.65686 116.19007
116.48269 93.921234 111.27257
111.07869 91.91081 99.61338
118.843575 102.04481 114.49457
111.549805 94.39394 103.64618
106.18403 88.42144 99.12882
78.96779 76.285324 73.7781
95.96753 89.888565 84.56191
96.63689 89.18439 82.11002
115.38334 106.44625 96.07446
93.72991 90.02696 84.68631
113.814156 102.35766 90.503204
85.86933 78.626366 72.52857
79.937294 72.9925 70.54965
66.55267 64.10414 64.46177
110.14449 99.738464 89.00404
113.151665 99.89087 88.840454
92.64557 86.67704 82.137146
107.04686 96.42367 88.0456
79.297226 69.26899 67.34437
113.398575 100.62053 90.16949
92.24978 85.39635 81.30768
65.26346 79.75375 156.8397
48.250603 56.885593 116.67033
44.924465 51.25864 93.84816
49.812542 62.319584 139.8552
45.647335 48.26873 79.42892
55.04015 66.44036 157.15407
50.506145 65.38498 125.84939
121.53808 94.92052 84.37676
87.65724 63.155937 61.513214
107.04911 83.64987 77.128845
99.77009 77.12726 73.73529
97.82773 75.4173 73.04786
101.516205 78.58632 74.9177
111.37407 88.523766 81.21112
118.14754 93.14864 83.84949
108.41773 85.08353 79.50952
82.6384 57.566216 60.351257
82.81482 57.807728 60.4609
97.86019 73.90014 70.03557
97.1319 73.0421 69.61566
77.609695 52.778076 57.75872
91.83502 66.35294 64.81508
97.231445 71.43673 66.2041
143.3331 141.53893 142.71942
137.94098 124.9639 116.925766
127.37502 103.83195 107.769394
118.80534 96.01403 102.56916
161.22354 151.47919 151.9975
140.06291 133.2221 130.43434
127.79769 114.86519 112.29057
155.00638 154.3147 145.89711
155.66539 154.91617 146.40991
148.72438 146.82509 139.55759
149.44464 147.8627 140.10313
150.28174 149.28105 141.1755
149.68459 147.90831 140.29405
113.78706 97.89192 102.93847
155.97084 132.33728 113.684845
134.40277 119.60813 107.03454
141.6799 129.70845 118.460464
136.29567 121.35858 109.58263
134.94762 120.327545 109.09876
134.29099 118.69089 104.51275
134.18605 116.68229 103.00863
143.86005 133.23 123.848595
103.37684 85.04284 67.86104
111.875404 96.10649 80.894424
146.87788 154.25043 160.57011
134.01785 139.72218 145.76591
123.39489 127.886566 133.43158
130.04878 142.84445 156.85965
101.59435 84.33564 73.68108
78.89868 60.022636 46.131638
112.03534 89.979256 80.68854
77.795845 55.859756 42.837532
95.71673 75.190506 60.573975
112.53546 90.851845 80.13615
90.612564 69.65658 55.715267
95.70922 74.58255 60.06888
102.514465 81.95778 68.87048
86.722435 65.82883 48.25695
82.677216 63.510548 45.537895
98.35607 81.7494 60.92769
97.52602 80.95432 60.189175
67.82089 50.613613 34.39763
69.42042 52.266273 35.977596
78.76952 58.25242 39.433834
69.30817 50.649307 35.35694
63.84785 45.829033 30.540815
64.73705 44.807217 26.435833
68.32537 60.453194 51.932247
152.16692 147.16246 143.82704
108.16595 96.921036 95.875786
111.99475 99.742 89.79595
86.240486 72.153145 80.24942
110.705666 97.21957 97.69517
106.346825 92.30998 94.340195
107.4555 90.24456 90.22177
124.08092 114.53155 108.80906
100.6086 85.426155 83.45839
133.13281 129.68703 114.661415
145.4548 135.01431 135.14893
132.15523 117.432655 112.69258
115.8405 97.896065 100.89404
119.24966 111.37169 117.20618
126.13873 114.93885 107.00855
98.26827 80.10649 87.62288
104.52335 87.71263 93.375175
105.96751 88.70187 93.6491
115.34112 99.76998 99.724945
112.539154 100.4524 99.72548
108.892075 96.49386 99.560356
115.46658 104.09559 105.15512
102.47465 87.37138 94.01618
134.72612 121.56629 117.464584
107.58207 87.931015 92.364494
129.3707 115.97529 110.19166
117.35666 102.29871 103.21086
104.826294 88.42042 92.89238
106.412766 91.413246 84.5232
113.57105 103.74543 97.23401
167.67145 149.19356 144.66483
119.51068 109.68746 103.68288
106.52443 94.15919 87.541046
116.199646 106.48093 100.13689
106.47424 97.74981 91.0941
175.95532 167.15456 157.61623
138.27565 127.92561 121.22935
155.02512 137.78745 131.43323
123.03234 115.23091 107.40984
29.965971 36.78256 51.487583
113.04424 94.77513 101.3279
122.52281 101.66849 104.05052
105.43414 86.44408 103.213524
138.07394 125.09889 120.50484
63.504814 57.61443 54.2284
68.10734 58.574974 54.190453
63.409534 56.014442 52.52737
60.78074 53.764046 48.512035
51.1891 46.63648 42.930992
59.660446 52.54517 47.613842
69.88749 61.394608 56.482075
71.57118 63.108643 58.408844
62.557255 54.75854 50.212627
74.05377 63.81669 58.393635
68.40101 70.870766 78.86703
69.752525 58.622677 45.86306
54.20208 40.443974 24.671173
77.65945 66.27396 51.781124
70.870125 57.16029 47.508553
73.664314 60.65484 51.020203
59.12388 52.01485 42.270752
62.2409 50.812107 38.54947
62.566677 51.110973 38.87548
61.25375 50.3774 36.402622
61.16157 49.43445 34.60954
58.423824 46.76586 34.96656
61.698467 49.792824 38.065857
43.60091 33.99393 18.033442
99.61433 86.62631 73.26128
104.443184 91.67952 77.3088
107.33 93.30955 78.3086
91.76773 79.87807 67.91847
111.537796 92.13164 76.1144
91.85146 79.88928 66.14178
88.204025 73.27226 62.36186
100.33602 85.14536 71.24966
94.21532 80.71941 68.051
83.73125 57.56647 53.410686
83.95291 64.86447 49.49388
93.092896 73.553825 55.33538
90.63033 71.21534 53.357044
82.593254 63.77073 48.94505
89.753395 71.03485 53.284554
102.99851 80.49826 60.183594
102.74794 87.4491 67.7918
122.160034 102.5759 80.260155
103.70482 81.60683 60.131355
104.89863 82.18618 60.669277
76.279205 60.78709 45.747044
95.41586 75.91417 57.89809
100.379425 79.06442 58.891075
51.69675 60.62426 49.64638
49.851616 60.19061 52.042763
76.90244 60.501972 45.040688
42.091846 46.63054 45.197956
48.220695 51.21688 50.47081
56.160316 55.249348 55.410995
53.33313 41.68659 35.513493
45.853355 34.306652 25.569826
46.496876 36.78837 34.810085
47.496006 37.830006 35.588852
52.432938 43.991116 45.33369
65.878555 54.083473 61.86268
75.07292 60.52955 51.836533
80.344345 70.98433 75.29813
42.804348 41.11776 43.097225
64.251854 60.8404 56.651764
135.65689 116.20784 106.18787
111.24876 101.07367 117.51424
137.61348 120.046165 121.22466
167.44925 155.01859 139.6404
142.18697 129.64326 115.32322
135.737 123.20213 112.73089
127.8847 116.4906 105.334
137.63235 149.45998 98.36565
88.21588 75.72615 70.04522
162.04211 145.42018 128.79364
132.75224 118.15711 105.4768
126.49426 112.19893 100.852715
126.239845 111.82345 102.61333
150.09251 137.05423 124.08619
120.82537 116.52284 109.80757
122.560555 119.088745 112.25117
122.30952 117.63791 110.31095
156.25928 144.43138 131.89658
177.13863 176.97176 171.72577
123.16838 108.31548 107.881676
209.15977 205.34938 196.53912
138.46495 124.33538 113.60885
125.92242 102.82432 90.1987
158.72118 137.71043 129.41548
90.82107 69.89712 88.02683
64.1289 37.279484 58.562477
162.73183 143.17653 143.31694
164.64618 144.45496 144.08862
164.37625 142.97227 145.33475
168.58571 146.64662 147.95662
0.39179087 0.39084345 0.3929431
13.673401 13.672504 13.67463
14.402059 14.401162 14.403288
12.329339 12.328955 12.329851
10.832872 10.832488 10.8333845
14.875608 14.875224 14.876121
15.656962 15.656066 15.658192
14.104317 14.103447 14.105546
21.865597 21.864752 21.866825
