0.0045616636 0.004515352 0.004469041
0.03540499 0.034918725 0.034455612
8.78456 8.862247 8.784815
28.251818 29.330547 33.831635
86.80206 84.84391 80.74533
6.1158476 6.080443 5.887047
77.06516 62.829575 55.921062
69.113556 54.888252 44.60001
63.13912 55.3195 41.98629
107.96564 97.28713 90.00266
220.09024 215.22734 210.48636
220.38869 215.75833 211.12318
218.19652 209.61569 205.09059
206.65231 205.49678 202.70563
207.5158 203.82076 198.35356
210.5531 206.49745 200.62778
213.57002 213.95222 212.54022
205.72058 205.59064 205.15028
214.74837 213.99088 210.09737
103.470406 88.89568 75.82494
104.41016 90.46056 77.18402
78.49171 65.72702 51.29669
87.31445 78.38251 68.037
87.898 79.62597 68.37468
99.61311 96.79926 86.86558
74.93702 73.238945 64.699
83.94621 83.4049 76.10517
60.466724 58.20465 52.7762
105.50134 92.32738 83.2923
90.20731 85.8268 76.13516
129.64334 129.29079 120.1849
108.83761 107.57829 102.46691
112.51875 110.37866 103.27405
73.39749 75.031235 67.588875
71.75541 74.12052 67.36841
91.42051 100.376045 107.815056
91.76453 100.562706 107.93586
106.16792 96.25309 95.070045
99.20778 94.40881 89.968
32.85 26.126453 17.757029
36.39017 27.21815 17.971542
42.184433 28.871302 20.144514
42.667416 31.063053 18.173367
43.650303 31.423262 18.418932
41.36982 29.835363 17.038994
37.62057 27.124115 15.071736
36.848907 26.608948 14.601653
29.491247 23.706873 14.283518
30.407656 24.403164 14.908859
27.707127 20.050386 11.505233
38.618073 28.532047 17.451488
36.13097 29.541008 17.124323
35.373917 26.816631 16.602533
33.20143 25.18043 14.982864
30.605404 23.349442 13.684852
34.497917 26.765364 15.376372
34.60191 26.89293 15.471866
31.895521 20.291878 10.235285
40.275276 27.964989 15.2737
24.107327 15.324063 7.0687723
32.673622 20.77627 10.696661
99.922615 81.40092 60.544437
81.80264 63.594753 46.24603
74.47807 69.3745 57.159103
75.79436 70.4272 58.12238
87.70365 80.11557 63.972954
81.09962 76.27036 61.200043
86.0888 83.23494 62.037167
98.25953 87.82536 80.822464
105.90328 94.317345 87.45436
106.33224 94.9002 89.18497
104.57503 92.83714 87.99051
104.82478 93.046616 88.60501
98.80422 101.36843 94.533646
37.66056 35.69953 31.217455
38.718544 31.117607 19.335804
30.997013 22.56759 12.882299
48.224194 41.68622 34.304012
21.966124 16.752512 10.187445
42.33189 35.403973 24.766405
37.95568 30.286041 20.614481
27.818623 18.710068 9.222572
35.003334 28.835918 19.555435
31.356968 22.279951 12.052447
34.83395 25.629904 16.407957
36.731625 30.419188 19.71933
33.746655 25.80438 16.05951
41.76594 32.06801 22.599546
26.927546 18.692446 11.851642
27.664497 18.949358 12.357477
32.020008 22.640022 14.632312
55.304565 42.847473 31.163897
30.61286 22.505373 15.073218
31.782454 23.188463 16.348145
32.086395 20.395868 13.078845
45.684483 34.9269 24.857107
37.577663 27.005302 18.900084
21.538786 32.67853 43.198303
39.943268 33.276176 55.62622
34.6488 41.291435 57.084473
44.415413 28.860996 53.21896
39.227505 35.261776 50.821007
85.35975 44.13949 62.518063
50.764645 22.617977 38.271267
36.83138 23.948896 23.53721
29.92442 21.86491 19.603992
64.70599 47.026608 80.207405
30.004053 20.768097 18.75932
56.13847 52.08037 60.006832
56.832077 33.39103 38.860996
33.029476 38.563515 54.64125
51.6927 47.838467 50.353287
27.348122 31.2916 35.11668
27.855 19.984022 22.12541
31.06164 28.362524 30.641064
25.900616 19.14287 19.42199
25.600147 22.500694 21.902653
25.90652 20.68763 18.298176
37.0248 31.072338 25.003103
16.756495 14.140254 11.896564
20.585028 22.300028 17.123304
14.842171 11.408235 7.8328624
28.598852 24.136711 12.473834
20.356365 18.31024 13.607372
37.852314 30.18117 15.2752285
36.191452 33.27907 18.457277
17.189945 16.434168 14.052957
61.62606 56.04962 46.01966
95.80938 88.65929 76.62631
101.52839 98.29859 83.24413
57.82351 53.64507 46.09707
64.50982 63.816284 58.395985
117.68235 118.5612 117.63456
154.41025 160.34792 159.95769
154.42694 160.22412 159.88094
154.51665 160.27129 159.86864
150.28023 155.44202 154.48831
145.15149 148.5791 146.37964
134.47208 131.94954 127.91467
125.1164 119.97175 114.63449
126.68821 121.4966 117.151855
126.42255 121.85951 117.03853
124.966354 120.72459 115.933105
129.94514 123.10693 119.47826
137.85374 136.18639 130.50882
138.1742 136.42989 130.51375
149.34555 142.90912 138.97896
121.880424 108.44915 96.82013
95.8911 80.90372 70.820175
112.35593 97.83184 79.92903
109.40791 95.70113 78.4083
107.88466 92.625946 77.42875
94.61029 78.11978 63.67545
83.94841 69.72859 56.119114
90.10219 75.733574 60.316353
112.916985 93.02619 74.11457
119.653404 100.06984 82.11244
98.397675 82.10677 66.29479
93.92178 78.63736 62.422173
110.3804 92.284096 73.67501
31.297619 34.562195 26.47689
118.9686 112.40226 119.12611
32.993885 24.179178 17.973093
32.65498 27.61175 22.274858
48.93308 15.24156 27.732992
64.15519 74.434235 89.65702
51.90981 32.64132 21.971148
23.786388 14.039804 6.403001
31.505257 21.739384 12.656093
37.236374 20.819109 12.457463
41.418213 27.665678 15.712662
40.79352 26.243992 14.422452
36.64868 23.849302 13.078428
43.535034 29.96434 18.376627
40.386654 24.214005 13.712569
43.342632 24.710762 13.8349695
43.443012 29.398903 17.171028
37.729473 21.529362 10.939633
40.30482 23.931505 12.963367
40.382626 24.473372 13.636202
31.939285 16.475801 7.711133
31.863613 15.919511 7.4649425
35.721992 22.079979 13.056893
30.773977 20.613857 10.984972
40.903835 24.6767 14.876557
32.684875 22.603807 13.084726
32.764183 18.902075 10.304774
30.854235 19.96529 10.608994
41.159264 27.900106 16.143703
46.89992 29.743343 16.854445
44.192772 31.795465 19.147062
32.97682 21.813597 12.156764
47.708725 33.326725 21.706526
38.260963 24.166374 14.687931
31.275784 25.463484 17.334345
27.836521 21.333603 11.985574
24.234127 20.44577 9.855926
26.586903 20.501482 11.12335
33.198814 24.984255 13.657505
31.452646 23.594196 12.077734
29.243597 23.118557 10.8663225
24.979832 18.71523 11.320428
32.723915 26.437271 18.273237
31.81362 25.618511 14.003867
40.618443 29.364006 16.976126
31.839577 25.729935 14.087875
40.114273 32.555367 20.389664
43.042698 35.290997 22.495623
35.068657 24.896402 10.982332
34.951374 23.850067 15.733131
33.58989 22.93609 14.624531
38.26726 30.176817 16.88839
44.759575 44.965034 30.438776
47.973465 48.773655 37.017437
29.3594 29.235863 17.359537
33.938637 33.689228 21.449682
39.165726 38.962 25.8374
36.351574 36.20199 23.615639
55.267727 52.895428 34.422592
62.23547 59.893368 40.664543
61.659126 59.47696 40.31038
66.516556 67.13053 48.089752
68.732834 68.646805 48.093086
26.78574 26.214468 18.689598
22.925716 20.129255 13.557959
84.49671 77.943665 71.02936
70.77168 56.12152 34.443012
74.91106 58.026142 36.85794
72.61191 56.844975 35.701454
72.10015 56.149723 34.81985
74.13252 57.146366 35.964386
66.37998 48.882576 32.246098
75.88468 66.07792 48.17332
61.190014 49.60126 32.864864
58.597023 48.260616 31.714027
73.24258 58.792526 39.00681
67.246284 56.91423 41.906082
71.87561 58.642178 41.258812
73.90856 61.92273 42.56706
53.6083 44.345272 31.343143
51.36595 42.03105 29.114552
58.211666 49.1149 36.652157
67.728035 54.605522 35.95971
70.08213 58.95788 41.440025
64.78903 54.3136 36.895985
78.76018 67.941696 48.371323
95.66477 83.07116 71.278076
83.409996 67.570625 56.945076
82.076065 68.02425 57.3663
92.146324 86.43996 75.433754
82.33458 72.3528 56.59753
69.24732 55.918655 37.13558
6.9013567 58.919003 89.0581
6.296601 51.61272 72.03698
16.400871 58.166397 78.42546
16.946325 59.12819 79.30989
15.801972 56.874706 75.97416
16.280832 57.633354 76.512505
7.416385 56.99229 81.62386
5.6073265 53.88332 78.883385
5.1858935 53.191475 76.81575
6.093827 54.06655 79.15016
12.524637 74.18193 108.16267
13.209536 76.53318 111.47508
13.270828 77.24246 112.542465
14.622609 77.83826 112.881096
15.985181 78.729355 113.58727
18.897768 56.97247 75.06544
9.210137 39.912518 53.591373
58.209396 51.772774 42.13451
53.899807 44.788868 34.20331
123.93229 109.11953 94.41356
102.35497 85.60531 70.610085
105.87459 90.085724 74.65195
107.63456 82.38119 68.505394
108.317184 83.751656 69.133934
51.45913 34.036842 21.235794
60.79565 40.391933 25.956213
60.779373 44.3101 27.773422
51.26541 31.985806 19.965174
53.00405 32.327515 19.87042
53.383896 35.49972 21.32184
52.77386 34.21361 20.73077
123.00836 120.482056 116.35322
48.69196 32.38295 18.869518
62.540615 38.49463 21.171167
51.795883 33.189785 21.395731
50.987404 32.824318 20.098295
54.247463 34.507317 22.218866
55.454407 36.253277 21.988792
50.1356 30.643589 19.724424
47.609016 29.876812 19.356598
39.197773 25.998032 16.376581
54.165794 32.454964 17.868475
56.50329 35.4187 19.555597
50.378365 32.129303 19.10214
49.646297 31.144398 19.57968
47.955494 30.672186 19.683254
52.710854 32.59334 20.165308
46.74925 27.233154 17.163132
45.184875 27.0499 17.541819
50.23445 30.225767 18.096745
53.984554 31.349812 20.146112
30.867596 13.365721 3.1297412
65.722946 16.796347 12.235215
5.2595515 10.919164 1.6495161
85.55409 7.9211316 9.20891
75.40687 3.8584495 5.6737137
73.59924 3.5822258 5.3640532
74.68427 3.947923 5.6362014
75.305466 4.7205343 6.8413377
77.80336 4.802598 7.387047
76.97427 4.5608764 7.0574956
74.54249 4.1622515 6.500926
34.515884 25.267656 15.416825
49.33932 29.019775 16.6472
52.18652 32.614666 20.655144
34.76073 22.576923 13.773144
84.30966 73.15917 59.00535
84.19282 73.55747 59.885914
73.58248 66.667786 55.109734
81.98995 74.07278 62.460472
79.118416 71.51188 60.172092
41.377598 27.906637 15.253647
33.84518 21.122309 8.579471
33.987312 21.391794 8.611656
34.25615 20.943592 8.323415
34.621033 21.274023 8.537721
34.752884 21.323322 8.50917
35.645786 21.725166 8.72549
35.73686 25.390404 11.8939705
39.502502 26.537582 11.606748
49.510025 35.759274 18.140184
56.03765 40.635715 21.819525
74.55523 55.907818 33.076622
72.813644 54.36162 31.854883
37.216877 26.28757 10.262956
73.72033 55.632565 33.060226
37.468254 26.660677 10.559765
75.594246 57.116543 33.960938
73.04719 54.853657 32.657368
73.54177 55.054787 32.669964
58.458805 43.975132 24.818714
75.56405 57.147385 34.177025
75.54712 57.111702 34.04735
76.41499 58.109802 34.767563
95.91479 85.082924 74.249435
99.65628 87.79405 75.94269
97.87686 87.28935 74.41583
104.13662 102.87595 102.535034
115.72882 117.04219 116.76967
33.425346 32.844555 34.797066
111.36637 91.96399 71.8004
40.33754 28.767702 13.401982
22.930279 16.718891 3.5580976
47.989674 33.116077 20.353518
25.868893 23.672487 36.291462
27.534084 24.292942 42.6629
25.550526 21.941162 38.6987
95.72595 74.34703 60.69041
81.23827 64.48986 55.973648
92.092575 68.4811 59.664288
83.57625 63.675545 52.370422
85.16216 63.72079 54.844326
100.401634 86.89416 76.48326
119.88709 103.40119 95.44049
73.16978 62.773678 57.439934
80.17823 71.180565 66.740005
80.46474 67.458275 63.7034
63.26085 54.747395 48.60311
61.554832 61.380287 54.148056
82.16582 88.6798 91.683205
99.83201 99.684525 81.42861
107.946884 97.91613 85.482445
100.55029 88.89863 77.417564
96.43058 85.28229 73.475365
97.4727 90.6089 87.62777
108.334854 101.8651 89.55796
92.16888 86.64503 74.88378
104.04622 103.37005 95.05608
109.99173 103.06004 88.751305
114.20828 108.8107 93.22741
95.57808 88.71044 75.70921
78.494446 72.56222 61.028343
73.96161 64.13224 47.219193
72.05379 60.79484 45.34245
76.130646 65.476776 48.574352
85.59554 75.78852 57.56516
118.098114 98.93213 79.412796
114.03564 107.529755 79.39606
100.80776 94.47416 74.435326
150.98672 135.40201 115.46728
149.60739 134.01588 114.60832
147.59442 132.19057 111.83184
76.37989 61.067383 39.133747
76.79875 61.206825 39.08982
76.52758 60.945168 38.824665
70.89622 55.171535 37.15593
70.95908 55.542538 38.04837
78.28053 61.767727 39.772797
79.67684 63.424953 41.068542
49.034943 39.276894 24.310564
38.249226 28.935905 18.198883
37.4978 28.460426 17.985945
30.965498 22.051615 13.961608
35.300423 27.02429 16.971842
38.33585 29.175173 18.525356
35.164986 27.117075 17.163433
34.517967 26.888136 16.858797
35.772427 27.471195 17.273144
101.04928 80.779305 65.70472
91.850044 78.829575 61.453827
75.20703 63.2715 46.39793
98.34926 85.53786 68.04513
96.89061 84.49009 67.13868
79.57977 68.595726 50.79674
83.53492 60.63838 39.618324
76.75063 54.556614 32.829018
75.57891 51.85917 32.044018
70.7747 49.147385 29.414255
62.11953 47.849533 29.505001
59.263348 43.484276 26.203886
62.34724 51.098923 32.744385
70.95635 53.444706 36.749874
96.36602 81.01327 68.13224
91.16528 75.69779 60.409786
104.79114 87.35838 70.10036
124.93561 104.64803 85.31913
151.38 132.9906 121.4877
119.48257 101.31204 89.36783
113.91296 98.42233 90.26096
104.4881 93.05333 87.464615
125.42403 115.984 108.68059
123.59033 113.64553 106.11147
134.18077 128.49521 123.75738
83.9585 70.423515 64.6946
145.66661 140.76169 137.75536
136.18753 130.91458 127.74957
35.893436 26.786297 18.70986
49.411476 35.59869 24.895197
66.798615 63.35889 45.69671
86.06942 79.26984 58.958874
63.933544 58.8082 43.659958
87.41525 73.56653 57.527325
96.53441 88.38895 73.78148
94.04131 87.948204 71.56819
80.84907 74.51801 61.682026
80.739334 72.47134 57.872574
77.77231 68.50966 54.49634
100.60316 84.52897 69.22195
54.42113 54.744106 44.442898
68.456535 59.569744 45.524822
89.90124 76.04525 63.998703
79.02825 64.39311 54.407284
71.89436 60.9479 52.77993
73.77372 63.09869 49.473534
51.641876 46.442688 34.783493
82.950096 72.522575 57.937134
60.83011 53.37188 41.626778
60.557404 53.61944 42.341038
60.357895 53.185337 41.945053
41.03133 30.276802 31.694391
53.204327 37.506714 40.00961
82.54721 53.20407 55.43586
38.454617 32.734776 19.312347
39.342842 35.584217 22.594498
39.61821 35.907005 22.821957
35.81038 30.674269 17.287432
38.41284 34.464596 21.608345
37.58262 33.478302 20.446257
46.19708 43.09526 27.510975
45.906982 42.008728 27.550919
47.855484 45.375492 29.57822
47.12263 44.525635 30.915274
45.14287 42.32941 26.583315
47.990623 40.907192 23.1943
35.71713 31.33071 18.674084
36.61983 32.615524 19.979067
61.795258 54.612885 32.649517
71.71076 63.98884 46.645836
73.40564 66.40689 49.16332
67.97803 60.61638 44.223938
67.913864 60.846848 44.235355
67.93273 61.07162 44.367783
68.37964 61.306557 44.58139
48.19768 42.91699 31.019613
50.125248 45.831127 33.9187
51.541172 47.656116 36.015583
45.888367 41.53573 30.629278
50.223755 46.080997 35.09158
51.21215 47.06764 35.881977
47.879684 43.41926 32.78859
22.18316 20.813133 13.874265
34.58584 30.503775 22.643936
39.011463 33.758347 25.227806
13.477469 12.538924 8.871278
20.485828 18.859793 13.368499
20.405872 18.209234 11.019265
21.220835 18.817465 11.531098
46.67397 41.360672 30.02253
27.339207 23.81626 14.224147
26.839764 21.744408 13.713935
29.171583 23.46075 14.870745
31.986454 27.886028 18.917381
30.860765 26.281595 17.343908
23.043556 19.45869 11.977424
27.962997 24.164082 16.018501
31.568378 24.06472 14.63215
22.728245 18.573404 11.981012
45.84171 37.320103 25.088083
39.682396 32.251377 21.249619
37.563934 30.355185 20.441208
37.680428 30.257467 18.473417
30.556107 23.798615 14.341963
113.24508 95.88274 87.27701
116.77217 99.19761 90.59276
123.746445 118.96955 111.82684
106.176 100.87681 94.76326
101.06727 97.21866 94.9677
74.07002 45.913815 23.760548
78.40029 55.81897 35.36998
132.4268 126.72512 102.69969
98.42252 86.93961 76.61374
112.2021 99.75888 85.88107
77.79709 67.363106 54.255962
77.35664 66.866646 53.84569
86.22031 73.323944 61.46916
87.46056 74.06833 65.51114
87.19027 73.93414 65.32684
70.895386 58.016464 45.872715
77.15394 63.212128 51.46353
73.74732 60.254574 48.67082
73.37936 60.19935 48.502014
75.34025 61.8578 50.63567
80.8874 83.452415 80.31476
73.51477 69.91859 64.20812
77.07155 63.345158 54.004864
86.85933 87.78273 71.545456
80.69647 80.51419 61.088688
66.06967 68.816025 52.804058
72.71224 74.48588 58.023735
65.80022 68.23624 52.52098
71.31195 73.878105 57.71148
152.51755 142.56644 136.03084
111.58517 98.65806 91.00044
101.65273 87.59955 79.1098
131.3127 118.07371 106.67955
117.99023 102.93609 89.381905
78.49692 63.990204 48.637707
94.36255 83.602646 72.06215
76.347565 64.76655 51.86982
100.36419 90.33736 77.647545
95.463486 93.83926 78.73081
94.25666 92.17899 77.12326
71.83662 69.49479 64.63454
102.0194 97.649216 88.18385
84.74392 91.710556 87.50919
109.05942 107.79975 87.72255
113.7728 111.08955 94.979256
50.618393 44.09415 35.84583
60.601376 58.876072 43.537212
107.46325 98.301674 87.48965
76.560555 64.52047 49.364586
77.54814 65.28889 49.746098
84.18126 70.562454 61.659683
196.08081 204.406 199.54453
202.6749 210.6224 205.63467
185.3919 184.6099 182.02094
210.94026 209.96927 206.90941
199.5054 196.628 189.34032
199.33612 196.49191 189.2723
206.29202 195.43454 180.09946
199.20981 188.53847 173.62273
209.35854 209.24014 200.20793
210.2042 210.11938 201.28055
179.26712 178.54854 176.36618
177.32768 176.5965 174.36197
177.2557 176.47621 174.34071
177.5614 176.80782 174.69037
176.62885 175.86801 173.73813
