0.003935071 0.0042957864 0.004951631
0.0039678635 0.0049188393 0.006624037
20.508476 25.137072 27.924807
0.0043285782 0.0049188393 0.006033776
79.62958 87.267944 132.30782
40.0546 35.835514 18.496475
40.231743 77.87893 85.08877
31.879784 70.07283 77.27542
11.095918 35.766453 42.5858
39.222855 38.99305 28.9272
35.122776 35.613575 25.958616
31.021381 77.76773 87.505424
38.44181 93.57895 102.26696
66.2568 98.67693 102.69116
65.040665 111.86988 117.32917
38.167534 41.90756 42.598457
44.65801 66.16947 67.00912
29.554846 53.532875 49.52025
38.92366 67.49979 65.18259
45.05873 77.52841 77.08611
31.010788 61.084507 60.371437
24.232136 42.056927 45.220333
30.396164 60.393997 63.96888
48.15245 81.454926 88.96143
40.58944 55.781998 55.493687
53.952583 66.64493 65.422104
95.99301 92.04047 78.43089
84.89979 81.95258 69.811676
40.716312 42.453056 37.638103
55.093884 52.71671 44.63866
87.0481 90.91523 69.357765
134.85007 127.73196 112.012955
120.059685 117.960686 102.17803
109.72117 102.721855 86.29591
98.54248 98.92933 80.49677
145.9453 145.5296 129.81587
130.15002 117.714836 97.46253
71.42987 64.79767 53.87001
37.970913 41.710052 37.5433
78.791046 77.47844 72.17314
41.698017 43.097786 37.627678
43.151173 40.995377 30.644402
126.34668 126.91868 105.29451
110.93442 107.91441 93.08523
113.9537 109.111755 94.81777
92.1941 89.36724 77.15311
100.942024 101.74048 84.78728
134.9231 128.25903 110.69316
136.83536 129.50955 111.01328
129.929 126.48936 105.15645
125.17511 117.3859 98.98744
112.309654 108.05847 94.2141
67.44174 71.60777 56.704346
62.64781 65.33301 46.457092
83.42791 83.96173 72.34498
91.62417 99.62427 77.257225
79.19813 86.82879 68.74921
108.17616 120.115234 91.463486
110.32586 116.28221 82.16675
93.84047 84.45437 56.895065
105.67063 107.61007 81.28201
82.46958 84.319595 65.83466
73.34671 85.84214 69.12848
75.24581 82.89067 56.940582
103.94258 106.73507 76.044106
83.19557 65.69287 41.992195
53.428562 42.985767 34.971405
0.0052467617 0.007870142 0.011182161
83.985176 71.42935 53.13576
24.057123 20.52074 20.436203
28.591179 27.207346 22.75632
81.73094 67.72041 53.339203
113.11395 106.78626 91.125595
55.65758 72.52156 68.895325
82.67421 86.30297 78.67916
72.389114 75.936615 67.953865
109.8913 91.32733 72.49667
98.503395 91.27231 77.33845
104.89211 92.73875 79.161995
76.39056 82.11756 73.342514
92.17177 83.81098 73.422134
68.71799 53.47336 40.999737
93.0504 77.16429 64.59078
67.88916 64.098145 56.73071
126.559044 113.23929 96.0828
108.79216 91.617905 76.529594
112.22279 100.38554 84.64607
110.54402 98.47316 85.87978
105.447975 96.72044 85.85411
119.4888 101.099724 84.93359
95.39361 80.07123 70.12769
97.61833 82.11799 71.76108
130.64421 110.14563 94.36078
70.95701 61.5051 57.274178
59.96616 62.610954 60.295
69.669 71.50572 66.20138
98.278076 96.61728 86.630135
73.051414 77.097984 67.85126
46.80741 37.07139 15.076275
58.91251 39.84817 10.37721
43.98334 30.473324 9.047057
45.69008 35.292507 9.462239
56.865944 38.287064 8.194556
54.163795 37.889393 19.438498
63.816494 46.75091 26.74668
33.39685 32.194164 23.975931
27.543598 28.569601 21.553041
33.425217 32.54517 24.855516
30.503721 29.790064 28.189442
29.805542 29.943401 22.734383
19.276505 22.997114 18.09054
28.313297 29.005116 27.83053
124.38462 110.72133 87.002625
116.465614 104.37265 82.68267
117.98485 107.406296 88.734085
120.50123 106.69703 82.57855
94.18993 87.491356 76.4788
86.40357 87.85119 61.275978
104.092766 108.69021 80.214066
99.106804 95.93713 70.44719
96.28487 90.468864 72.54491
54.877293 56.65788 47.257942
95.22295 95.52904 73.08978
52.557205 56.240597 45.21292
93.89349 87.612755 66.233086
101.9513 93.28097 75.598656
94.02049 89.83466 68.16422
90.31041 84.33051 67.609375
90.77268 85.983376 69.30464
77.15783 73.18206 54.08936
49.23158 54.205967 40.63056
57.20954 57.978718 50.240334
53.842007 53.130905 46.637383
55.89054 56.460503 45.568356
44.757797 47.12638 40.10956
67.10162 64.594 56.797115
65.35731 64.79364 58.11769
45.286343 42.847713 32.6464
45.216198 42.895687 36.16524
43.943466 43.67316 34.2929
50.313725 49.936024 39.88457
66.39207 64.32035 53.781834
65.90487 65.791374 54.971832
106.038956 99.67519 80.565926
100.58006 83.77695 60.327923
104.80259 85.48998 66.78518
55.9213 40.73117 29.998623
69.62574 56.289654 38.970356
95.10011 82.16383 58.116215
107.13901 95.01082 71.310905
102.32084 92.28401 70.75179
105.645874 92.68063 70.90687
115.68844 102.81964 87.035446
52.344055 46.78449 37.52963
63.76265 57.270275 48.434433
76.432465 65.47283 53.66355
92.829315 76.590065 65.5699
84.293724 67.61748 57.203606
59.02266 64.85152 47.078865
79.96036 83.50822 63.79918
104.57236 97.08162 73.95835
110.33592 102.182915 82.37219
88.51366 91.54425 72.36681
107.493 108.11435 93.68093
34.73494 27.869978 17.589573
8.506608 29.21174 34.792423
14.838531 28.565338 30.063126
60.122612 54.375404 44.58124
49.78613 44.82784 35.08608
47.236565 40.749535 31.008165
46.434727 39.56419 30.5374
46.34071 40.401802 32.057484
59.659878 52.523003 40.78777
58.119003 49.929005 35.695686
34.56711 35.12845 26.676275
78.11615 72.57377 60.3535
38.53409 40.137726 30.699558
78.179535 74.21636 63.4587
88.470604 80.00518 67.38469
94.12002 78.74908 53.717102
101.93094 90.69454 74.269844
95.5839 84.548416 68.95714
79.41479 70.18223 55.990227
60.06319 55.390293 45.566257
79.11595 73.14242 62.846367
40.87342 33.911854 24.251451
52.655617 41.02784 31.60059
79.94501 66.60892 55.592228
47.42961 37.940186 30.303328
41.661125 36.448925 27.406984
93.309265 76.427284 61.756092
36.181667 33.603016 27.569307
79.967865 72.184326 53.051582
82.24109 79.99184 64.699066
73.45083 64.69733 46.91051
92.6547 93.75861 85.865746
61.00082 60.087685 46.196392
82.44492 78.711395 67.22358
76.695526 71.009705 59.678833
83.02223 89.06886 82.01384
27.69444 32.347435 28.2384
28.021414 27.742844 25.303034
46.19567 48.856667 49.584686
52.35868 54.069553 51.470863
50.90582 52.162125 49.898113
32.811348 31.513659 34.031677
57.787342 61.592163 58.597343
68.45899 69.34474 61.31471
30.558617 32.438663 29.276733
51.25194 51.210262 48.682045
48.31769 51.24355 45.294376
44.56724 45.262173 39.56242
45.945698 51.151928 46.46083
45.941597 47.795834 46.491917
43.190327 47.49595 51.81174
41.194916 44.179146 44.781605
22.958551 25.546024 29.227448
67.83355 50.32071 32.919857
99.82981 72.238464 45.477585
90.79173 65.95173 40.613937
58.29703 43.769863 29.087326
55.694572 41.819447 27.707952
61.93848 45.91746 29.494278
70.17626 51.654827 35.162453
35.36199 29.771307 20.091097
45.847942 38.758224 25.691883
25.157665 24.95045 17.958912
13.607804 16.87621 17.157076
15.414887 17.248861 16.684933
9.520315 13.3596 14.73976
123.34812 126.27198 109.95321
83.846664 79.60886 61.01489
68.32064 74.18029 58.738613
70.109886 67.1815 48.971996
58.754124 58.455418 38.49759
50.31215 49.822628 38.22269
48.593704 58.971504 53.12822
73.238335 70.387276 59.850075
103.47486 98.214066 81.12156
78.34222 77.491325 65.588455
65.26762 65.49444 53.021873
74.278046 73.40679 58.205772
65.69366 65.553535 55.563534
77.27047 76.340416 64.16058
62.532875 69.36764 58.64922
84.1475 82.82909 68.76665
47.802525 60.682278 53.01223
41.63151 51.174946 44.005707
59.90031 56.298214 42.871456
64.22456 65.88467 57.818626
94.3801 91.79921 74.9295
105.539894 100.15868 81.83168
76.81941 73.40062 61.211346
78.40905 74.59643 59.375504
83.896706 79.31222 61.666634
81.75904 78.489655 61.780422
85.04322 83.17026 67.60187
65.487816 61.84814 50.21253
105.670074 102.75062 85.783936
111.93796 108.97203 91.4384
94.042336 85.98456 68.655815
79.5939 77.68919 64.99905
76.39993 75.2791 61.565273
38.42115 35.609085 27.064043
67.42617 59.214 52.671913
74.091324 65.74799 58.20177
76.07424 66.7092 58.90664
44.806427 40.20141 33.67362
102.073555 112.72553 105.775536
36.94963 35.792557 34.825085
35.781277 34.79377 34.212296
73.16655 73.6442 68.93536
47.077522 47.4102 46.90382
73.07939 71.15891 63.157173
48.514378 45.47257 43.676243
36.405083 32.63004 25.975012
28.352188 25.363764 24.129202
29.34609 30.640728 30.189638
20.082539 17.960747 17.508247
47.43138 31.838268 24.822626
51.324547 36.710083 29.002493
86.04279 85.32241 78.9113
77.930084 60.952057 49.449123
87.22374 71.62338 47.918446
83.43847 70.063194 60.46345
84.737724 70.905655 59.43584
72.248634 60.605083 51.10454
65.94425 56.42538 49.673584
94.068375 82.924805 71.8204
68.917755 58.145138 49.471554
67.83768 57.170193 48.807312
64.96983 56.819347 51.444073
65.76917 54.939926 48.32271
65.37833 54.59672 48.311756
65.19636 54.31123 48.067158
36.857647 30.23512 28.8303
69.02866 59.28411 49.54422
99.4648 91.458336 82.40557
62.415085 51.366222 42.381012
92.35291 91.08834 84.589966
57.638496 55.482407 49.78216
46.936447 46.31802 43.83909
88.51467 86.236435 79.37862
99.65011 98.73179 91.047386
74.93101 74.3396 69.67578
101.19613 94.120415 82.55779
79.94933 69.55806 59.815937
82.928314 74.14455 62.72179
51.640465 46.188816 36.716183
75.248764 66.58446 54.220364
86.068474 75.4767 63.146843
85.46093 71.91634 58.47939
85.040855 85.368385 64.67782
53.139694 56.316544 46.44804
69.772484 67.4426 54.4082
48.298935 50.708477 40.372128
76.23791 78.44234 62.06962
92.42873 88.27555 73.58787
80.41741 69.89408 54.021217
60.252697 60.699196 51.048565
75.08195 67.52284 58.398754
78.36613 69.42817 52.82686
90.45365 73.87332 52.43512
75.19062 58.910805 43.00292
44.619053 38.806526 33.587177
51.80728 44.83466 35.892475
86.20351 71.52048 55.90451
29.760256 37.34317 42.41764
21.453976 25.628628 31.348713
50.320282 70.345764 73.90323
34.001442 60.577145 72.98744
2.8290212 21.743465 35.987835
28.688868 25.31766 18.765207
35.95773 32.516346 22.91989
29.853354 28.5454 23.101492
65.02961 59.858467 52.13445
68.27926 57.368027 46.729595
49.131924 43.807804 34.00728
82.36068 78.808495 64.57691
58.26024 64.23004 49.517757
64.80266 70.754715 54.618626
95.013016 84.066765 66.44535
78.40557 72.7331 55.210953
89.84742 82.34035 63.16911
74.53386 67.13874 53.775734
92.7794 75.0526 60.019806
75.902145 61.7414 43.820923
82.106476 74.09644 58.455025
76.90431 61.196327 33.785015
56.75324 42.04499 14.631678
77.21121 53.483818 29.457386
61.45775 45.825054 18.843548
44.170784 32.06365 6.862076
48.540646 35.075584 8.221216
27.617872 48.33386 59.808823
25.151697 43.282112 54.82863
60.774487 60.85014 58.018658
105.13363 104.78131 103.50294
157.06784 159.74176 156.41971
133.8425 135.70229 132.94672
130.38678 127.110146 123.26627
86.92156 101.08851 100.04876
66.58537 74.08444 74.52969
80.27434 95.23725 96.04522
69.55081 75.48759 75.31162
69.81499 75.6446 75.524315
70.08657 76.12314 76.01364
69.79016 75.94514 75.75747
69.843285 75.49503 75.512474
69.945465 75.730316 75.66096
69.98321 75.25332 75.168976
69.55586 74.83427 74.67782
70.841644 80.921394 81.54639
55.433285 70.5978 69.25214
30.855387 32.356552 28.655518
29.865059 31.757633 28.974487
48.48867 48.3273 44.886112
45.339005 42.26824 37.32992
47.03607 44.182358 38.43276
46.46342 47.334843 42.985374
39.65014 41.23745 37.86814
29.194983 33.83181 31.88444
40.67844 39.74422 34.905655
47.456173 64.08444 61.935627
28.831087 47.117756 56.947075
19.064667 33.612495 42.52861
8.131858 11.900049 17.956846
13.311854 13.207477 13.410002
11.503198 37.361633 46.33881
31.510674 25.981012 22.40351
5.683948 12.383899 12.160059
11.482768 31.477062 34.918053
11.899655 33.17508 36.93215
8.528152 30.456436 35.723595
53.584194 54.967995 47.489784
91.84975 86.4646 74.84712
92.34166 86.92097 75.26562
53.40187 48.086113 42.595703
83.27782 86.71599 83.172714
64.54871 65.707886 56.369865
76.06522 79.7435 66.86001
73.128746 70.39826 59.393604
90.63676 89.40151 87.01679
34.77649 32.188328 31.368586
7.9917035 17.11651 26.164879
26.370783 42.061123 52.127728
66.52494 72.87392 66.77652
37.0586 33.729103 30.56419
70.03587 68.04004 63.02492
37.50533 41.21525 36.6505
40.230595 43.567013 39.299656
29.939793 31.33048 26.997082
36.4021 36.69644 32.21325
75.95448 69.69871 65.94481
85.394196 76.836205 62.723824
44.499393 39.282867 29.50218
30.783014 25.415445 20.122349
23.756157 19.114183 15.021446
37.2504 28.279587 18.36065
47.917755 33.69513 21.377308
50.438694 38.563076 19.570028
74.06194 54.252335 33.50533
86.6583 62.501526 39.23768
74.448235 50.906803 25.482275
82.106445 57.228134 32.604427
57.315887 45.48775 32.367176
65.02918 45.99836 24.99964
66.856995 55.46247 43.752583
60.289097 44.765896 28.551926
76.988556 53.315723 28.929857
85.79954 58.654926 37.95373
82.72628 56.080406 32.851616
62.145466 45.317955 30.758814
56.369537 37.72966 17.161732
16.406723 29.710215 35.59449
76.31379 85.86378 84.09136
85.14182 82.59226 73.1878
81.08366 65.34002 59.934612
21.18472 19.141203 18.628988
41.13963 36.461487 32.767567
18.562748 29.651386 39.016693
17.804 28.942581 38.39167
102.5236 98.98767 84.4018
89.86644 73.54619 58.9939
79.35835 66.718575 55.366028
32.43158 32.569504 27.632563
43.04791 42.448467 37.00541
87.61849 77.44745 66.45306
61.14104 58.516083 52.796654
89.70821 78.70002 64.828926
100.399605 83.98666 70.30638
107.75898 99.08785 82.718185
88.93543 82.36868 68.85165
42.211803 40.246925 33.748745
51.0768 36.2626 28.207346
54.20636 50.586784 41.868206
70.30326 64.20616 49.813904
81.99403 79.03322 64.98344
87.90628 83.35734 66.99288
37.737793 32.378292 30.088343
71.97951 55.642467 46.41154
34.589867 23.901066 24.979603
102.08539 94.82836 79.515594
106.80551 95.0709 79.224434
76.83893 58.931793 46.85178
61.254368 42.22843 36.507263
46.413445 33.39974 31.357239
61.889328 53.655876 50.661255
51.548813 46.55022 44.125694
67.93242 52.620068 43.63151
80.11304 63.37544 53.991703
70.12087 52.024628 42.78226
70.484535 57.20954 49.868275
76.53724 57.795147 47.768585
61.042137 41.140484 36.072994
74.71648 57.575405 44.537563
41.56304 37.12825 35.905952
41.511528 44.060143 41.83184
79.92405 62.78698 52.17088
55.36442 36.761665 32.142746
56.12671 44.124413 38.18954
54.91136 46.716183 40.608295
57.58695 48.8423 42.048138
64.20249 47.85919 39.114086
60.153305 54.74363 44.665813
65.45781 62.30169 52.24063
67.19951 64.50792 58.383408
21.422003 28.264011 23.053352
29.405836 35.7618 28.81351
24.082964 18.13481 12.306903
60.28139 53.130875 47.87142
58.760452 52.38813 48.538055
24.665157 33.69326 34.93766
29.92343 34.323364 31.683456
9.220987 16.861813 16.719364
4.7404494 12.010264 11.455124
5.507559 12.996229 12.88385
7.0793242 13.160879 12.992064
8.041023 15.04745 20.374586
4.2303987 6.630038 9.156222
4.709428 16.034988 20.106903
34.573536 41.52861 45.3477
1.6563044 4.699754 11.293852
10.4023285 12.233546 13.363699
8.018266 30.462044 33.912773
15.262273 28.852829 34.925594
12.831382 23.228792 32.677456
31.597115 40.71412 36.58144
38.7819 39.14786 36.54622
75.60223 74.735825 58.52612
91.739174 79.73324 64.88592
94.62194 87.50641 75.633484
90.30647 75.10979 61.410725
104.584915 102.425186 86.03516
142.02742 129.29448 116.18902
80.26486 70.25063 60.313168
97.19751 83.05296 67.76796
88.99488 85.510475 76.43375
72.073555 60.92225 54.593147
77.80256 65.84106 56.95934
106.8038 98.723595 89.55442
50.695522 44.08995 42.340088
39.335365 34.776062 34.431118
82.863846 77.70149 68.94989
80.17892 75.124214 66.85899
81.50916 76.44912 68.20616
83.70927 72.092636 64.614365
83.96019 63.127987 55.89533
75.98846 55.73143 49.94186
77.1696 56.78649 50.46434
79.13494 58.778553 52.013348
74.01053 53.389736 48.29231
79.48985 58.081818 52.370716
68.02056 49.880867 43.11874
86.725494 70.31222 63.18118
76.96403 64.53563 56.451614
86.05391 90.45578 79.59049
109.746124 112.527466 100.67939
115.5719 104.778946 92.99554
118.19551 110.50159 100.86607
116.49421 106.80206 91.88218
112.529366 102.78059 88.368256
123.27152 116.765434 105.04604
86.00872 84.11205 75.565926
110.940285 100.194885 88.18708
103.049515 80.608 72.57183
93.79531 90.212265 77.11973
67.90874 61.960354 51.14842
77.313065 65.539665 53.07683
117.71064 97.8646 76.9882
67.04916 54.048534 40.22476
53.24427 48.97393 50.01787
67.99174 65.7938 58.515297
66.18544 59.275227 55.922478
69.10913 60.516575 56.31553
74.33504 74.9434 64.38311
51.05122 43.670174 32.93868
76.38137 67.92868 54.63712
65.20833 57.956944 52.326088
37.217247 38.898148 39.623577
80.24725 73.65437 61.900738
71.338646 61.993214 47.700638
81.13107 77.94091 61.750977
90.38268 100.137955 73.44037
25.554157 46.43322 44.641777
36.692017 58.62807 58.296146
14.365372 21.298672 24.059519
24.428005 24.492474 26.395115
55.113396 43.901196 32.66273
39.903297 48.34491 41.84601
45.02407 35.32415 26.06634
79.13874 62.184883 31.807083
21.140581 24.294836 24.848566
12.878537 21.837973 26.146614
14.191802 20.9798 27.362814
14.001639 20.811543 21.501198
26.052599 37.507626 41.676437
30.995409 42.187508 43.585243
33.28703 50.011314 49.424694
16.45355 26.73153 28.577766
14.642859 18.883095 21.97875
115.316284 108.72422 87.363106
38.04178 39.94458 40.861355
90.71021 93.52654 74.38324
84.702965 79.74366 53.288048
87.13333 81.221214 57.97521
70.25758 73.43958 56.854042
97.118904 91.974884 76.56898
77.151596 82.05775 69.46654
61.54609 62.813774 48.541172
80.877884 71.489555 48.800034
95.68661 85.55442 62.29231
84.35731 72.82509 59.64194
104.98816 98.46627 69.54452
75.40708 70.929756 54.539497
77.29533 72.489815 55.572258
78.297195 71.005936 48.705166
96.61318 88.78754 61.58259
108.472015 105.66044 76.79701
104.91386 92.515625 63.45509
83.01895 81.80466 66.16167
63.846664 58.423412 48.38885
78.71081 73.4002 61.414165
127.24089 128.7636 115.948586
106.245384 105.46664 86.82164
88.54314 80.24247 58.38921
51.35363 42.40748 31.907951
32.629185 29.113396 22.58134
51.96206 43.594917 31.078833
79.288445 65.106804 44.604492
54.32861 43.13763 30.5636
75.780556 75.04791 55.123856
45.393345 39.31428 26.07293
53.102474 40.58236 26.368618
54.278603 44.98934 25.770126
77.09192 65.33291 44.80187
115.28909 90.91966 60.346615
37.95852 36.56832 28.907166
47.888866 38.023415 29.369175
45.54891 36.185112 26.994293
25.44673 23.9616 19.119036
56.905033 46.21092 37.16488
48.331627 46.9394 46.838104
18.074898 33.606724 39.15658
32.66306 23.057714 16.705984
13.357141 23.556124 24.984621
42.686012 70.122246 72.98826
47.17406 78.827576 83.88775
0.0216101 0.04262994 0.04348254
2.7901952 2.811379 2.8792589
4.458403 4.56019 4.7060175
3.734481 3.826365 3.9317265
0.91106737 0.9331038 0.9333989
0.86807674 0.8901131 0.8902771
0.032825053 0.053779308 0.053976063
1.9249386 1.9446795 1.9667815
0.049090013 0.1394327 0.15258239
7.1965895 7.2195444 7.3751435
12.165535 12.2383995 12.582293
12.85109 12.915494 13.351402
15.1801605 15.252271 15.687982
12.062141 12.187047 12.564486
13.136023 13.199115 13.618035
13.257256 13.309919 13.728808
12.110542 12.174028 12.535892
11.974685 12.042072 12.409608
11.60705 11.722512 12.125037
10.714183 10.83863 11.148516
10.6255455 10.68831 10.965732
12.872602 12.912609 13.297983
10.362978 10.371044 10.601049
10.833219 10.937728 11.192261
11.089916 11.185932 11.471061
12.440957 12.506542 12.877554
13.624594 13.672897 14.100509
8.8930645 8.906936 9.125562
10.255452 10.370192 10.670569
8.856238 8.9513035 9.215838
0.004811428 0.00546889 0.0051700436
0.012043512 0.01428486 0.013209013
93.03416 98.12384 85.138725
30.776522 43.402218 55.58562
123.54683 133.9686 102.12306
118.56443 125.93769 110.04683
105.36182 118.38324 112.24258
90.66789 98.54321 76.61607
95.17276 99.500984 68.125244
88.00159 93.52711 67.85075
69.38994 77.69159 52.03828
66.73946 71.3391 51.275925
96.8917 95.20979 82.35602
103.37837 104.413 90.080536
86.7649 92.55062 81.66586
76.596436 87.77494 72.97947
96.38994 100.70444 75.2187
95.02803 100.52507 81.94534
93.775894 98.91507 76.04734
135.417 138.92729 124.09548
72.78152 85.10845 69.487686
91.55971 106.135315 88.94104
112.628716 120.02424 109.68648
138.00786 138.52158 133.58826
105.81645 102.20435 96.74855
109.174675 107.08272 100.41289
116.47573 119.918205 118.90494
142.49779 147.26442 147.822
85.96115 85.84107 78.52956
104.69622 110.47185 107.45822
128.93979 130.45332 127.05738
101.97158 108.333664 107.067566
100.882286 106.564255 105.178085
112.7548 114.011055 105.2536
160.66153 161.23152 158.03258
119.74476 125.535446 126.665146
114.86773 128.41925 136.59628
111.98037 119.86366 113.35996
82.95024 91.01351 87.6528
80.79948 71.32051 62.126503
91.10959 84.32123 74.556366
84.482185 67.97331 57.227215
93.27189 74.09148 62.49462
102.01832 81.88366 70.179726
84.97074 77.6355 65.58153
79.7888 69.66021 59.467934
109.33674 110.179214 89.77213
137.52878 149.18613 141.84206
107.09673 109.41758 93.206505
125.934586 123.14942 105.599396
141.48378 150.0999 139.40176
126.08774 125.39702 108.900665
56.607586 53.535892 44.610394
74.85638 71.12142 62.179337
107.03529 109.48285 96.78818
104.21377 104.42101 89.8189
116.00756 118.96519 109.6355
105.17447 109.49136 101.96776
106.40628 109.94824 98.66084
94.60412 91.24401 77.69569
77.03969 98.76478 82.76224
91.31089 97.96273 55.019485
40.526237 44.37308 40.09076
47.74395 57.315044 45.80019
109.16517 120.03861 109.64566
58.291912 64.615746 52.125694
69.45526 72.922745 57.08245
109.05191 112.8911 101.33381
82.894714 87.52011 80.03757
117.863815 120.67491 98.97857
119.8443 123.32978 101.57513
121.20277 123.85359 98.525314
83.869705 88.88235 80.93133
83.22022 88.27028 80.37741
109.64091 116.87167 91.13747
109.58084 117.17148 112.852936
159.78316 162.12103 156.26125
129.9338 134.08652 121.94029
129.63322 135.03745 124.23848
87.2273 82.33408 65.51916
99.30297 93.467964 75.17996
107.34759 105.161316 94.33381
100.02301 100.93964 89.664185
103.62644 107.240395 93.89242
142.71744 139.989 128.49034
130.38564 123.06019 112.62226
156.76585 157.00389 149.2686
153.27551 154.44154 146.16132
159.674 149.2354 145.06523
158.40556 155.12926 146.08308
155.91136 153.67772 144.54652
93.87003 88.424 77.078354
141.96501 137.29451 131.53168
131.77577 125.8082 116.262566
156.03813 159.26839 155.73979
152.06662 150.28638 140.25049
114.46698 108.13849 98.707756
121.34024 117.18711 106.82604
132.84406 119.05054 105.13645
120.839966 116.03338 104.7811
114.67497 106.36283 94.58881
129.01575 124.495964 114.217384
120.27225 114.34026 104.34457
142.75264 134.87569 126.52265
139.63574 130.5044 114.952576
155.69711 150.6811 144.31169
128.81155 127.030304 121.34738
141.10893 140.0198 133.79965
105.44836 104.66329 101.00421
120.174644 119.50092 106.938614
45.80841 40.314056 33.636604
58.060875 44.57178 31.500837
87.437035 70.20576 49.65238
52.684658 39.29003 29.040464
51.570797 37.884228 27.817823
61.96593 44.442265 29.963661
59.36842 45.21795 34.06019
65.53018 46.791553 31.807274
60.27799 47.334023 35.748253
66.02002 53.06004 39.15283
68.13457 51.195892 38.830883
71.70217 52.982487 34.69978
42.47735 38.67844 32.02803
54.288147 52.009235 43.755096
66.47152 61.647152 49.669537
62.83426 62.97989 52.68875
75.74236 71.433624 56.85192
83.09238 76.944084 60.98742
80.35407 77.775505 64.68699
103.00006 94.1586 80.41453
76.833305 75.41298 63.114845
75.02875 73.60457 61.74876
100.95311 93.50622 80.41836
61.008846 59.49232 47.294903
108.00807 98.36247 84.9778
78.232864 72.89893 56.60585
84.750496 79.58108 64.83348
84.51246 78.976364 64.40153
88.05364 82.24529 64.84902
71.71457 64.80966 50.82344
73.55926 68.272606 53.558037
113.66747 119.930664 96.148315
100.24771 106.92098 81.87813
124.319046 128.24365 88.16305
116.561295 125.713165 92.471725
125.97364 130.5878 98.92502
112.13544 113.31226 104.91892
117.82001 115.13146 103.5162
134.35565 134.14516 104.51351
144.27046 131.82356 113.03796
108.82595 97.983055 85.69243
114.47382 108.27533 93.46276
116.95909 117.1147 107.64067
118.8561 114.362114 97.790924
119.61813 116.85811 106.858376
120.87356 121.25632 76.63896
87.914825 83.26457 71.35479
106.83169 101.98216 87.94884
84.06912 79.40135 67.828316
102.90993 103.200584 94.905266
114.42006 122.43133 103.34263
133.8819 125.14049 114.856705
148.8106 145.81122 134.72127
156.3649 148.78818 138.06924
151.91046 145.25447 135.1932
152.9686 146.11897 135.5832
128.31589 110.43189 95.519875
134.19128 128.48676 117.61963
156.96866 153.33922 142.8988
55.299953 58.799385 55.014763
57.44567 58.519066 54.394806
49.05923 50.21481 46.434284
89.013626 92.159256 81.11583
88.962105 94.207756 83.696465
94.616165 95.67378 85.75859
91.93739 92.52253 81.398575
98.92648 97.637794 86.66281
109.83303 113.53431 103.30473
85.19252 74.777 60.081078
90.594315 79.25764 60.64186
69.971725 64.62755 47.457592
86.63815 69.37502 50.11129
106.067924 87.92759 64.58287
86.41674 71.75617 51.942173
91.12444 77.011086 57.037895
113.67979 99.192245 80.861336
102.72428 91.32667 76.351295
125.2643 113.26182 96.86648
122.69488 117.36414 98.40168
116.72016 104.37535 85.931114
116.60245 104.56864 87.81101
131.73698 127.95048 124.42902
113.6866 115.21625 109.68397
126.37535 124.932045 120.75847
69.428604 68.09751 62.278973
117.19652 116.88419 111.21051
55.53625 55.94576 48.622227
50.987778 50.24117 43.47989
53.56255 54.20232 47.70154
51.654984 52.368538 46.67862
65.459114 61.180355 52.687466
108.90428 105.27583 92.38348
116.795975 109.28791 96.262
110.32009 101.19882 88.09835
115.88712 107.97902 95.49038
123.05415 116.21577 102.94899
113.53054 106.33169 93.63302
125.85094 121.17533 107.32168
114.903984 110.17324 96.775566
113.37948 124.97914 119.854195
113.56195 126.21887 118.73645
111.63472 107.2351 77.71633
64.27458 55.27117 48.265884
96.18941 103.87873 95.43883
103.52355 109.69171 101.92595
117.62808 116.503494 104.84313
116.97325 119.5658 111.83839
103.975975 108.8305 99.970894
107.246994 113.31842 104.04599
95.573456 76.85972 66.941154
68.01557 54.85742 43.487568
59.107944 48.856316 41.059708
69.47819 58.189857 51.167595
98.93524 93.13696 87.55726
69.609436 58.216934 50.76941
70.96142 57.143776 45.66825
72.77524 59.91447 49.69392
81.22638 69.337395 60.506393
71.86916 58.43724 51.67928
72.270935 60.052536 51.184807
55.4662 47.70456 43.912888
67.93548 54.8839 47.209133
61.512493 52.633434 46.265255
60.4558 51.402515 46.293648
25.711136 30.224852 29.489122
37.074352 33.205784 35.200943
52.92197 45.44552 45.45296
78.062515 77.144585 72.436195
73.45012 72.94842 67.78758
59.8264 59.074383 50.7406
39.461956 45.643776 39.812412
27.79275 35.373318 32.807453
72.08314 60.63744 46.68947
74.301384 65.88414 55.30028
96.264 76.4913 56.783726
71.78866 59.026897 46.983982
78.481384 63.926544 48.35491
89.205635 72.747955 56.13448
82.0283 64.52794 47.42681
44.364265 35.977615 24.866087
117.78576 110.61491 96.51643
120.254196 110.7848 92.203575
151.19786 138.48778 121.06485
130.11311 123.412766 109.326164
105.2331 93.812386 67.760864
87.43925 79.81627 66.570496
95.447105 86.22375 74.5456
102.2322 95.75949 83.121574
126.58 125.94146 111.48282
110.85844 113.891754 78.8452
103.38483 110.146286 82.37057
116.14043 119.77563 95.187584
108.76747 115.7562 84.38094
91.06067 89.3047 82.9815
89.10173 86.3267 78.03428
92.261345 87.99797 79.02176
106.76122 97.11972 90.87867
124.08457 116.92684 100.93679
113.615234 107.36011 94.265015
94.92194 94.117744 65.3183
123.14936 113.245476 98.19542
98.02251 91.236534 70.99844
106.27028 107.76173 84.88734
101.63589 94.78238 76.50589
115.403175 114.04172 91.040436
107.84911 98.31887 88.27577
92.04474 80.55071 69.88665
99.794365 84.04028 69.28767
103.319016 95.07513 84.260956
84.38754 77.41005 68.96315
75.569695 61.47657 49.07008
83.63137 72.84843 59.770756
90.29592 82.5921 74.32302
90.69201 84.008514 76.047874
93.61374 94.55732 82.200676
93.88862 91.41662 72.679756
90.253426 88.03484 71.47881
123.8339 121.19386 84.498985
115.25262 126.10471 114.22796
113.51249 107.96653 93.57737
110.36576 97.07513 80.05454
119.52633 106.74992 90.49585
124.806915 118.71036 105.794815
126.28244 110.48676 94.62719
83.15761 74.970024 65.37463
99.752556 91.30674 78.82246
86.09425 81.159676 72.29063
111.165504 92.34684 74.34176
120.68911 108.18247 89.83557
118.59261 105.75823 86.784325
120.193565 106.03422 86.889305
99.265465 85.36319 58.737106
98.24194 84.79215 55.571274
103.00162 81.68917 64.9509
107.464165 87.013985 69.08365
98.53126 88.57815 71.0208
108.80422 96.19374 78.9688
90.80572 86.65101 70.39343
120.67088 110.3062 92.53517
125.40198 114.6075 97.434616
126.13436 118.721596 105.72936
125.61371 112.94352 96.5751
116.7707 106.9443 91.955444
122.899345 111.36525 92.81627
129.35234 115.51052 97.180954
119.62608 108.99785 91.87437
118.16559 105.40589 87.37568
120.81212 109.442085 91.99283
119.95314 108.645744 89.3821
124.85984 114.175606 99.65525
121.2328 110.97266 92.31113
122.75952 111.04925 92.86113
68.67309 79.41166 60.364174
139.0194 139.15 120.83898
122.50499 120.40625 102.35198
27.029854 18.933685 13.467396
51.90165 42.019245 32.96626
54.929203 46.1349 37.507202
59.137978 50.120285 40.71744
65.821915 59.04121 46.14518
82.048 73.114845 60.807213
45.607494 44.244694 35.74371
61.529915 60.591568 51.939213
66.457985 63.235012 49.76971
65.36752 60.982666 49.042946
67.486404 64.703514 52.597664
78.043274 67.93339 53.071423
78.13684 66.42191 51.545425
82.198105 79.628746 66.73756
86.76361 79.6259 60.30563
87.032394 81.60872 63.2611
84.45903 79.955505 62.698166
72.808975 67.282974 47.594166
82.26612 76.503555 57.27927
79.61045 74.380165 55.85497
87.85557 78.4691 56.833782
82.21595 79.28815 62.68911
85.61084 82.93013 67.8547
83.320335 79.348694 59.88381
79.1124 75.788536 57.12925
83.19912 76.021126 57.597095
86.32111 81.869286 62.47433
75.81702 71.65845 54.440857
62.950005 57.15047 43.837307
73.16502 69.5344 52.93742
63.585857 62.864323 53.57519
54.935986 52.768482 38.21992
52.00544 52.37586 39.08529
104.682236 87.80213 67.41752
92.11631 81.2816 61.43007
92.178085 81.365074 61.652443
104.3787 87.183044 67.094315
93.08197 85.67489 67.31764
101.70142 85.98521 66.79078
107.71992 97.17901 76.473885
123.82099 121.76454 101.09091
96.77625 102.08496 74.80617
105.1317 106.10421 82.04193
112.886345 111.78785 95.21427
106.356674 110.242035 96.980156
110.88913 111.8247 95.983086
110.07812 109.58942 96.001495
102.6551 103.33438 89.5829
104.87819 104.45562 89.8409
107.39908 109.332855 98.20949
112.66822 109.89941 94.35485
53.44367 71.796455 61.345016
57.94911 75.46898 64.934105
57.844658 57.17097 52.846092
61.752407 58.678947 54.074802
142.1493 147.5679 137.11134
140.29326 147.7792 137.7126
159.44495 167.4813 155.25323
144.91835 145.54805 131.62283
134.85976 136.07417 126.514824
129.59824 131.8057 120.96832
129.87476 132.15 121.25133
135.01135 137.50667 127.134544
154.84975 150.59631 139.63138
136.90105 134.64766 121.438255
153.92761 159.33104 137.14888
105.07124 93.7698 80.01536
102.334496 88.81122 73.97065
113.753365 111.07358 93.76621
107.136154 95.55723 73.87535
85.89125 79.49632 65.488884
84.87601 80.04008 65.97337
111.20635 103.51545 85.146194
83.30417 77.593864 63.322067
127.212715 119.205605 109.22964
107.50574 96.819046 77.545364
96.723625 79.87434 62.12662
85.32999 70.64903 55.664932
90.48625 75.86388 59.68397
100.202675 83.61915 65.98622
92.54118 73.4382 56.04671
99.41585 79.729034 61.185673
96.02376 76.47311 57.923794
85.10896 69.49495 54.65501
80.44684 75.60071 61.025642
82.806946 77.131256 61.91707
93.23609 88.97101 73.317795
70.81418 62.24105 48.270634
84.93102 75.40401 60.797173
92.275536 82.71341 68.5202
105.200676 93.7201 78.32503
105.8795 93.47684 79.07286
107.60953 95.28755 79.44346
102.93751 87.502335 71.111115
105.93446 87.26445 66.99468
103.532906 86.03873 68.17536
105.58968 87.77034 69.630325
114.732506 118.15737 99.08057
114.411545 108.563354 95.61664
109.83767 103.50496 89.955414
107.84421 99.32963 83.86913
119.60041 113.9662 97.39214
101.47454 92.92101 81.797325
70.60555 59.346035 50.79505
126.33901 104.95362 107.34442
111.6187 97.44645 91.70731
103.18732 86.58153 75.73265
126.60998 110.67623 96.87281
146.89818 130.78325 119.272964
138.09007 129.5646 123.02522
139.31053 123.07262 111.6849
140.07106 131.36597 124.13553
104.09216 106.07645 86.97935
135.36588 138.24583 78.50415
118.93587 120.57648 107.18786
100.003075 103.36519 86.00926
113.29948 108.592674 100.56434
115.50131 118.122375 100.03007
68.34902 51.798367 46.227154
98.1352 86.20423 72.602325
54.582005 44.81555 38.633015
62.65803 43.12994 35.8368
82.30019 67.05872 53.22724
82.56515 74.72518 65.60923
77.41931 65.128685 57.99399
72.44427 54.053493 50.964767
84.364624 68.8223 61.570797
52.850636 36.353477 30.754408
83.6277 65.58855 51.492947
46.048832 30.397047 26.315462
64.99253 56.13708 46.56679
74.64542 62.172256 51.939213
74.19231 60.45374 47.557796
51.81633 34.46964 29.788177
78.74033 72.38276 64.02277
108.7669 102.34564 92.5393
80.07014 66.615746 57.19996
74.52764 61.736416 50.4041
70.75115 59.644104 50.568764
132.73666 130.71902 117.877266
76.50221 56.51512 43.75707
38.67423 38.36779 30.40177
51.43742 41.208298 36.322605
66.8813 61.577312 51.771145
42.691174 40.40422 31.27748
44.14787 42.431625 33.030514
59.49166 54.09578 44.84666
62.687077 49.77025 40.973404
38.65779 29.196192 26.591835
54.73564 43.641117 37.36522
30.289732 24.31107 21.25922
28.058065 32.877293 27.144583
49.491604 49.80007 43.346092
43.70483 46.612247 38.830643
59.203754 62.912437 51.586544
48.35715 48.40903 41.97905
80.74595 74.311966 61.804825
60.62988 69.00451 59.28573
61.426395 69.56763 59.620766
60.344273 68.66517 58.895344
79.61368 78.06144 66.79275
66.615746 78.4743 61.143894
86.79069 90.87446 83.62396
104.35524 100.335335 92.76612
82.3966 87.52528 82.6271
103.504845 104.15349 98.74473
114.957596 113.95741 107.237015
89.24529 95.21851 89.808556
77.46874 66.070496 55.64503
72.39839 59.567657 49.265675
61.06461 53.666904 45.59874
140.37741 137.22223 130.20209
150.29272 144.2791 135.51999
122.78958 114.986465 107.55266
71.36743 60.091537 49.36492
80.585915 68.00469 56.164276
84.47063 72.122765 59.576294
89.800995 76.63484 63.1219
136.90166 144.82936 117.27792
102.61963 89.094345 67.44737
117.9137 125.50236 123.30291
124.89675 117.20477 110.23582
110.829 106.0142 101.22037
124.265015 132.24312 131.98204
137.3559 123.8925 97.48225
85.35387 90.68283 73.107346
89.880554 101.70157 93.1548
88.164154 95.99928 73.5566
85.70587 91.039 64.01497
132.28346 116.14933 86.201035
133.33897 116.24637 84.68573
132.73633 116.49698 85.70791
57.597183 48.633972 35.8937
29.056871 28.948061 26.106
84.94824 73.88333 55.99199
84.1589 73.23926 56.04904
85.6193 74.544525 56.498325
85.003136 73.977165 56.359753
70.11724 60.257904 43.307186
84.15863 73.23875 56.03039
82.03323 71.384705 54.713196
67.734566 57.00024 40.890083
62.397823 52.197865 39.920685
86.933235 73.944984 56.061024
67.92039 55.514107 40.435658
55.428783 45.638905 33.957684
123.558815 129.6534 84.782234
100.475586 83.55185 69.93671
103.08574 91.88202 76.80456
129.64052 125.149994 94.962494
134.94394 128.41606 115.980545
98.0089 97.61329 56.66344
84.89364 139.76047 163.76398
1.8209013 1.8495607 1.976421
5.454904 5.5749207 5.916801
9.366923 9.532425 10.146793
10.488106 10.659345 11.419372
10.5915365 10.795021 11.494053
8.28247 8.453738 8.983653
9.919043 10.084843 10.773684
10.175752 10.387006 11.066344
10.553404 10.7305 11.463959
10.15534 10.328313 11.089026
8.955801 9.11673 9.731457
9.50006 9.659644 10.303957
9.385423 9.545216 10.180742
8.994651 9.177874 9.701363
9.472924 9.643237 10.322874
9.631462 9.738659 10.469518
10.683252 10.829747 11.575608
9.213436 9.403144 10.036967
9.479888 9.615415 10.301835
8.183163 8.308051 8.918086
8.533411 8.731726 9.265704
7.14769 7.232024 7.6256647
