0.009600569 0.00598554 0.0043261824
0.023142112 0.012711864 0.0072893207
38.168068 0.9999111 3.2374957
3.5298982 5.0533366 13.0742855
25.92044 27.400438 35.80864
15.068123 13.060359 10.301885
24.701612 24.689966 24.68496
23.386719 23.379845 23.376408
12.8184185 12.81753 12.80467
81.56377 80.05532 77.05046
78.28745 76.34743 73.51499
49.099323 45.530193 40.71142
74.40473 71.41561 67.3196
61.03227 42.621014 20.289055
25.529366 18.69041 12.495022
35.984444 25.138023 16.236488
129.09402 113.93988 96.45621
76.93194 62.091946 49.238235
64.34307 46.22345 32.859104
132.54024 111.459465 93.1611
91.11891 74.52202 61.70105
67.26005 54.899906 43.860466
108.695564 91.72301 78.50735
79.755394 66.37187 56.520683
61.70976 52.511467 44.682114
78.8415 69.18339 63.70576
48.1158 41.901447 36.159683
63.844196 59.432945 55.40177
60.944706 56.606556 51.035408
50.91804 40.68099 35.38642
51.522877 55.10066 56.086464
47.63266 52.151596 52.111534
32.730858 37.399044 33.77228
33.289913 33.470844 29.527884
54.31741 57.9189 57.511703
27.690914 36.006935 34.310863
79.20324 85.80485 85.01526
74.78218 78.302124 82.099236
45.345028 41.43312 35.736668
56.47529 43.146675 29.417181
89.03843 61.326862 32.557426
45.928913 33.596718 22.27246
49.038433 37.300194 25.583086
40.5923 30.031855 19.733229
41.20333 30.78449 20.076687
38.490074 29.318655 23.354362
43.665462 32.396736 25.059885
47.506134 32.10309 22.879164
43.120243 33.16709 25.77326
50.432766 35.255157 25.689463
47.070343 32.030815 20.166025
46.12949 31.992592 20.563738
44.4453 31.846777 22.029394
42.000237 31.604836 24.158735
52.831753 35.5723 26.549543
50.22576 35.62857 24.514994
51.44287 36.10596 25.79178
56.892467 39.25391 27.547026
49.482162 34.39706 25.22816
47.22908 34.783512 21.391933
38.82485 28.337946 22.253881
62.992355 47.82461 33.1598
34.982517 26.855577 21.762712
45.275482 32.09944 22.471731
52.996887 39.903076 28.19844
41.013927 28.125488 19.320522
38.535023 27.705761 20.111383
49.99511 33.21062 20.381237
55.326923 41.586315 29.891134
29.651358 20.896261 13.923403
51.361946 34.987675 22.456205
50.625282 35.993423 24.6945
41.093784 27.346094 16.662203
42.44388 32.45253 23.776964
37.90924 27.82633 19.005007
41.3207 26.935997 16.545395
51.161076 36.93146 25.82953
40.563766 29.059322 20.529127
35.571766 23.30547 14.035025
42.5747 30.17044 19.889357
49.43179 35.080154 23.337797
35.691124 25.61497 16.025246
40.826035 30.696575 19.968086
35.410038 26.066107 16.151299
46.763306 36.65325 24.066492
59.464947 45.425953 31.380556
63.876762 47.898067 30.995644
44.329945 34.552742 24.457064
44.690678 34.595444 22.189137
62.44207 46.571884 30.82968
66.78941 50.825443 33.501747
72.89202 58.00228 39.68887
69.77844 54.779366 39.518993
29.267838 25.43579 14.485006
69.39235 52.39253 33.617252
46.723717 37.940765 25.63091
59.51588 50.117844 39.027588
48.357235 38.51944 28.58051
52.773586 42.03452 27.846125
72.0184 57.052387 40.544624
50.39961 40.302094 27.95819
50.77166 40.68585 27.904438
77.41783 60.591293 39.702324
25.437952 19.477747 11.08282
45.699745 37.17133 23.839754
33.30861 29.042759 19.307219
31.560596 25.973688 17.907372
33.13995 25.450634 17.071945
41.61796 32.15672 22.91087
35.18342 27.850302 21.360703
56.763393 44.979378 31.854866
62.076744 67.25157 69.516685
140.07666 139.15842 143.6305
81.962395 71.581665 60.569603
106.97315 93.308846 78.46903
136.00201 115.79771 103.54409
110.90699 114.54175 108.78034
62.16614 62.02969 65.74173
139.89392 142.7548 147.52243
122.73071 123.07992 130.25107
109.49144 103.28174 77.20155
98.01834 94.10451 78.16327
112.267334 107.82639 84.26772
114.46788 102.75829 91.80521
85.891075 83.970726 64.87415
81.85007 108.3986 118.0109
83.86109 85.03464 81.656395
58.724667 69.7463 68.42005
99.59029 96.706024 94.42441
72.11684 65.943436 64.84488
74.442665 71.8893 74.97822
84.25382 79.312996 74.52489
102.006165 93.854065 88.97591
162.5839 149.24097 136.89357
134.67595 126.85798 113.25255
114.06688 107.43484 98.75821
69.257645 61.197582 53.952087
112.866066 103.8549 95.54453
116.57224 110.9309 104.54969
130.47014 121.754684 109.44044
110.175385 96.03168 91.40595
81.61334 80.60907 76.58901
81.34746 80.13512 75.96035
40.76618 45.239777 45.602287
78.973595 72.46462 63.289173
77.28796 68.331726 63.13645
93.03446 85.16531 79.43123
101.20715 97.423134 92.19201
109.03446 102.13746 91.26425
97.83661 87.45366 77.50774
83.11986 74.65091 70.13014
70.83154 62.67468 54.063442
61.03544 56.323277 50.964207
82.82485 77.531525 64.14584
47.289913 48.0243 41.07094
52.813885 56.23335 52.8738
41.52317 34.25074 25.208338
31.990488 25.54744 16.044062
76.62549 71.96329 54.702026
61.498577 49.68404 37.650764
87.75981 81.13518 72.62665
107.19533 96.384796 87.49407
45.418186 48.952618 47.351517
94.20541 81.6006 73.97958
99.09888 89.39567 81.42628
105.3559 104.96539 99.73699
70.376434 66.64608 61.464264
102.02018 97.27027 94.219925
74.823784 71.852554 67.61583
93.22463 87.6577 81.09396
91.5115 91.68763 97.273346
98.46687 98.16063 101.3015
67.871574 67.54459 50.89306
70.37958 67.236786 50.77658
83.571236 84.57559 77.095535
73.91084 74.96821 59.809944
48.928764 49.81356 42.75504
76.78369 68.99206 61.45798
84.665695 78.02104 73.42521
85.70013 84.221436 87.01941
144.32805 145.19841 140.9149
121.34787 115.80541 110.40109
103.392494 100.83217 97.12472
59.17343 54.219154 45.391224
73.14098 65.69616 55.45019
70.904495 63.965034 53.366215
72.282005 65.06957 54.132896
70.20446 65.84251 50.32796
59.37632 61.15764 59.717228
88.841385 90.73421 90.27361
54.268253 44.841946 31.198412
31.451109 29.465183 23.556032
54.12875 46.18653 36.010105
52.350124 46.24194 37.513096
48.252014 42.345917 32.19859
53.18884 45.60122 31.69225
54.467644 40.412796 23.368645
54.79839 45.54978 32.890366
49.169727 36.261585 20.560745
51.872467 44.817944 33.54166
53.58205 44.272045 32.22748
58.189434 45.64158 32.198086
51.168545 40.107327 24.72182
52.43831 44.034847 32.781174
56.500298 44.932617 30.588984
21.87152 25.25234 13.272017
39.408882 28.432707 20.830301
45.663033 49.17198 44.812405
31.776342 25.534817 33.270565
62.209908 70.31389 67.90112
57.09485 54.452473 47.70241
67.18081 65.738174 45.632572
73.5688 72.44498 45.971523
73.38612 68.34897 47.729435
96.599 91.56836 54.561604
100.12244 95.07218 54.105133
82.14919 72.18202 60.567383
92.52691 86.122734 56.989037
93.88148 87.51082 59.17192
87.10353 75.45674 60.678944
99.13746 93.78662 59.982075
36.935314 35.38358 19.83362
32.547943 27.663298 12.530698
33.408764 28.501097 13.150231
31.634823 29.818596 13.401742
29.126734 27.077604 12.133875
74.942986 66.42915 54.80212
60.071915 55.95754 45.715717
86.28138 82.533806 71.80873
66.87288 60.21222 48.658203
63.557545 57.656544 46.43235
100.35531 96.82921 87.112335
52.614227 45.701584 33.010548
164.42177 152.71062 139.41754
69.91881 66.70698 53.936768
51.84737 46.311424 33.785202
82.31155 77.01236 68.22046
92.0056 89.33522 69.37961
106.74994 97.7271 82.18001
79.41437 86.727715 73.73512
97.5053 97.224815 73.98998
101.71483 89.55464 48.538197
83.05633 86.63052 65.957245
78.29326 77.275246 59.686855
98.70881 90.45135 83.68114
92.96909 89.87807 72.32737
104.83119 102.903404 96.78108
83.71035 83.55941 82.14641
64.902664 63.129993 61.5299
92.38145 95.115 97.19539
94.6222 100.06877 103.92151
73.40136 74.59393 69.67162
97.45286 97.31391 98.37152
112.835754 111.01908 110.548035
109.87377 112.371605 109.83125
116.51929 118.36506 119.662704
77.64605 80.59085 73.82085
99.369385 99.93771 91.91931
62.554817 66.19459 63.18422
77.89013 75.26313 73.09663
75.9685 73.982635 71.09568
90.38011 86.10377 85.92568
92.58489 90.84337 92.93958
58.97259 55.658497 51.893536
98.168304 89.98533 81.50981
88.363785 80.63719 77.61518
77.20244 70.312965 67.28443
76.03458 69.44352 66.57393
73.42459 66.04448 63.13429
104.16958 93.175 87.65103
69.26351 62.657314 61.258533
95.51153 95.56531 93.071884
101.000565 99.91214 96.366035
101.07485 110.26129 114.817825
118.5475 110.28396 98.18111
93.766975 88.39611 81.13568
116.235275 108.512474 95.06169
104.35246 99.09633 87.679535
108.75421 103.22727 91.923195
92.4389 88.46145 80.07177
128.74031 121.93487 107.68881
114.51914 120.012115 124.4237
67.76828 76.21539 76.75299
92.584625 83.96708 77.24706
96.95632 83.24603 72.283485
98.39845 86.44764 77.58368
134.30678 133.87949 120.271515
95.93712 95.89828 82.870865
111.6043 109.12131 97.19133
103.36008 98.77513 89.968025
70.181076 53.24677 36.093456
70.339485 53.252075 36.19453
115.438515 105.35812 91.422485
77.276405 74.5611 66.69583
104.73012 95.10359 80.73237
113.569275 102.59408 84.756516
104.79984 94.63728 77.49973
113.79643 103.84612 90.478455
79.16596 76.20597 66.68327
106.84897 96.944 82.448
79.32544 75.87813 65.98133
112.41288 103.43861 88.951645
69.60389 58.944202 46.86568
69.26268 58.721703 46.24357
94.33211 79.54145 65.850685
50.21921 44.601814 37.39724
87.500595 76.92897 63.127
93.65959 78.04833 62.013332
92.02643 77.19583 62.798744
61.74138 53.015972 42.335903
48.43754 49.861828 49.71542
48.86476 45.16816 41.14472
48.302654 44.282032 40.869858
81.20733 76.006966 70.526665
73.12736 66.10809 58.61959
74.6115 65.872345 57.13038
86.55743 80.59266 71.489006
76.83756 68.29101 59.844704
93.0072 81.44874 69.14395
94.200455 82.87285 70.12629
73.33436 66.39502 58.04335
69.76615 63.015022 56.205524
72.9061 65.66792 55.019707
44.158615 35.654736 28.371843
46.18706 38.904232 27.757318
39.8567 36.59959 30.48474
39.41816 35.871696 30.24908
41.74185 38.704308 33.183624
41.891815 34.315247 25.880081
145.53728 135.7349 122.19814
101.23326 91.62901 80.453865
101.7086 116.7265 132.21574
85.761375 78.18617 72.87321
96.25681 95.02827 79.25477
78.88666 81.17411 71.75752
108.07639 105.22081 92.878716
90.6054 89.26823 76.25198
110.78452 109.61722 96.61106
15.662587 21.254356 22.77821
33.115475 32.658882 28.89312
34.051647 33.419197 29.901564
69.8196 56.50412 45.718353
63.597073 51.511585 43.077427
67.31531 56.40447 47.18244
67.59002 53.17343 44.53064
54.74268 45.68484 37.88248
19.656128 22.001215 19.295513
19.840702 21.017008 13.981095
55.91167 48.307663 41.833946
26.890423 25.302567 17.589397
26.17121 23.725407 19.138823
33.45493 28.359102 23.642141
34.6342 27.846746 22.056625
36.535587 27.465124 21.095413
33.699863 26.859428 21.708456
40.4877 35.17302 27.705078
29.032476 27.969984 24.057247
24.026047 27.453598 16.735481
46.36891 44.58667 38.627266
50.407135 40.41484 24.272638
61.693672 49.490993 37.052654
55.047527 42.214382 27.117517
103.04753 93.233765 79.453835
107.75148 104.96415 77.82067
87.9488 90.57666 69.321976
98.95499 101.653786 69.21667
97.09129 99.34965 69.28888
79.616066 72.63503 64.949036
91.37291 82.72653 74.04258
52.6478 52.42939 50.680305
81.419815 74.93532 67.609665
86.4362 79.93582 73.74805
89.2964 81.0875 74.17565
105.347664 105.46966 99.34378
72.174675 70.4141 57.413475
85.24514 90.26642 79.58131
96.32212 102.84396 92.41398
98.800995 100.52062 89.813324
107.479225 108.055145 89.602585
65.65746 69.87747 61.47185
85.09518 83.18905 67.78203
75.32097 75.79184 64.52753
55.638615 59.261585 38.675804
76.80002 77.55932 74.25225
86.42699 85.336876 78.9229
72.08199 71.89831 68.725464
79.91596 82.13708 79.232994
97.60119 86.98382 76.544266
75.67236 71.93004 65.265884
71.873566 70.91229 64.131714
85.80719 82.36547 63.6158
109.407196 93.521454 82.43205
172.83066 165.69702 162.22736
133.65666 138.66827 140.45357
133.27898 138.80434 140.79694
167.52545 160.20955 155.46788
169.18954 162.42192 156.063
133.5584 143.20392 146.4035
142.47757 143.19278 144.52003
106.61959 114.11289 110.23554
107.406456 109.87374 103.84029
128.62114 126.671036 122.88456
26.055292 37.849236 34.833206
17.76114 22.759155 13.825234
26.293884 37.95096 34.46767
21.687803 28.384853 24.776371
42.041515 38.674824 31.37771
25.209406 26.933893 18.137163
25.723629 27.319633 18.182825
35.363194 31.90038 25.72268
37.00489 37.74683 30.877563
28.620749 29.752014 19.117191
24.7644 26.997807 17.619059
26.251719 24.055944 20.539913
79.29714 59.483227 45.881
85.10013 66.735275 51.79332
83.20517 59.77593 42.456707
76.5894 55.021896 39.41155
105.219215 97.33892 80.62445
76.91315 72.41777 63.790653
89.01843 79.8885 67.41893
77.48536 84.66549 80.05038
91.43096 95.48305 90.43768
117.014755 120.49173 111.72087
105.52092 109.91851 104.73907
101.97025 110.8098 107.324585
72.70653 69.56507 68.428085
82.82591 79.755424 78.37617
89.5862 84.96474 78.027435
81.685585 88.369446 93.72158
89.6726 90.34073 90.775986
82.67198 85.41217 84.27836
85.99689 80.442986 75.69607
93.5213 97.56735 99.643295
94.43597 100.00969 103.1745
71.74733 73.42361 73.03108
80.17829 77.58887 73.63112
87.52803 90.42749 90.492386
111.54231 112.66025 112.13299
89.94358 82.32278 76.82737
67.05191 65.17278 58.541306
75.87321 72.93979 65.237495
72.982574 70.57657 62.28366
79.700424 82.733345 88.56276
73.92628 75.53363 74.6264
78.55553 75.767334 73.0587
76.83 73.756546 69.77045
68.05351 67.1721 51.14253
83.2463 74.34974 70.74212
87.78058 77.884315 72.74396
87.219864 78.692986 71.4517
103.02892 91.45084 86.227394
90.89987 73.570076 65.576836
93.562164 80.890305 75.273796
57.00181 57.17619 58.058403
91.53929 96.51861 88.793205
48.249763 57.702618 61.02966
63.23231 71.20816 69.48009
82.605934 86.989685 82.73921
75.54575 77.96272 72.73634
76.53992 79.59171 77.34112
80.487854 82.287186 79.24473
75.43395 74.13304 72.30153
71.88307 70.33934 68.16588
81.77213 81.61494 76.11968
77.30502 76.19921 71.5752
52.419315 60.625072 60.77471
60.18653 64.04569 64.191124
80.57242 76.89265 75.99324
76.35081 78.28796 72.474724
97.69216 101.5774 97.30891
181.73604 130.49487 41.09263
37.84263 56.66013 61.20315
51.599 49.00166 44.59141
46.225407 35.65506 28.494608
58.83946 54.732784 49.38041
81.41081 97.24923 98.19865
76.40924 92.420235 93.671715
77.868286 76.830124 75.060776
78.11897 76.33738 74.435555
71.985306 70.61553 68.84859
72.82583 71.05016 69.013214
71.26005 69.772995 67.734505
61.5443 70.69429 70.2324
68.50829 66.51159 67.207924
68.81543 66.94216 67.68238
61.338837 70.719925 70.809944
51.779186 51.559975 52.883873
60.830715 70.55834 70.539764
83.23139 76.115944 73.943016
51.10602 50.79243 51.864468
62.765053 71.95766 71.66525
61.64967 70.87958 70.64905
77.26292 70.61314 68.521545
52.79975 52.55248 53.487675
59.884644 68.46083 68.1158
60.6609 68.892555 68.62599
62.566376 72.54812 72.286446
70.50593 71.66457 71.75966
105.64395 98.21471 94.286446
105.472176 97.98246 94.18807
72.703125 73.33101 71.093605
70.36124 71.03378 70.30499
71.77027 73.16926 72.27616
82.56507 76.42041 68.53748
89.21308 86.96397 77.88115
94.19583 89.631355 77.999855
50.04507 43.012444 43.49049
78.762146 74.53852 71.44912
28.31987 23.526669 19.138912
45.177402 43.396202 41.6913
46.52788 44.54735 40.57962
85.90906 82.83003 72.57997
123.93383 125.615685 123.6254
49.978725 50.09491 41.12036
67.92838 59.818153 48.859516
100.43582 93.638824 87.31587
147.43695 143.58018 135.61304
53.00394 38.78926 24.586967
136.72672 108.53105 77.94663
151.09406 119.02403 87.32221
113.81433 86.72093 57.85205
53.46696 57.50018 58.927788
77.66676 73.35226 64.60623
84.26603 81.5288 74.38761
107.76008 104.8759 75.41552
97.90764 96.64884 83.15909
120.08332 109.40835 88.286415
111.2468 105.63675 83.55829
97.73468 91.484886 76.729614
93.02913 91.402214 78.29519
81.77741 73.559265 69.24953
79.213524 72.30236 65.26375
107.02116 97.70434 80.480354
80.274 69.70096 69.5523
77.8415 64.164665 57.73527
87.36805 71.29797 62.299187
87.43691 72.84645 62.25557
119.04403 113.83605 111.404976
77.99218 72.36014 68.99816
107.394035 104.72831 96.43656
121.04658 116.772934 109.06232
139.82271 130.1135 120.6841
142.0857 136.01031 128.0155
98.88082 89.374214 76.022224
152.07698 145.42317 133.93481
141.52211 136.54605 129.42723
117.9133 112.82363 106.77095
120.168724 116.25445 106.43499
120.43007 114.59805 106.25101
101.970665 91.38076 80.27098
143.66043 119.134766 97.04697
144.24371 148.6448 149.99484
87.98023 93.419044 93.579414
163.78947 166.05263 166.89615
165.40005 167.51158 167.9407
134.6616 142.78947 142.95485
98.27468 118.80906 118.48296
158.48074 168.73447 167.82352
147.82635 153.38858 150.93765
123.419464 123.369 120.02092
150.06226 151.59976 148.30832
126.121574 123.752106 118.47105
142.20078 146.77705 148.86447
144.80577 153.37778 156.99411
140.15411 147.8417 151.26073
127.523674 138.29288 143.5723
129.49358 138.55547 144.43199
0.6364229 0.58536804 0.58142704
0.14842361 0.09550196 0.092064716
1.0689819 1.0160602 1.0184604
2.5110822 2.4597309 2.4551084
1.227569 1.1780846 1.1723361
4.930781 4.883756 4.8768816
2.686885 2.6404529 2.6356227
7.588568 7.5420766 7.5389357
8.786802 8.738177 8.736133
4.1543202 4.1049247 4.1039467
9.683537 9.635712 9.634438
9.501689 9.454279 9.453034
8.64309 8.59482 8.593665
7.265586 7.2174053 7.215509
7.0527735 7.0057483 7.0017185
8.485303 8.438989 8.435404
7.5541368 7.5080595 7.5071707
8.784491 8.738651 8.740607
8.15512 8.108421 8.111088
8.064448 8.017275 8.020031
10.13023 10.083176 10.083679
9.081161 9.034639 9.033839
7.339102 7.2918987 7.2909207
8.957924 8.909388 8.90832
9.560329 9.486547 9.4845915
3.7803721 3.73071 3.7298803
6.1601872 6.111918 6.1098437
5.566641 5.520683 5.5176897
