0.0 0.0 0.0
0.0 0.0 0.0
106.69761 71.498276 53.6066
83.890045 59.75005 52.16593
86.84507 63.60598 47.406506
49.842106 50.53177 57.263348
64.18263 58.888184 46.581818
72.16732 70.943924 45.568375
109.81216 111.49933 102.122154
85.456696 81.34751 66.559425
79.00445 76.72598 62.21641
56.838516 58.142582 45.35689
51.172585 41.792965 37.535023
81.53684 76.60962 61.15115
65.436745 62.952152 58.68665
91.22297 75.04005 65.43651
66.06703 52.588852 42.032295
105.33062 76.04809 63.4156
106.061104 70.12416 49.605263
104.63043 66.02435 43.36268
111.554596 66.28177 51.85732
102.0178 64.78684 44.977608
43.88292 44.134594 42.301865
59.93732 56.09751 56.506317
77.33622 52.363445 43.49445
61.748997 48.268566 45.41928
53.560333 43.454834 43.52684
48.959282 34.39555 27.652391
97.4611 73.441 59.46598
69.467606 52.071148 41.028946
59.490334 52.15646 50.09316
71.56852 73.06564 73.33546
71.59861 72.01297 71.78244
51.1311 50.945217 51.716125
69.76536 70.70603 70.28857
70.03943 71.226654 70.80053
65.20584 63.63981 66.06349
61.17407 64.96703 65.9688
61.683495 65.07579 65.6333
68.589714 61.43708 54.61474
58.02531 55.22756 57.90043
68.70799 62.81818 61.979378
78.562485 73.091774 67.94837
77.74899 72.63823 67.260956
81.379906 75.44344 66.29474
79.96143 73.303734 64.94866
80.78914 74.9632 72.969284
83.86967 79.03474 66.29521
46.657127 35.023495 25.321484
44.006794 33.02622 25.41622
44.1345 33.151627 26.76158
40.964737 32.428707 26.402727
67.406364 52.152775 39.99622
41.68134 33.697224 25.547274
58.395405 54.077225 56.146603
52.424736 47.82928 48.13507
53.958134 51.113686 52.06555
45.907417 42.11909 44.807224
26.48823 19.574116 16.757273
57.359715 42.09646 33.969666
52.86378 38.311195 30.324259
35.400047 37.263874 39.43756
46.320286 39.19665 37.990383
46.276745 37.037273 32.617943
46.92823 38.303253 34.102585
48.865887 39.791817 35.526985
47.694355 37.86349 32.553925
45.5878 37.41311 34.381485
39.80158 30.959187 26.208803
62.51483 52.868183 52.47244
84.3367 85.17134 88.42957
58.239902 61.471245 61.96818
61.945072 60.60263 56.869522
116.21249 111.70861 115.09115
112.58402 106.62 108.958855
64.99206 65.23531 66.26163
111.06206 105.88991 109.377945
96.71727 84.629524 77.7801
94.84 81.64249 76.87536
93.75445 86.352776 81.47775
78.2501 75.78828 75.94349
88.07426 79.65311 78.1333
88.90588 77.571915 71.537895
96.45804 91.026695 89.87818
92.48622 81.7421 75.83698
89.10857 79.43809 73.13172
67.037224 62.41239 61.008804
83.80627 79.07684 78.628944
71.70656 64.41273 62.20311
5.9580383 5.9580383 5.9580383
72.582535 54.296936 44.53024
80.44034 64.91637 56.714066
45.470047 33.82689 25.29488
64.49359 48.65292 41.366123
83.65694 66.66325 57.580193
53.17225 43.97402 38.284164
68.137276 55.343685 46.96158
69.445984 53.954212 45.579857
64.47809 69.30191 65.04569
72.43607 77.77737 74.90244
92.32737 86.384834 85.43053
87.94679 76.54459 79.49699
75.75167 64.07392 61.652966
88.88435 81.346695 78.57569
74.56526 74.05799 72.688324
61.57493 56.71909 58.37541
86.80502 65.449425 51.859093
93.92905 84.19407 88.6977
69.35493 67.73048 64.03134
66.181244 56.730526 58.341003
58.948326 51.37005 54.220142
48.76775 45.936413 41.798996
61.388996 47.832726 41.045597
75.16225 71.735596 62.913063
50.900238 35.616413 29.307224
5.747512 5.747512 5.747512
30.511484 22.406172 21.87933
57.510815 47.372917 48.39957
76.059044 63.72684 62.684498
77.89684 64.36009 61.318134
54.23775 48.73952 50.563446
70.571434 56.754402 57.264736
64.448135 53.8345 54.346745
81.1767 64.71655 61.01579
75.64148 58.53536 53.79646
81.49684 64.76258 60.283157
96.33163 93.58091 93.3999
83.44378 81.76904 85.00153
70.2912 65.68737 64.06541
94.8644 84.21971 85.01081
57.220142 59.57019 59.95397
47.08469 49.133827 52.84579
51.591053 51.724354 56.029522
50.17445 51.092056 53.45871
49.64617 49.412872 51.727657
48.42292 47.895504 49.958324
52.272633 52.20555 51.84665
55.05081 57.36 57.09775
50.772633 53.538467 58.00354
49.641006 50.801052 52.588566
49.920574 52.058327 53.77933
51.430527 54.581196 55.657127
55.360477 50.360622 49.55718
109.26435 98.28292 94.9578
75.955315 65.25067 58.357418
71.72316 60.864162 54.233063
72.882484 59.21737 51.25756
75.959045 60.03105 56.70536
71.652824 57.304066 54.349667
60.31306 45.219044 45.245167
66.47278 64.834114 67.36622
76.61177 64.18584 58.194065
56.814735 48.929855 46.938564
4.388995 4.388995 4.388995
51.407753 37.15225 29.003302
46.683826 34.147606 26.27335
46.282345 33.14268 24.853207
43.614117 33.385742 28.551722
56.286987 39.22909 27.288996
44.078518 33.799473 29.438564
50.57397 38.92483 32.279808
46.83842 35.478706 30.68799
50.674736 35.125072 24.395168
44.140812 33.85842 27.96292
47.069664 33.26306 23.988325
47.99129 33.47665 23.330288
50.969044 37.831482 30.652105
77.20239 62.786793 49.4478
34.41158 35.315502 38.516697
34.761436 35.904404 39.32799
64.63861 48.648853 40.525406
66.03785 49.935215 41.23402
63.05517 55.909378 60.924164
68.88995 61.482727 70.81574
64.584114 59.951244 70.481674
79.893684 72.27775 76.26704
62.933014 60.846508 51.482582
60.78268 56.35421 60.445023
55.03617 56.062202 67.52067
75.15679 78.66957 87.37287
57.01981 49.64067 49.142822
44.485405 40.04713 40.904404
47.62335 41.097416 43.93067
43.70129 40.37225 36.90464
47.15249 41.96244 37.94732
45.092392 43.79091 41.211437
46.35244 45.177322 45.975647
59.204113 57.02359 58.00416
66.71326 64.5178 65.86574
73.6678 55.03914 58.57617
64.001434 58.613205 60.198948
50.486126 42.82421 37.945934
69.06014 59.03225 56.085934
47.972824 37.66062 28.244259
25.085407 19.132345 18.175455
29.498995 29.779139 30.764019
29.287895 25.632298 22.475311
18.762009 13.377033 12.919618
40.737225 36.62311 37.806984
42.359188 37.020477 36.027466
33.232346 24.755167 22.666986
22.57909 17.273445 17.403923
22.848757 16.824402 15.910239
40.043972 33.953686 31.040049
12.025263 8.018564 5.7796173
39.551483 31.68866 29.659857
31.800144 24.60158 22.134832
48.655884 37.205887 34.25215
47.47129 35.493877 32.839188
33.552586 26.726746 24.695742
35.980095 27.987225 25.13024
35.42622 27.447464 24.250095
38.678757 29.417799 26.147224
32.894547 28.2689 28.568947
8.117464 10.23555 13.996508
57.27024 47.808804 40.0744
46.10268 36.976555 35.108803
88.60981 85.47828 100.57976
5.2343063 5.2343063 5.2343063
97.63354 88.350624 87.90875
80.23325 73.722916 71.52129
90.70349 84.08278 82.32177
65.87211 61.155693 60.714592
63.415405 58.072727 56.372967
73.32459 61.915455 58.989235
48.392776 41.721626 39.63349
85.59134 72.798706 69.587944
47.052776 40.483494 39.5689
64.791534 58.605694 56.451244
80.38052 68.35952 63.449665
65.37359 59.519714 57.160095
58.569954 53.90622 52.415215
48.267513 46.418037 46.76378
87.683685 57.9555 62.650623
65.36742 58.80756 60.282917
60.52493 44.51 31.338469
60.40129 45.27335 32.6378
81.9789 68.25 55.494926
92.38115 71.098274 56.664783
61.90608 46.346363 37.32335
48.88196 38.28043 39.752728
62.024353 45.066605 41.411102
96.47139 93.26177 94.21134
96.19704 91.589714 92.842964
94.0154 90.11402 91.21383
92.11708 87.56603 88.282394
93.6478 89.87134 90.669
39.22378 44.011005 47.67837
18.474258 15.605837 19.444832
59.216984 45.068516 40.223827
56.74488 45.242203 40.472824
53.45469 42.82024 39.85799
45.468758 35.58756 30.730621
83.51493 57.437847 47.202965
49.102966 38.391724 42.422535
52.33579 39.5777 50.245693
51.38828 36.660862 38.720192
62.523685 47.372967 44.209473
56.442917 42.779568 42.499664
54.659092 42.606556 43.65842
52.01263 41.709568 44.37029
39.94617 27.868229 26.305933
55.493156 41.836987 36.391052
56.06804 42.501675 42.34847
54.220764 40.63019 35.211723
31.564833 25.225454 23.237417
33.45043 27.803158 26.412344
36.934402 31.57359 30.856842
34.501198 29.23756 28.252153
65.98861 52.083874 47.78823
31.186268 24.8222 24.260574
34.44306 25.687607 23.823732
42.396362 28.22737 23.707655
43.159523 37.222775 34.404114
73.66694 66.20406 62.729473
48.08263 34.559425 26.238947
57.764496 42.309475 32.124832
49.862057 35.97292 27.013733
49.43651 35.202488 26.416746
69.48818 53.446125 43.318375
68.76239 52.938995 42.57737
37.955456 36.6389 39.91646
40.170383 36.963398 39.699665
58.469475 54.85957 55.38019
48.894978 46.983875 48.22756
32.15445 31.763636 28.133015
36.078373 30.5889 28.835789
47.98957 39.37981 36.909664
46.322918 37.26287 35.253494
47.048374 37.81335 35.851246
33.486393 28.61452 26.902308
44.52139 35.028564 31.280096
104.28674 104.41919 110.69689
79.717705 68.936844 71.10684
83.06622 79.4011 83.860954
153.06306 161.39249 172.93756
64.661865 64.251915 67.841
50.31598 42.24483 40.665024
42.722393 31.392822 21.787321
59.24938 40.190765 27.499283
44.17263 29.423685 23.630623
108.674164 90.65201 74.04105
69.199 56.02651 45.155933
92.444405 86.82483 84.19995
97.316696 84.797035 93.98976
87.315834 81.885506 79.703926
68.60024 62.48617 62.551483
63.470528 50.855885 46.760525
53.418324 41.82316 42.019905
45.13072 32.75622 28.542536
36.76842 35.914497 34.69617
47.616173 43.725025 43.85091
57.790096 35.634594 30.488613
48.74641 43.967655 40.26684
48.52292 43.894882 40.298996
48.479713 44.03804 40.083206
47.562008 29.93957 26.291676
64.58746 70.11632 81.49517
79.739136 75.25718 77.21813
45.299618 45.394497 48.409473
66.21799 49.62794 37.508804
65.12474 62.393208 61.21263
65.82478 62.51732 60.699234
49.66158 46.585026 45.29823
70.189476 64.620476 64.79282
73.9355 66.01148 61.501244
66.41115 62.355934 61.50871
49.10842 49.094448 52.841244
57.61115 62.36043 61.855217
63.587894 61.835884 62.849186
65.61809 68.30555 69.74163
72.394165 74.58904 75.36942
89.53287 80.97436 89.44713
47.018085 44.820717 55.85043
60.180336 53.189667 59.56627
50.451817 39.955647 40.537514
64.6634 57.4233 49.24981
74.89986 61.158516 66.879906
60.463875 60.325024 67.07971
47.636745 42.541866 51.703014
44.335217 43.54909 44.224113
17.73536 19.596268 22.802727
58.334785 56.46512 77.21708
34.500095 33.03426 37.29493
27.909426 26.379044 23.479713
28.355406 25.344114 21.708324
66.7488 43.03177 34.403397
24.04598 19.155933 20.543732
61.19129 36.85292 30.476795
49.477226 39.44244 38.993015
66.706604 34.00732 25.664593
99.86392 36.894783 27.643396
65.694305 40.124832 32.092583
74.45593 39.75177 29.270239
39.891052 29.95 29.008947
40.091003 31.050047 29.756268
75.66531 39.931293 29.319569
63.89751 29.60158 22.846315
62.484978 39.87823 34.38842
59.68244 37.385742 32.628277
81.02062 33.204834 24.883636
59.326508 38.039043 32.52474
41.48225 49.32488 58.087704
72.64426 72.65062 80.34277
76.42909 69.06564 73.03354
87.34435 81.048134 88.89172
81.19469 77.46301 85.46986
84.26182 78.986984 83.74737
79.43502 76.74947 80.33153
90.74689 81.832825 78.23703
90.89297 82.90258 78.23273
89.78847 81.60823 78.46426
70.27483 59.93359 56.099667
78.10503 75.1011 78.61421
72.478325 59.95651 52.839092
51.658997 44.763588 41.893158
58.977703 51.51641 47.22665
43.546745 22.485264 16.527655
49.51775 34.731915 29.411291
29.11311 24.765598 27.69622
29.751532 25.258804 28.656029
42.61139 26.403828 24.225264
33.473206 23.85287 24.427895
30.945072 21.370956 26.382679
59.60842 49.135933 49.815216
59.91574 52.907032 53.651196
43.96359 35.28469 35.164352
51.3645 27.841005 26.26086
40.607655 24.098757 22.890526
25.920574 21.419521 21.09086
35.768852 25.616028 22.564833
32.416843 16.982584 19.76354
31.139091 25.846172 27.95335
38.667274 38.824978 43.62359
34.38512 34.959618 37.786125
64.488945 54.48622 55.55244
49.343876 40.042965 43.303734
58.601246 47.347797 48.7278
49.36871 53.40244 57.169712
57.667175 60.862106 61.41402
37.409042 37.61177 41.64182
39.955456 40.313255 45.593494
35.908756 35.653683 40.241196
61.479282 65.8444 69.40297
50.32445 55.51091 59.67847
66.53335 73.39029 78.74235
57.99201 66.47579 73.066696
71.454926 79.72206 85.49316
54.115932 53.369904 58.19957
55.634785 54.425453 57.131435
39.08933 37.59067 41.605644
45.062202 41.854115 45.98871
42.448994 38.231102 42.302967
56.264355 51.62641 52.569233
70.38861 60.55225 67.11588
60.41311 57.103542 59.58335
55.68828 53.369617 55.208134
59.835743 56.940956 59.22804
58.807415 55.597607 58.17952
74.08665 69.49799 75.36799
85.872055 80.75847 81.23287
81.55005 76.951004 80.79196
54.529236 57.68488 62.93713
76.96957 71.90952 74.67196
70.69134 72.079475 77.17785
69.68048 71.28282 76.560524
74.40904 75.76062 80.76287
75.082825 76.40694 81.71497
79.88196 70.807465 73.96876
78.312775 67.210815 68.12325
84.40976 72.43024 71.67775
84.496506 71.74 70.46809
71.061195 66.7677 70.58756
76.03172 66.31737 67.90909
84.46732 74.06952 70.52722
66.94574 62.812107 67.49895
79.47411 71.280045 71.42029
82.613396 75.1677 74.8188
14.86689 42.47177 48.705692
43.027367 38.133587 36.07043
33.849762 28.869474 28.735455
32.82847 28.92603 28.87622
34.37622 29.362823 28.185503
34.72172 32.968372 33.669235
37.775265 31.135647 32.080956
40.553444 21.715359 20.55378
34.493828 30.986841 30.496077
55.52512 55.2445 53.537415
30.71488 31.247272 37.46751
51.33129 44.978374 47.898327
44.60866 40.84852 35.522633
86.116745 67.38541 54.4244
85.09818 66.63794 54.16737
71.6844 55.838852 45.1578
44.55694 40.887463 37.31646
58.080524 46.925358 43.32383
59.98622 48.467224 44.167847
58.530716 47.362152 43.655167
54.4967 44.19062 40.527992
47.87957 37.724163 35.1367
47.3956 37.762966 35.145073
44.170525 33.665024 30.944593
45.69129 34.832058 31.287128
54.10129 44.344116 43.30244
53.247463 43.86091 42.635983
53.972202 44.338326 43.16402
55.342823 45.641865 44.83426
60.415886 49.727943 49.511772
62.77909 49.17866 47.213253
56.03603 44.189667 37.918324
62.96794 47.813396 40.186077
73.01651 68.52584 65.93455
73.30938 67.02617 64.53512
60.45273 53.499474 51.035263
68.576126 60.896267 58.651676
62.810814 55.063732 52.096317
60.297894 53.258804 49.59694
86.42541 77.613495 73.36
55.702583 49.910908 46.501865
58.859474 52.21895 50.09646
58.62459 50.431004 47.116604
62.528996 55.355453 51.500336
60.98517 53.44952 50.505215
65.95766 57.66416 53.33641
76.01579 66.56311 64.520096
60.44488 53.342537 50.508423
68.57301 60.241867 57.547752
49.67689 48.121628 46.078613
71.9656 64.01177 60.97153
53.448708 54.739235 53.35775
94.05665 85.771866 85.13574
93.40407 82.63971 81.17124
91.94684 81.183586 77.581726
93.98048 61.875645 59.39517
94.00225 60.421436 57.94239
83.384544 55.873734 49.86335
84.99876 54.889137 48.880287
87.97402 55.76268 51.058563
80.44742 52.449856 44.49842
94.45899 85.2433 88.390236
118.96153 115.76565 128.4834
81.123825 71.20766 72.93708
117.08957 112.492874 124.3256
32.964928 54.43536 83.08167
38.12488 55.476604 87.19349
66.93282 68.26517 78.84153
52.041195 40.140335 36.68847
108.40909 65.401726 43.16139
55.39268 34.73158 26.752153
75.313156 50.216652 41.28995
37.880478 27.580238 24.741243
29.46378 25.160862 30.981483
98.739235 77.9712 61.146267
64.59091 53.91976 55.639713
79.36048 40.99665 33.160717
117.16531 99.80507 98.92316
96.41722 74.11388 71.11359
38.322582 29.31952 36.359905
50.388565 38.6545 41.571915
41.880814 34.306747 40.693733
77.21383 59.32182 48.644257
99.218185 79.83828 75.11598
75.11828 53.442966 48.212776
100.61215 86.99885 84.28316
115.24741 79.6012 63.691006
114.15737 79.39909 63.19225
115.57134 77.91694 60.705406
103.07895 73.75325 60.313972
140.1411 90.922775 78.27866
141.21617 91.613686 78.40359
140.93028 91.665504 78.246414
140.07431 93.573395 79.80191
123.40828 87.29632 69.33521
94.07627 73.90086 69.54426
99.8588 74.51067 63.08842
108.90335 78.239044 64.28727
139.32588 91.335266 74.09431
139.31277 92.02235 74.53746
139.75085 94.06747 81.78928
132.11263 86.24191 69.442535
54.248707 52.65531 55.304737
62.123444 65.51574 73.84952
82.479614 98.89971 125.77321
90.80302 81.36086 93.057945
63.758995 66.20431 69.4311
64.15024 68.08928 69.159904
60.09665 56.90665 67.09244
60.096508 56.862537 64.859955
56.781914 54.761005 61.89928
59.862583 57.66239 66.83407
63.12464 59.634113 69.76498
62.27297 59.14244 68.55473
60.63646 59.247227 67.30751
56.847656 53.42804 60.53818
66.053825 64.75488 77.980576
64.22546 64.052345 78.19847
62.718327 61.726124 73.908615
59.024067 62.88689 77.408226
75.02722 82.51632 106.67168
76.60187 79.81282 113.61024
0.0 0.0 0.0
5.2642107 5.2642107 5.2642107
13.021005 13.021005 13.021005
15.195885 15.195885 15.195885
11.193923 11.193923 11.193923
18.241196 18.241196 18.241196
16.92732 16.92732 16.92732
16.408804 16.408804 16.408804
18.0611 18.0611 18.0611
18.031866 18.031866 18.031866
15.824976 15.824976 15.824976
12.029522 12.029522 12.029522
15.672441 15.672441 15.672441
15.287751 15.287751 15.287751
11.086316 11.086316 11.086316
18.692154 18.692154 18.692154
