0.0034170393 0.003073042 0.0030042427
0.007820204 0.0066506136 0.0063295495
8.47029 14.954432 20.19225
0.6152505 0.61408097 0.6137828
0.5196881 0.5184727 0.5181516
0.89336085 0.884394 0.89936936
122.81107 110.22181 96.042404
112.64025 97.69212 84.58053
104.951775 96.33904 92.64951
106.96275 95.840866 90.49111
100.04449 92.79716 89.542595
106.79241 99.938354 96.281364
2.0851507 2.084463 2.084463
103.80507 95.051254 95.602295
121.50762 109.925446 110.91455
121.67419 108.53074 108.632866
117.34381 102.06534 100.66463
126.324684 118.52859 121.3811
0.84077513 0.8399954 0.8404082
0.9511524 0.9503268 0.95083135
0.9687192 0.9678936 0.9683981
1.378718 1.3779842 1.3784199
2.3215916 2.320743 2.3212247
101.48511 101.61 106.23617
109.785484 103.33026 103.190735
116.13077 111.77773 111.84633
134.92703 109.55927 102.69797
139.77876 124.03245 118.87318
137.40373 124.708336 120.57629
137.49823 128.339 123.803024
152.07848 142.41681 139.05281
150.78542 139.6946 137.91682
154.26543 142.98184 140.85167
174.84486 163.0996 159.5987
135.21152 103.967575 97.650085
135.8944 103.04089 97.08538
142.00137 105.687035 96.47747
139.6252 127.76535 124.54067
148.1652 117.39289 108.5789
154.408 124.43053 115.40649
154.87886 125.85701 117.03678
158.72665 135.71037 128.43497
159.40002 136.76796 130.37143
148.99654 137.5529 135.34749
155.5063 136.35872 129.61989
157.26779 138.81934 133.37624
136.92258 105.89011 98.61702
122.031876 104.3972 96.08387
133.02422 107.143105 95.38619
121.52276 91.8738 80.98427
129.4044 106.63834 96.98225
140.9227 117.04158 105.75216
134.95796 109.755394 98.632195
134.15074 108.74393 98.04465
133.56134 118.30097 109.00585
82.16507 58.66839 52.37505
80.348564 56.735535 50.729687
122.20429 101.414406 89.322235
79.26536 57.577 51.527622
114.66139 95.35618 87.05488
95.053185 74.08052 63.55709
98.38755 77.33074 66.21241
90.07366 68.23674 60.021877
83.12065 65.63974 52.95253
99.44091 78.49884 69.2077
72.1339 85.51226 95.856026
49.6025 49.727028 65.81704
37.838825 38.42963 51.92946
154.88852 147.83435 149.49364
106.63921 93.140076 94.93735
134.74 117.534 117.74372
161.19006 160.82108 160.31258
155.49481 142.13005 144.66454
157.59427 151.7117 153.51884
155.42247 144.34508 147.60445
154.22028 147.83481 150.18872
155.57043 146.88313 149.55733
166.76723 160.63277 164.04541
110.92388 95.601074 88.5334
138.21422 122.57672 120.89726
131.88852 120.19518 119.294075
150.5117 136.94067 135.39224
153.46085 141.75989 135.8443
168.8455 156.44075 150.0397
158.45813 140.83421 131.96103
173.996 165.3733 156.91116
90.12694 69.29187 64.41578
88.18014 67.2574 62.34948
75.09744 70.12283 68.56895
129.18181 118.31269 108.82823
98.93201 121.193375 129.09962
112.93179 117.839424 122.952484
121.79385 125.64252 131.09001
96.48194 114.57081 122.27293
125.18835 109.15957 103.35349
140.97821 127.035545 120.958466
136.69983 122.58574 116.762115
116.74468 100.44708 97.70985
136.03334 116.38803 111.51992
115.312164 99.05981 96.34789
108.16599 93.85073 87.787476
109.669876 97.07859 96.20289
145.25009 134.56346 132.36209
144.7643 133.88148 131.52213
111.6033 100.01731 99.21899
111.346794 99.69375 98.83426
72.7473 47.672813 37.83832
86.11707 55.16638 44.825066
69.29283 44.99681 36.391056
82.38514 52.28297 42.486984
79.94273 49.975853 40.33691
67.133606 42.52143 33.83658
99.918816 73.30024 63.764545
105.690125 81.86788 68.8846
103.40096 80.38899 68.046074
94.15822 68.941154 57.185898
109.106224 83.02727 71.57654
96.68636 76.01601 65.624306
97.70063 73.155785 58.828506
102.83701 85.60539 76.767136
104.975716 80.637634 64.91581
91.08595 64.403625 55.48281
77.77824 59.459442 51.92962
103.27414 79.40931 64.15741
98.18709 67.74996 58.42328
77.00376 66.03516 66.0407
78.63972 69.518425 71.22931
79.87132 71.57216 73.63715
87.13547 76.45043 79.02522
68.443184 59.520996 61.11063
79.81537 70.4882 72.56292
76.69579 70.50403 73.72707
74.97097 68.894554 72.35193
74.85605 69.476944 72.8577
63.2189 56.81617 60.466347
62.529457 55.73306 59.41534
78.96767 65.28231 69.77741
73.648575 61.132942 66.018326
75.05203 62.195827 67.168144
77.7307 64.362755 69.15808
76.53377 63.229836 67.972595
77.60209 64.166954 68.95157
75.05614 66.63656 72.88494
120.56051 96.324066 86.49973
144.38708 115.909256 100.59289
124.138794 112.22674 102.766655
80.49742 62.135605 52.61195
117.74858 97.767 89.073
81.51655 63.022266 53.342804
114.94033 95.573555 87.34161
140.38472 117.5274 103.80305
123.66447 103.57289 94.15948
127.16849 106.00422 96.11916
139.0125 116.08421 102.339386
79.88909 61.163673 52.009335
79.88142 60.976013 51.755188
140.52728 117.45848 103.48169
131.69487 107.20674 96.308495
130.5212 105.817085 95.02399
128.2615 104.46245 94.09607
128.7936 104.07841 93.65199
148.55113 129.06369 116.33186
148.1445 128.51682 115.70964
131.87651 107.4194 98.77537
131.28262 108.14954 99.854355
130.7638 105.828575 97.50322
159.99657 142.43164 132.00105
132.85135 107.72544 99.32753
130.86263 106.24816 97.96801
130.13963 104.736496 96.4769
151.52597 125.28724 115.67607
138.77455 113.11478 103.18583
79.18975 50.783535 38.682354
83.66653 53.593212 40.031326
86.51643 55.07811 41.17147
76.70687 51.30093 37.21321
84.28148 53.244926 40.025455
82.75042 51.675037 38.407684
75.8347 50.478775 36.588165
87.18952 54.31829 40.30712
82.08038 51.912876 38.82275
84.30696 53.21986 39.89767
88.03775 54.11437 39.992775
143.44781 133.0355 136.82494
153.66327 148.62201 151.41585
134.47705 126.63944 129.03995
132.83849 124.292625 126.58672
132.61406 124.240204 126.514915
134.5914 126.417885 128.90051
133.02936 124.381424 126.73299
133.42201 125.76431 128.49191
133.04309 125.40349 128.03958
135.86098 116.637405 118.68517
140.9756 126.14069 126.6403
169.89543 162.23993 162.9365
129.44754 112.320786 112.15989
128.78326 111.42649 111.38275
166.10405 157.73796 156.66692
127.09384 109.420135 109.12788
153.82732 143.00073 142.37025
146.77081 135.91402 135.30467
128.83417 111.35592 111.23573
152.7214 141.15955 140.30836
153.15698 141.70418 140.82346
152.3222 140.95235 140.13617
112.60757 97.680336 93.59505
106.8444 88.107216 86.34549
133.25711 115.76494 111.492004
129.73953 112.902214 109.30591
134.61191 116.36838 112.79539
101.02387 72.92501 67.78709
83.657265 61.719025 56.7562
93.61684 67.373604 62.65176
109.23229 84.92187 75.92868
102.203094 78.91471 71.0524
125.4461 106.88813 99.273636
125.28451 106.17716 98.60539
124.68921 106.36223 98.84328
155.06006 142.5411 134.50143
152.73557 139.70088 132.4328
126.12003 103.96863 95.35801
154.42218 140.93958 133.11722
155.92859 142.24199 133.99777
164.82185 151.29916 142.07942
125.59876 104.01626 95.24256
126.33505 104.00846 95.38762
125.1886 103.05196 94.26873
159.14806 145.029 135.98372
119.98255 101.32276 94.614746
119.457054 97.5235 90.03197
95.93249 88.604836 85.231255
109.872375 108.11462 104.96787
136.96713 144.32265 159.50797
157.45605 158.19576 166.13785
150.41393 150.75655 158.52641
150.48785 151.94652 158.87811
149.33815 154.13734 161.37975
143.53868 144.64836 150.75523
155.10345 159.22098 164.94017
150.461 150.19238 157.9545
137.3187 137.51448 148.72629
88.76588 92.66144 90.26369
106.45502 89.599724 82.474075
107.15001 91.78583 85.18649
106.826416 91.79248 85.335464
140.76457 125.24297 118.17737
144.11198 129.55537 122.38427
138.27545 123.63647 117.766884
140.14026 125.568054 119.81901
145.16145 130.85901 124.898796
159.02777 144.41713 139.58824
143.57153 127.35246 120.18957
152.86372 137.66724 133.30328
153.55182 138.60112 134.13632
156.6496 141.38795 136.49153
141.63667 126.42745 121.41004
140.63997 124.70492 120.62163
143.44102 127.22949 122.808784
142.07327 125.659744 121.75301
151.94319 135.41415 130.15508
155.9564 136.04445 134.69003
151.23228 129.37924 126.665886
116.485565 98.86263 95.86426
116.12237 98.530876 96.10652
117.080795 98.91247 95.78569
146.59244 132.60956 126.79527
152.07678 135.65639 130.0922
116.63631 102.93051 96.421394
103.1279 69.870476 60.556656
107.95533 74.44628 63.713223
110.94356 90.53657 77.8499
106.71095 83.26357 73.53053
38.475773 37.142094 39.590046
117.970924 88.42651 77.67343
113.2546 85.59633 75.06373
94.107285 72.65554 64.5254
89.617065 70.14954 59.012566
93.68323 72.32703 64.28667
97.82014 71.21917 51.97351
94.43814 68.08618 49.231052
106.3298 77.4441 60.142345
106.254005 77.368034 57.959705
134.7565 122.13413 120.8513
135.29959 114.0763 114.7457
125.18768 110.14753 111.49989
134.33728 113.400665 114.535446
133.94151 113.77803 114.497215
132.2444 112.33154 113.39321
128.80342 108.47708 108.63105
135.94879 114.93416 115.69981
133.96968 118.619125 120.16062
129.9927 109.85655 110.59644
135.78947 116.36711 117.81571
136.15051 117.01699 118.535286
132.3784 115.55902 116.49565
72.379196 54.647335 44.515423
94.0627 71.87369 61.74423
121.40085 116.49669 117.003006
144.89511 129.37727 129.59604
54.510746 40.72384 35.59938
55.197548 41.49843 36.18571
81.20434 63.1914 52.86128
116.214195 89.07818 72.30703
88.14409 64.263824 55.273777
120.89148 94.06552 77.40397
115.11767 87.85126 70.33765
97.23495 81.865036 67.929436
90.347275 67.18752 54.394726
121.333176 86.77858 74.53482
122.12338 86.84353 73.95044
120.9509 86.60057 74.093796
118.72586 82.96356 70.79198
108.95203 85.270706 72.632706
117.32769 81.11304 70.54656
117.4843 82.26196 71.60688
121.198395 87.130585 76.0441
116.783005 85.352165 78.76835
119.288475 84.57801 77.569336
106.361015 70.83715 58.555832
112.26057 79.224335 69.07976
116.32884 78.52957 68.530235
112.33345 76.27146 63.2319
112.56881 76.75977 64.63332
112.81727 77.228714 65.23894
103.86795 72.17746 62.397476
117.351036 79.78759 69.274605
114.80498 77.98315 65.82796
113.39397 75.86912 65.96732
104.41174 72.70341 64.521706
106.686455 76.04052 66.90579
103.20291 71.71657 63.826122
107.844444 76.93459 67.61037
94.7504 68.55542 57.03559
132.3767 91.60152 80.537575
115.60326 77.592545 67.62621
115.51985 81.3315 69.26784
112.0638 74.871574 62.74253
111.06438 74.22678 62.02566
101.23252 66.569336 54.407867
123.22071 85.64263 73.92052
111.319916 81.32139 70.98569
109.10171 87.8702 76.31971
113.71893 83.09485 71.82958
116.61924 83.73742 69.4782
117.41892 87.777985 74.27488
117.88245 88.33221 74.766655
91.42043 76.837494 74.54409
81.10756 68.50116 66.50205
93.917534 73.20062 68.37917
81.668365 65.19686 63.563835
112.55684 85.390205 78.6474
102.795456 78.23952 65.47208
121.197296 115.19 121.33127
120.317856 125.01307 138.89178
124.017525 129.08252 143.33887
167.56558 170.48466 180.0218
85.17521 60.330215 55.32111
78.319275 56.139088 50.624126
72.319275 51.681114 47.859512
88.978836 69.5387 58.338676
86.13455 66.78663 56.930878
89.19131 62.487904 55.589497
87.345375 64.06719 55.912144
86.65859 63.56874 55.79498
92.357666 66.71198 58.268295
112.83332 100.950485 100.06575
113.6541 102.92503 103.01012
105.21883 87.109436 83.15097
114.700424 100.861115 101.90196
113.281845 99.65561 100.61385
111.63951 97.58773 98.26688
64.84731 45.107967 38.58413
49.44997 35.975323 32.150005
71.20482 54.202087 43.881413
107.62713 86.59404 73.75574
82.15122 65.697876 59.04605
113.48951 92.141495 78.93925
72.33056 59.102005 57.845936
72.318405 59.03408 57.897327
116.06942 94.1823 80.63463
73.74078 60.370625 58.73079
72.74411 59.30024 57.978077
72.96539 59.47373 58.194748
89.64105 70.356476 61.953743
98.65788 78.70632 72.05254
103.12244 82.76175 75.56374
98.050224 71.91157 64.87779
97.72712 72.25979 65.18961
97.87155 72.06518 65.01147
98.21729 72.456665 65.300606
96.05282 67.01493 60.480816
134.01317 116.54471 112.250404
65.84369 55.62947 48.400894
71.3395 63.285107 59.575554
94.99115 74.093155 68.01665
129.49341 87.162025 78.33744
124.90283 83.03153 75.31797
105.37874 81.51382 71.998856
141.96634 106.77718 106.583694
143.17493 139.46829 147.30336
147.06194 112.160484 111.71329
152.72267 140.52563 140.0763
157.77612 146.34726 145.8979
157.65274 146.09221 145.60509
148.78673 124.53108 128.43086
155.09244 143.22412 142.71193
81.368195 57.92104 51.239513
82.31747 59.098957 52.192684
83.2973 59.230618 52.200573
136.37067 115.98794 113.161194
124.92453 104.96922 100.42248
119.10811 98.29382 94.06894
117.363075 96.24007 92.35274
115.56051 94.93288 91.2541
115.05233 94.53833 91.04378
113.43653 93.975716 90.303635
139.5467 139.59404 144.66022
111.99448 113.01323 120.06414
107.11306 110.12973 119.41032
116.17945 86.97271 72.62908
106.36063 73.266 61.750305
123.95849 92.15079 77.00397
131.61078 98.51375 80.96608
115.99498 84.3631 69.01007
131.2776 100.58461 82.45215
104.954315 69.04018 58.6624
99.615845 72.47362 60.174202
97.134575 70.30932 58.344044
93.89364 67.85504 56.48192
134.0659 103.04539 82.77924
97.508224 70.82066 58.708908
136.69902 105.48247 84.934616
120.53283 89.924576 73.09109
107.57975 76.6036 62.22635
111.7489 80.81544 66.19238
105.23211 77.953766 63.908863
115.38409 86.713585 71.01986
109.347435 76.716866 63.349155
87.04126 62.112717 51.46185
97.73292 69.01812 55.815777
130.90627 135.18477 143.36998
102.99101 73.48311 59.153492
113.1509 110.49621 115.04417
131.52588 131.00916 136.3666
125.68079 124.24885 129.34673
101.61399 93.04523 92.53716
124.002045 121.08742 132.07382
111.81979 106.7545 118.13501
88.5922 61.611626 51.73682
98.72897 68.05066 56.282787
96.07614 65.86912 54.887123
97.05985 66.42424 55.208233
98.652176 66.18936 54.833412
101.30224 68.09974 56.379887
104.351494 70.85144 57.517715
89.27862 59.830845 49.61532
84.83117 58.757046 49.402935
90.97895 61.796192 52.073135
89.20975 60.33237 50.958263
79.11352 54.11102 44.761242
94.08742 64.33489 53.104485
103.81583 70.74475 57.295128
112.73978 75.99934 60.831074
81.70508 58.71313 48.142345
103.8058 74.815186 63.643322
63.05238 42.31588 36.704712
88.58039 55.986057 47.2405
126.40543 83.426926 69.71944
79.25731 54.078915 43.582317
108.50843 68.42848 58.869648
98.01562 63.309116 49.145397
0.0072927414 0.006535948 0.0072698086
119.052704 102.632935 109.21903
139.9596 136.13762 146.9217
123.95867 107.78617 114.12496
138.03873 133.40576 144.04538
104.719986 98.16434 107.15333
106.8736 99.90457 109.04238
119.641075 114.454834 123.576744
135.81819 131.13693 126.285515
137.15712 132.3951 130.8339
141.61209 135.82521 134.8054
140.88011 134.88269 133.26901
128.56613 121.20475 120.76466
131.96732 115.033714 108.39727
124.72379 113.082924 113.469215
127.51728 115.460815 115.486435
127.44481 116.149475 111.68125
119.606514 106.30856 105.191696
128.56636 114.42158 113.24142
130.1242 113.950554 112.89786
138.37245 127.170006 125.53053
127.015915 122.22931 125.92524
112.36441 106.30304 110.16915
160.61371 157.43307 166.50398
169.15079 163.59026 160.78511
171.82391 164.86415 165.33545
158.50186 137.98286 137.84726
172.12453 161.0881 158.73872
172.03 163.04529 162.33374
153.37042 134.58188 134.65625
153.1736 146.95512 148.96695
158.38255 150.94101 152.0493
151.93661 131.06589 130.39351
153.91212 147.36217 149.74707
133.59938 124.28015 124.04077
157.48341 145.42168 145.9995
152.9596 140.1512 140.75012
154.5758 145.31169 148.20688
137.6702 125.6274 128.17966
134.75374 121.87839 124.33058
152.17157 138.0995 138.6094
154.03912 140.02135 140.27939
152.90854 139.35074 140.09119
143.42757 132.88011 134.7567
163.78906 149.69818 149.15205
129.64488 119.31118 122.078384
161.18411 146.3217 145.71674
107.41344 77.84442 64.876
93.375206 68.78929 60.14457
93.15734 68.7343 59.9947
114.96191 86.8089 77.2866
103.347435 78.74214 69.07334
100.93505 74.44077 65.24233
130.606 119.33987 118.389565
132.75928 121.50054 120.25979
133.27597 121.90657 120.66999
151.53458 133.46838 128.41399
106.98397 87.295105 79.05192
169.47566 172.93298 179.50731
155.92677 155.44206 160.68993
138.88643 136.08669 138.65523
157.46805 162.26479 173.31454
117.323654 114.192474 118.92866
132.2604 128.23933 132.91235
40.472652 46.546543 45.348125
156.17369 140.13799 136.44252
157.78317 152.61302 148.29173
149.63936 145.65675 141.7199
153.17484 136.33641 132.31155
156.78479 147.4488 143.32138
158.64594 149.68443 146.42908
160.34212 142.72836 136.8424
157.4849 130.13287 124.35594
164.14702 156.62096 153.63525
154.89494 154.31491 146.28978
149.7531 150.8172 140.67882
0.056920078 0.056530215 0.057195276
6.3082676 6.307946 6.3085427
24.23917 23.814676 23.435638
28.889875 29.145075 28.937347
32.71813 32.84621 31.738287
33.66839 33.619377 32.7978
31.053091 30.927393 29.646967
34.54333 33.37812 32.751724
32.294025 31.527967 30.85887
35.73425 34.694187 33.997593
37.861187 37.218666 36.529755
13.085931 12.738218 12.750281
