124.90432 117.61337 97.992165
124.74897 117.448 97.8537
97.85572 88.48557 73.99838
81.53588 67.04085 56.687595
114.15507 102.04748 85.39652
140.86299 130.00562 103.16752
90.23616 80.63014 61.44905
60.838665 80.692566 49.71378
125.86194 104.99923 87.45709
100.190346 84.268486 65.74295
92.36542 75.64032 64.900406
111.1821 89.46501 69.13616
110.42913 92.82404 80.68699
105.86933 83.974464 83.953735
122.37345 130.51418 130.98892
97.39091 99.172485 90.36933
127.15471 153.32185 137.62286
84.20036 69.913414 59.858585
79.09644 68.44222 58.685413
59.54 68.22363 51.594547
73.061775 74.91968 61.47491
126.57087 118.99301 105.00028
68.33616 66.95891 57.116688
50.605736 58.724766 52.524323
95.66299 87.070786 76.15753
103.339554 98.12428 85.08889
126.13584 115.1941 100.66752
93.76659 85.29543 75.265495
79.545456 75.72921 66.46404
101.26917 86.180885 76.82816
80.708084 72.77051 63.19608
102.180244 88.1678 74.102264
82.186424 79.33139 73.44546
121.40719 111.853615 103.424484
115.56295 104.65665 94.38242
115.1623 104.25244 93.65042
99.38638 85.33633 73.36574
68.28323 65.421295 59.166504
71.23487 70.21911 64.09491
72.33406 57.302223 47.35414
83.340324 73.91936 63.904243
78.78808 69.97992 60.718304
112.705376 87.66598 79.05067
76.99822 69.01228 59.59402
104.62004 89.139755 78.95487
71.83515 56.396122 48.99091
76.57842 54.797455 42.281292
91.359795 59.874344 45.790787
62.671555 50.90089 39.082264
73.81204 57.411392 41.48602
57.117535 45.617252 34.95309
107.93944 93.47438 76.169655
86.455635 62.079433 49.117294
57.5798 48.204483 38.906223
105.93559 57.409576 50.521454
115.13236 72.559235 64.45224
112.02339 74.48392 65.63224
87.793655 64.500244 57.438103
83.59515 72.42707 65.706505
83.281654 69.57879 60.01972
104.128845 76.94469 67.157455
92.099754 74.43806 64.538345
108.90917 86.80865 75.1221
63.69907 69.74719 66.87305
73.33806 69.07111 59.39782
67.28897 61.727272 49.635273
91.458786 72.404686 62.707638
83.52562 83.52925 59.26093
86.10133 73.74024 58.66424
86.13491 83.60489 58.23899
94.79151 82.45321 68.213615
65.38505 60.53499 49.136406
73.84109 73.11293 55.38998
68.99826 72.96776 63.48287
87.49257 82.14994 78.89802
73.72845 57.577698 51.692524
62.724365 56.786423 54.055798
103.5097 79.197495 71.79656
91.051674 66.009094 56.443596
100.47054 82.55447 70.64711
100.2939 64.633896 57.54101
92.03049 80.298996 70.47743
63.195232 73.36424 71.002266
102.68537 89.39717 74.919876
78.59248 66.35365 51.695232
61.26893 55.840607 49.81293
94.60667 67.963715 57.227352
97.027596 69.4937 60.08408
71.32477 58.39879 52.8499
76.62622 58.0137 53.868202
114.064926 77.714424 64.30715
113.7002 76.20525 64.824326
99.50727 76.63632 65.55051
74.41806 56.243233 44.56392
84.05834 55.42804 52.340565
99.16 80.166664 63.300243
87.5274 73.543396 63.797092
77.70242 57.26812 48.160202
72.11091 56.344444 43.513412
109.31329 88.639114 66.78408
71.13859 57.019516 44.85293
58.068405 56.29814 46.25725
103.77345 87.19753 71.30178
111.6413 96.13483 76.36796
95.44921 86.12541 70.36186
95.58036 85.60545 70.34618
95.7817 72.327835 57.51208
112.97216 90.17317 73.3625
111.50695 84.11814 64.858345
83.852486 65.042145 49.095314
93.444565 83.60424 71.31956
69.66953 59.91196 48.456486
61.03099 53.392445 42.360203
78.83511 68.433815 56.363476
76.15063 65.601494 54.279594
99.604805 86.80129 74.72695
90.36327 78.88432 68.22768
75.89531 62.463192 51.84493
75.93568 59.693455 52.731796
62.127396 54.70485 48.532566
65.116486 56.168728 49.604847
41.28275 38.168526 34.03592
68.3518 56.669617 46.78614
93.08768 70.04255 47.723354
78.41257 58.679596 40.00699
91.83895 79.28384 65.150826
103.36222 85.733376 69.423515
50.52024 38.91996 30.021858
83.99111 70.954666 58.904484
34.330547 33.446827 26.304848
48.25301 45.544083 39.5038
49.904243 47.46687 39.74687
52.4918 49.158466 40.554264
34.076042 29.054302 22.649252
33.09095 29.041414 22.721375
35.258507 33.169415 28.234707
32.911312 39.53907 33.488605
42.04788 43.530506 38.227352
44.036728 44.211395 38.639717
36.431232 41.026264 37.074142
38.335274 38.176483 32.287395
62.317738 55.596203 49.064526
48.01927 45.76416 38.77317
46.201214 42.13677 36.05709
43.632847 40.50198 34.910625
34.30109 32.96614 27.972687
34.280243 32.875637 27.931717
70.48356 54.60311 45.170464
80.76214 103.74837 102.81475
58.304768 57.228123 43.11087
55.187557 56.30804 43.100403
39.68804 52.879677 45.26901
57.857777 52.675354 41.97107
55.975395 47.225616 36.395313
54.52509 51.546223 42.34073
45.205696 47.20279 39.057655
54.71507 45.375473 36.56715
54.82089 45.487232 36.645294
63.88796 48.374382 31.913536
56.829212 48.54594 38.340324
62.756405 52.247635 37.95495
72.50307 60.24327 44.138584
71.06408 60.177353 47.19103
73.78929 54.269657 38.2941
22.936848 19.497858 12.848727
27.751312 33.178505 21.725859
90.463356 77.20638 58.774666
81.15717 71.735596 55.106827
58.051918 49.064323 38.047436
41.35289 40.56772 31.095636
40.264282 35.292484 26.579071
87.62715 75.412 58.039112
86.29887 66.8223 46.407555
82.39075 71.8124 51.34485
82.05871 72.01075 50.90077
79.605896 74.57564 62.35224
86.143555 69.54513 49.748726
71.021576 52.222183 36.0343
84.77127 65.19087 50.289455
68.35632 54.425938 43.37701
59.972767 47.08069 35.912567
100.45422 82.705696 67.34384
152.344 138.47906 115.920204
140.48056 127.38105 106.24323
82.8939 72.02097 59.894585
90.47353 77.40646 62.252483
74.72759 68.27148 59.375797
96.03956 77.722786 59.011757
93.085335 82.433655 67.5356
75.70962 70.11697 57.780807
84.1697 80.74303 69.7524
70.9137 70.339554 62.325294
97.20416 88.569374 79.51443
56.809536 61.602062 54.28897
50.032524 54.866142 49.70784
93.32521 85.705215 76.75038
53.080402 61.261658 51.218708
104.04044 98.361496 85.37644
90.25018 83.08998 70.661415
56.03087 51.966827 41.169334
104.51325 97.3857 85.11976
93.531555 93.58008 86.37507
118.29818 101.10497 82.62501
90.82032 78.51228 66.637856
88.95745 81.902626 70.97499
99.87418 87.087074 72.97321
95.28832 77.698906 66.22998
107.54885 95.54097 76.60957
87.54444 67.062546 46.684242
126.73471 107.91176 92.08141
87.0503 68.34921 56.939796
118.54602 98.93867 84.94231
124.024124 105.00291 86.8596
99.096085 96.09511 81.77079
100.57754 95.0406 83.843796
131.04877 125.236565 104.69753
49.904686 47.851635 38.974384
51.71923 47.69123 36.566143
96.27859 67.78917 47.716606
126.637695 112.77333 96.927315
89.201775 85.06723 74.00222
77.59172 69.22356 54.76885
99.043434 94.742546 83.35301
60.17721 43.833374 31.647919
13.700485 16.155434 12.948849
69.79725 49.307194 36.66897
43.773537 27.830343 20.336445
55.991516 37.470547 27.967718
49.34513 31.027191 20.66792
51.847233 32.64085 23.138304
65.37471 41.97301 29.480928
65.98941 40.069332 27.230667
70.21923 47.86117 12.944526
46.705536 33.962788 26.812445
44.023354 37.02501 28.84396
36.41483 26.539757 16.432888
40.925938 36.44715 27.73099
37.161373 32.26913 22.654787
37.48214 30.29309 22.268324
98.73976 83.07879 63.964443
104.88561 91.16998 77.05531
63.296486 58.15172 49.2802
91.574585 77.63871 64.8754
91.48428 77.03038 64.142784
85.76893 67.597336 49.447273
79.23289 62.08618 44.892807
90.536766 69.552605 50.845695
57.296 40.922302 29.717777
42.484726 30.66707 21.350061
81.22913 66.72141 49.72093
74.276566 61.141617 43.926746
66.95802 49.261414 34.79992
56.875877 69.88097 63.595192
113.18186 99.95956 89.82824
84.29499 77.64917 71.4019
44.922787 52.18776 46.026062
34.415394 28.300848 22.75689
34.380646 27.257252 21.398142
45.659313 40.789898 35.062748
34.21996 28.093616 21.848526
35.37689 29.138908 22.399435
43.96392 38.241455 32.60804
40.931072 29.840607 22.932808
46.379677 39.80481 31.624
32.60808 25.66303 20.441536
55.90699 45.54574 38.95814
35.395676 26.675152 21.720324
37.520565 29.217817 23.135353
42.15382 32.74004 24.636686
33.15984 28.081413 21.664284
46.696323 41.508526 32.158707
63.70598 57.189857 50.07503
44.05394 39.217213 32.370102
60.269295 51.313656 41.026585
51.06998 47.770706 38.57693
48.635513 41.075798 31.489697
45.817657 39.54509 30.381617
97.88647 85.57043 72.25467
62.6779 52.932686 41.86404
57.749737 51.237617 41.316444
91.0802 81.151634 67.76893
79.62578 59.468 40.993294
40.35103 39.850544 37.71394
87.065575 62.581493 38.54517
80.11531 63.80218 50.649494
39.5419 38.1701 37.822384
74.17083 67.62634 56.306343
79.52885 67.50113 54.08715
65.64287 54.49414 41.07701
51.21891 44.233456 33.18816
57.204285 51.930584 42.564404
42.16998 43.38917 35.119152
75.93406 54.510868 36.344364
37.72986 38.85911 31.28602
64.736565 49.235153 37.02982
63.93374 50.3579 38.54016
81.26982 72.9238 60.094868
62.901897 49.7162 38.293575
19.000929 19.122223 15.328768
35.192524 30.804808 20.625738
68.25782 56.263638 40.744606
72.63766 55.089294 42.152527
79.14477 61.07588 47.80497
63.331314 47.996284 37.1743
154.26526 127.36755 112.80376
69.60505 51.16711 38.40618
75.0758 54.786667 41.992928
39.906666 44.54707 40.90824
16.001657 19.419434 15.781576
11.263192 13.647839 10.026627
15.607555 18.609415 14.727717
13.546545 15.249131 12.1606865
78.156044 54.245575 57.232243
31.288929 17.288525 14.412444
32.655476 25.07604 23.171556
18.458788 21.439112 16.86408
57.265213 39.436928 14.926505
28.286787 29.642303 23.476969
31.561213 26.484566 21.060768
49.80885 32.16323 15.141657
54.991314 37.020687 20.1301
18.74392 21.250423 16.635313
35.54384 35.940285 27.943798
51.31107 46.241455 35.17568
66.18397 58.12451 45.915096
56.816 44.609253 30.139193
28.797535 27.238707 19.678223
37.82174 33.265697 24.838829
20.4901 16.833656 17.985939
63.853413 43.834545 28.224121
42.075638 34.555557 19.677696
53.183556 42.17818 28.04998
59.495796 43.41911 29.125454
57.72093 42.650425 28.521051
49.693172 40.54703 28.310183
62.159153 21.858223 24.715313
48.3118 12.39895 13.521818
40.626827 15.530545 14.193414
18.547596 78.885216 73.00893
41.782547 35.24283 30.277697
46.96396 35.757576 30.002182
45.079113 33.294506 26.517939
43.897293 77.05313 66.41253
37.398544 33.011433 28.940565
35.996605 61.883232 55.430386
77.55604 39.834103 50.998344
48.193897 14.334061 14.891111
51.159473 20.964605 18.446465
89.157936 79.28214 64.09164
61.328526 51.536648 36.43006
101.98432 74.60873 46.999393
49.575516 41.774303 30.351555
90.13782 71.85159 56.704163
67.899635 53.20808 41.228607
58.14776 45.5301 33.38998
55.422787 59.79018 45.141453
39.269253 35.381817 24.72812
22.392405 19.828041 12.261576
44.52089 32.80901 19.640242
46.507072 38.252968 23.396606
54.091232 40.512848 25.796404
51.3301 44.429657 29.156485
26.097696 42.399555 83.45006
63.234467 72.95006 84.69443
44.891598 43.660564 47.57313
29.37588 43.912525 76.359474
51.165615 48.564243 54.57499
38.80372 42.491394 56.104
40.4819 43.33984 48.94093
110.05345 72.152084 47.262264
105.28113 59.98109 40.667233
90.80396 71.23758 51.569374
68.4781 59.07879 47.33487
85.63527 70.67309 55.044083
118.75576 66.51366 48.16602
109.31951 73.54198 47.691315
89.87418 70.05345 51.76121
119.62214 97.53669 79.12186
121.57071 101.66202 82.290504
95.74077 74.954544 58.47297
127.065414 102.23834 83.64913
113.97192 84.998665 68.092766
93.56844 67.623314 51.724445
79.70622 61.737617 44.607273
58.38994 44.687595 33.57123
61.316082 48.13281 37.06194
132.03099 114.847275 96.11798
128.48901 112.98772 95.93503
93.84808 73.43576 57.105495
93.64542 73.68505 58.248
121.08917 111.488205 96.68565
101.97418 82.50901 67.6857
99.15721 78.49321 60.521534
95.51144 73.76432 56.48493
97.07867 74.67034 58.703354
119.30004 103.87572 88.05495
118.248764 101.861336 84.99782
13.765454 16.144566 10.710667
65.98772 54.04683 48.555676
29.955193 27.130262 22.150505
39.17196 46.524445 39.737778
45.06909 48.494705 44.315678
44.46311 48.153534 44.001656
62.432606 54.145615 45.58303
42.944405 45.118748 40.245537
19.035435 21.677252 16.596565
28.395878 30.093494 22.146667
45.31523 39.928646 29.47406
46.04711 40.405052 29.361616
56.263435 41.488403 24.00788
67.40942 50.023556 31.963192
40.334747 35.805656 24.793495
59.11822 43.36598 26.797333
58.33309 42.660282 25.367031
57.143555 39.93382 23.967636
55.192608 39.048847 25.871838
63.14226 47.258507 30.265535
49.92505 37.146183 24.218142
41.14299 34.563274 23.482868
63.600807 61.903435 52.794224
60.300686 59.850666 51.184566
49.37313 50.364365 43.24497
48.220486 51.58283 42.386585
43.11721 46.73596 38.6259
45.878304 48.240524 39.920162
44.520123 45.41002 39.09176
45.87123 47.384323 40.459312
35.911716 40.01774 35.267597
37.287918 41.61216 36.25794
39.43681 46.19208 40.220444
103.453735 98.108284 86.67616
49.44327 52.459476 44.84974
53.187355 50.772728 39.691315
72.28198 70.16796 65.859634
73.389175 70.08307 60.151638
102.82776 82.975235 55.367474
108.50291 88.94521 66.633575
113.57378 90.58505 60.572
125.62889 99.58889 63.408123
107.20715 88.315674 66.8402
120.55236 97.80925 61.689213
85.89022 63.693172 44.729374
86.41887 60.346706 38.859436
82.63734 58.53091 38.179718
74.81879 58.544403 40.28291
97.18542 78.46594 58.17935
86.380165 66.39548 42.590466
95.75196 80.690506 62.271515
96.45608 78.30747 57.969536
66.60707 54.26473 40.0741
84.924644 80.65976 69.94287
88.80529 83.38974 71.20137
90.92586 85.728 73.08897
110.64384 118.016205 105.01968
95.86542 95.92505 83.83992
119.76182 121.444 107.496284
88.7381 89.05454 77.04243
89.75418 89.796646 77.2638
39.764324 50.738102 42.89895
72.46755 80.7737 71.37487
66.907074 82.08752 76.11386
47.679474 59.766342 58.365574
58.675434 67.25754 63.07592
47.30909 56.87422 54.02719
57.135395 64.08513 58.94869
64.24703 76.04812 71.27087
66.58214 77.44982 72.2059
48.515797 58.63721 55.74214
56.27515 67.65107 63.701294
62.9939 75.31495 70.23463
59.58505 69.9204 64.88307
83.18445 95.12655 86.66412
52.956203 62.22808 58.597576
98.327675 95.06853 77.74642
46.014385 38.5499 26.831112
79.94602 66.66453 55.99091
64.46962 63.508163 55.253372
101.61842 105.48659 99.90743
54.319958 52.94097 49.562588
128.53479 115.25935 102.76586
132.0581 124.668564 110.41887
87.07342 64.6838 49.368324
85.94081 82.65887 74.78683
147.0916 118.95826 96.33697
40.90804 48.364323 34.30117
89.16267 77.44085 63.509495
104.54804 91.974625 72.94041
101.016846 68.416565 47.429375
81.05677 55.72998 36.517696
61.68093 45.355312 26.448364
123.71006 116.40069 86.08016
110.34 87.712524 67.383194
94.53701 62.323677 47.619556
143.40205 129.12607 102.657295
161.51071 122.78125 86.16497
171.36885 149.8655 119.48283
57.026222 52.421494 41.44174
80.18739 65.14008 50.14598
83.69374 71.97834 58.309696
138.81612 111.13576 78.416565
108.72456 115.61749 102.54812
58.40905 48.33709 43.11067
87.15697 84.72639 75.030785
79.325455 64.360405 56.64307
79.6642 64.66073 56.88998
114.68315 106.9981 99.18275
67.63261 77.017296 60.88784
49.84974 38.742466 25.312607
81.70275 80.79305 64.76259
112.45297 100.88828 77.81321
112.41414 96.81822 77.57867
92.034386 75.91123 59.580605
107.45095 90.54202 71.89422
72.15871 45.80594 34.860485
63.33006 44.682507 37.613453
56.165413 41.640564 32.27022
70.67414 64.441574 58.049534
65.29172 55.42489 46.987312
64.77596 54.032646 47.131718
62.542587 51.325737 43.69782
62.79984 52.965576 44.34675
43.9341 40.57107 32.023678
43.169617 39.429173 30.939636
50.715355 45.48614 36.065536
48.498062 45.265617 35.996567
63.144 53.29798 46.561817
60.550423 47.353172 36.41535
72.83244 58.828888 49.538868
79.78283 61.75103 49.347313
44.31382 40.51192 31.95196
46.1381 45.384243 39.20412
61.38032 51.723637 44.0642
71.6461 68.1541 59.30028
73.985695 61.821777 52.51026
74.25107 57.558384 45.62533
54.786747 47.42267 39.220486
77.012566 61.584606 51.165295
88.38137 69.229416 55.923958
73.9874 52.841698 38.82424
86.28097 60.77499 47.733253
25.636282 25.890505 20.852768
0.8877576 0.8877576 0.8877576
4.536889 4.536889 4.536889
7.3100605 7.3100605 7.3100605
7.3098183 7.3098183 7.3098183
6.183313 6.183313 6.183313
7.2290907 7.2290907 7.2290907
6.283475 6.283475 6.283475
6.843111 6.843111 6.843111
5.7104244 5.7104244 5.7104244
5.96699 5.96699 5.96699
6.2363234 6.2363234 6.2363234
6.9093738 6.9093738 6.9093738
6.1186666 6.1186666 6.1186666
5.5111513 5.5111513 5.5111513
4.938909 4.938909 4.938909
5.583879 5.583879 5.583879
7.6569295 7.6569295 7.6569295
8.908242 8.908242 8.908242
5.909495 5.909495 5.909495
6.8552322 6.8552322 6.8552322
12.219273 12.219273 12.219273
8.590748 8.313737 8.430626
3.2071111 2.0728889 2.4682424
0.004888889 0.004888889 0.004888889
0.004888889 0.004888889 0.004888889
0.004888889 0.004888889 0.004888889
