0.0033448106 0.0032464338 0.0030824726
0.014395802 0.013641581 0.012067552
167.27516 161.3329 168.362
0.014166256 0.013379242 0.011870799
124.47263 148.49097 156.25404
2.9265125 2.9257584 2.9241843
1.3962617 1.4073783 1.3441219
2.4086244 2.3975735 2.2887688
2.281915 2.305296 2.1965568
1.9765536 1.978062 1.8740121
5.2842107 5.2774553 4.956583
153.59145 147.71077 122.690765
153.27313 147.24092 122.20436
162.66624 152.04233 122.61718
154.46017 144.9553 114.62617
118.333954 104.23083 75.662964
123.40531 110.17364 81.43348
174.02971 160.93887 130.62758
172.02791 158.06352 127.366844
159.16977 145.9359 115.25158
132.38849 119.18708 91.68601
156.15088 142.07928 111.113754
151.853 145.77484 120.02771
149.23102 135.12848 106.21279
102.72228 109.908966 97.27536
128.45781 131.26657 118.26021
126.27565 129.9022 119.36216
163.6905 162.53104 153.55917
110.6021 100.091064 82.60128
79.414856 65.503426 50.16383
130.22653 125.67011 113.80223
94.06893 87.28962 75.016136
131.91641 125.59121 109.364876
111.697754 107.73625 94.64699
93.91153 91.153404 80.93084
101.531235 95.3774 81.61485
107.45099 103.48847 88.41079
109.41935 105.28136 91.84309
108.390686 102.44663 89.04676
116.023285 109.80206 92.34885
92.92179 89.42072 75.58797
136.53589 131.95825 126.35022
107.101494 101.28896 92.53094
108.79393 104.86313 99.95091
106.47962 101.32783 93.81338
91.354744 86.869156 81.79347
87.115135 83.84079 79.15262
108.17101 103.26195 95.312645
110.295586 106.675095 99.13995
54.084637 44.596195 38.447647
102.691 94.67371 86.04047
106.69664 100.51277 92.301
105.39361 101.40361 95.79206
64.3634 80.19938 68.78157
110.53143 112.16508 108.02581
109.4401 110.88532 106.380684
111.98131 113.20466 108.92924
16.275423 20.264141 24.547663
16.449451 20.3839 24.646072
20.727922 25.617348 30.82371
78.90457 76.662895 77.32448
83.57383 86.06699 85.1435
107.870834 105.79334 105.17796
90.19974 92.33845 90.09572
87.03397 87.537796 84.18059
92.16616 84.422066 78.80105
91.35006 84.84781 81.02296
82.82459 77.898705 74.82102
119.84935 123.04191 117.89461
109.85306 112.23919 107.4526
111.2928 111.58102 108.18718
118.66572 119.407906 117.42824
118.304245 119.15773 116.53783
87.721756 92.75832 95.15311
100.74825 106.802 109.728645
109.57196 116.129265 118.71572
107.430855 120.912704 112.88709
104.03768 117.06795 109.33268
106.60377 122.940544 115.64227
120.770096 117.83253 111.20426
119.629745 117.63374 110.262695
101.62092 90.13976 79.55242
48.787933 43.178257 38.349697
52.445515 46.06283 41.216003
53.03981 46.37121 41.124577
54.910706 47.64027 41.97344
20.023315 18.999968 20.515036
21.284046 20.424988 22.566093
25.24558 24.161568 24.824234
21.800327 21.127989 23.347467
21.720839 21.114937 23.33389
73.44663 67.89467 64.34563
75.00161 68.75753 64.73645
73.1819 68.13648 64.929756
59.70267 57.835777 56.15242
61.05204 59.130577 57.303688
61.609837 61.66296 61.763927
74.55048 74.43161 75.12714
90.08267 86.48296 80.75291
103.49575 105.650795 103.17508
91.59118 89.23896 86.766975
100.191605 97.83509 93.43771
130.69199 135.44554 126.90074
110.610596 114.79767 108.85453
49.038597 38.62843 29.207083
54.85716 44.16465 33.65768
67.60121 54.777733 39.528446
67.810165 54.024002 38.216724
45.294735 35.085327 25.755337
50.98698 39.959076 29.811642
56.227547 45.286507 34.54363
56.920807 44.06867 33.066174
53.109264 42.048958 31.31379
43.35268 33.752254 23.841122
47.37065 36.113987 24.932775
92.70346 85.15229 83.473885
112.72986 106.19547 101.46925
114.52156 107.44244 102.89044
113.02827 106.80669 102.215645
120.19767 110.559074 106.56675
126.85329 118.924644 115.38085
121.48907 114.79203 112.50405
151.41217 148.65369 153.07388
104.6202 95.94045 90.41945
85.38295 75.71362 63.93038
106.397736 89.933365 70.022
122.72254 108.12772 87.83263
95.03912 80.01741 64.32556
104.53425 84.430725 62.976456
141.08195 128.56448 116.423744
101.30133 82.22023 61.496574
101.36465 82.201904 60.97042
95.31379 84.50589 62.116642
147.5886 132.02014 105.12674
140.50461 126.46388 100.19544
144.6666 130.19263 103.1337
134.68802 123.20924 95.55786
152.58731 134.43217 106.93353
169.50978 149.06903 122.16468
144.04991 131.90286 106.172195
159.6735 140.1297 115.40033
127.60659 112.960915 90.98288
124.33966 113.10612 90.78531
122.78324 124.40915 113.101295
101.52402 103.79741 94.11402
110.978096 108.70051 106.14173
116.39826 113.634 110.46683
115.262794 112.5617 109.51835
102.41305 100.62407 97.43384
78.947464 70.09493 63.05237
80.95789 71.95849 64.441055
78.34891 71.13189 64.01876
78.71395 70.15416 61.932087
83.92258 76.64948 69.47155
80.20325 72.25778 64.80354
84.34698 74.31189 68.44545
26.279816 17.25942 19.874308
22.802788 13.768191 16.88244
40.66611 16.324316 23.14481
29.772652 13.611871 19.475193
11.704148 8.752451 10.644565
112.3316 115.32792 112.54626
55.95114 44.820953 32.650238
58.203377 47.892475 35.53576
66.58219 62.14822 54.37862
54.61938 44.367504 32.71546
54.791473 44.091686 32.314774
58.794918 48.32143 36.05729
63.283424 49.37147 35.46739
70.01531 55.19508 41.64017
68.00964 62.467125 54.914444
70.76842 68.600296 66.50897
69.046104 67.08342 65.285225
70.238304 68.36921 66.71455
69.770226 67.80869 66.19777
93.10697 87.91389 83.14199
94.04919 86.933136 80.99078
95.59059 89.37272 84.24821
95.26988 88.45384 82.94176
96.0224 89.99095 84.85247
90.905754 85.14242 80.13701
87.373764 79.96183 74.74481
89.42266 81.89313 76.53546
87.25506 80.58082 75.522575
91.71375 84.29674 78.45043
106.07985 101.219055 95.65873
101.73428 97.34373 92.219154
100.85981 96.314606 91.094475
107.09576 103.5614 99.189804
111.20613 107.53845 103.13055
115.44024 111.08352 106.02046
178.67073 172.32697 163.81279
168.0508 160.87234 153.20253
161.31569 151.69011 143.42148
181.67122 169.31563 161.47935
111.86414 111.56406 108.059784
80.50598 73.960846 68.79597
62.77908 54.996918 52.329727
48.97478 42.728546 39.3534
86.49887 81.82495 74.71021
134.9153 125.035545 118.97701
113.733826 98.70038 90.19547
113.92704 103.66529 97.00298
115.1778 104.239876 97.095985
88.77151 73.45614 63.459976
121.526085 113.770485 107.50051
47.7253 39.125298 35.743664
122.67595 114.477684 108.17491
122.037254 113.737305 107.330086
122.26965 114.39465 108.239845
23.840597 20.943827 15.810297
11.681521 12.176947 11.249909
11.633547 12.171208 11.302148
10.313756 10.029218 9.936908
10.381669 10.1556 11.624135
15.612593 15.322545 15.585047
10.943728 11.339105 10.069716
11.326972 11.739432 10.667684
10.899689 10.744581 9.785833
11.390491 12.133005 8.784817
15.257648 14.346319 12.645679
14.861879 13.947926 12.926545
11.500016 12.026037 11.045516
31.344582 22.99813 15.453877
30.53599 21.231842 13.313658
37.76668 28.262764 15.597377
37.383274 26.875292 18.22876
30.576881 22.854698 15.036859
25.346056 23.473913 18.94058
25.335236 23.099525 18.54458
30.844664 23.005148 13.339006
12.407936 12.642991 9.8207245
35.258503 41.422333 45.32412
39.409313 47.25896 53.568947
44.204754 53.121857 60.567406
42.3373 50.858173 57.8102
36.23115 42.550777 45.84017
39.31274 47.240726 53.68821
21.535498 25.786325 30.88831
13.663387 16.125496 20.371832
9.551074 12.97898 17.976028
14.762387 17.188457 21.119135
9.251779 12.635383 17.575373
14.713494 17.232628 21.596687
115.99993 105.69677 92.79892
116.02607 109.02466 97.34792
112.9498 106.15947 94.15399
115.51982 108.48159 96.494705
108.390625 99.50077 88.70202
118.18882 111.59928 99.714836
110.33756 100.67601 88.12143
128.73859 121.24168 107.83466
93.34681 89.58036 86.72494
104.789734 102.98495 100.75927
111.07011 107.0241 104.17695
103.08323 99.023285 96.71825
100.81115 98.98731 96.73428
94.7309 91.91579 90.075424
127.01036 123.124054 120.49271
101.63384 99.4483 97.34422
97.08572 93.93071 91.08454
104.16114 102.36409 100.18249
101.63135 108.28106 96.999374
100.402916 106.29572 96.15583
115.82682 118.76655 112.27559
112.77298 113.85493 104.532974
94.742645 98.24102 89.407936
107.94606 110.89808 101.83873
98.4764 101.19567 94.36721
71.54452 74.69474 72.82706
79.137726 78.20295 73.89746
72.76131 72.533005 68.58406
65.31553 66.04637 63.176785
69.55796 69.30451 66.61863
75.60442 74.0485 70.71549
64.70956 65.9716 63.443546
78.84086 83.23197 78.13802
74.2811 77.78685 71.401085
73.81997 77.70841 71.32182
80.623085 84.39295 78.63076
80.81843 82.97459 73.17567
84.870636 89.05899 77.97537
166.13835 156.76701 145.43352
161.91412 152.56825 140.56685
164.60036 155.17711 143.15205
109.3658 102.61646 91.04653
117.6225 111.838104 99.861916
69.36678 59.936844 49.87247
117.25965 110.39295 99.15363
15.277849 18.341827 21.84755
15.280964 17.833382 20.661814
19.027283 22.105034 26.33307
18.928448 19.156681 19.751894
20.98531 21.844368 23.00164
32.968716 33.036892 33.04417
0.013575996 0.012198721 0.010493523
4.2127233 4.210592 4.2091165
15.219577 15.281751 14.837285
59.18426 59.23207 58.63771
20.0061 23.285948 27.767273
19.727922 23.115396 28.023905
15.037383 17.056894 17.83076
14.9763565 16.88726 17.616495
83.368324 92.269485 90.364685
70.39877 78.581314 76.822296
73.174095 80.01354 80.02702
71.40505 78.47034 77.23283
67.44404 78.789444 77.99931
65.77646 77.32923 76.6283
69.53212 75.98787 74.19219
69.08788 76.00741 74.33759
57.98167 68.87644 67.54255
64.99197 77.058075 75.87673
69.67719 76.972916 74.62751
64.66155 74.38531 74.20282
66.40197 74.305725 71.056465
65.636826 74.39108 70.876015
61.04863 68.602135 65.455055
72.31038 78.26106 77.00715
48.12392 30.710772 18.21046
44.6768 22.750286 12.040335
41.8586 23.445745 10.277652
48.17275 29.02243 11.856468
35.04768 23.972029 10.197868
45.654663 30.832857 12.00587
41.568554 21.642597 9.577275
48.28572 35.322906 23.735203
48.45132 31.383013 23.090277
54.748745 42.564682 31.57652
59.11297 46.22017 34.367077
61.97393 50.81115 39.271847
60.27326 47.090538 34.773308
35.961075 23.3212 9.790523
31.666338 17.874077 11.07657
43.306213 27.796556 16.101099
43.068306 28.52284 16.446205
37.588326 25.549894 14.42607
42.304314 27.102148 14.829448
42.911987 31.450598 19.089785
51.588196 43.389637 31.643253
53.309395 43.750614 31.660568
50.886932 41.31697 30.383932
53.790916 44.94199 33.162716
54.419086 44.062305 32.69126
56.32776 45.64053 33.56675
47.190357 30.848532 22.273191
45.2606 32.19918 21.947466
52.946384 38.055977 27.761173
54.30441 36.632004 24.18203
44.39062 39.421677 35.012035
52.895985 32.862274 16.632334
50.960484 42.52943 31.343073
51.22043 42.84778 31.711823
51.014526 42.982555 31.834269
50.78908 42.293556 31.118052
45.510117 27.139433 15.778324
30.995377 28.014297 21.963928
58.982784 44.604755 30.998755
61.236565 47.273453 32.985703
61.353928 47.702377 33.597443
49.583145 58.437317 93.71632
49.596 33.142155 20.052008
48.473618 32.536613 20.284407
79.056274 48.437286 25.940908
49.425217 30.92389 20.014822
57.701492 83.25857 138.56725
55.431515 80.55943 135.60295
53.56685 77.18327 131.33917
55.0283 79.12136 133.71336
53.287884 56.799313 52.70733
44.022297 27.798656 21.328447
51.02371 35.05201 22.76547
62.965275 87.813934 141.41394
61.81423 86.77081 140.27025
62.805412 88.27736 142.15521
55.77918 77.24886 126.24424
58.80256 39.30261 28.77475
35.157173 20.619478 10.660337
42.134842 29.119429 18.98836
32.765076 20.575077 11.926447
34.53963 25.486506 18.216528
32.861256 23.316444 15.315232
38.712708 28.376816 19.344843
44.72497 30.88267 18.669716
49.302937 34.18872 13.599082
23.369043 17.442467 10.617642
37.18908 25.632727 10.475324
86.15691 79.51173 76.52638
86.955765 80.01184 77.10933
83.54429 76.87057 74.29523
87.09674 83.04932 81.59518
70.32264 67.259155 61.575275
78.80374 75.58606 69.99652
70.34058 67.42266 60.063717
80.62561 76.77295 68.04312
102.85532 101.06808 91.33176
100.68752 98.91897 89.692345
108.312935 106.22892 95.74419
104.2042 102.74724 89.76904
103.04955 100.80236 87.88342
106.93707 104.34809 91.13042
82.56327 77.992455 68.812004
112.08995 110.21735 104.26981
79.600494 82.75504 73.70048
69.681946 59.08395 57.289425
72.06197 61.0424 59.386917
72.56885 67.5898 63.763668
70.9797 63.243122 63.14812
101.87736 107.229904 79.58406
98.3553 103.28067 77.92612
101.3534 106.43309 81.7796
110.84322 118.77164 88.394226
113.753006 121.85394 89.15117
92.368324 95.9048 68.98967
94.43279 97.99285 70.59229
103.20981 104.91025 84.87801
100.19557 102.18436 82.42132
102.76386 104.80915 87.10615
105.693 106.16219 90.25303
107.93455 109.08336 89.72317
130.64214 128.09163 116.51671
121.05073 113.72248 102.11166
137.38084 140.09155 126.63905
133.57213 123.73563 108.03945
137.48749 128.85532 113.54602
134.76428 126.281525 111.0628
121.97452 130.54858 122.68657
123.50602 131.39645 122.45608
134.5126 125.17921 109.96914
119.0889 127.8321 118.75022
125.28552 134.55501 120.99629
125.00859 134.30461 120.55271
124.7209 133.98639 120.23594
145.00276 158.20485 151.80055
143.57085 155.17491 147.9593
145.7476 156.0907 148.52493
145.35452 158.23718 152.20596
148.60272 155.51363 146.47191
148.15694 155.6114 147.13602
133.73503 140.25903 132.97856
131.90395 138.34183 131.22256
54.491196 69.61233 79.74012
124.62391 129.12685 122.36363
146.92651 156.6021 149.1272
153.5588 163.21564 154.96992
136.96193 145.70717 138.39682
156.05028 167.15616 161.6197
156.12437 167.97888 159.32465
39.788128 42.702606 45.07985
33.78977 36.055355 37.2567
27.515364 27.767044 25.812002
26.47057 26.09454 29.883718
27.970816 23.055582 23.35714
31.039055 24.66142 24.312576
25.604525 22.40623 16.838629
21.807804 23.175537 16.288113
29.217577 26.476242 20.370716
31.3657 28.838497 23.562092
30.387703 25.922512 16.906641
33.57039 29.496737 21.083849
29.943203 29.602623 24.497492
30.16019 27.327988 19.609215
34.813377 33.24017 27.770191
32.42971 28.480637 19.889883
29.925266 29.981407 26.042368
32.199802 30.58967 26.09572
27.306084 24.564978 18.758486
39.348057 35.781277 32.89605
86.04125 77.37656 83.125595
33.8586 33.552387 32.205902
33.033676 31.148582 30.240597
33.710545 32.830463 31.672438
53.29831 47.107887 40.786064
33.543926 28.227053 23.404427
37.788197 31.171045 26.206919
35.497196 28.77603 24.295557
35.992424 28.773472 23.857616
30.354517 23.864962 18.10264
29.780554 24.243155 17.102377
30.050959 24.551107 17.3959
34.264698 27.497 21.215805
30.363043 24.756025 17.7131
42.365765 31.256895 25.939367
25.332743 21.769175 13.29172
29.439875 23.606264 16.89172
23.289522 20.122053 13.603213
45.556355 33.259975 27.216888
37.95501 29.346483 23.026463
33.3598 27.416626 20.067322
23.004362 19.099754 10.670142
20.100508 18.209312 14.063814
23.912577 19.7919 11.018134
30.147795 26.604656 17.997671
30.929201 30.322184 23.373898
30.816364 30.15078 22.90805
31.75819 31.119265 24.09913
41.103592 47.21256 49.154453
42.09349 49.43614 52.548122
41.80682 49.133694 51.64548
85.73645 83.316315 80.90077
73.5757 70.10759 68.33402
80.11753 75.94763 74.1757
101.82482 101.8807 100.71946
83.82545 80.96652 78.704704
85.8264 80.844795 77.21725
82.53166 77.67769 74.451744
75.332085 71.605576 69.73714
77.58577 73.9635 71.78413
93.61652 88.12176 84.11231
103.69156 98.12694 90.73812
95.29788 92.709656 91.55481
79.17806 75.38348 73.61007
96.87585 91.91359 87.90802
95.53219 89.206856 84.42062
95.494736 89.204 84.33137
101.593376 95.44991 91.14576
98.50084 96.8142 96.09195
89.61682 76.97685 68.52219
103.1331 100.932976 98.89782
91.47677 78.71622 70.22191
124.70572 129.20596 120.10556
111.243256 114.06791 105.60259
94.32409 97.529434 94.107
99.572945 99.96547 98.765045
99.4484 100.94117 100.10445
97.66401 98.96291 97.87208
96.11743 97.17672 96.186295
113.791405 118.91648 118.87155
114.83305 119.5593 119.24266
122.995476 124.20229 122.717
123.13206 121.66736 118.35537
100.47195 102.17465 99.14346
130.37958 130.59596 127.69874
127.32877 128.38872 126.95373
97.8181 98.797905 99.22184
91.9294 95.969894 98.86122
119.73035 120.198265 119.18938
123.54238 124.52192 123.59052
129.55989 122.84939 119.42686
61.692574 49.40564 45.024693
99.61689 89.81974 85.21587
105.83984 96.86995 92.262695
168.42656 165.30835 160.01949
82.27962 85.75596 82.1477
98.01538 94.91103 91.692505
96.79213 93.175766 91.17685
79.91756 81.808525 77.51654
70.62354 72.235054 67.468895
88.92579 95.728615 84.900604
102.900345 99.37108 90.83043
84.74127 83.25092 74.91989
74.2668 79.954254 68.11822
100.01364 100.366714 91.903656
85.569336 87.15121 80.42751
71.62263 71.846306 64.36868
86.2122 89.41646 85.23017
0.4283325 0.44249877 0.43252993
3.1797671 3.4127889 3.280669
0.71972454 0.7722905 0.743958
0.58363664 0.6006231 0.59249055
1.1685523 1.1594032 1.0837514
10.590687 10.573143 10.054074
18.16511 18.100574 17.121004
14.957108 14.975209 14.191802
14.277587 14.247647 13.4889
12.55983 12.574586 11.979931
12.880636 12.804624 12.190949
12.16124 12.175701 11.599049
13.733071 13.71638 13.002918
6.3721595 6.343991 6.0201015
15.066962 15.022791 14.239482
17.508707 17.48362 16.631578
18.181177 18.087915 17.170422
15.40705 15.41797 14.620364
14.619708 14.626037 13.837351
22.652567 22.554811 21.353893
18.437153 18.437744 17.472897
8.024594 8.102509 7.649451
