0.27009663 0.2702449 0.2702943
0.273062 0.27442113 0.27501422
97.32175 52.374626 64.4046
21.922827 25.7045 24.731657
114.17891 102.676056 99.8411
54.129265 54.12976 54.129982
57.117947 57.11928 57.1199
68.28683 56.01033 59.556007
18.008204 18.962364 17.591742
38.892258 47.799786 31.338572
52.14147 48.124348 43.909657
62.831318 59.325523 55.65651
40.780834 52.989895 54.80752
43.719597 48.05948 49.223267
66.78471 71.91358 73.09714
63.997826 74.98364 70.853806
64.61542 70.07581 76.70173
63.848717 70.526505 75.71688
136.02382 127.63395 117.99352
130.60751 128.20795 133.48227
129.68745 122.45618 127.76927
119.274666 136.75479 136.06088
86.068375 99.54966 93.04223
106.50822 108.18529 98.28374
71.464035 86.00702 81.756966
104.82 106.82171 97.223145
127.29461 128.64474 121.50772
94.710655 99.319916 96.152
124.5222 127.386536 123.52124
64.286606 73.1224 64.13307
98.874344 109.85025 98.20723
92.56342 93.82959 77.27044
83.54195 91.8542 85.06087
115.079025 106.25794 98.43919
118.379196 108.427536 99.26044
98.14624 98.80656 98.48269
140.05296 139.24388 135.20123
146.72887 142.01848 135.78583
66.34129 78.81768 81.183556
60.042183 72.960335 75.87832
105.588554 111.748856 107.50461
86.18744 103.88811 94.04238
97.97926 102.876465 91.89932
94.78847 100.89545 90.2225
96.49764 101.83408 90.87385
14.804458 15.829046 28.397139
36.157536 28.899746 33.81192
53.382088 43.38199 47.555367
64.544395 55.80495 63.02597
69.35691 61.921986 69.15487
59.29698 48.187584 51.427483
59.57553 48.799786 55.0791
65.66832 53.951862 59.55477
34.58979 34.802776 47.87832
66.05505 54.670746 59.08439
51.106556 49.556675 57.70408
52.438457 49.74661 57.330467
57.000916 46.704155 50.500557
58.167866 47.15472 50.9355
68.15309 62.43438 66.27183
40.21662 52.031162 60.512466
35.49502 42.133762 51.54726
46.9979 54.28554 60.636642
48.00687 64.67151 62.23965
61.89144 33.599895 64.289986
92.17614 83.711 91.6275
17.991747 20.219141 15.941038
40.846542 37.747375 33.89794
18.904219 6.7892604 45.939358
151.44241 130.77605 136.64601
35.79623 30.224281 27.792103
27.410828 29.227371 27.62184
37.80053 34.006054 37.084934
36.436775 30.76408 33.105766
69.68913 75.82529 77.178986
24.470655 24.472286 24.472485
29.981096 29.982727 29.983171
30.76062 30.762177 30.762794
33.12368 33.125263 33.125954
103.871056 108.636024 103.60711
110.17933 98.71327 101.25134
135.41928 117.5094 121.13191
114.831665 119.967575 126.01087
108.22211 111.486694 117.95517
61.55109 76.29004 74.61198
130.68176 125.039764 126.05649
103.03086 104.825485 95.98777
113.47891 120.70176 111.22285
106.180145 100.24959 92.33781
113.76102 115.46947 109.84044
129.65955 122.707344 108.190895
115.409424 129.19084 114.44471
101.94914 99.49216 92.86182
146.0519 148.26466 138.6979
119.4128 119.06484 111.84459
99.43979 81.41515 84.0748
120.30227 109.56416 113.54623
115.143425 105.39509 108.127464
101.55749 83.06494 91.122696
92.69642 78.44782 83.97774
46.618626 42.342155 50.609978
58.131886 50.160255 54.90491
58.791286 50.610867 54.81867
75.416115 61.907703 58.958782
72.996346 61.043987 58.729065
58.31159 52.864483 52.90224
49.26824 42.19213 47.618774
77.50676 71.950035 70.90901
46.652706 41.728817 50.36892
43.530037 40.981293 50.366272
38.387848 35.737713 49.580944
20.908394 21.598537 35.410435
27.894112 24.74683 36.908245
36.350037 38.747646 49.7752
41.548424 42.829838 48.615883
38.466106 39.42724 45.453506
24.44535 22.222305 36.93402
25.40779 24.913288 39.02597
34.273434 31.423183 43.428
31.046507 30.96019 43.595226
72.31626 65.71886 69.59849
34.50446 31.980553 43.861023
34.24509 31.496603 43.468185
29.864185 29.651321 42.250107
31.1198 30.865223 43.102776
30.645588 30.55104 42.942696
74.046455 67.44511 70.64141
31.00032 30.64853 42.98248
29.915289 29.815454 42.16201
29.35681 29.351051 42.24845
28.195047 28.533348 41.649395
30.71011 29.932068 42.58781
70.56026 64.392715 68.42111
24.608126 23.390318 41.27872
73.71028 62.622086 64.35639
148.01978 141.69405 147.43579
95.44735 105.32115 105.56829
152.03275 146.51617 153.66914
148.94962 143.54733 150.84222
34.785923 34.786987 34.787457
39.386684 39.387947 39.38807
41.588753 41.589912 41.59011
49.244297 49.24561 49.24531
40.974842 40.976227 40.975636
121.392044 123.309784 126.459435
160.63713 154.58438 161.0359
142.09573 136.25262 143.6725
67.700005 93.47256 90.82032
99.65147 103.96706 106.069115
44.268887 38.9849 44.986385
94.04322 89.28398 99.46843
115.4583 127.88865 139.3494
157.62639 141.28564 144.79129
29.5074 29.50918 29.508785
43.311363 43.313614 43.31255
39.73927 39.740974 39.74053
25.677689 25.679937 25.678602
62.227196 74.413124 76.537254
73.257515 69.97511 73.373566
73.047195 69.69439 72.187805
80.41266 74.27704 72.534584
64.69239 62.62698 68.44948
72.55707 68.86354 71.75281
67.98586 64.079544 68.558624
83.88588 77.47459 78.277954
83.5586 77.468704 77.61289
73.74142 69.35518 72.399956
79.16628 74.91887 74.47619
54.054367 74.82371 82.549164
125.869 141.89429 139.83112
118.85828 123.23612 122.58067
118.4562 124.885315 123.39101
128.01193 134.00826 132.85022
118.45153 128.03941 126.67354
116.53933 124.50172 123.69427
125.257225 137.0466 136.24062
109.125534 101.32859 106.71871
129.49687 118.99021 122.223145
92.40939 102.507225 97.023
124.68824 115.43626 120.58411
110.720665 122.72913 118.28559
129.9233 120.97541 122.92465
90.230804 102.98468 97.71367
112.90832 124.90422 121.412735
94.361824 90.77975 96.25616
82.91338 82.92381 87.55445
133.07237 116.30783 120.88919
142.35545 123.92663 128.21257
143.82806 126.51803 131.53545
75.39568 64.982285 71.01394
143.76805 126.43361 131.2776
142.499 125.879456 131.2996
71.466354 56.984875 64.87963
130.41632 123.47473 125.1693
98.1887 123.29802 119.2693
106.38883 108.97784 98.38266
95.5418 102.5503 106.78066
87.56412 95.620384 102.50602
100.99397 104.85586 99.049225
93.4303 94.25366 90.727875
91.08545 91.08847 91.08876
87.891716 87.89374 87.89411
103.5864 98.01364 89.89799
103.604866 98.083824 89.511055
83.31332 97.91358 92.25005
73.4365 86.65819 79.981766
70.849754 85.86942 80.88464
86.946625 100.59194 94.36677
120.14088 115.34628 105.17404
104.0 124.706604 128.55663
69.307556 80.39351 76.839966
67.88944 104.86886 102.7835
91.82181 92.107864 90.65515
92.81407 94.41498 90.59399
97.792274 104.13213 99.820694
93.583115 96.63365 89.99998
96.63351 99.55245 92.42474
15.5955715 17.398521 28.429659
34.473423 31.868584 34.540047
31.54899 29.776781 33.09054
36.02491 33.668446 35.55801
24.666864 24.719006 28.765339
36.754246 34.04023 35.284378
21.170559 21.51563 27.732794
45.58843 40.302494 33.63027
29.576988 28.325722 31.106382
31.93308 30.10453 32.600735
29.745718 30.02004 32.932663
15.063163 22.893246 28.15929
45.420193 48.98164 42.146786
29.867447 32.444214 32.517235
27.899572 31.899548 35.3146
28.717152 31.213953 32.330715
43.241333 44.194405 38.154842
29.667063 31.884598 32.744186
44.39998 45.80804 40.807053
29.88986 31.93491 32.059677
26.387032 30.20308 32.448463
44.23686 45.412758 39.829094
41.80557 42.791557 37.203426
27.320484 30.657969 34.01799
28.753675 32.45642 33.748188
43.99921 45.507378 40.491512
43.02251 44.51148 39.85939
27.002298 28.159538 29.486618
25.813454 27.275162 28.61403
28.07038 28.534534 29.72259
27.310673 28.159117 29.410261
43.56849 45.21284 40.26397
28.570711 29.369783 30.253267
39.93864 41.558876 38.283985
95.292854 95.92473 86.41167
72.23266 95.601036 97.60699
73.96852 81.581856 84.14701
63.23476 78.96899 85.39529
112.9126 133.83777 139.38832
67.09571 79.027626 84.1008
86.39647 110.774185 113.70964
77.3765 98.930435 102.02627
61.743248 84.557144 88.60202
62.461487 86.93348 91.0133
63.89248 87.45054 91.233055
62.619762 85.89676 89.21904
57.205276 57.200584 57.198063
54.501595 54.500755 54.49927
33.962215 33.957916 33.955643
40.94314 40.94237 40.940914
47.24719 47.24363 47.241306
91.445595 103.983986 110.78775
95.06386 95.3405 98.0708
69.84911 90.56945 99.565994
55.7325 83.21514 93.54081
69.47933 91.46191 99.90004
72.31495 74.69588 80.142586
92.64183 86.794106 87.884125
93.959175 115.202415 120.98147
46.079967 49.81753 50.820297
70.673386 69.315025 61.08019
19.212889 19.843452 32.1605
24.763708 26.235945 37.540615
25.291471 26.816591 37.54956
21.854053 24.573727 35.998096
52.052486 51.127266 53.892853
28.174265 29.973782 38.905033
33.595127 35.49319 41.896408
19.958065 19.852348 31.466282
52.89201 46.349 42.270813
46.687225 41.574223 41.064323
43.222084 37.794006 39.096275
40.72138 37.69187 39.261227
39.65908 36.924805 39.136356
35.018238 32.279808 37.506413
43.390564 57.86228 59.704227
73.39662 70.00267 66.91477
62.342007 65.34653 65.97467
54.818394 59.13013 60.803295
51.92851 56.727184 59.48877
50.202583 55.472733 58.59767
50.603577 55.344357 58.478462
58.58329 62.672844 63.77997
47.951786 55.66716 55.87234
75.004524 95.63385 99.91855
30.369905 37.71058 50.538242
57.19097 62.600292 67.80552
57.76739 62.85576 68.160675
48.234215 65.04962 67.353004
35.197495 46.730324 43.726147
63.295452 77.96202 74.49529
29.272987 37.601208 39.05424
49.510983 58.360714 55.816814
41.179874 60.096004 61.598907
34.3512 48.96434 48.903427
23.507278 23.510118 23.510366
47.465168 47.468803 47.469273
90.7193 88.63867 86.33398
75.35943 71.068375 73.59853
61.780663 67.06939 77.4776
59.8416 66.69412 78.01861
72.1328 74.36894 74.22137
86.42504 84.438286 83.68379
66.94356 70.14123 78.15247
78.032745 77.259964 75.9275
87.77893 83.76255 83.18608
75.938614 71.91996 74.20019
75.77584 71.744606 74.23943
90.78726 89.00188 91.052536
72.5439 68.93027 71.62881
79.071884 78.32147 76.738976
75.38093 71.7753 73.74997
73.16826 74.625175 76.39936
68.01179 66.909485 66.0294
66.530014 84.847084 87.59468
24.118591 46.8309 66.85969
122.6958 116.9983 102.55912
24.851385 49.921345 66.73509
17.608965 34.131416 52.424767
33.17177 57.625916 68.38261
24.547657 43.413326 59.512196
72.33867 73.52327 70.83058
28.01322 47.672375 64.11484
58.182865 64.22374 67.85272
60.25344 61.711246 71.77075
77.55882 75.78239 83.08464
79.34997 77.26674 84.48027
74.78338 81.710014 87.186844
107.45222 107.79213 106.56933
92.91986 93.08058 96.36909
64.87983 68.38572 79.503845
49.781624 57.107815 64.84491
92.9208 106.25932 107.96085
68.65676 84.17592 86.63155
55.287766 71.1823 75.866264
91.050415 103.27207 106.43394
60.733562 77.85047 74.03032
49.64833 69.99869 61.722958
38.9016 53.358837 55.47085
38.109917 55.47031 55.947906
75.358665 91.1796 92.61739
71.59031 86.802505 88.324486
26.044628 36.58707 38.5568
56.1519 77.69514 82.77169
57.322212 78.38965 81.83542
76.36697 97.73655 101.9268
78.90315 100.07302 103.685425
82.40668 103.97517 101.318954
97.47834 116.45556 116.08333
68.60543 90.31631 89.546814
84.35236 98.457756 93.47441
66.7259 89.82438 89.21252
63.768677 86.197495 86.15306
60.330467 84.88932 83.417404
61.14817 84.63202 83.47293
85.905556 96.97529 92.41256
91.06931 115.195175 110.49089
86.96432 102.19841 103.232735
91.86621 109.2181 110.16702
78.25206 99.00096 105.115326
101.506935 110.5208 106.587296
41.403416 57.414486 59.354313
103.946526 126.1799 126.95582
71.245285 83.57071 84.6468
95.78689 106.03719 101.84978
97.442184 108.188545 103.62641
122.222946 135.22678 129.87067
92.055626 106.53236 101.934044
108.880196 117.60617 113.637184
91.63615 101.658264 99.10876
102.34191 109.558655 105.029655
109.158325 115.015144 111.42741
108.541405 111.72417 107.58307
107.26508 112.75701 107.43438
99.75857 110.29592 105.76465
91.52769 108.23589 107.8907
112.78246 120.05281 117.515335
138.19621 138.0249 133.33875
148.61298 151.17084 145.437
124.13878 134.23384 133.0016
118.76766 122.170685 120.11185
106.052956 119.93681 116.17135
77.87281 97.7604 99.79329
77.818344 96.14488 94.51314
82.89439 97.942154 93.717026
99.08412 110.971405 106.26214
99.6188 112.88719 107.70655
66.71293 83.53775 84.28388
64.37991 82.10527 81.53273
65.159485 82.895325 82.201004
75.88358 95.6085 88.056244
74.62125 94.21514 86.92445
1.2120246 1.2154101 1.2150394
109.14706 106.517555 99.46512
108.47024 113.23511 96.159904
118.08006 116.10571 115.184746
105.48024 103.51479 104.909386
111.668076 111.89806 106.103294
77.14315 71.33909 82.53488
95.30951 87.285515 96.14698
103.96602 99.54466 103.50664
124.21343 120.47832 103.26481
124.78755 118.88168 114.39022
52.255146 52.25742 52.258236
52.004 52.006374 52.00667
56.838066 56.840263 56.84113
55.2955 68.63192 66.69167
64.14562 72.79168 75.33111
104.88094 95.082085 101.159004
120.20135 123.375885 128.15262
101.823166 90.69145 96.24608
104.90076 95.81232 100.97926
106.757286 99.07369 102.96464
121.339905 129.56133 137.44685
73.25191 75.12637 86.44436
92.56592 93.98013 101.1089
88.28268 97.53137 102.73531
119.60126 126.47933 132.8388
121.12356 136.95932 135.60234
122.44248 128.13942 135.22498
103.153015 109.92985 105.83639
88.177895 94.245384 87.707466
102.70803 109.32439 105.26928
88.12175 94.3233 87.71102
150.46742 150.91168 152.34001
102.766624 112.86597 117.335434
107.09761 112.5848 115.80164
100.428154 102.32115 101.01752
108.87644 103.859024 112.30269
115.81864 116.66281 125.909775
122.75456 122.32071 126.35285
119.62733 118.97595 122.598434
127.65501 126.738846 131.17538
105.72286 107.771126 111.61052
103.601135 106.6338 110.86436
132.12274 132.02829 137.35234
106.49146 107.47523 111.65676
134.0326 133.9842 139.33734
103.69125 103.64897 107.2747
44.468185 59.729927 60.55534
41.79665 41.799294 41.800034
43.803543 43.806038 43.806286
45.793312 45.79675 45.79729
36.257 36.25989 36.26009
42.426296 42.429386 42.429413
52.477055 46.760223 51.682358
50.752144 45.56115 50.942
42.07846 39.02827 46.84664
51.201103 47.063656 52.041737
42.834854 39.895496 45.930313
49.897076 44.262463 50.48578
49.50624 41.328613 51.31917
52.81254 49.225246 54.01448
59.72805 55.458866 58.85057
47.415943 42.56599 51.31159
48.14691 45.778633 51.970173
48.445103 43.26335 51.456448
46.610622 39.646355 52.003433
47.92416 43.57323 52.006226
37.15635 32.672424 48.161144
61.548546 53.10794 55.307907
47.700447 43.4669 47.59041
88.99511 91.97349 86.96995
113.749596 116.815575 119.77794
69.8759 76.94946 85.76766
137.96083 132.89285 136.18373
105.927124 113.001015 115.293625
105.27316 112.04372 113.955025
103.5947 111.732376 114.280426
114.610275 110.09875 98.71985
77.78457 87.64811 98.2467
113.81545 110.13287 112.318436
106.99001 105.18939 115.17446
95.77599 97.98391 109.55497
103.308205 104.903404 107.80616
98.61702 110.60298 120.92327
79.11807 78.28122 80.88378
100.49497 112.373886 122.09971
98.23501 110.056786 119.34702
97.503395 109.45482 118.788445
79.59251 79.641136 82.622955
82.02355 83.34895 86.402695
107.364914 118.335434 123.723526
38.10967 32.014557 43.740555
39.7325 35.524452 47.897003
88.206245 73.00373 79.48506
45.095707 43.657448 61.42405
40.112732 34.631798 53.03855
71.47612 58.84395 67.89144
67.40386 56.215385 65.874886
45.39506 52.931377 61.314823
49.091137 55.39904 63.831417
55.922974 53.65893 60.932487
50.10878 56.731213 64.62386
56.803173 53.867645 61.026096
57.44256 54.396374 61.3552
45.422417 52.00378 60.504856
45.670273 52.28245 61.124
44.00052 50.918823 59.225147
56.770157 54.38409 61.523636
56.56656 55.050064 61.910667
39.16537 44.617195 47.863247
39.529987 44.74268 48.014927
39.541084 44.813725 48.063015
39.532433 44.802902 47.88074
3.1630461 3.164658 3.1650796
3.0317543 3.0347939 3.0356092
3.977315 3.9798107 3.9804778
2.2178319 2.2199075 2.2205007
0.9633776 0.9665654 0.96673834
3.0557985 3.0581956 3.0586157
6.544419 6.5470386 6.5473843
6.8361135 6.8387575 6.839054
28.178862 28.181704 28.181976
23.401093 23.40586 23.40559
31.393803 31.396545 31.396816
27.973434 27.978205 27.977907
32.027134 32.0299 32.030174
19.286999 19.289766 19.290014
19.486692 19.489435 19.489733
30.560827 30.563545 30.563868
31.734154 31.738997 31.738626
29.698496 29.701338 29.70156
30.961672 30.96696 30.966442
20.82613 20.829071 20.829292
21.8972 21.90019 21.90034
18.88099 18.884005 18.884178
27.34858 27.35157 27.351768
26.767143 26.772532 26.771963
25.861837 25.865002 25.865248
22.270763 22.275904 22.275854
18.616798 18.61969 18.62006
26.932686 26.935553 26.935898
26.124916 26.127733 26.12808
22.372303 22.37512 22.375515
24.078335 24.0834 24.0834
14.627202 14.629871 14.630291
24.641361 24.646107 24.646132
23.266241 23.268911 23.269306
23.545036 23.547705 23.548151
24.817902 24.820595 24.821014
24.06173 24.064373 24.064817
4.619888 4.622507 4.622977
10.711419 10.713964 10.714458
7.71221 7.71646 7.716658
