47.458252 57.295246 80.67005
47.29205 57.07608 80.39565
74.770645 92.41623 131.17914
71.935036 92.970345 141.76967
72.79622 92.82814 131.17603
95.71203 122.88917 167.53262
75.03591 91.04935 126.03002
66.813736 71.99555 95.58484
82.61718 88.392784 120.18696
84.47155 83.92373 106.587944
135.35687 103.54318 69.78468
90.27296 54.63122 17.061996
88.13701 47.52196 19.446854
107.6656 83.671486 36.555832
89.28033 73.68168 29.411777
130.914 96.3634 67.97382
55.204338 35.14572 16.586971
99.89514 57.322304 18.536373
83.7826 46.4646 16.177324
120.076126 87.627235 62.678852
95.37865 67.95093 35.507412
113.23274 84.26508 50.938515
129.22858 80.23811 36.587296
64.87874 75.92341 82.27324
73.36229 70.434296 78.90682
69.69929 59.54805 54.44815
89.974976 84.88231 87.43013
81.73445 78.23932 78.66036
80.12181 74.17158 65.23496
95.47748 85.03813 78.519554
77.824066 62.875313 55.445927
90.82699 82.1094 79.29904
94.169586 79.89223 72.83913
76.2933 73.50389 78.981094
87.493324 82.26453 92.16731
84.03971 83.37198 97.04828
93.12241 91.8761 105.93768
84.09809 81.23645 92.61561
92.852936 94.97405 107.28732
79.82726 77.13581 86.696785
73.01473 68.17283 77.511955
42.385414 38.00037 28.925493
50.602352 35.048607 26.05866
41.1049 27.370031 20.572746
64.853676 67.00894 96.42994
62.207024 60.61125 65.11366
60.67459 58.724865 63.950977
65.43425 63.64225 68.48596
92.79548 94.612175 105.74284
108.31855 111.92503 126.15879
104.64581 110.02447 125.57965
65.88055 65.5816 66.35015
72.229355 69.7142 72.32064
87.52762 89.056435 99.77324
80.11366 83.97535 94.99532
31.506765 31.62918 33.769436
69.403435 62.409973 65.75109
83.89755 84.163704 90.97248
115.87179 114.40316 124.414696
72.32272 68.68423 71.56946
81.87077 88.94801 98.83949
49.430126 51.27741 59.548233
97.14531 95.36494 105.54754
93.10041 94.3065 110.87795
119.0145 117.548744 131.17789
102.96335 96.44185 101.84988
63.07488 64.07483 69.2895
90.11945 89.24553 103.07062
100.58975 92.75614 101.87406
81.02836 75.364746 80.85326
90.57789 83.3843 89.12084
80.25336 71.54003 76.75595
111.75512 100.79279 114.75355
66.021965 65.116165 70.36563
76.31216 70.36331 76.95492
113.121864 107.62441 117.62362
81.57622 71.12547 76.59897
78.52233 62.384396 57.55773
79.93559 75.06269 85.413445
75.55639 68.914375 74.082565
77.48457 70.60972 77.37545
61.630943 53.245064 58.32555
79.67209 67.17663 68.93003
101.74942 86.59406 74.211426
71.69261 52.909092 53.53776
97.38027 74.75174 66.80053
80.12223 63.413956 58.114956
73.20012 57.102863 51.594524
89.92698 72.15893 70.70026
84.203316 66.069084 64.426605
88.0253 75.186356 63.634743
71.67686 55.42211 50.251183
88.3065 70.2295 65.43175
69.05463 55.287415 49.644287
48.79937 47.197063 58.744232
48.75322 50.361088 62.014362
62.889862 62.295155 68.73279
30.175425 33.592484 34.841858
76.75883 71.97053 70.71666
93.9779 86.49587 89.39598
87.87147 81.54147 87.75174
92.7554 84.833984 84.10064
86.03355 75.1271 71.41878
83.48661 72.690346 69.45478
82.510475 72.031975 69.62167
82.977066 72.73983 69.273
82.700356 72.93096 69.94556
82.59707 77.80739 88.67408
82.540405 77.206375 83.81271
80.73237 76.07029 82.573814
88.16458 81.3691 95.82286
86.370445 79.23395 86.787094
79.86489 71.317345 86.24307
81.26786 71.786674 76.37916
85.0 75.54671 90.217125
80.606064 72.72037 79.76249
83.08591 76.15291 83.56246
105.11829 97.71907 108.21625
86.39848 77.40515 81.28084
97.61514 69.10875 50.872116
82.98369 75.648315 91.0708
74.74187 69.84376 84.51942
69.65944 59.44435 64.14174
79.9494 69.75183 70.66375
90.015755 85.4216 88.85354
58.623344 54.939346 52.504402
94.8217 89.965576 90.9488
65.44815 56.642525 52.52048
66.042305 61.508617 61.67751
94.584236 89.82045 90.0013
87.85154 80.91293 86.38282
51.223843 46.513668 43.3622
51.55866 44.248726 40.89195
105.53322 93.9178 84.380035
18.345705 17.348347 17.3388
85.668655 80.43555 86.172
83.42878 81.73793 93.85743
81.13553 76.17811 82.09081
92.61579 89.746826 97.7371
100.29427 87.67111 82.14637
124.688354 116.56667 116.66152
96.523026 83.45014 80.88175
58.670605 55.35474 57.174267
47.414883 44.048607 44.542583
68.102585 60.25359 63.068623
34.72954 31.615328 30.271338
48.567463 39.140533 36.44055
56.618896 39.98684 33.87689
64.12112 51.052452 46.030163
51.76411 38.649708 34.5259
50.868595 38.387638 34.206562
53.34663 40.43397 34.639748
69.98443 48.682743 42.905987
62.52048 47.260033 40.21212
64.53257 47.236862 39.150867
58.675797 42.572655 35.50723
68.31948 50.978546 42.09142
65.22774 48.452366 41.6283
70.57307 53.811604 43.02956
86.174126 68.64447 55.99583
115.12223 96.46437 85.20814
85.10477 61.306644 53.209343
73.14169 48.155407 40.276386
113.403435 91.093506 85.58461
69.57261 53.2402 45.18052
86.322815 64.01812 60.389492
94.74191 75.703316 68.16681
54.3976 39.86521 37.572746
49.18321 31.809425 30.222685
94.92614 70.08544 67.045685
56.68789 34.81832 33.433323
87.31114 30.652952 33.31818
31.718885 29.965805 31.403578
28.52349 28.094477 30.140303
44.374153 41.06793 46.04527
52.107174 37.740803 26.242378
33.77046 24.55588 18.69405
61.05412 43.080948 33.540264
45.8698 32.10351 27.630386
55.81517 37.99217 29.146093
0.0 0.0 0.0
94.446205 89.642204 88.66731
92.1106 73.893105 66.09123
56.00292 38.913216 31.471365
112.814476 100.34144 91.86373
59.18075 40.439346 31.469372
62.396164 45.00306 35.927345
112.01158 94.560326 85.81841
112.67811 96.28149 87.24432
98.68668 78.07914 64.39523
95.993324 81.76165 80.463394
63.71708 52.416042 49.63261
69.17746 55.42262 50.413586
71.365486 51.07905 51.88078
69.080574 57.812805 55.603928
79.92267 60.652023 60.69901
76.86039 58.85085 58.00732
88.58461 63.4905 49.77523
101.92503 80.359604 68.09054
104.390465 79.46312 66.28978
106.64591 84.07335 68.06139
78.51001 80.86211 84.634094
86.44236 83.90872 86.466965
77.380226 75.35154 73.262535
74.56371 71.71314 76.46965
91.30484 79.79168 76.581314
81.921555 70.68571 68.51631
64.009964 60.663193 59.78811
94.293625 97.51214 113.21963
93.32272 90.88861 101.816376
84.86716 86.735054 98.87536
76.58428 76.430824 87.06251
90.830925 95.05203 106.25215
98.83412 103.66166 118.688675
120.19312 124.2079 144.87314
75.43161 73.56093 88.49282
63.48897 59.81318 63.708183
127.46983 122.29446 137.45811
79.54745 75.215454 80.72245
72.347 66.81948 74.95946
83.347046 77.05847 87.2579
84.8679 80.64169 97.012375
125.14461 123.558014 144.40367
98.00018 92.75619 103.72718
76.74345 75.51969 79.02382
84.25934 79.27583 82.810814
108.44069 105.675606 114.86711
99.293625 98.96437 107.16704
91.01631 83.82161 82.72139
99.653275 98.23612 103.90307
84.49703 82.483505 86.41525
73.810814 69.70244 75.30219
79.445786 71.764435 75.968216
83.79043 74.27356 77.807945
100.80141 89.27389 92.87569
87.60008 79.32643 82.2945
92.22014 87.63622 95.8622
98.367294 88.5095 92.93342
92.55217 89.089516 96.22866
92.97197 89.53753 96.632195
99.96469 87.5721 90.20434
99.30238 86.18571 94.5133
107.23288 94.07997 107.271614
75.213974 67.11037 68.35719
72.16708 58.380875 57.18395
83.224495 64.68385 45.703594
84.781395 63.682514 46.311695
71.6846 55.559586 42.525948
63.855576 47.440506 33.27815
55.891716 39.133907 21.420952
66.197754 42.82944 23.229311
58.3963 43.85048 30.26638
57.458622 43.524372 33.651608
37.82564 26.459873 20.889862
77.55871 53.58873 36.120472
82.08021 57.315586 38.830322
39.654247 29.372995 22.65448
74.3862 52.863453 37.06056
60.3963 44.878372 35.387775
75.43823 50.21277 27.902697
91.83685 69.08609 44.515846
65.06139 47.373783 31.412289
65.80581 48.351543 32.336483
70.412285 49.1542 31.575386
74.68233 55.1403 36.158234
35.30975 39.410343 46.448013
50.56728 43.912334 35.520294
49.11797 42.11403 40.700768
55.058983 53.05968 56.652996
42.06153 35.604576 33.933323
33.07798 28.582615 29.39394
24.184923 19.404829 19.692938
44.770317 37.397785 34.467335
44.183395 38.424427 35.26142
58.72593 55.27949 49.77713
50.215366 46.67533 43.173897
46.91479 42.691547 40.21036
43.214485 39.31415 38.404644
42.578953 37.22389 35.691456
90.17811 87.79251 94.94616
65.8356 61.001064 58.036884
63.653877 60.835835 62.03336
74.79649 73.561066 77.26392
112.57367 115.24965 126.74015
76.102165 79.69303 74.87735
36.004448 31.701881 29.81846
72.90191 72.66291 76.25248
68.56065 68.96678 72.73561
67.46428 62.240894 64.86595
27.141136 33.720043 40.503105
36.24576 41.794228 47.378326
54.468166 63.162636 72.15763
51.63145 60.27041 70.15916
52.92322 60.300156 68.31953
45.298073 51.261513 60.463257
44.59823 50.938606 61.686962
48.203133 52.703735 58.26559
47.268696 53.505978 62.44852
67.2572 62.623203 69.78515
65.61936 61.990826 66.07701
39.409973 43.518394 50.710964
41.756046 45.219166 49.218792
39.587387 43.034473 49.20452
41.148598 46.06005 56.72894
36.445232 34.70758 35.314983
80.937355 79.59934 88.016495
46.140488 50.5954 58.3736
45.327793 41.633106 47.558117
45.74789 38.070568 37.50102
41.6732 37.48582 36.06343
62.788483 66.02599 81.38152
57.937588 58.787834 64.12543
56.038136 56.560837 57.368965
70.776665 69.52257 80.13363
39.483227 36.40316 36.708042
53.143173 48.810028 47.581966
64.20193 49.530396 38.647717
67.17135 51.467426 42.84932
81.96909 82.368965 100.5645
37.939903 28.08039 29.339033
87.22797 89.579 104.96326
98.7883 100.86915 114.28468
70.50199 73.541565 86.544945
77.78037 81.96483 95.13266
63.380363 67.71226 81.20351
81.87559 80.5424 90.468124
68.91141 66.993095 71.03207
56.505238 52.82564 56.353397
62.293716 58.94398 61.72917
65.77296 61.652073 65.928505
71.028404 65.79307 71.82217
74.32592 68.178665 74.66185
118.31197 110.49083 118.07344
86.42897 79.09633 92.23487
58.249096 48.77875 47.243397
56.6277 42.370354 36.749237
52.95816 40.963303 35.060978
62.442867 51.614307 48.4728
67.63868 58.597534 54.089657
60.375313 50.238857 45.33514
53.824203 42.170837 38.834816
63.752293 53.5803 48.236168
66.476555 52.96224 47.727505
63.479797 53.99333 44.348347
53.381615 44.092255 40.4545
83.49718 68.91456 60.623806
61.669216 63.890602 72.33759
75.63224 59.985313 53.762764
90.15314 91.07432 99.450836
81.042816 67.95186 65.52224
61.236816 52.492817 58.224957
70.05162 58.610695 63.159023
94.38115 81.72769 84.60013
56.492214 57.01214 56.29154
74.12506 56.638447 46.148224
73.00139 55.63678 45.6037
73.11653 49.53211 35.994858
61.19567 41.6334 31.518766
65.85868 49.522057 39.7383
65.35678 41.38481 26.075758
79.67464 62.628998 49.947872
65.8242 50.70985 39.867065
64.86229 44.065655 31.270456
60.718517 44.243908 34.191826
47.362152 37.313503 36.50746
66.26958 65.843575 78.04582
38.182976 32.62747 39.743767
45.116024 38.097954 42.39505
58.936195 51.721203 54.034008
34.35928 26.532341 25.808914
40.244045 38.290287 44.080853
47.57562 35.68849 30.092022
59.663193 45.138542 36.66787
52.462467 36.743908 31.015568
57.03841 46.778797 39.307987
32.417015 31.167454 31.6536
37.69303 35.031647 37.99949
52.511723 50.45107 57.272034
36.567 33.493885 35.62413
34.456074 28.316282 27.194004
39.28561 32.39079 28.752665
34.578953 29.141924 26.568066
47.359978 42.95728 39.747936
38.705402 34.65717 33.928783
48.271107 43.255028 39.67663
45.39482 38.76911 39.695904
42.586323 35.758087 36.271385
38.219257 31.973265 31.638819
40.17408 34.97924 35.169216
53.909645 46.289963 43.92818
38.62265 36.214855 41.372208
61.049484 57.678436 59.168102
53.09063 49.733204 51.138447
23.719767 18.267353 20.583496
54.121628 34.43124 25.450607
53.340748 32.94092 24.994116
71.63363 51.637753 36.357334
56.58391 36.012463 22.924475
71.03095 66.74307 74.13456
73.58303 68.881615 76.32319
45.746086 46.7598 50.880272
85.05185 84.34279 109.46854
92.003845 90.73172 88.618065
73.48958 59.967842 55.614216
77.65221 61.655453 58.13414
64.350845 53.162636 46.77634
71.2155 55.264202 48.836624
90.39704 81.55597 80.15837
84.139885 71.87003 63.546474
81.79163 68.08229 59.92656
102.96358 102.73163 114.566536
81.38074 75.7029 73.11871
99.02803 97.65694 99.64281
77.026505 64.600365 59.891624
77.02414 64.12015 59.51872
71.75975 66.10328 66.35719
80.62742 69.774994 65.24655
81.1087 83.47642 97.97808
70.028175 63.97952 63.04893
86.653275 82.3394 80.9216
29.029562 33.205357 41.99954
58.407516 56.771385 69.81809
53.25878 48.787045 49.22366
37.25841 33.269207 32.437912
35.97336 32.44032 32.019184
38.260033 35.552868 39.601196
42.73784 39.748493 44.128624
40.353027 37.296684 41.66792
37.710823 33.03577 32.50505
35.966038 33.601753 35.42665
37.66954 35.216385 37.999443
36.513947 33.942867 36.930035
38.794506 32.17723 25.347187
74.018166 71.51636 86.63321
70.2724 67.184555 81.26745
70.03248 73.936104 88.4975
60.145447 54.962467 58.24789
46.0607 36.336067 27.456537
63.313408 57.48814 61.34515
58.267586 47.188816 53.746086
79.385506 68.85534 81.16087
75.64248 64.232506 68.40228
77.65142 67.10082 70.73677
69.98675 58.25549 62.231907
77.74099 66.22926 69.41581
76.45904 69.13011 82.48267
74.05176 66.697525 78.14809
76.90492 70.85238 84.33444
73.94319 61.130524 62.27027
66.24261 59.1346 64.45144
65.99796 58.586277 61.85372
48.27435 41.287834 44.126724
76.01622 72.39704 77.22875
91.51478 88.03902 112.25183
80.46835 77.59313 95.018906
71.47405 68.844734 83.24562
103.94468 100.832085 132.2807
104.89695 100.81716 133.61084
70.43606 68.7301 72.14549
64.03591 59.590214 64.32156
67.01441 62.910667 69.820175
99.43722 95.07047 124.54703
99.148224 95.25925 125.52322
93.77912 85.60379 90.18617
93.41827 86.45983 90.34478
96.98017 88.02428 92.09022
60.442867 56.402557 59.16231
71.2743 66.36609 66.39343
53.896023 52.611435 60.64475
78.43796 81.911316 102.27407
93.263 86.17209 95.30229
60.92869 62.277176 79.33537
60.6277 62.440136 78.93253
87.165276 88.25257 112.452415
57.19595 56.881798 63.916782
55.762764 55.12061 62.511166
85.66778 79.81716 90.46858
81.35599 79.41201 86.54142
67.567696 64.256096 76.197525
103.93073 98.77264 111.71606
82.990456 81.59985 87.776245
58.017006 45.3306 41.49166
58.28116 46.022472 43.426975
69.51506 55.441387 52.606293
90.760864 86.036606 105.11982
87.98165 82.05782 86.704384
91.32893 85.54805 94.12246
81.30534 73.89927 73.666664
75.30141 70.48907 73.29673
84.41905 76.69234 77.40738
82.972336 75.6062 73.15481
88.64271 80.17612 79.25535
87.794 79.71004 81.57163
84.70508 77.343575 80.548744
87.37647 79.10337 81.99935
81.501526 71.98823 74.89913
122.25345 109.32291 121.43263
82.147255 73.75623 71.760124
64.48272 57.934296 52.996063
63.89848 54.635574 51.007183
64.536514 55.06422 53.899918
77.09212 63.66954 62.201927
63.87027 60.131035 61.321136
75.42938 64.09188 59.83755
62.270084 42.85585 37.106014
69.735985 53.93541 53.850292
72.98332 54.86855 54.114403
68.386665 56.31781 66.83533
70.69067 59.846123 72.969185
105.211754 90.4387 96.78871
53.423824 40.993465 37.52998
106.91896 92.48753 98.841255
99.00635 80.34325 74.60041
71.1764 65.759056 80.52877
54.02539 49.46284 61.75183
54.55681 48.614124 59.98309
77.119774 56.40344 46.994022
73.44194 62.47651 60.063293
64.52854 43.240894 28.657679
72.75697 48.005142 44.29928
72.518394 47.171486 42.818367
72.246826 50.55565 39.143917
58.938652 36.753128 24.78672
74.607124 49.638958 35.18168
64.84751 39.285145 26.014503
83.97382 55.74085 37.330784
93.58095 64.7964 45.127003
96.51325 59.661106 37.341904
86.75438 49.744556 29.753637
98.05217 61.120934 37.7598
88.12793 58.75007 38.10759
131.94144 90.2952 64.49416
93.05143 61.394867 36.85511
65.213326 44.535816 30.755583
65.84103 45.22051 30.458067
63.843575 44.89042 30.638634
61.712677 37.719025 24.477203
78.20554 65.30979 56.292004
79.68687 66.478226 60.755955
75.13613 61.014965 50.713417
76.440834 62.336853 51.973034
68.53336 54.80896 44.31642
78.48337 63.99268 51.94083
67.10041 60.199516 66.67589
59.352886 53.05347 57.64197
79.35924 70.00241 64.78779
71.761604 59.79506 54.300808
68.75424 56.90061 52.02581
78.68687 67.65365 60.495136
76.04592 60.018024 56.927948
94.195114 80.29191 73.54823
86.09684 71.897644 63.756462
82.35919 62.824436 54.923454
73.17408 59.292976 52.852238
63.69632 53.21958 57.533176
77.38389 65.73005 55.61579
109.159904 95.12033 83.22157
108.35719 94.201324 82.24692
104.6935 89.66996 79.26745
105.90168 90.53257 80.317444
109.80896 93.46618 82.469696
104.9406 88.94078 79.465805
106.34172 90.259476 80.76499
105.34311 89.60287 80.29729
86.25563 72.19706 67.94727
85.16463 68.57928 62.738533
72.91604 60.840794 52.96919
92.49124 77.988045 72.12978
81.28811 65.02048 60.66412
80.49736 66.392685 66.22315
71.52432 58.855804 58.729866
79.80641 63.6751 54.487305
76.45371 62.782227 57.806087
53.918358 44.540127 40.946945
77.91901 59.95186 51.744045
63.37522 47.01191 40.970066
59.713326 43.806644 39.222824
53.9684 40.533962 36.759987
62.172596 50.392365 46.080482
58.92239 47.024834 43.404087
74.86271 66.82411 64.85131
46.22528 38.433834 36.010704
77.96418 64.65749 57.548283
81.15119 70.823326 63.33018
63.140812 50.291817 43.128254
72.95371 63.837364 56.729683
73.28945 56.640022 50.053886
50.071217 41.361645 36.769207
97.89139 80.10439 80.16537
100.60801 81.20582 80.89473
77.896996 61.74715 55.373646
78.437775 60.127605 54.23376
88.67649 70.27606 64.62844
52.461864 46.859512 47.40163
87.845566 74.92146 74.19391
113.243256 99.70744 99.307945
106.2876 92.65666 90.7567
65.0809 59.515152 59.495922
6.141924 6.141924 6.141924
15.097813 15.097813 15.097813
11.552636 11.552636 11.552636
5.7579465 5.7579465 5.7579465
5.2716618 5.2716618 5.2716618
17.690483 17.690483 17.690483
19.779678 19.779678 19.779678
16.208323 16.208323 16.208323
17.723751 17.723751 17.723751
17.81364 17.81364 17.81364
19.743212 19.743212 19.743212
13.44324 13.44324 13.44324
17.802057 17.802057 17.802057
14.356732 14.356732 14.356732
19.145353 19.145353 19.145353
15.647438 15.647438 15.647438
