0.71192575 0.71192575 0.71192575
0.71172833 0.71159667 0.71146506
11.540872 11.520172 11.434349
60.284454 81.48927 93.30759
229.22365 245.44688 239.15862
239.71739 236.85931 240.53175
8.880512 8.880413 8.880249
14.950178 14.950047 14.949882
8.838917 8.838785 8.838654
91.673096 93.62594 83.15779
92.56621 94.69189 84.164246
90.95663 93.20778 83.04699
93.518166 95.64381 85.00668
93.752464 95.65559 84.94027
148.21335 150.54729 149.08382
143.17444 144.3149 142.73325
148.97235 151.24303 149.58142
143.84483 145.41356 143.5958
110.86225 110.40746 99.83382
55.43366 49.346848 27.426977
20.684908 20.243353 18.05206
15.375937 14.30331 10.492267
10.761748 10.77705 6.059563
20.611755 20.403482 13.694748
27.847836 27.652527 21.664473
27.681519 27.48075 21.326477
24.649368 24.359747 18.354053
49.098988 49.276657 38.95962
46.35379 46.19103 35.30841
108.66523 119.20317 123.73003
104.618996 117.31157 117.74316
137.0849 146.51152 152.02379
147.03403 157.94975 165.18294
16.729664 16.924082 12.651639
28.067066 27.945965 23.893412
19.390352 19.39611 14.952481
16.965183 17.50408 13.805515
22.594774 23.007504 19.431091
24.296959 21.69613 17.701527
24.984732 22.468903 18.563677
14.579308 14.424642 10.770798
23.984238 21.484138 17.490555
36.06825 39.84211 35.297848
27.366165 26.797617 20.42326
22.857477 22.405687 15.785606
26.36001 25.93991 19.268625
47.076347 53.81555 41.696262
106.978645 106.95024 98.3682
72.73914 73.4717 64.21805
24.439516 21.928196 15.235356
32.645058 28.050251 15.672272
35.35547 30.41151 16.7552
23.546432 20.864979 15.852837
38.940735 35.444088 27.672272
17.959787 17.47318 16.075918
18.729828 17.999441 16.400816
26.304857 23.827728 19.122482
14.424148 14.09405 10.431914
55.788963 50.499737 40.746346
51.413914 44.281097 33.57006
20.730059 19.200836 16.852343
31.841944 26.302883 18.887884
24.819633 23.88265 19.388016
81.171486 73.45232 60.61162
43.51175 38.266323 29.401705
31.847967 28.389101 21.210182
32.45133 28.244339 20.598
35.710873 32.2296 25.68017
29.933033 27.57243 24.024912
74.55058 72.1086 65.24424
26.18086 24.09711 17.245953
35.059826 33.05028 26.426123
44.930073 42.535015 35.49618
32.752434 33.839905 32.00125
30.00158 28.932276 23.943169
27.401836 26.834045 21.903515
22.523233 22.105106 17.990852
23.239864 23.588226 19.71752
15.335231 15.238778 13.494998
19.615704 20.767342 16.245953
15.969626 16.06858 13.447808
18.51155 18.305483 12.986705
27.905916 27.783895 25.420725
19.697414 18.069073 14.200902
21.773891 21.283928 18.863203
13.093195 13.653876 10.684612
19.202053 17.052258 14.513986
22.645222 22.111294 19.677998
12.770732 13.459457 10.469593
26.54278 27.909472 25.259016
26.355238 27.172997 25.009214
15.466566 15.549822 13.924707
12.7157755 13.186455 10.088785
19.682276 19.624424 16.420725
25.33747 20.899105 16.217125
12.040509 12.643148 10.55104
29.989668 24.195538 19.345236
12.504673 12.718606 10.677834
30.482 30.931322 27.448204
24.712452 25.13818 21.601784
27.75826 27.858398 23.239634
36.733315 36.07891 32.207024
32.27807 32.048374 27.938595
30.7603 30.311405 26.1494
29.187902 28.873766 24.681025
27.135843 26.180893 19.615934
23.754246 22.654436 16.225056
32.19396 32.906574 30.378275
19.510597 17.073023 13.761222
43.84507 41.012012 34.28383
42.147198 39.2164 31.454489
32.013165 31.180796 24.938068
44.594414 42.08138 33.388477
33.294262 31.799295 24.581644
38.69876 36.323483 27.937508
30.001184 27.311768 20.414572
43.24177 42.558247 39.429348
23.580559 22.015467 18.935337
43.98052 40.303802 31.39996
16.706661 13.43708 4.783862
12.287449 10.536988 5.434777
76.20432 70.38133 61.033993
15.4136505 13.718869 9.01879
12.623997 11.884131 9.172338
21.322462 19.691029 14.419014
16.498783 15.002797 9.6469
23.396242 20.98677 13.599151
65.94708 65.82549 52.906376
95.48374 92.15546 85.57493
49.201263 51.906445 40.390583
83.788635 79.02718 69.75375
73.04225 68.50697 61.690636
79.643875 74.97611 65.70903
87.19136 82.50375 71.26622
14.528926 14.931815 10.185896
15.188199 15.576181 10.766783
73.20771 76.8763 68.116264
75.5099 77.75398 67.899925
23.442806 22.98075 16.808773
13.6538105 13.237265 8.993056
23.980486 23.06384 18.667566
24.187279 24.200869 19.519318
21.99026 21.811998 18.22045
22.260597 22.163618 18.336811
20.965347 20.815321 17.007998
20.583948 20.208141 16.019382
13.397887 13.27682 10.230584
26.85682 26.305943 22.643707
25.376102 24.456594 20.8402
33.597507 31.581577 26.012308
41.17464 38.240227 31.393478
42.31871 39.808018 33.527016
40.94376 38.27149 31.37574
39.251415 37.229465 33.582794
35.45403 34.016716 29.949125
32.500755 31.400948 26.31598
35.158844 34.27922 29.23394
65.101685 64.59797 58.123634
29.825392 28.652395 21.9537
33.007996 32.12597 25.884033
31.642689 30.525635 24.977886
23.794195 22.909899 17.263493
29.526623 28.472225 22.480156
15.049329 17.622154 17.170198
21.389364 24.89736 23.351257
18.531065 22.104647 18.084969
20.288864 23.394827 19.252337
18.191555 21.629196 17.329176
16.165163 17.870968 13.412564
26.22081 28.785244 33.9072
25.398512 28.838192 32.989372
62.61929 61.17981 56.882915
60.511353 58.748093 53.86047
64.480225 55.9508 40.79314
15.84688 12.4841385 7.788041
11.162564 8.629031 5.3634987
11.555746 8.648973 5.3279915
18.102903 15.807325 10.813446
44.92316 41.891075 37.922733
30.983677 27.395025 21.35231
24.090868 20.5394 16.34622
26.707714 21.23878 16.360931
30.757998 27.374886 21.692675
18.357706 12.931651 8.734039
22.463703 19.534685 12.650553
22.761879 19.80999 13.021818
21.925167 19.101717 12.389002
23.864815 20.656115 13.522114
24.954752 22.013098 15.131664
21.074701 18.265532 11.781986
24.887522 21.947184 15.275964
21.723146 19.012669 12.239075
26.287054 23.606916 17.306469
27.011715 24.058674 17.520994
23.115868 19.889923 12.85547
24.371496 21.131533 13.976174
25.43244 22.1804 17.196789
25.740686 20.934645 15.386534
20.33691 16.748354 11.268264
24.175266 20.154799 9.674411
18.631565 14.706957 6.311274
22.468178 18.884165 10.954653
17.17507 13.598 5.1880345
24.418224 25.258062 20.010399
29.28791 29.318876 20.890385
48.61057 42.797684 27.2886
28.091484 28.065025 19.587765
23.165197 22.819897 16.6134
28.59517 29.934284 22.363861
25.115408 24.09326 20.788666
29.390121 28.309036 25.277544
19.178623 18.217224 16.679808
24.961103 24.718803 24.665888
32.32299 30.222456 27.965084
37.924576 35.130478 33.233547
54.359943 50.832893 48.305088
65.7292 61.81792 57.583717
35.90641 33.418488 30.659668
36.83974 34.207188 31.451363
48.822594 45.12923 41.95337
50.576313 47.521687 45.292088
48.531063 44.562096 40.447906
49.764217 45.87449 42.344707
47.640747 43.53801 39.303146
49.60593 46.03689 42.692345
77.22242 77.16543 69.83826
90.53748 92.07743 82.85458
69.680336 67.19994 63.747334
35.939087 33.723278 30.227985
33.13311 30.40572 26.793076
48.742332 44.37005 39.793373
47.082962 45.176617 42.64121
47.03235 44.000854 39.67563
57.071247 53.534058 50.452644
50.94534 43.698006 37.74095
15.879558 14.354976 7.683395
54.82381 52.90299 47.114124
41.974037 35.66072 30.346321
22.863466 21.283928 15.992761
55.836414 52.52274 40.987923
66.705345 64.701065 55.61416
67.81299 65.76579 55.21844
53.483875 56.748158 42.51336
27.871923 25.047485 20.046926
32.289326 29.49378 22.94149
30.489996 27.818678 21.103725
14.959622 14.046696 10.183954
14.058017 13.631039 10.397624
19.671745 18.44399 13.7653675
16.113794 14.589608 8.23733
21.050941 19.085363 13.450441
8.774977 7.744998 4.478906
23.124392 21.240028 17.776327
35.004936 34.677372 32.64308
24.312525 21.8479 16.373436
29.693827 26.603199 20.911182
22.74447 19.343985 13.568481
28.56993 25.234138 19.663881
32.47713 28.176056 23.32717
26.580196 21.97624 16.994867
28.965742 24.906048 20.78113
40.558544 36.359417 31.90562
27.72476 23.546104 19.12913
25.978313 23.160984 18.595827
21.266356 18.175167 15.268429
22.017508 18.766487 15.695011
21.241938 18.191423 15.057226
20.976503 17.613697 14.188232
86.37686 84.43606 76.72769
22.45337 20.18718 11.203468
121.61742 112.28952 99.87228
37.045345 35.70551 33.09257
126.15236 116.91559 103.32023
116.72394 126.076546 106.64341
8.540608 8.91388 5.964295
15.365769 15.313149 9.775142
39.912727 31.41783 14.5160265
55.257076 44.335068 24.148743
41.115475 39.201756 30.415329
39.674904 36.800976 32.145912
42.355865 38.975746 31.743353
40.151047 36.490192 29.864683
37.358 33.836845 26.674377
39.378933 35.6573 29.056173
93.255264 90.20472 80.823746
40.887753 36.611755 29.607805
31.883112 28.77524 21.441227
39.696262 36.13897 26.718508
47.346947 43.923588 37.786922
42.410885 38.54946 31.522903
34.54854 32.03235 26.317429
30.534653 28.315092 22.698696
26.343063 23.857773 16.687902
39.976307 38.062656 30.236706
50.468903 48.395123 36.18422
52.209984 46.769085 40.285442
45.394924 48.324535 42.01961
39.848362 38.645023 33.983383
82.52504 88.122185 84.22499
85.34635 86.50549 84.58395
47.808346 49.348724 40.241673
35.5104 33.170856 27.847933
28.493979 26.001184 21.006779
42.61646 35.166843 31.589312
32.20597 29.514019 26.21594
56.58918 54.089508 50.901474
47.424576 51.880283 41.32391
41.321575 39.106194 30.772312
21.637785 18.693365 17.997599
26.335495 25.853231 24.818613
35.162365 33.482758 29.578024
32.199486 30.051205 26.56723
36.84204 33.895092 31.835001
48.832664 43.22433 38.48901
32.708176 28.000658 24.84619
33.954357 30.923918 28.83546
35.97114 34.17994 32.107082
56.83681 52.73269 50.76971
25.330492 35.781857 34.85909
34.59645 36.59211 33.62597
46.935337 45.256912 37.5256
57.42961 54.02491 45.608334
36.995655 43.6676 30.511616
32.689186 37.977062 33.062656
18.671515 21.458931 16.101389
24.08194 24.46561 19.118961
20.394596 20.658714 16.275833
17.832632 17.70393 11.993879
33.088028 27.129656 18.116394
49.272606 55.683426 43.426617
43.328617 43.466896 39.093918
88.26043 93.02777 89.53212
33.860966 30.047453 25.011124
33.040672 29.643642 25.13387
11.897657 10.8236475 7.256318
37.154205 33.934975 27.154041
35.69817 40.25928 25.94419
38.61725 41.662663 28.273891
32.57302 33.226734 25.018
37.614517 39.803574 30.300415
35.738678 33.670956 29.437574
44.01652 41.508522 39.107113
33.797024 30.635777 27.424181
30.82865 26.968803 25.256943
31.483019 29.600796 28.001348
32.690998 29.201757 25.421055
43.24095 40.327793 35.79028
38.992958 42.325127 32.155323
54.532513 58.39397 48.378967
34.38104 31.366789 29.986937
36.261944 34.30657 31.300053
43.673126 50.36024 36.623535
52.921844 58.92553 40.08467
51.122616 58.553444 41.9253
48.051304 55.39815 39.501415
51.74141 56.267605 42.531063
49.721535 53.33194 40.638542
51.565254 55.879757 41.413223
42.932835 51.511417 36.853497
39.77557 48.41974 38.593655
40.13953 43.599247 33.94009
109.37548 106.36281 88.33016
52.52251 50.51234 45.88749
50.556107 49.141502 44.644104
121.99454 109.09675 88.32625
49.37074 48.377945 41.151245
53.92089 51.792484 47.936127
91.780075 84.89345 81.69876
97.436 89.95199 86.099976
98.33072 90.78084 86.69119
48.80752 53.506516 47.585857
86.80884 82.14812 73.29488
87.36574 81.55025 74.33306
72.527245 68.556404 59.818283
106.26922 101.796036 96.10208
99.6284 96.78202 93.388374
122.021095 121.00974 114.65207
96.21078 92.61577 85.016914
87.035736 83.41059 79.629425
125.51603 123.24223 117.69142
101.388374 98.89647 94.03107
111.89733 109.666115 102.633736
95.56789 87.624954 81.633804
56.304398 47.637226 42.832794
60.74197 59.30206 50.617973
52.207844 52.680237 40.83615
78.54824 76.81552 61.272705
149.12328 145.4356 143.55832
69.55874 76.95722 53.718376
52.74717 59.223705 40.280342
72.97983 80.72986 65.40022
37.786694 43.964855 30.162136
44.389824 51.522675 34.05262
50.00678 56.861294 37.07615
62.692543 60.512375 52.82253
74.52027 68.65463 62.09418
48.669277 45.51619 41.607376
42.88604 43.323383 30.474728
80.6702 81.05808 63.388046
66.65789 62.376167 58.915527
62.17293 57.639595 53.744503
57.05068 51.092964 46.90809
54.703205 50.3609 40.07625
84.320885 76.42056 61.925495
97.72723 95.340065 85.38315
86.23216 81.73536 72.78831
25.077366 33.188267 23.98134
27.782448 26.816736 24.591976
8.81032 10.1760235 10.130644
8.428919 8.760695 8.588588
16.42168 16.700935 15.870804
13.438857 13.820027 13.166645
17.356752 17.965841 16.048143
12.748782 13.869948 11.410392
13.134099 15.724365 13.456463
28.887127 25.02106 19.150848
43.53146 41.216236 36.47078
28.7577 25.143248 22.714394
25.970318 23.760729 21.274944
30.626299 27.772444 25.526985
58.41062 55.55604 46.325623
185.68198 184.70564 182.30864
97.73697 100.88291 80.1522
89.0975 84.61656 75.78548
23.47917 22.479927 14.560846
25.643084 25.194517 20.407694
25.139694 24.101784 18.977688
42.370506 39.88785 33.271225
41.00059 38.987034 32.557884
28.721008 28.26764 20.620771
41.73335 39.861855 33.73618
20.241247 19.45732 13.2795515
25.268528 23.458866 16.458963
38.261814 36.28564 30.344774
45.074932 51.20235 60.771885
54.602837 59.671482 75.5744
10.323351 10.30716 10.059694
17.066868 14.63377 12.365309
29.84178 31.22545 34.432243
33.727623 37.4074 45.734436
25.480486 24.582533 24.339245
22.949947 23.397493 23.860767
29.345037 29.12314 28.61827
21.459393 21.099316 18.80739
28.009905 28.005495 27.864882
33.67415 33.161446 33.197315
56.1622 65.55265 86.45159
48.406445 55.633835 73.84553
53.77432 59.10251 77.4356
31.800547 37.516354 52.30456
38.21255 43.0284 58.368237
42.512043 47.159206 65.38051
42.117184 46.394333 65.370705
65.87443 67.4925 72.55611
64.491875 65.52326 71.230286
53.81927 56.59122 61.930565
55.261387 57.272938 59.273365
59.227097 56.96005 55.348263
72.29192 72.75846 76.30943
78.39762 81.54239 89.23203
29.132355 27.422075 26.438726
88.681786 89.693565 93.78909
90.59201 93.87452 96.43129
88.573875 86.7395 82.866066
48.934677 51.68356 46.84461
110.82865 113.23374 113.41309
108.9358 106.61742 104.722946
91.297226 93.12433 92.63792
49.600597 51.35853 46.47061
68.232956 66.32006 59.058544
138.11475 133.6395 130.72762
104.72822 97.136795 91.69827
38.807392 40.082237 35.71436
84.268 82.96068 73.11692
40.37268 36.590233 33.213932
78.27952 73.45297 66.36669
61.61962 56.168587 50.967422
39.76922 37.385284 29.228281
50.02919 46.89759 41.09313
134.33644 132.19666 128.48691
107.45429 108.006386 103.19347
70.96811 67.18853 61.3529
23.588423 22.38117 21.615803
42.977394 40.75079 36.98697
120.00118 120.42849 120.70416
58.85817 56.335625 52.437477
36.388214 34.67306 34.112446
66.785576 64.08609 57.241806
54.719822 48.96423 44.126595
66.62265 62.86567 57.437016
47.80703 44.50665 37.41217
39.28636 37.737793 33.565517
79.73496 76.692184 71.81697
107.25003 104.127815 97.42977
74.80864 73.12521 70.20637
161.70508 162.76662 161.73154
192.96637 191.505 189.27356
85.4176 83.756546 80.69994
62.18662 59.257896 54.919212
144.33997 144.54126 141.63936
93.67201 93.00622 89.42204
159.92128 157.47038 154.27731
67.72121 63.30114 57.10692
69.70416 65.39088 59.287548
91.71334 87.87324 84.316475
98.42974 95.08878 90.167076
82.82052 77.213936 72.075226
85.88133 79.67385 70.84708
82.1184 82.117516 80.11942
64.71963 63.20936 56.220318
77.98697 72.18448 69.359055
74.61113 70.283005 64.42448
74.23427 70.36853 66.35774
76.52544 71.56404 66.87288
60.703667 60.321213 50.80433
65.77034 64.68468 56.707153
80.244896 79.5669 76.67721
84.370605 83.386406 77.101326
84.5983 79.97058 74.94544
106.51754 105.714195 98.26017
43.18063 41.844906 36.743256
102.154106 98.433395 90.22996
112.24707 91.7193 69.037056
60.13242 52.824898 40.872974
66.18906 60.62077 54.445045
88.16954 87.73714 81.86669
79.28834 78.402794 72.22956
73.89371 73.50201 70.65631
70.53686 67.46607 62.14483
78.1106 75.899925 70.78768
57.5774 53.783302 51.450275
60.72953 59.123207 58.17602
83.3996 82.62265 76.52373
44.80568 43.894367 39.958767
62.425232 61.797783 59.074306
63.698566 64.379654 63.91003
59.85129 58.40957 57.078648
67.414246 67.031494 66.866295
65.60537 65.21785 65.136795
57.249702 55.554264 53.09731
82.93317 82.18955 80.71657
69.28676 68.531525 67.61103
47.757504 46.705082 43.15266
80.11877 78.08911 74.538666
55.271095 53.586086 50.851124
56.56631 53.020863 49.8918
65.30739 62.28008 57.288204
88.72183 83.21153 74.991776
117.96236 117.45969 115.03633
92.18836 87.38206 75.733284
63.039555 57.34688 48.110867
93.879456 89.67849 84.78501
83.44142 80.711006 75.455414
87.24908 89.20455 88.44445
58.78643 54.731537 51.473278
55.080395 50.206924 45.57822
49.051697 47.16342 45.149467
120.57437 118.690735 116.740456
97.130875 92.02899 85.509346
48.12709 43.47502 41.150223
76.4023 74.35985 72.575294
75.33395 72.36077 67.75033
94.32167 89.29071 85.68504
62.20676 60.183823 56.565422
101.347046 100.746475 98.79202
17.376398 17.025766 14.14328
87.000496 83.73121 78.29285
57.25237 55.403316 51.448795
41.004444 39.84379 36.724926
35.764744 32.273167 27.994637
117.94409 118.90954 118.145226
25.04288 24.305384 22.14318
53.05897 48.533863 41.63907
35.7371 31.903711 30.26583
48.87995 44.069008 40.30183
75.87251 76.7473 74.957184
36.622185 33.273792 29.412695
46.37018 43.876793 40.020206
57.465942 54.727886 49.864353
43.724464 37.37561 33.7009
71.20212 68.47055 66.73805
57.411118 54.689648 49.799755
67.96966 61.660656 58.104088
69.17431 64.78212 63.13943
61.1443 56.40944 52.35662
65.23562 60.826576 57.642
56.726505 51.795807 48.498783
114.31295 111.595665 108.18415
61.6804 59.427437 55.451298
63.539093 61.59632 58.93211
48.55989 46.598625 44.215446
58.58556 53.990425 51.15003
87.81032 84.860504 87.35833
59.7654 53.44962 53.70801
75.02172 68.56914 65.734406
62.384132 57.147163 56.713768
62.053738 56.943333 56.029354
44.94797 41.646374 41.877846
76.38473 71.72555 71.91207
76.3578 71.437874 73.721405
55.67971 50.627155 50.33615
45.493847 41.486904 39.040215
92.23397 82.73815 76.483055
64.87801 56.601948 55.45383
112.43816 107.72213 97.15447
67.23003 63.431057 53.085495
43.17415 41.35152 36.90368
63.167107 59.935368 55.272938
36.28903 33.86906 32.750362
33.125084 27.56858 27.01504
36.073845 31.753094 29.350468
56.509544 52.811504 52.676384
28.33625 23.702515 24.441753
45.382915 39.537483 42.13436
30.564302 24.816244 25.083092
54.359516 52.050087 47.309826
148.48703 149.8017 148.9804
74.326775 69.402695 67.17461
82.315094 78.10787 75.33474
55.42915 50.420956 43.86998
86.047516 82.275665 80.71324
58.17846 51.050877 48.697216
67.71288 63.597965 61.84948
68.742004 62.847275 61.184086
80.96821 74.85853 72.897194
57.24977 50.614388 47.13986
94.816574 86.14874 81.139854
107.837204 95.782745 85.87663
62.77264 57.193005 51.79923
81.55229 82.85086 69.62765
74.29071 71.535774 65.97381
86.412895 91.02531 75.40414
75.21752 73.59563 67.502464
66.310715 70.95637 60.671482
59.874653 59.324932 55.31983
60.556206 60.012077 55.78521
71.86827 76.88966 65.06693
76.490326 74.294655 71.221306
56.65154 55.22943 51.965675
60.768494 58.28939 53.76412
56.48269 54.311077 49.955376
55.1392 52.870243 48.34438
55.538338 52.482296 47.714592
57.021984 54.122253 49.16207
177.48717 176.11646 174.9361
91.869156 90.524185 75.35593
51.452713 47.598953 43.27567
55.81111 52.366066 46.431652
70.2679 74.3169 60.03679
54.535244 54.112675 48.48914
53.42405 51.00931 47.153088
53.63887 52.486736 48.365505
104.31548 103.91039 95.39776
127.903946 127.5849 125.40345
82.583786 79.08451 71.66187
57.26188 53.934414 51.721336
59.199486 56.911182 53.571674
49.924774 48.391735 43.6236
51.153976 50.06055 44.51698
66.41223 68.55077 58.326675
79.886696 79.114685 67.35043
79.84161 78.00362 68.84106
69.82016 66.746216 62.45452
81.16911 80.06289 70.38288
66.2525 69.562096 59.400818
92.239075 95.614456 92.64641
113.89282 117.207085 116.78205
67.66533 64.557755 59.486607
74.130905 77.50451 70.053604
114.99582 112.00754 105.41559
58.094345 57.388805 49.803802
54.439022 53.448696 46.778595
74.61106 80.86106 69.40157
82.19988 83.98061 80.73825
51.971798 49.66681 40.45334
58.512604 57.141438 52.776524
67.984795 76.757866 56.742496
57.745293 57.427044 56.829044
57.663155 60.58026 50.81111
40.27185 38.60639 36.623043
53.95413 53.863235 48.16276
62.67415 59.880642 55.5746
55.63209 57.089146 48.294987
42.51415 44.530243 37.202744
58.616722 62.68639 49.146835
36.774384 35.15256 33.083126
37.19251 34.673786 32.73266
39.683594 37.15845 35.302982
49.614914 46.542877 46.455936
60.00217 61.75102 59.29186
36.775864 35.698105 31.078814
36.664112 37.74694 32.47785
36.193268 37.100468 31.999836
37.551765 38.290146 33.152462
38.326412 38.413322 33.29311
35.02843 34.10534 29.837305
51.230057 44.581646 40.466663
39.657463 37.768265 34.655094
73.54051 68.635254 72.37318
50.12123 44.802456 48.404434
50.083946 44.05838 47.226406
48.24072 45.256287 55.539356
36.379787 33.553276 41.1777
32.416153 29.93346 36.81341
57.673653 54.373173 65.96298
49.342865 45.6856 53.264248
42.39121 38.77185 46.269283
48.20189 44.15845 51.2731
43.13196 38.970055 46.417206
49.19248 47.295776 57.55479
47.33543 45.56937 57.198006
53.45765 50.95531 61.795082
52.89272 50.234962 61.101685
52.6132 49.77511 57.765633
42.494537 38.334343 45.44679
45.789093 42.00375 50.976505
42.671284 39.040607 47.732197
50.507175 47.216072 58.75576
61.084507 60.019844 77.680664
45.19373 40.57559 46.701626
44.806175 40.036922 45.57651
47.149467 44.12192 54.302258
43.681026 40.11192 48.800316
39.48312 37.57467 48.154503
44.813118 38.708965 43.930267
0.7269317 0.7238054 0.71735555
11.701 11.698039 11.691424
6.61521 6.612084 6.605601
3.2106423 3.2091944 3.2060683
3.732098 3.7306502 3.7274253
1.6542714 1.6528234 1.6496314
2.4847307 2.48325 2.480058
15.693596 15.692116 15.586481
9.661446 9.658352 9.603528
3.239272 3.2362447 3.2296631
1.2533895 1.2503291 1.2437475
1.1896143 1.1866198 1.1799724
6.4285903 6.42553 6.3670197
6.698532 6.695439 6.6888576
6.3296037 6.326609 6.319995
11.810484 11.807786 11.731308
12.923193 12.921943 12.796861
12.469166 12.467915 12.412004
9.645189 9.643938 9.623997
12.252765 12.2515135 12.181651
14.296203 14.295018 14.238449
14.296663 14.294096 14.202646
18.766815 18.764183 18.545347
24.71242 24.70982 24.47782
2.684382 2.681881 2.675102
