0.0033849129 0.0038039975 0.004029658
0.0029013539 0.004352031 0.005351386
7.793327 6.9766927 5.9659576
72.97656 50.489006 26.636944
52.56528 43.399357 26.618053
4.224049 4.296712 4.434494
3.6136687 3.6158285 3.6158285
3.088201 3.0900064 3.1349773
1.2949388 1.2963572 1.2966151
0.45818827 0.45983237 0.46009025
65.86741 113.98024 123.84755
28.113121 44.15706 46.773148
29.44555 90.21125 100.778404
39.82176 91.38175 98.15835
56.94191 93.05409 97.09723
46.812122 77.28427 79.63366
57.32879 92.93846 96.18888
54.732075 85.296776 87.00835
61.908802 96.91573 100.951
56.20996 123.82392 137.51154
57.881172 130.70364 142.43866
32.35761 88.33485 93.1776
24.377626 42.997326 40.1402
73.394844 101.85103 100.16741
42.318924 82.04272 73.624596
63.176918 110.7745 102.55606
57.389812 102.55977 94.30999
86.374985 103.028465 83.40448
65.86618 105.40961 100.47882
65.877464 103.492325 95.27212
67.622406 95.55716 92.3471
40.14249 62.65996 50.170536
100.99861 146.07112 144.75438
80.92695 122.2705 96.026985
1.0748872 3.0613153 3.6082206
39.154095 58.412315 50.542877
10.19381 30.637396 31.857254
6.151096 26.575918 20.869053
50.01715 92.067795 88.05909
55.679432 97.55216 93.281494
43.065376 69.56586 67.89984
51.36602 83.56409 82.57289
40.58514 64.238106 61.767925
104.51125 134.05415 140.59094
60.2578 67.897 62.323986
78.78665 87.491264 79.43984
82.07543 87.066605 76.32237
93.01638 117.49716 114.67428
92.64839 83.762634 58.90361
90.63495 86.77215 66.84113
19.502579 28.081335 16.796711
14.907704 24.7 33.436718
18.662283 53.015537 59.57692
3.6939394 19.540361 20.876951
2.8093488 18.468729 19.188297
72.14629 103.878044 110.88085
101.527435 134.65636 144.76074
69.373825 109.083176 120.11902
64.88811 90.15758 96.69478
38.484623 57.50848 64.180756
9.455544 18.1216 16.00432
38.48253 45.781914 31.782753
38.32982 44.51064 30.747324
32.753353 38.454094 28.300806
29.244133 34.725727 21.378336
25.50216 28.690554 21.921116
22.002354 27.575338 16.407383
27.201612 33.14539 20.935621
8.7940035 16.452772 11.541328
21.267214 26.227144 15.289942
33.601482 37.723114 21.572147
115.29407 162.91039 180.21529
65.81122 80.54317 82.299484
79.04349 99.58469 100.83224
77.929146 97.26505 102.53701
89.930626 119.24913 124.6675
110.65035 128.51045 134.43803
88.2253 105.776405 106.54281
109.13649 128.65439 134.85893
109.760216 128.12569 134.10796
102.85074 121.2579 127.26705
119.301 139.06377 145.65912
26.983913 29.657705 16.509478
26.70893 26.900484 17.556866
22.640167 23.392714 16.84007
18.80332 45.946552 64.742874
18.340458 39.115795 54.95909
30.334204 49.70261 64.03317
14.8110895 40.419277 57.963634
21.33617 70.27412 100.40177
96.10915 148.76614 168.51361
63.835106 81.429756 83.55196
71.19797 94.835236 98.89713
118.835396 133.71283 123.96086
124.88272 142.0646 138.21692
69.643196 87.73221 87.512054
83.30071 98.92786 100.63188
102.757835 110.54491 109.126175
85.125435 97.31509 93.373955
91.01737 108.50381 106.10935
67.67495 78.46931 63.218216
94.23285 113.759926 104.9599
84.42747 98.86073 85.11615
99.36564 109.14909 96.77292
70.61957 75.585976 58.362606
90.84294 86.76431 80.25013
40.286846 32.06473 25.71025
111.32643 105.990234 96.872986
99.738075 92.55687 79.69313
117.14819 114.18446 101.96812
70.896614 64.106445 60.05961
108.605225 104.144295 88.853386
70.68801 64.86947 61.864765
53.22247 40.16554 25.166666
114.42324 108.15938 93.22621
134.55754 126.127594 103.85951
10.052418 10.519149 5.5141845
42.95342 37.689392 24.419922
112.64085 102.006996 81.97717
68.59729 68.22598 63.571793
208.34981 201.73285 186.93927
40.52837 41.461895 37.96834
38.697647 34.895164 29.277596
87.5361 97.5657 100.44826
89.20706 97.60039 98.08704
106.52473 130.59065 139.58682
109.508415 133.76712 146.38313
1.0529336 1.3026757 0.6744036
26.35171 45.079174 42.465958
20.807962 44.19462 39.84639
2.9999032 8.507995 3.1048355
17.568182 28.701612 16.96544
20.865892 42.65577 36.586845
75.42498 89.70851 75.44555
39.015347 60.57882 54.493004
38.363087 38.073402 25.453094
29.92608 45.409187 47.130173
68.297035 84.13904 80.986206
51.246487 69.61151 69.73169
37.049644 52.76412 52.061543
39.11225 59.027206 57.821053
27.950161 39.37763 35.09852
55.30564 82.75413 80.721855
52.738846 73.54288 70.449036
30.952902 45.086365 40.144875
92.80641 123.82102 121.33414
26.216248 46.480305 43.3529
54.190845 63.824017 57.5852
0.14258543 0.3958414 0.14539006
24.230368 25.686783 19.507318
20.541264 25.607157 20.011766
30.321308 28.375982 19.808802
23.21786 25.044744 19.312862
131.10612 145.91544 129.53674
136.73705 151.43027 134.71689
92.241684 110.568825 101.645004
119.53772 135.7227 117.09942
90.07637 97.40222 87.068954
94.010155 105.489815 98.779045
78.06238 84.416374 74.663765
119.30735 135.79878 126.84336
114.316605 139.24368 139.67331
64.321144 85.97921 84.92428
73.82456 98.315216 92.37904
38.608284 47.308254 31.530497
28.818665 24.411026 14.106576
27.447485 22.4245 11.4415865
110.63295 139.90471 139.07153
105.24265 134.56541 133.81738
121.46628 153.74988 154.13492
121.9048 157.97581 158.40068
70.23501 70.163605 57.29078
14.79639 28.30232 22.222277
26.612411 52.925434 51.832108
8.247615 15.844842 11.96383
9.88472 21.442295 18.322857
33.125854 72.48585 68.46115
8.661122 15.979497 10.355448
9.441328 30.275919 24.571405
42.222954 72.873886 73.81109
25.948517 46.811153 42.10622
48.604996 84.001 88.32198
40.47798 71.06686 70.27595
132.09077 136.15929 82.55264
12.587879 32.147453 23.466215
49.120407 48.98949 9.343681
112.0 112.627205 70.78691
89.067696 94.04217 50.552322
84.44426 103.760544 96.797035
133.94133 119.20554 102.03772
124.96912 107.651 83.43546
108.24616 91.51431 72.78901
96.84791 84.46709 67.12727
94.97205 83.04014 66.70348
134.52419 119.01209 101.72759
135.48447 119.88782 101.09952
53.84455 66.315475 69.586296
56.18088 67.858444 71.69107
53.18514 66.392296 70.336075
66.70554 66.0443 68.4382
60.328724 61.684235 64.622215
72.046906 70.681366 72.874756
15.985977 21.367441 21.164474
19.594069 25.109026 25.299355
25.09265 29.818247 31.417215
15.325403 21.374243 23.770052
17.24481 24.418505 27.289782
56.370083 104.468346 111.09381
17.843294 23.49007 20.302095
84.357834 104.468765 104.7471
80.04285 102.63907 103.06128
17.849516 23.879755 19.424404
13.301773 31.720793 31.330755
5.722921 14.248291 11.986589
3.0877175 24.021374 23.906511
12.098227 60.162155 82.48146
6.962186 18.29336 16.307995
3.165603 48.08546 60.71264
9.868794 22.988523 19.04668
6.3308835 33.918987 41.48301
5.2020955 43.511284 53.68272
4.766602 46.941555 61.11544
100.776695 126.22624 122.662315
134.60658 123.10445 100.46583
106.68752 105.81264 82.07879
127.799675 118.817055 111.99816
132.80571 120.47837 91.18801
91.184784 98.52234 83.011795
134.44748 123.73017 116.61867
132.84201 139.84517 112.41225
125.23288 145.19553 137.94774
132.23766 139.8388 134.60966
183.18456 183.65761 178.80441
183.74307 184.76215 180.61015
97.48443 115.125534 113.00142
151.80244 149.73044 136.2881
145.4931 141.9154 127.97885
138.52373 131.4539 115.38633
128.10155 135.75046 112.00426
95.2746 84.44987 60.386944
116.98124 119.32347 92.086296
101.22785 105.55919 83.64001
123.61822 151.74449 152.27937
123.776535 144.70483 138.19524
112.45448 148.88336 149.21921
97.816536 117.8726 101.19223
102.98414 113.19449 99.219345
97.50671 106.1488 88.8411
102.28691 111.05003 84.45641
81.05609 92.6029 88.53923
162.17398 172.87837 159.14642
127.60387 134.17351 116.01934
138.19469 146.16714 126.86954
140.53656 147.00316 123.98333
110.22659 118.55435 107.04223
106.90384 118.4548 107.547226
99.358734 109.8117 100.32672
105.92486 116.912605 107.971886
102.98259 114.241684 105.11847
114.35052 125.04194 114.07502
141.29552 136.20718 101.93601
136.36974 138.0177 127.61557
147.67992 127.084236 65.97904
21.948614 32.312122 30.509478
20.41183 34.841972 32.587265
6.8332367 20.095455 16.01299
12.845068 24.982754 22.34094
22.258188 39.3971 37.00329
15.559543 28.022276 24.61902
14.306416 25.31686 21.579401
25.412733 41.76705 40.45374
15.436202 25.777433 21.835815
24.786783 46.312767 43.028175
100.7853 110.01602 107.73317
74.52163 81.77237 79.32737
41.34468 35.292683 25.24887
93.21712 115.89926 117.26157
87.008415 115.20783 104.84862
47.626305 10.13833 5.4704385
31.305866 13.158962 9.807254
39.920406 36.722534 31.642166
56.046066 60.894165 52.00155
55.79971 33.739586 8.606706
49.368893 35.671535 14.6107025
51.99913 33.84355 5.669697
29.621244 12.742875 3.549742
95.819405 56.05677 14.330561
74.23037 53.613476 25.286299
48.77002 28.441618 6.6357512
52.00074 29.668472 6.096228
42.60645 25.476917 5.4315925
52.926758 32.371597 6.9460025
56.187042 33.530174 10.220342
52.971275 23.803707 5.5049324
44.56644 30.585558 12.886879
123.09197 143.88524 143.78311
140.49336 159.09761 158.99307
112.09629 132.649 126.33292
82.62595 103.67234 73.44526
100.78127 114.28394 77.91557
58.825176 61.354675 32.964344
66.56087 65.104706 44.17695
151.205 124.99384 91.817856
126.79288 151.5844 147.87344
113.21619 134.11841 125.665794
122.0451 145.22508 137.85088
133.23134 150.25417 139.03534
104.88524 127.05193 113.81209
107.79207 129.99446 122.70803
110.65197 129.77005 115.67879
109.25013 133.07144 127.11815
67.07472 87.220116 76.796295
153.76593 174.51283 167.11821
81.547714 109.4548 110.622215
59.089264 70.88891 68.16789
184.35706 198.51251 206.82646
89.02037 108.817856 106.26241
66.56022 71.15277 60.47092
68.61454 82.32118 78.25074
7.0849776 43.811348 59.696842
51.90274 73.59262 72.84745
54.51025 62.19181 52.106125
56.79265 65.63088 55.359573
60.144165 69.43343 57.02118
49.4343 56.545616 45.79742
52.833817 61.279915 50.74033
59.43601 67.36131 56.340748
72.39787 74.934494 61.365795
99.22979 118.63975 127.86412
105.647194 127.17669 136.63733
95.70867 114.02489 119.38704
93.80367 112.6754 117.23533
86.13975 104.5628 112.13275
96.34355 112.69188 119.682945
117.818474 133.92769 141.888
81.09594 109.27144 117.36335
89.73437 116.102516 123.222084
123.58243 142.78691 151.10335
52.70158 76.277466 68.74265
46.48946 68.85078 61.27076
38.46141 64.010345 59.32608
61.40187 82.43962 72.18765
83.17028 68.57963 43.688396
49.390007 62.985783 46.42105
86.683395 83.17876 61.750805
76.90193 66.07505 48.032528
96.0627 130.80751 129.90857
87.085075 96.81396 86.07411
88.03956 96.645874 81.82731
72.3717 66.19836 45.379692
61.468567 58.716087 41.649418
75.52092 93.47721 87.86938
93.76921 85.87083 58.416313
112.9617 132.04813 131.83224
100.76038 118.991264 118.69004
96.48288 112.353 106.148224
107.81029 128.45468 122.491165
86.204254 99.087975 92.81554
60.273952 65.34913 58.114376
51.899612 58.103676 47.8058
57.648228 63.117474 55.989136
6.923759 12.210091 12.473824
51.683914 59.781334 50.279045
70.05341 75.064026 68.09878
99.24297 110.75303 107.73456
50.487362 60.932945 56.03082
45.85545 81.40077 81.83295
30.596777 42.534847 40.615795
53.830917 67.22866 65.54504
170.05322 202.14062 208.72836
158.12898 182.20526 184.79507
177.58559 195.07153 198.07788
153.8492 175.0421 177.11821
43.106575 70.489365 70.93185
130.73389 143.0866 142.16806
72.025276 75.739815 69.58862
77.56947 81.49548 82.38691
67.507256 90.78814 91.0618
76.42731 96.84645 100.32589
63.330044 73.82572 70.952286
36.93198 38.403645 41.67637
17.815893 19.091682 16.781366
45.632107 50.736042 40.470535
60.090233 67.19594 56.56415
64.57273 69.6471 56.713184
58.784557 62.92247 52.27727
42.589684 42.36544 24.050774
45.321922 48.62292 38.476887
30.997646 35.49062 32.08098
71.67773 75.86651 62.44249
71.88395 69.6156 48.908768
18.38301 23.622759 32.678658
10.761541 10.995068 16.040781
9.852998 9.973726 14.539717
12.762927 24.017086 48.745003
17.439104 26.2157 26.873243
23.556576 37.44932 44.814217
21.088943 28.385235 30.166216
8.154707 21.381529 29.742037
27.160994 59.118374 75.279625
30.824596 79.89903 99.76396
173.84709 178.84016 172.0106
91.84329 76.94588 44.911446
44.396713 50.05435 40.716408
62.339233 72.23133 48.14665
150.74606 172.52434 161.2983
125.7636 146.82483 149.20142
136.49559 157.8098 128.39262
171.67496 180.14558 175.7175
74.53975 86.943 81.16009
22.521309 15.59078 6.1106706
35.528336 24.806866 4.1508384
13.011412 18.396324 16.934526
12.43833 17.724628 16.207834
55.24845 70.434784 66.876335
48.852676 65.89771 59.72405
48.985912 66.00503 59.786137
68.06222 86.087105 77.221054
71.09774 89.59129 80.143265
74.3491 92.33166 82.68855
68.72176 83.26505 71.7852
22.732624 32.93069 29.58949
30.107512 39.85574 36.270115
68.490616 98.33195 101.92073
15.382109 20.925081 17.093584
37.583977 57.097324 55.22682
109.82182 134.70403 130.06273
86.63075 122.28633 137.31052
44.02708 53.206093 48.704998
30.159832 45.308544 40.676304
70.55393 94.736946 95.488365
52.281624 64.84162 57.99642
55.60174 69.65687 63.24407
3.466989 52.14297 92.1675
46.267826 91.79404 97.19033
75.10722 94.09023 88.390396
94.95725 114.53652 118.36789
105.087105 121.89178 125.0726
106.72795 124.74523 128.30971
77.92979 136.77724 165.42151
56.080593 85.897934 89.59239
52.03114 46.483074 34.793232
92.394714 107.471214 90.259705
88.3502 107.7343 94.53652
81.7156 110.04697 111.61886
93.63501 117.55793 76.92266
146.3107 168.95503 169.8625
95.19478 117.57847 118.393845
118.35909 142.91028 147.82683
43.056255 69.085075 66.20909
31.067698 39.301548 28.925661
64.77666 74.86199 69.13814
164.70842 185.95174 186.13666
118.817024 143.24449 145.45364
138.302 164.11206 167.87021
122.90264 149.90367 147.59474
102.30799 126.27305 127.51421
140.49307 166.57628 170.61757
130.5248 158.12656 162.7923
110.33981 142.18756 149.11934
158.66592 182.0881 183.0773
168.20839 195.81418 201.23734
192.52518 218.8144 223.36432
88.65203 120.488945 124.36693
194.10963 208.7371 208.65631
160.51222 186.59639 192.06934
189.45503 209.4334 213.86015
122.09603 140.79893 141.81012
147.51715 175.18727 183.46199
149.61203 173.07965 178.58823
190.7765 215.38942 221.26225
127.686844 154.22137 157.53398
152.50577 171.91064 176.14862
169.49713 195.83978 205.9333
74.17199 105.19049 110.877335
212.60667 231.93427 239.57101
147.06345 175.13881 184.35117
158.3598 184.95744 190.58723
95.567345 109.51667 109.64626
101.952805 116.15329 113.88578
172.39491 187.7675 190.05481
101.277824 123.79323 125.5175
75.85342 85.98579 73.92118
3.2107673 9.217021 8.57247
6.6890073 22.302288 22.65864
3.2310767 14.380335 11.762154
9.866731 24.157738 17.985397
8.39294 19.732204 20.543037
10.072631 27.744133 24.821535
29.594326 50.05561 51.53127
33.081657 44.02995 37.73314
8.315861 26.434332 23.838491
6.5730495 23.062185 26.537523
2.593907 7.7541585 7.194036
173.19478 185.47966 193.7345
41.10861 58.09371 61.766376
30.595905 50.73195 48.75964
51.15445 75.40755 77.59358
35.841198 47.39578 36.860798
65.010864 65.09075 54.592262
68.587166 67.77079 57.10761
4.9947133 5.151676 2.464152
26.51254 36.018505 25.844938
37.147903 44.86844 30.510864
56.909573 61.627884 59.65967
56.667313 61.47231 59.509125
41.49871 41.778145 34.514153
27.083979 29.05332 23.822115
65.55332 60.466763 55.706543
104.60261 124.17666 124.59949
40.240005 57.302677 58.031723
40.327274 57.010864 57.559544
29.910734 54.804546 60.114086
21.538523 23.540941 25.359253
25.889395 34.076305 34.097355
10.36715 12.197292 12.273437
2.2396195 5.595906 5.7970343
98.641266 122.03798 125.73046
176.75719 203.05815 212.12357
38.369247 48.168922 50.17898
55.76805 70.930305 69.38049
83.80938 98.37376 97.682556
89.57766 100.14539 98.5735
96.92037 110.63533 109.48124
48.461575 67.38062 72.71244
62.783527 88.85332 91.5569
135.55296 166.25267 171.57141
6.081238 5.83372 6.388427
21.246937 24.763895 23.081947
25.639877 29.736847 28.105223
24.69294 28.92247 27.1353
22.886492 26.579561 24.719568
20.74091 24.06931 22.70203
16.486492 19.775854 19.938072
95.6707 119.470116 108.549095
67.13701 86.13017 77.53407
38.036976 56.768116 45.37321
84.28543 105.52779 94.34887
102.31038 119.106125 108.433105
135.88765 148.73459 134.1041
167.49562 178.5716 168.04126
159.70567 169.06444 159.23178
165.88234 174.08414 162.9905
44.61486 60.0304 64.434235
59.308254 94.23356 105.42882
0.005448098 0.007865893 0.0100902645
6.0847516 13.790748 14.567086
90.38882 104.55561 109.65371
73.47437 86.34484 89.69665
94.798294 108.02405 115.300644
114.97798 126.14787 130.6725
131.51556 141.46837 145.12128
52.292004 53.60674 53.178207
104.667114 121.44881 122.61302
64.780365 72.78501 73.56309
132.31255 127.318954 124.24523
0.43594456 0.4387492 0.43994197
6.4324627 6.4351387 6.611702
5.7721148 5.774307 5.865603
5.3314633 5.3329144 5.465345
5.724694 5.726241 5.77176
4.371567 4.373823 4.374597
4.899162 4.901934 4.9024177
3.974597 3.9775307 3.994842
5.327434 5.331625 5.355158
4.77176 4.7796907 4.7807546
4.757189 4.766763 4.7677627
7.2988396 7.3096066 7.3267245
5.911122 5.922373 5.923082
4.4538364 4.46499 4.4651194
5.2258863 5.236815 5.2367506
4.494842 4.5052867 4.5216637
4.1149583 4.125113 4.1470666
5.6184397 5.6284657 5.6283045
7.6268535 7.6365247 7.6582527
8.295712 8.305029 8.349162
