0.0011963119 0.0011963119 0.0011963119
0.010329132 0.010591737 0.0053104577
181.79893 158.60808 130.42665
0.011116947 0.011350374 0.0058940244
0.011321195 0.011437909 0.0059815594
79.244896 78.8794 72.571106
12.124242 11.971376 11.447158
2.9395716 2.912786 2.783555
10.617589 10.507411 10.067606
4.3345003 4.221259 4.0753675
28.346317 29.96589 30.823704
84.43406 63.268734 54.204163
34.978848 34.703518 32.72094
43.906017 37.910538 42.119747
109.02194 117.13229 113.45909
121.520515 109.94958 104.586716
63.065594 55.83161 47.364613
161.99411 155.78128 140.05003
97.71271 104.09019 81.68248
88.625435 90.987335 82.90654
136.57724 128.46548 103.632935
71.866974 67.36558 70.338905
143.3853 142.87602 131.48451
106.49583 63.154236 70.320206
88.71397 77.76593 75.28598
102.310196 95.16334 92.013596
79.53851 68.87348 65.93934
51.041637 66.60781 30.355042
42.89799 36.367588 23.676588
159.4049 138.55902 166.71632
113.740456 150.08684 150.90807
184.10402 194.95267 191.24312
184.06595 194.56326 191.34116
183.40196 193.06848 189.9976
148.4453 151.8722 141.77676
76.1573 72.69804 70.30842
83.26754 69.024185 69.54082
76.03274 72.24816 71.6381
104.92711 86.65185 74.90085
93.59684 75.16818 65.72044
98.48159 80.87369 71.57566
75.8139 50.590393 43.185196
95.375175 77.258224 71.293274
82.20813 65.52836 64.640755
107.92096 92.6236 79.24895
87.33999 73.33036 59.479313
39.89277 39.813435 32.316963
19.198296 21.471113 20.206348
28.630222 29.86893 24.292746
147.436 141.75131 125.74002
51.787407 51.182423 47.50575
44.527893 47.44847 47.55818
91.857376 64.48319 43.894726
63.64995 39.442753 11.448237
56.085697 45.232346 37.088585
58.645718 53.446457 54.59124
50.549137 41.758667 35.47809
52.66483 48.9733 43.03668
46.35405 45.453926 44.685486
42.081085 40.08377 33.18922
23.36149 26.21163 26.669117
74.66941 39.262665 20.814192
132.34964 94.54059 72.80777
98.60568 77.388214 64.877396
49.91363 56.49005 59.85186
75.805786 82.192665 76.841446
81.547325 44.845997 47.407944
70.00307 76.65765 73.84442
118.1278 127.05311 122.84503
91.897675 95.256714 92.92773
74.03752 68.72876 56.604313
54.086544 41.112133 31.196049
254.41629 254.42236 254.35779
51.78154 30.445465 14.095005
55.57563 38.30439 23.893936
51.714752 35.805702 24.952265
116.409195 75.23068 50.865486
61.180496 33.764065 19.919672
85.887985 54.821255 34.882294
144.06746 172.72179 173.36841
77.41839 120.32403 121.838295
117.93791 134.43762 130.68411
150.62599 148.7783 138.78157
111.41016 134.27731 129.77428
109.887344 130.31381 126.30375
154.26868 123.075745 108.59031
187.84676 194.75688 190.44786
177.38416 177.2324 173.5726
193.44962 200.05235 193.6402
77.8607 120.38218 120.68774
157.56361 158.18613 152.61662
158.07686 152.02492 140.26033
159.72252 153.84164 141.62698
156.10808 152.81868 143.9106
133.84956 138.13667 136.03563
124.37068 130.96155 97.96717
158.35294 146.36041 133.96396
154.3815 164.22157 158.07901
140.62244 131.37926 97.6388
133.73285 147.61914 99.39691
74.04695 84.669876 62.192696
98.32659 102.607346 66.7877
179.22978 174.26447 166.26279
159.30226 153.57082 142.55672
69.734215 67.291374 59.47196
104.605774 119.49527 75.68665
106.48786 127.75085 65.43499
186.68312 191.29225 186.31311
166.50659 165.64563 150.44476
118.99081 123.22415 77.669846
122.653336 116.34711 88.05856
110.00899 100.40932 92.648254
184.7528 178.17615 163.60353
101.463005 114.844215 115.060486
89.25099 101.811745 103.00712
126.41909 139.11946 137.2957
124.216354 137.52504 136.04018
58.831146 75.84495 80.84599
59.302578 58.052376 62.074287
85.03691 92.56536 87.55337
110.459526 116.368904 115.232315
97.2053 106.89554 107.810135
91.77466 92.523315 82.42294
79.44377 95.45685 92.33783
57.94987 57.90812 62.134804
46.662262 50.51844 52.81282
90.47511 91.34407 87.20089
121.88714 117.62147 109.54184
123.255226 118.79654 110.765724
83.821396 80.95603 76.30588
44.04079 48.32846 39.29266
89.47812 83.93566 75.63285
46.42924 47.30655 38.74081
93.79785 97.72902 92.48941
99.33619 126.16746 126.0606
153.11403 162.84561 156.72847
40.863182 76.65733 88.00937
18.382381 41.303074 49.715393
203.98299 214.75467 209.62018
29.2322 19.904266 12.012342
55.18423 32.867237 24.094217
17.465452 13.116072 8.976191
14.619836 12.367093 9.303688
86.5527 48.194386 39.21049
80.1444 35.283703 20.349936
46.44421 34.827908 28.761759
63.200687 33.533527 19.817986
60.726162 51.108456 46.066204
204.7137 199.26746 194.17142
170.12292 168.53192 158.16872
127.67224 122.788956 113.0288
132.34474 130.69351 121.75945
131.24197 126.693306 119.43146
88.55354 87.044876 81.09349
104.518295 99.81428 92.55777
99.71224 93.68344 88.328636
96.786354 93.540794 87.34086
86.13956 78.34766 71.76211
100.1674 94.52807 87.28825
109.171364 105.29537 97.68592
29.01313 48.47167 48.37471
124.92629 126.86657 117.30649
105.36079 103.85066 95.9799
175.83662 184.57114 180.21869
142.4415 133.89378 127.89256
136.75116 136.9155 135.10443
73.37591 73.67314 70.15033
27.737717 41.506245 42.16544
47.15158 42.859184 34.691963
68.8366 68.428925 61.264034
65.734566 64.277954 56.03306
129.59062 132.24495 120.73961
99.319885 137.4247 153.3284
85.87287 96.862946 96.40523
83.327705 93.9237 93.62647
65.25668 70.60744 67.52436
90.26788 91.241974 88.71484
144.66405 141.45679 131.7303
162.32497 162.11755 154.96689
79.083305 80.12588 74.94091
104.24656 103.557014 97.73182
75.23019 74.46175 69.26713
24.647614 24.703228 23.859623
68.94818 67.872314 65.770805
20.819006 20.844158 22.494923
34.807888 38.55398 42.529644
57.68969 62.062237 59.60501
42.235878 32.197536 22.1861
44.515465 51.15447 59.456642
31.05859 45.880455 47.081642
47.044117 61.66451 67.976776
34.647232 52.478176 53.706085
51.22505 68.31979 67.29841
43.84025 64.082634 65.49918
34.67466 53.58765 54.630077
31.183619 49.25823 51.120155
46.139473 68.82368 68.52095
44.622402 69.75123 71.10519
39.665764 62.509045 69.29222
39.699608 56.04934 61.04251
39.755253 59.09693 63.716213
30.892595 55.006508 58.383694
53.660625 55.95597 55.0227
48.47864 49.6477 49.452526
26.451477 18.519024 14.622957
23.330095 32.462242 35.653507
30.886963 32.09308 31.55503
38.111694 46.915062 56.501984
64.54129 56.076797 49.316353
29.070465 21.489613 17.510447
33.84019 23.456 19.05392
31.332167 20.597456 15.340278
28.278215 18.60157 14.123833
27.337418 18.964228 15.087127
35.61674 26.71516 21.305702
33.085056 22.445845 15.699726
56.739876 45.628532 39.965717
31.758724 26.146067 22.977211
37.293358 16.262487 6.064951
52.918564 23.442549 12.041929
51.472454 23.119427 11.555381
29.637255 23.568657 19.24854
38.934963 26.301792 16.87255
42.020397 22.70346 10.072275
37.518497 28.558006 23.153215
37.754696 24.032854 17.401173
65.53344 38.445522 17.77448
35.553135 20.892624 12.978671
48.03265 27.24361 7.227533
37.274452 21.933006 6.9251285
67.507904 44.157185 26.61791
97.06341 72.833626 59.417572
28.80751 17.856852 10.278799
56.53942 21.258696 13.818715
89.0463 64.73652 39.31457
79.11788 55.918972 39.558502
68.57709 47.71049 29.476162
65.244255 41.832516 28.48585
102.9003 80.20031 64.01868
154.35504 157.90549 151.65913
180.06912 179.90993 170.44331
187.61653 189.7152 180.52588
204.49446 207.67682 194.98228
197.66092 200.38214 187.0204
155.47643 161.47131 153.61041
177.724 183.0473 174.76173
55.667572 37.389763 27.747812
61.180088 39.076973 24.905142
60.568016 38.539623 24.446663
74.6491 46.57029 27.049603
78.732025 54.087185 36.348915
29.445932 19.664158 11.871148
99.53589 101.320114 107.198326
59.700718 69.54181 73.842
154.11108 161.32986 163.20561
66.14811 46.883373 30.410013
32.59165 23.47018 10.609535
19.589752 12.908963 6.33453
65.044586 37.50356 23.565826
41.44987 24.929855 14.839082
36.688435 24.320232 14.959034
35.88574 24.980568 17.371206
46.37319 30.283 19.849644
58.97625 52.056896 44.787464
40.24714 48.008957 50.39592
64.7582 55.715336 54.077965
33.368553 35.94153 41.03061
39.717815 36.86482 34.694122
29.516573 38.108776 47.534256
46.13419 52.695873 59.027515
35.867794 31.994251 32.929153
34.3394 30.762955 31.971872
33.262226 30.16334 31.919819
33.069096 29.133871 30.00563
19.77947 22.32569 25.05392
20.138714 21.143587 21.268208
24.606033 25.661676 27.78799
17.212126 16.799398 16.555584
27.983835 27.190271 28.575777
20.028479 20.247229 21.36683
29.401201 32.364235 36.523518
35.21945 31.891777 32.260212
39.622257 42.799427 49.367325
9.433006 10.367647 9.084938
23.351658 29.132557 30.423231
24.316586 34.14779 40.995945
26.697771 33.65593 41.243988
19.438492 23.616917 32.419235
24.09232 30.84906 37.392567
18.424019 20.477913 22.368843
8.969742 11.670722 10.840307
7.8137836 10.361228 9.72797
8.881653 10.355801 9.059961
13.550333 16.972836 16.409868
15.679534 17.274597 16.372053
17.615488 17.055584 15.319299
27.918125 30.792425 30.541492
40.856007 35.30754 31.809437
20.323908 20.063288 17.33383
13.615225 16.436596 15.463002
50.52124 63.25239 50.054855
13.858893 15.299662 13.444181
25.908642 23.098215 19.46198
37.95454 29.718107 20.234098
11.143558 15.209238 14.190301
149.31224 91.41372 29.033672
120.879 66.27116 19.620565
104.4597 59.1491 12.061566
134.39583 74.3008 12.021213
99.09722 51.9347 10.626897
114.510124 64.73246 10.163019
114.034836 62.378296 8.662349
122.155785 73.57411 23.582136
122.29508 66.045135 8.489583
129.25076 71.812065 21.337622
101.6519 55.8811 17.41617
52.620712 55.424488 55.266747
46.902954 38.125057 33.608864
213.47032 216.19191 225.10504
72.045166 116.13373 119.05281
116.04995 133.42375 129.83972
28.358747 41.356674 35.289246
61.185604 64.715775 48.929623
182.36263 190.53915 189.7711
30.986929 39.752773 36.42186
103.70883 102.12871 100.51211
81.173584 86.75187 83.35557
26.773197 17.881302 12.182802
140.26456 100.327 63.330997
76.30444 42.181343 4.9370623
89.233955 46.572712 12.845151
120.339516 73.849205 34.72686
127.538895 74.49145 23.24116
66.7409 35.22295 26.79438
59.062588 30.936945 22.006565
97.66839 58.104107 46.84798
131.50598 81.14353 36.868874
93.401375 61.729664 46.695698
124.32181 75.02119 31.721348
96.661125 63.350403 38.45466
83.02039 51.823006 33.275387
96.28061 53.214024 42.35005
93.31125 50.944706 47.54765
84.2971 38.571518 32.26348
98.305786 54.541084 50.796772
181.7502 167.20624 143.94261
85.30553 41.166405 40.27731
178.15619 182.3165 174.7847
127.96 114.364815 100.30524
92.98579 87.65193 72.92291
96.22094 95.60312 91.04654
84.20034 38.251137 32.310284
84.32035 39.79718 34.40406
97.18059 64.64336 60.42933
63.408527 33.779034 26.521505
52.229546 28.62745 23.349003
98.25937 64.6318 61.107872
80.042366 36.98144 30.965279
81.89286 38.35983 31.42933
27.407825 51.339985 48.148197
43.749184 76.73789 75.26719
55.490955 89.82432 90.11476
78.60405 115.048615 116.74936
64.236984 100.25782 100.63807
73.4813 47.58141 47.78653
126.45154 101.62824 75.22459
111.575714 76.5969 68.35904
72.32598 42.576534 43.49154
139.60904 57.88886 63.465366
120.262634 109.934814 106.13968
101.846146 110.28551 103.96752
82.53881 90.47459 84.430435
26.221113 40.645687 38.644928
75.33654 86.821075 71.41156
57.632675 69.941086 70.84935
62.488358 67.02997 61.720383
109.492645 129.75748 123.69903
76.81276 95.47494 89.34215
72.14224 72.906166 72.94059
62.78551 51.840744 34.485382
55.381508 55.715218 51.27381
65.04902 64.2851 51.27667
48.66334 48.177784 43.8598
77.50499 80.19631 72.98938
67.88104 75.33164 68.72604
75.73363 82.792305 74.627335
41.894287 29.822624 27.771679
91.70556 3.7173202 3.8675594
7.7282915 15.452293 20.2699
119.92291 139.89044 137.58841
44.39855 63.306313 68.8062
70.7999 88.82304 94.81976
74.85443 92.00362 96.44681
67.950424 79.03122 82.483925
22.828053 36.90333 45.4733
71.63559 83.50222 85.489525
30.721872 42.84063 50.36298
43.728146 46.26033 50.092056
51.146126 64.38728 67.88212
39.316875 58.0433 64.528885
40.095703 43.625847 44.91512
39.133606 58.426647 63.762108
71.51065 93.392624 99.43864
64.81822 51.221813 28.35329
46.34798 59.38734 63.07741
79.6292 84.32026 80.616974
46.98284 60.66159 66.367935
72.63378 58.606735 33.15736
52.459034 55.914448 53.531746
50.808125 55.157505 50.11216
71.11134 87.69243 75.7746
99.40012 98.486084 89.66404
21.951593 15.34375 6.669439
18.040325 12.689835 6.600082
22.919352 13.982872 5.963819
37.02025 23.054068 8.556577
25.121237 16.032621 6.2651143
31.396446 19.502392 6.5298204
19.186653 13.33771 6.1858077
16.00251 11.62322 5.91299
21.92151 14.44071 5.784168
16.831263 11.379376 6.062675
21.518412 14.462477 6.1327033
20.108484 13.809495 6.3713527
106.02801 102.37631 94.476364
19.555935 12.449347 5.7906456
78.97382 77.468605 80.88644
24.254698 18.044264 9.528799
37.976364 24.407417 10.095647
16.695496 12.220967 8.635417
27.672794 19.976336 7.582166
28.057598 18.412611 6.80824
29.710142 21.680847 7.147205
70.75934 74.62564 78.43616
76.5063 77.30882 83.19129
78.62226 87.68619 85.63139
77.08955 77.90517 76.22065
119.64525 119.99644 113.3078
67.58006 78.82003 77.76631
79.40835 77.516106 77.459206
144.81938 131.3718 112.803604
146.48856 134.05203 116.71601
141.78732 131.11902 117.26704
132.66588 126.58021 110.477356
152.97252 139.70894 125.56052
92.71624 92.95404 88.63696
139.67448 132.48221 112.29414
138.33167 123.02448 114.044846
154.61473 158.3471 149.17767
114.32902 112.71568 95.89616
155.82257 141.45967 125.63101
101.27218 95.202705 89.75624
64.778305 67.98599 35.799076
135.98141 129.5159 109.31346
75.00843 67.3607 59.37859
102.37057 87.35469 77.15126
131.64755 114.96011 106.10624
187.32555 198.8399 198.0981
176.86818 191.02994 190.79543
117.04911 112.81373 83.25937
155.10875 140.03831 128.00067
115.60554 105.204216 97.41634
124.10758 117.99583 97.43803
99.64621 104.75741 82.61657
184.74399 181.84956 172.34956
166.83325 159.06732 141.11613
14.536356 15.517274 12.478496
174.18001 172.4453 162.25914
99.88314 102.03913 91.6891
120.26409 120.199524 113.34276
112.59489 110.41824 100.853615
60.628063 67.34267 49.746323
148.25082 147.00613 130.20296
160.5398 162.00755 128.6772
104.86835 109.88492 80.8593
183.03735 193.13089 185.34113
83.10834 87.760765 86.23439
95.5304 90.98716 79.25619
95.87182 94.4272 83.20807
87.63693 80.38623 60.764416
133.27016 126.213615 118.46408
68.52842 67.830475 56.02912
124.27871 123.133316 107.04975
71.27466 72.70372 62.888393
112.29289 112.28715 94.510735
98.31303 108.00128 81.84471
107.93902 107.26121 87.099236
119.86257 113.73375 95.66162
109.105156 114.33412 108.19147
120.26847 66.42355 14.874912
133.8607 68.5639 9.086835
120.8006 58.102882 6.8878093
126.973976 64.9565 10.946312
197.64516 198.74927 187.80144
127.447334 70.1072 20.29546
126.299225 69.59284 19.67221
140.94937 75.541084 17.12885
140.23894 74.63028 16.376575
116.653946 63.24796 16.870186
118.96618 64.70349 19.91944
46.80678 21.922356 2.943073
122.28469 104.81419 75.938255
120.00928 119.47823 110.74918
63.991566 55.33517 46.352386
108.540474 80.617615 57.97809
96.64598 74.231766 53.255806
59.62121 50.10113 30.741392
65.43376 62.299076 32.012196
84.90993 66.806694 47.654324
40.97374 32.557392 26.615692
108.14373 91.82846 77.175476
117.098625 105.49726 89.86511
89.81474 74.49005 52.956493
97.68347 96.37471 91.15823
88.0424 90.030495 90.25814
39.03481 55.18438 56.449055
0.579511 0.5678688 0.4115021
9.499037 4.3909607 6.6810517
9.325834 4.3618407 4.7387953
9.085492 9.039974 12.072683
7.631682 10.61753 10.923582
8.612074 8.54902 11.648926
13.193453 10.287581 7.0314837
8.914478 6.153595 4.2894783
1.628764 1.5938667 3.1046627
2.3175771 4.2980275 4.3961253
11.540879 7.0688024 7.3918653
2.2097046 3.268645 3.53586
15.341795 15.299399 15.075718
15.74962 15.72727 15.60335
18.700338 18.657066 18.396738
3.5872433 3.5438259 3.3889763
2.89986 2.8569386 2.705153
19.957546 19.916462 19.72479
17.18607 17.16693 17.020716
16.9485 16.91439 16.68572
15.226395 15.195699 14.993027
20.927608 20.900005 20.69958
28.44564 28.425594 28.091707
11.75531 11.748395 11.662611
14.28729 14.279762 14.0778475
18.438112 18.437004 18.319153
22.289186 22.294 22.086018
18.569473 18.580708 18.40062
17.258608 17.265844 17.1154
7.3965626 7.4137487 7.226949
14.63991 14.649189 14.52804
26.29228 26.312967 26.033058
24.955532 24.974731 24.732931
23.71516 23.73328 23.518003
10.387955 10.403857 10.19567
16.87185 16.878063 16.779879
17.267565 17.281513 17.089169
21.47336 21.488825 21.276173
6.823121 6.8401318 6.6631947
14.568599 14.587447 14.325338
