7.96317E-4 7.96317E-4 7.96317E-4
0.0030857285 0.002986189 0.002961304
17.974169 18.106209 16.390295
22.61314 0.18626353 2.780789
24.80102 9.833221 18.495882
98.576836 95.38191 93.902725
122.13804 99.188576 103.01801
116.15747 102.33435 98.24798
145.73914 134.63365 141.73854
66.095955 50.7619 53.00983
55.004677 51.62155 42.462612
115.72721 121.83322 118.59582
105.85876 106.97666 104.0926
150.60735 152.03262 160.04979
161.24855 161.9688 167.81252
95.46878 86.15459 78.483665
128.51683 132.37325 138.7853
111.039764 100.42337 89.70623
129.09265 125.58489 113.43083
125.040215 130.9951 130.48677
78.27612 93.08533 63.365486
90.24671 93.56446 89.62966
99.26535 98.38231 97.62153
83.18554 91.84454 88.04997
61.200798 49.036083 40.788975
79.421005 70.63317 60.405376
92.318924 100.55986 69.300735
94.043274 108.81301 73.866196
121.1251 114.522064 98.392586
81.062386 103.70071 58.839718
125.758095 139.48547 119.03939
169.57663 174.2609 177.8636
46.00346 61.198433 79.05781
25.30051 24.331816 20.427671
16.583975 15.816499 11.756003
15.20331 15.771059 10.743063
20.44539 18.23755 9.874282
87.92201 83.706184 70.898895
82.87766 80.12146 83.242455
99.126366 86.05134 81.48023
67.0917 64.07483 67.87973
94.89489 90.06915 85.13607
91.87951 49.921238 34.48936
25.37825 42.095806 91.85975
83.7126 78.28078 74.156425
39.335 29.214931 36.77932
115.1188 105.59595 105.26498
90.19393 85.808365 81.266365
76.322655 71.24285 67.48446
21.140251 14.694214 39.35812
34.67321 63.76581 103.90598
81.712776 94.40351 90.75807
89.61102 76.82673 69.395966
94.25599 92.967995 96.5669
98.62727 99.770485 94.24121
2.258405 2.1073036 3.6737092
49.838673 42.763718 32.9403
41.19724 35.66032 28.271519
47.911983 38.33928 31.190767
45.283863 37.041634 27.265324
44.777977 39.57407 32.40749
52.513 50.98818 40.140125
47.08115 38.41941 28.280104
47.71701 44.50631 33.36693
41.906757 35.040016 22.737017
47.51201 41.238247 28.448153
67.698044 64.60378 56.818737
74.85671 76.14851 75.67538
84.18405 85.99532 88.46779
84.92442 91.616875 98.639465
94.83991 88.16392 79.88369
66.07933 55.566803 37.454697
60.245964 36.97014 17.169092
43.947617 24.556377 14.205325
72.421104 53.899513 30.965336
63.23718 48.26209 28.487022
77.04303 62.58751 42.311882
67.90255 76.34635 56.125816
107.59037 112.59 98.52761
91.78962 87.02461 74.52609
83.478386 81.578674 70.19838
106.98594 101.903694 90.103
87.69469 85.95294 74.05089
102.46816 99.15633 88.56994
105.218765 105.13871 88.1841
109.89638 117.746796 92.33699
129.29369 130.01459 110.98258
115.95503 118.78069 104.787834
106.27127 97.02927 80.94401
99.5032 89.00331 70.82543
85.16576 82.12211 78.12527
64.40433 75.26057 57.423664
93.11502 93.990715 78.90024
60.27035 63.825882 46.656563
79.182205 77.74577 70.6701
79.55578 76.54682 53.92731
96.19751 98.85731 75.566055
114.779594 105.39507 99.59132
82.1734 81.874954 71.245636
103.70646 78.576485 76.69504
90.981186 86.28894 80.479904
91.7722 85.12731 78.32012
90.21433 81.0924 78.31584
107.38768 100.62857 96.74277
94.58325 76.59355 66.42541
78.7893 61.019585 44.57989
69.23977 57.152096 48.223766
76.918304 66.36367 51.196667
67.3787 56.913277 46.22588
75.62899 63.7024 59.882294
31.755207 19.520468 17.420929
81.831856 80.16698 82.40503
67.01677 80.73816 80.89135
101.46809 111.92211 112.01859
60.00724 55.686275 41.30041
77.86995 69.729126 51.040787
71.03325 65.85507 49.889984
56.440365 51.46953 42.136295
58.320793 46.092346 30.820728
56.997936 45.467537 29.502874
56.80102 45.30382 29.673584
83.6591 65.38126 35.868336
79.63285 54.916534 31.174046
84.67553 59.977154 34.518925
84.41936 59.815678 30.559238
50.572926 34.74717 20.347044
48.685207 45.310314 33.4437
74.77638 64.98221 53.010326
96.1954 67.50539 56.702625
70.358116 54.622272 41.10551
67.01844 52.811 38.703175
70.881424 51.734974 39.878338
93.55083 82.845665 75.34998
64.29424 47.33495 38.72293
75.76508 54.891624 50.352768
96.248924 68.770485 52.340824
73.905235 58.202763 51.629963
93.86184 67.30439 52.21849
98.29322 71.03412 57.420555
108.52236 78.96352 62.127262
81.7515 56.262463 44.94707
83.65778 58.079235 44.254623
85.68366 62.257683 49.698097
74.29859 53.303944 38.21839
60.83967 43.01727 27.841383
87.47032 90.41239 90.247284
121.710045 133.54282 128.25816
122.49123 133.63445 109.827896
125.06406 134.8608 113.13104
111.021225 101.82222 93.03947
156.5301 151.01326 138.66257
119.828415 118.664276 91.10668
120.44363 117.91405 91.529076
20.479881 27.912804 16.50183
49.19945 41.783028 20.10148
138.7505 133.17593 121.98231
85.175316 93.12567 76.02476
152.90071 145.03897 143.73709
97.22909 106.97268 87.29929
48.282196 30.908573 12.623168
106.37462 69.978424 51.221848
93.47555 62.46027 45.485207
83.55588 58.11181 40.081722
65.94939 44.17641 30.650093
65.05706 36.555927 18.570238
73.33189 42.49638 29.777828
73.49053 39.090607 22.37718
72.38868 38.92532 22.602812
55.325047 40.71519 29.600647
55.230434 39.860645 30.428219
92.47809 96.367226 77.44402
108.99517 105.439316 86.74829
94.26127 93.44081 78.00652
81.28715 85.484856 73.938385
113.35727 102.3844 96.44285
100.175415 96.05116 90.591736
113.817566 99.894264 98.11347
99.571106 93.1014 89.90026
120.04684 129.92319 121.84527
113.79236 102.845566 98.378975
119.13719 109.96882 106.26677
75.905266 68.7196 62.206795
94.826775 83.43533 75.08013
76.911934 77.07319 66.51131
84.393875 84.025604 74.57128
72.970085 77.163445 69.23946
100.54919 99.50578 91.285675
71.193855 84.52383 60.609283
65.28386 78.30616 58.489834
94.46744 94.05624 84.351845
77.06144 85.18579 67.03367
90.46465 86.87851 79.94839
62.433594 63.7188 50.249992
104.13356 107.77119 104.73336
96.215004 98.34503 91.23879
100.35048 101.16138 111.83407
86.8748 80.99102 79.15003
95.21869 89.03113 86.607765
91.72786 116.05278 94.66664
91.33226 87.965034 88.82123
70.83088 78.48921 66.73236
56.711433 74.40515 61.52833
50.633495 75.53652 55.15252
72.356926 92.089134 75.69317
116.97278 118.31823 124.37432
92.65266 87.609406 85.5724
98.39627 102.73841 90.724
40.790894 44.10556 34.187508
118.22267 113.631004 110.06343
143.35596 143.18263 147.38342
100.1356 98.65402 102.1085
89.6479 89.36961 92.281746
139.0691 145.1764 147.26929
125.19555 126.49531 133.05545
169.46242 170.11519 165.49059
125.13856 127.52823 111.59676
146.3778 153.09428 151.64577
154.9378 159.67152 166.87282
130.19398 144.52504 151.14975
109.407616 109.855865 121.649445
149.0152 140.01147 146.01096
126.69088 124.04427 131.28886
140.65012 154.94498 162.81236
68.6699 65.214035 72.3233
124.8386 136.54898 156.27834
194.30933 184.3179 169.6749
162.50479 152.65718 148.54018
77.60164 59.85121 50.90596
69.69409 54.79649 53.23021
59.77616 43.220356 38.567127
63.905735 48.584198 49.458603
66.12507 50.11875 49.078934
67.17004 50.977753 47.10539
61.752346 46.886948 43.22302
48.384026 40.66102 39.050243
50.3677 36.00286 36.96934
55.58537 45.305088 44.844097
124.21961 122.597015 125.47996
93.503525 83.4286 74.016
111.335594 103.71328 93.30011
109.62187 98.91539 91.06266
111.24651 104.348236 99.76638
102.623146 96.38519 95.250565
83.19201 70.97947 73.87119
120.435234 113.6434 98.62782
132.12515 110.08043 97.24131
123.82247 108.30297 90.579346
87.38089 103.33906 82.839516
116.325195 113.919426 102.46903
82.919426 81.19808 79.61986
141.45714 110.623215 134.28334
40.148685 31.179644 25.55364
46.7565 40.57977 38.618565
48.150978 44.75125 34.995995
38.21431 31.95329 23.554735
39.97733 34.90541 28.429638
37.559612 34.933334 29.015156
55.3731 55.927933 44.45395
31.394798 26.836731 17.625458
36.556427 36.183327 26.549658
39.67294 25.331692 22.49511
39.898792 38.75981 27.919722
49.356724 40.256016 29.940525
43.90688 43.34625 38.182034
33.513374 26.19674 25.092796
44.142292 39.09113 34.25771
33.460793 30.06831 27.763544
47.76434 38.83628 42.730797
47.176086 42.67998 27.494587
37.717484 30.60754 26.07045
37.601616 29.075228 25.291826
34.293865 29.795969 27.202166
57.26226 38.993954 35.29964
44.173496 33.509594 29.806171
44.01976 32.05574 43.085976
59.699215 43.279606 40.131195
61.8055 41.41453 36.499714
39.06505 32.66393 27.032574
52.006596 70.179 76.11761
46.139904 36.937164 23.971134
48.467937 40.40087 30.873112
56.01799 49.461216 40.14035
41.59109 38.699715 28.889437
36.31549 32.404503 31.735647
70.16394 66.33224 68.608955
45.92542 44.133133 30.771059
29.766853 29.565386 19.44126
57.158367 50.563744 46.607464
51.795696 42.4493 36.364117
39.008984 33.425705 27.37427
39.393803 38.92007 32.321938
47.36327 44.316784 37.870426
62.575836 56.900238 58.174194
65.5772 60.000572 59.205475
52.497673 47.016823 44.940277
48.669876 51.57631 40.662186
73.42215 72.30432 73.938934
62.866295 50.693096 45.48518
75.918625 60.33388 55.974815
72.91823 62.192707 59.136345
104.40955 89.276276 85.7083
40.19104 41.31686 36.743786
64.89683 61.540176 64.064804
59.632698 58.377304 52.649
83.925644 76.36775 69.32831
66.53156 60.507004 57.414883
41.9187 34.136967 31.480354
77.69083 68.03424 65.415726
90.74841 93.64138 87.26873
91.88068 84.847084 85.36421
56.791164 36.21956 19.804007
64.14792 43.377354 26.464552
59.81426 42.932884 21.388578
46.102203 30.085554 15.130895
46.61916 37.39388 21.915565
40.997612 34.174194 19.049248
59.436085 47.856064 29.870623
43.408733 27.17275 12.88859
33.790592 23.4055 9.648824
29.88563 21.793306 10.147642
68.668884 48.45151 39.033993
22.419584 16.432152 9.617643
52.15526 31.51773 21.291676
62.623543 56.207466 32.68426
57.79042 52.65415 28.113077
57.64034 51.82996 25.356874
89.991714 69.556076 40.293667
83.98154 65.70673 38.064228
78.87241 62.14289 36.684982
78.83604 59.477543 39.32853
99.49093 74.7246 47.11835
74.80973 51.171406 24.582754
77.63349 57.22307 43.524498
79.266365 56.158615 35.37703
62.71721 39.91529 22.59368
64.09775 41.654846 24.579544
65.45689 50.476818 31.527287
83.94797 65.75095 36.197636
73.21319 40.020805 21.992361
80.605225 56.795895 31.523354
82.84902 55.47296 34.540104
79.59467 48.800995 27.864975
68.07343 41.101532 18.576485
32.53831 30.167252 22.651388
26.19266 20.146149 13.442478
71.58009 61.87545 62.704865
77.41988 65.047554 59.54921
113.802734 120.83014 102.4062
116.94055 115.77076 124.6975
148.1594 141.4222 120.30563
103.186584 101.979546 84.5565
72.652504 73.48643 54.32184
77.16745 80.27381 49.907726
125.31328 132.98367 133.74513
86.78076 91.450294 66.063286
82.709595 87.20219 81.496155
86.6368 75.35762 63.40759
95.43673 101.12191 92.962875
100.75319 103.286476 93.72771
122.53881 121.35598 111.47659
121.299934 121.332214 111.39776
111.70892 113.17009 106.95558
98.992386 99.291 93.896805
83.74259 86.281395 82.22394
22.561552 19.12032 16.223019
22.31044 20.79995 16.811422
26.489088 24.729351 18.490929
24.843151 28.66883 26.835835
8.729875 10.739878 5.920294
34.896927 33.252357 28.9408
28.519697 20.89185 16.97193
47.55625 32.906857 20.830908
26.85619 27.222446 19.992012
36.71646 33.9139 19.793953
19.030434 20.530048 14.740923
36.816746 39.87662 34.53652
31.948986 34.248524 27.626553
28.502974 34.210354 25.60254
53.292274 52.504566 55.242207
23.277044 23.281498 19.035536
35.43352 34.370064 24.541395
82.11094 80.458824 75.02974
44.81904 48.010925 43.71059
64.472145 62.18472 61.978798
55.7029 54.43175 42.571705
56.879185 53.885357 48.289536
76.23618 69.97775 65.50071
62.26776 60.970585 58.3624
48.37392 46.22999 35.462784
66.763466 68.04083 64.34657
45.484608 44.45818 38.465645
71.54682 65.51674 60.510265
67.87369 62.865498 54.23708
67.82063 65.97633 63.66229
54.18472 46.864056 44.656963
63.76484 61.560383 60.352097
66.28356 64.60413 62.796715
32.688118 27.879656 30.299639
20.19903 14.732163 20.809134
41.378822 39.51206 46.54125
41.657833 34.1945 40.69364
25.59231 21.227522 25.87117
26.66811 20.798332 30.07687
28.862362 21.71549 27.464203
27.77601 21.963644 23.83255
43.441807 39.524624 37.549683
57.3457 53.95996 52.195446
52.55212 48.959785 52.802166
42.43001 39.325844 42.61762
59.958965 50.542442 43.694016
40.181957 33.967228 31.317457
33.87254 24.250443 26.032873
47.893345 46.25995 40.486202
63.852184 49.383923 44.529102
67.36265 55.380318 47.375885
58.58186 55.649246 50.029217
116.034164 91.56982 88.088264
100.120445 68.00152 56.310215
173.21408 132.22588 119.828545
49.237404 44.77611 38.094017
107.82825 78.28548 65.066765
60.309544 53.433445 47.838123
43.932064 41.707153 36.921364
61.470722 49.03643 42.894836
44.79781 43.954834 45.433994
60.321636 58.908546 56.68869
33.231705 34.137962 36.567574
47.783276 37.895832 33.618587
49.02854 43.92002 40.38736
56.852806 45.669903 38.459846
57.978027 46.521065 42.613514
55.10733 45.093517 39.847855
47.686523 40.699837 37.84422
43.463234 35.03897 33.679382
52.135822 40.92781 37.033966
60.87249 44.473785 38.181786
22.140028 14.681995 15.908498
9.31141 7.554361 12.889511
21.728804 19.27463 22.821003
48.96083 44.582283 45.245117
28.56016 24.814856 26.670797
23.022621 19.675924 19.725744
30.601444 16.682493 23.219435
45.164764 19.479233 24.961378
42.801044 35.436855 42.47722
58.55543 33.07707 29.08446
36.43862 22.961304 26.70295
29.14886 25.059126 22.885927
42.48844 32.027374 27.43892
26.159588 19.007242 23.82792
38.077816 29.790468 24.756973
28.690954 23.571806 25.07448
32.66938 29.631006 33.254498
56.23526 46.67132 40.444916
45.66709 39.589348 36.31703
53.776485 47.53398 44.113075
39.395645 31.528032 33.33642
41.546844 34.000423 27.616997
42.025978 35.069427 34.4325
60.304043 44.588528 39.08921
45.41961 36.889015 34.059998
43.987583 33.172775 33.980415
42.02996 34.11248 32.165485
44.853554 37.961056 34.144928
58.69312 44.885777 41.189724
62.706383 47.795025 41.98803
68.25955 58.723827 58.312855
37.034615 29.70932 28.707602
76.120544 63.58624 64.26928
46.696453 36.676422 36.929302
46.80249 38.368793 33.69312
35.20936 30.95155 31.659126
33.200996 28.978176 28.479134
49.781734 45.836555 41.576035
43.63596 37.953663 37.83474
37.65808 24.009108 19.25201
28.696926 22.284359 21.20194
26.346273 20.748487 16.95879
48.19358 31.971481 28.937141
34.165085 29.4973 26.867363
50.632126 32.528828 25.720991
37.102325 24.644146 20.324524
32.51462 25.965733 22.574791
52.70897 35.42359 26.145527
53.966057 45.00005 36.952595
78.98937 67.19841 60.43021
114.6371 103.37141 108.39296
61.775414 50.93587 38.392036
36.1196 34.989025 24.774668
69.52604 60.70494 64.25636
121.315094 95.542046 91.705414
73.00545 61.83347 63.53321
45.058826 38.63305 39.959087
89.70248 79.40864 84.1141
114.42068 98.98472 97.546745
143.27505 146.8047 151.83217
150.59764 137.07652 104.407715
145.3579 130.97333 129.75299
112.20644 125.60806 110.15904
184.28317 198.8765 216.72617
103.65323 100.56352 103.52037
193.09663 186.4747 207.11534
119.769516 115.231 124.38589
99.213684 85.198135 79.46562
102.16175 109.95406 122.12201
159.1303 168.76585 201.38489
159.72592 170.35881 205.41948
138.02585 145.41638 170.92151
105.78014 104.974 103.828964
99.70061 111.68725 130.30681
183.62555 193.17111 199.34251
130.38402 145.22299 120.793434
114.011795 110.73522 102.86095
53.591267 52.315865 31.88426
49.98432 61.11527 54.066418
23.700161 26.609482 11.340625
39.916958 42.548313 19.148338
120.83056 129.07796 114.36452
45.839516 35.953938 15.527859
46.699913 38.333607 18.554934
39.200947 39.150253 19.99012
76.98935 77.15491 72.57556
72.38417 58.136917 44.908596
64.63287 58.2328 48.521935
48.03715 35.193256 27.257086
97.2008 59.191936 37.791664
36.435635 31.290754 20.842503
107.59126 111.18701 97.28683
112.11646 116.562675 82.88172
96.6982 81.88229 55.982655
