0.3197151 0.3197151 0.3197151
0.31944692 0.31944692 0.31944692
76.57959 79.02378 88.79716
63.73166 59.59488 49.853565
64.34749 60.47187 49.953094
63.982536 59.486202 48.638775
64.02178 59.57104 49.36936
60.65135 47.879402 36.17364
49.678677 39.28142 31.037518
59.708447 37.886406 26.73309
57.720245 46.17948 39.05933
57.61711 46.064484 38.70228
68.26095 44.052773 29.531796
89.06198 88.45298 76.858215
62.39016 56.793343 48.780468
92.486115 93.17409 98.20058
59.669468 37.05483 29.322128
48.7802 56.32609 72.00006
40.070683 42.271797 49.806602
56.957447 37.82004 43.872757
70.82627 80.82746 98.019905
45.751087 38.427856 32.270813
42.208355 33.858604 30.991537
49.61991 44.417366 47.916145
31.48066 47.97342 70.29716
32.025448 34.54184 44.317154
32.19283 26.591602 24.692682
54.78819 49.330143 50.732224
47.510998 49.106472 54.56532
49.404373 47.072205 49.046993
53.179153 52.912926 52.544044
64.08761 65.90423 73.237144
40.897015 38.73854 38.6768
62.852524 60.496872 59.755646
57.43006 47.930508 40.653793
31.136778 22.74632 19.498241
43.74173 32.52518 25.925621
52.070744 43.973003 44.306454
75.18544 67.82705 64.101555
76.96153 52.87833 40.681297
84.465996 67.992165 59.322517
87.60239 74.49309 62.61249
74.65847 50.098038 33.486263
63.677483 50.52962 42.679333
76.97869 55.736397 44.041092
71.13678 47.6692 34.98951
82.57006 62.598724 51.589638
70.873535 55.18136 48.61002
64.3527 50.563442 44.797695
76.92806 49.10415 37.761726
77.189674 51.671913 34.003963
82.90548 65.147415 57.05799
84.02682 62.688152 44.905567
112.254425 92.32487 77.990974
85.72478 68.461174 64.02184
75.09661 56.739796 49.78315
85.344925 71.63356 72.58845
105.43555 92.777374 91.772514
102.9823 84.11145 78.90426
99.64572 86.81471 83.12188
113.24129 90.70425 80.81742
119.95068 90.47115 81.058495
75.60707 60.998154 54.76721
133.20874 120.245125 113.84638
115.7004 104.72677 104.50757
107.89168 86.889084 74.73929
119.29668 87.98197 63.521755
84.66586 67.1175 60.36942
82.66145 65.25636 56.442936
100.057365 74.99842 67.27239
81.9103 71.16443 70.95405
86.477234 66.14452 51.951397
144.79086 132.75401 125.81551
82.43915 62.452114 51.797516
134.53487 115.85249 113.48501
83.038055 64.268845 56.68723
62.27287 45.76423 39.776566
118.02247 110.62715 107.046844
77.13347 68.204575 61.53439
97.55257 88.29772 84.32022
101.02405 91.04431 86.17692
102.06121 92.042496 78.17126
147.15901 132.88126 123.883095
80.46207 62.655136 52.292805
39.062103 27.908516 21.868109
125.915344 118.45241 116.28831
123.63145 102.62587 93.43751
102.15975 77.046486 71.8951
163.23842 142.15076 122.46651
99.28652 73.27358 56.12134
131.5404 116.35321 108.33497
140.47754 120.35851 92.23705
49.190773 38.762737 32.00304
112.45947 101.42562 91.67689
91.29936 86.25946 84.75818
58.40226 51.9008 44.204422
63.016926 54.464954 49.72954
80.08675 71.923416 67.415016
95.71065 84.165 82.94579
97.186455 95.563385 96.695366
108.69027 105.760086 112.97482
104.92607 103.50629 102.791885
69.5562 55.70737 50.598965
101.12704 97.7746 94.51687
75.61908 70.00524 67.060524
74.53263 69.45744 59.22239
68.16571 60.110317 47.950413
70.455894 59.50149 51.909588
91.99726 77.71485 69.713425
84.87982 79.53284 71.99428
111.03057 99.555275 92.34603
99.31179 83.4494 71.90482
67.91042 55.877228 50.185738
108.030304 85.2055 71.432686
117.46853 105.70922 99.153496
60.21968 45.08022 35.167828
117.52968 107.400444 103.74367
80.26438 65.060555 53.12626
89.81384 79.478065 70.65594
67.25538 60.306602 53.018745
79.193275 65.43719 55.89022
70.93236 47.591187 38.938168
68.29209 54.422165 47.37267
64.517136 58.091274 53.854164
106.67653 100.02563 92.224686
78.21232 73.3744 78.25687
96.5928 83.224655 75.56908
97.53817 102.15656 101.10936
102.55582 100.04952 102.02014
68.1282 54.178883 50.127453
97.38822 79.76828 64.05924
80.710144 66.509415 59.437004
97.35637 83.641426 72.95989
100.83792 89.5374 83.07313
96.411255 83.47673 73.76709
64.85768 54.337147 48.93188
64.46654 56.83104 53.906998
118.110855 124.52006 150.36662
94.40554 88.23985 87.317154
137.44797 132.82326 138.93336
122.33643 114.29322 117.01582
117.08743 113.679276 118.199326
30.49246 23.984207 20.239109
16.653734 11.3100605 6.876244
27.423714 18.971601 13.847369
26.542017 17.239466 12.3952265
102.294655 94.63666 93.61472
93.87398 84.694466 82.25249
72.8634 62.152214 48.458637
96.71729 81.826004 69.6585
119.110825 102.14885 96.444695
89.12069 71.37038 61.95989
112.246765 95.0748 83.57685
113.712524 95.963974 79.00233
115.07241 100.22317 90.667564
97.188774 76.12319 58.0877
115.77722 105.5815 104.40426
120.68619 108.441475 103.78184
99.037994 78.44848 69.132996
95.17081 77.51451 71.112015
92.57891 76.55379 69.741615
103.72486 85.1408 75.270424
90.47059 67.160286 56.41853
95.84808 76.38825 67.105934
104.098305 82.840904 73.061
103.83187 76.92875 54.923237
114.35893 93.659874 80.88054
114.599525 97.09128 87.499794
114.078316 91.4123 80.69459
119.49517 99.113625 88.823616
55.22382 53.948982 53.60537
84.454765 66.12879 64.210144
89.723526 77.94657 73.977264
95.12474 83.619736 83.521996
96.47267 73.42708 62.00605
71.060104 67.39171 74.91242
53.11601 39.09211 35.663746
91.68377 84.32198 88.88402
69.7482 57.01454 57.42893
62.560284 40.66205 30.884678
68.14765 43.24018 33.993744
98.1228 73.48254 56.972404
99.71127 75.68624 60.29647
64.27597 46.309525 38.449966
43.77457 20.093302 13.91981
80.148994 59.701412 52.374367
118.26426 95.08207 78.98275
106.390724 77.70839 63.226475
83.03677 54.93015 41.258537
39.662613 26.171316 16.995798
74.314384 53.96475 41.98507
166.06926 148.75505 158.12364
53.44684 33.53686 23.410364
112.723045 100.454704 105.39874
85.02852 58.63669 42.395046
60.094376 61.33995 64.98582
81.518745 97.11991 123.583916
60.24477 71.97986 68.30809
44.756153 32.701233 27.14107
69.55164 48.21348 45.36632
99.16136 78.001755 66.41635
71.00957 39.484592 31.897253
60.528965 42.945705 40.40345
84.89588 65.19161 58.020473
91.054115 70.258835 60.72692
65.57417 49.94988 44.285206
81.00366 61.836464 50.763813
114.78887 95.77287 80.513824
87.856186 65.84865 51.84111
72.875885 52.591633 39.604416
105.44845 107.94696 122.24167
87.53767 87.173965 94.95935
98.93212 75.54228 57.70937
80.17242 59.76 44.777134
33.28765 34.75383 35.521515
26.758507 22.67659 21.489988
25.598219 19.554323 15.381578
63.756897 58.272602 42.900978
100.28271 78.00075 70.20195
95.608406 72.84099 63.659664
92.90816 70.46213 60.457806
80.83381 63.499107 48.74602
61.26572 46.637226 37.966534
67.624504 55.115173 46.809345
66.26104 62.570477 57.389713
65.502 55.75261 48.26584
45.99136 35.188362 27.789797
23.780678 25.4896 30.36945
92.74906 70.85589 58.838787
81.137314 64.810745 59.7549
82.25371 66.105225 61.279816
90.181625 74.02941 62.6661
26.86957 24.452053 26.118452
35.278114 29.946033 31.67498
27.8266 24.197538 17.713898
22.34281 20.489422 15.955272
36.048542 30.59196 23.62608
62.739407 72.81653 66.39388
77.49925 80.20591 76.66896
44.125813 44.932533 32.498093
76.97872 64.879105 58.040497
92.96105 79.91275 73.60132
86.22573 74.5374 76.98388
45.88426 33.822548 29.575481
66.43721 54.807556 45.987125
47.872044 41.17337 41.00018
50.85914 47.347042 41.62307
44.973152 35.70207 29.87955
78.24989 57.979527 44.463974
50.632694 38.97342 31.550898
48.50757 35.457954 27.061386
86.40962 71.30127 61.924072
56.736725 44.272633 36.026432
100.11622 81.41847 66.17007
55.1186 43.574497 37.969425
91.03823 66.11616 45.745277
57.492878 36.538055 30.366322
56.23488 35.52339 28.934532
54.86096 33.702663 27.087013
98.10248 72.46424 54.469395
57.00888 36.585674 30.698492
60.55647 41.678497 34.72996
49.88134 32.322994 26.348293
107.20386 85.68115 70.46114
60.032036 48.787292 42.371296
53.604 50.338818 48.48364
49.31915 37.039783 28.942696
104.241936 80.89979 71.61228
62.126347 51.697777 48.82049
41.25344 30.664343 25.243578
34.74781 26.699715 18.840097
34.57584 22.607903 20.81137
42.388344 28.660141 20.413643
41.06985 28.068716 20.454288
80.386314 68.36894 61.94657
77.2993 62.636303 57.411438
73.82249 68.02533 68.97115
84.30404 71.313965 61.51767
30.782139 27.700012 23.48644
16.957745 10.498182 4.5550985
30.62617 21.506496 14.000596
23.886108 16.149681 10.674653
45.754784 27.742773 13.129894
41.819626 24.766644 12.654956
30.645689 25.443113 22.68702
54.141277 34.694054 16.04917
55.158115 34.372578 15.838786
42.938644 33.261337 22.784254
26.385035 18.308123 13.689314
31.729095 13.8350315 9.497735
21.54616 16.311163 14.064605
27.389475 20.402468 17.53266
44.65564 34.80997 23.556171
74.5554 62.1647 54.55918
94.36858 80.173225 72.24581
98.7187 87.33095 82.9679
86.04756 74.18153 65.22475
85.4854 71.096725 61.548275
40.9123 33.76986 30.625782
67.775345 46.440254 34.784344
67.05263 49.29224 43.791645
253.17563 253.17563 253.17563
77.27544 55.643066 43.52849
169.60477 156.97902 156.72334
112.57047 96.08925 90.7122
119.358154 101.2302 97.45298
136.81609 117.18908 115.93039
118.862625 100.737885 98.14333
68.85288 60.859913 55.566242
90.17176 75.931465 64.4027
93.84415 79.295845 73.00608
81.14214 67.80988 54.83384
61.944008 37.26393 28.119345
92.850914 75.13058 68.71759
92.44418 74.95125 69.6647
28.655373 19.843107 16.556679
33.425888 25.776476 23.897223
47.754425 40.551582 36.67656
25.986471 15.238662 9.714107
45.610374 38.917576 40.16902
42.038055 30.15287 24.287443
49.201473 36.53278 39.088116
86.19956 65.83858 55.25511
59.483074 41.32764 30.983105
47.50197 33.858425 28.061655
32.87213 23.432564 15.943293
48.94195 34.082394 24.789082
42.12507 29.515495 24.997557
49.51767 39.154808 34.1186
91.47741 83.81322 84.08797
139.66956 147.36047 155.74495
71.82064 65.216255 61.318134
21.53266 17.5253 19.505781
18.675428 14.108231 14.510728
20.848532 14.847964 15.076375
28.652304 20.106144 17.746618
31.585821 25.11425 20.797247
20.750164 16.57405 18.824633
23.505632 17.80544 15.621402
23.537785 15.2427435 16.87681
16.686363 14.768759 15.533345
47.64667 45.134365 36.88283
26.538233 19.1588 14.449639
57.176292 51.36927 40.814114
63.07852 60.129776 49.96779
48.717205 44.109215 30.361107
69.23917 52.574287 45.56946
63.297337 46.442368 38.322872
77.72009 66.1658 56.264915
86.48227 71.35315 57.134274
75.68034 63.29236 53.614906
93.31283 82.22797 73.05301
78.42404 58.593925 44.229244
96.09974 71.01478 61.16649
82.97539 60.62304 46.88009
90.23521 60.298496 41.100544
77.25416 59.455093 51.397224
116.681206 93.90431 85.820755
108.499825 85.20522 77.619644
75.838875 52.533466 31.281603
59.27302 37.752457 29.987843
49.16416 24.510847 17.827166
63.914207 21.172567 11.39621
91.97675 55.460545 38.336433
101.91552 64.03868 39.85437
114.135826 80.36292 57.312325
45.046635 28.871447 23.030186
81.54935 55.50882 40.957806
86.642586 54.469753 39.455956
95.41197 67.558525 52.923832
98.264465 66.49225 48.97473
80.8013 49.714764 32.062756
100.95744 72.37806 67.947495
98.505455 69.15775 65.27111
68.552505 48.047382 43.864384
78.32958 52.457657 43.178883
86.4924 58.560493 49.239616
93.31322 75.69942 75.76923
74.49562 46.505096 38.500656
101.3148 72.09184 52.54011
129.61041 99.777374 85.798706
130.26527 106.11061 93.88319
126.29287 102.59056 95.647865
106.82153 75.01445 66.56046
131.83958 106.548454 103.28437
130.45903 105.441895 102.404015
125.48 97.13633 83.63425
125.99887 96.48227 89.07405
58.157368 40.19715 34.145927
69.96752 52.78074 51.82061
131.05745 109.474846 97.53457
107.30571 87.08684 79.02899
106.71313 87.613655 80.28476
43.363014 29.304787 28.25371
106.48144 83.635345 77.00736
109.002205 85.50489 79.73196
35.10877 29.055487 21.663359
46.356964 39.54911 37.584064
95.31223 71.68663 61.233208
94.90911 64.262024 50.339172
89.84272 69.49523 56.217117
115.69721 83.83533 71.78446
117.520294 86.805885 77.94582
34.193783 25.069492 25.9334
34.141846 26.855682 28.547232
33.262054 23.410633 23.178795
41.020325 32.0062 26.946362
84.96996 70.176414 60.908813
69.906044 51.764347 41.87121
92.59223 67.8994 53.333958
102.558975 77.20728 56.11446
85.78482 69.142235 58.66169
80.914536 60.80005 47.07459
104.229095 83.63123 74.64077
86.899605 48.25544 48.348293
91.96305 71.10072 68.96868
94.698074 78.53007 72.94776
94.5556 49.016598 35.936947
100.20326 78.671074 67.47905
31.267536 31.257732 31.517998
46.892693 27.545832 21.377615
36.59199 24.77159 18.661423
34.97318 21.505423 16.991865
149.77922 119.03057 113.077446
145.77394 94.50775 88.63514
115.84403 75.77686 70.018654
152.40234 157.16142 180.9687
34.03275 17.286102 11.876751
60.782078 40.049526 31.296799
18.707283 13.157042 15.160945
76.507034 62.56085 60.883904
61.799393 46.260532 35.456463
56.678436 41.307377 35.852226
80.0708 65.99875 51.31304
62.443413 45.23857 39.45134
61.53862 43.51916 36.164223
54.165504 43.283897 38.161156
74.47678 57.223137 58.955986
48.986023 31.978247 35.746796
44.0666 27.763067 23.331486
80.20058 62.182846 51.05331
78.59771 57.08171 51.738213
85.82424 62.34111 53.926693
104.255974 73.16047 69.36018
93.07635 59.73571 50.63034
80.36605 59.25243 50.030632
55.208057 41.238243 36.31474
57.86659 40.533108 38.01734
76.0815 51.50423 45.579563
35.527504 24.488258 21.481436
67.79093 47.344894 40.75046
50.06499 40.17838 39.042614
62.243908 43.738335 36.755466
67.35005 54.039722 49.42598
65.25302 48.85902 42.911495
62.855026 44.825348 40.144974
105.21915 78.667915 76.258385
101.82577 78.60931 81.78166
66.3139 53.41856 55.577984
87.27868 65.27514 59.57548
65.04511 53.230347 46.284195
63.106205 33.6183 28.735533
71.75827 49.19441 40.33828
76.97664 58.277668 52.23306
63.932507 38.68991 34.25809
53.93045 36.233654 29.770517
35.132843 28.652363 25.222689
76.36694 53.346268 49.2951
78.83625 56.172863 52.01192
79.78965 55.51225 50.436527
72.9011 52.943024 46.782825
88.84186 77.649025 87.15046
103.28169 89.22939 99.499435
60.89001 37.711754 33.211308
79.67224 49.800613 48.40643
93.57194 61.338577 58.441383
53.17534 30.225103 25.626408
92.15373 61.392933 59.5506
88.379585 56.668724 53.208622
54.33223 36.83071 37.36352
90.49389 55.55495 52.335182
107.26792 73.48096 76.556854
64.06472 46.4809 41.899906
71.573845 48.88703 43.31653
94.58865 68.10653 66.797935
78.69873 63.19551 58.323917
65.50244 39.03695 24.760296
73.30643 54.770367 41.980064
84.97059 63.794655 52.3887
65.04443 45.680286 40.3783
83.89657 59.974403 52.615383
81.43242 68.38244 64.606026
79.35404 57.955837 52.772366
67.35679 43.442936 35.315067
82.72415 59.095535 50.27731
165.90031 150.1826 165.75082
70.78917 48.08293 51.006256
84.02297 66.825554 65.30002
201.32951 198.01547 220.48692
205.5789 218.4806 227.91635
72.94851 50.402138 77.83089
58.842064 41.134335 43.14065
85.70364 75.837 68.3969
60.69602 43.982388 38.37991
90.482864 68.890755 66.21488
123.00122 122.79459 144.67628
41.023182 33.147118 44.12152
111.29287 85.306305 85.05468
84.95116 59.82004 50.831127
91.83176 63.35613 57.262234
172.15907 165.10555 159.92776
137.76556 125.12543 137.05417
124.63523 98.03498 97.261635
100.60096 65.78601 54.220573
90.42008 55.76873 45.211754
106.80762 63.034744 49.03582
103.65147 57.25699 43.120598
74.853836 52.94934 44.315037
95.9087 69.00954 58.29632
111.03746 59.224567 50.73252
87.62423 62.10397 47.361343
108.00557 85.6074 76.93027
103.363434 92.56845 102.007805
107.497406 92.74179 100.58418
89.81664 70.076195 61.447346
77.63284 58.996155 59.09157
90.63043 84.03698 91.27144
94.21971 75.626976 70.5157
101.28712 83.372635 73.66941
88.38724 73.02896 73.383606
95.478874 72.04345 59.3755
108.6866 78.048515 71.4505
92.14849 67.92693 54.772392
100.07146 81.89755 76.400475
97.00137 80.68341 77.82871
66.74522 55.772335 49.41841
28.155313 19.640682 16.860748
55.75675 52.499462 57.922016
38.676083 29.528429 27.06821
84.93772 77.91072 89.005516
67.49207 58.490314 56.898445
199.03644 158.87198 151.53552
98.89156 83.28873 82.07646
77.0961 48.950264 25.911825
117.68404 71.39704 41.705524
86.354225 63.0059 49.04872
62.247154 45.0101 33.24939
118.555275 105.29999 104.02003
68.41421 25.9109 6.2101736
97.51919 76.84719 64.7007
90.07167 68.0784 58.809555
88.081024 70.173935 63.840427
167.8236 138.56335 118.764946
74.98319 52.73255 45.438198
73.63866 54.787502 46.60695
107.4368 73.32198 65.1967
153.43861 133.76277 124.72448
116.789024 98.27326 92.81226
94.6911 66.09741 53.785297
115.67376 86.576645 76.10129
75.02348 47.332977 39.182194
81.73437 61.79966 58.12787
106.987305 85.408875 81.009476
108.65204 87.74462 78.61181
91.944244 59.93748 55.514572
79.70931 63.055367 57.717503
97.74021 74.564964 63.40846
101.60379 76.47464 65.8106
94.63764 75.35604 66.092735
101.699356 75.79394 65.66291
86.87693 59.08922 46.554474
92.81268 62.56997 56.47488
98.901184 75.54604 74.073395
104.87243 87.81164 86.803566
66.29886 62.313545 77.51621
19.809881 15.803623 14.635318
45.77278 30.560194 19.710173
28.811432 28.036861 36.87827
0.41009596 0.41009596 0.41009596
4.4084272 4.4084272 4.4084272
6.9045234 6.9045234 6.9045234
28.197538 28.197538 28.197538
32.981674 32.981674 32.981674
34.575123 34.575123 34.575123
32.86331 32.86331 32.86331
28.38557 28.38557 28.38557
30.056528 30.056528 30.056528
24.441832 24.441832 24.441832
36.016598 36.016598 36.016598
30.26104 30.26104 30.26104
27.521605 27.521605 27.521605
22.368734 22.368734 22.368734
22.926903 22.926903 22.926903
22.712467 22.712467 22.712467
38.6321 38.6321 38.6321
14.071012 14.071012 14.071012
4.295876 4.295876 4.295876
21.116098 21.116098 21.116098
