8.6672447E-4 8.6672447E-4 8.6672447E-4
0.0020001333 0.0018334555 0.0015667711
1.7913527 1.7911861 1.790886
2.411694 2.4115274 2.4112608
20.832655 141.59471 133.69278
9.966497 79.0539 83.38929
30.213081 100.11074 111.5056
11.90976 65.15178 73.10094
1.4102607 20.657145 9.100273
6.2149477 6.2148476 6.2145143
74.41149 134.3467 140.26831
32.53497 85.916595 94.722145
25.686546 56.70018 59.54187
30.370525 72.30442 78.15264
19.531034 62.98263 69.54353
7.79372 7.7936196 7.7932863
30.383293 69.71838 76.161575
38.496532 82.73025 86.98433
43.59167 79.29315 82.26559
3.3398228 3.3396893 3.3393893
37.248684 39.955364 17.639309
107.37806 112.62121 82.56921
114.4526 117.43263 83.69198
98.18131 101.284355 55.55314
59.457596 59.36129 38.243217
104.29672 103.9724 66.22732
47.078274 45.852123 36.68008
185.37 194.58531 163.16118
114.0268 106.47456 50.07027
45.242516 38.675213 23.389692
68.23125 59.46273 28.93233
74.06367 70.800156 45.276985
67.314186 62.873226 29.937529
71.60114 70.975395 37.824123
54.187744 67.693245 34.193245
42.05567 51.9531 27.239416
94.76628 93.214516 46.029003
98.681114 101.973465 46.378525
92.909096 96.9435 69.64874
152.35486 148.1239 87.91869
119.61171 123.43096 107.47327
54.731182 56.473732 13.501034
32.362457 50.134243 27.565971
38.429962 52.624775 31.380424
27.826155 35.374657 19.405228
33.426594 48.28905 29.945164
33.035236 39.60184 13.908527
30.324821 33.876427 12.2377825
29.205513 32.615143 11.162544
13.712814 24.681946 6.8084207
41.73548 50.62974 29.645742
22.096506 27.571505 10.85509
19.851824 25.174345 9.828256
39.583138 50.773884 33.113873
30.13551 26.768318 11.9853325
30.290453 36.889427 24.185246
49.118874 87.68088 72.0315
59.85339 88.90393 79.58264
26.562103 56.075207 58.330387
200.68298 209.26318 202.81203
25.34949 27.039103 21.084505
60.196312 59.25965 49.327187
159.86722 175.33209 176.81166
46.39026 49.013134 35.13911
199.0199 206.46486 197.19518
27.14641 27.510801 21.085272
152.81563 163.01953 125.22448
72.12214 83.37592 66.08691
72.04267 81.12814 65.682045
58.215115 89.249214 60.440197
56.04437 68.56261 50.07034
48.038403 72.12354 37.993267
47.59627 71.76605 38.927994
63.89536 121.307884 109.39386
101.24582 113.78682 74.83215
128.93987 137.77875 103.208244
48.754482 50.37146 32.092175
135.66414 144.40326 114.54167
128.15645 129.65125 97.91506
63.055904 65.224045 47.095074
101.171875 99.9599 80.65734
108.14178 111.61504 99.4294
84.190315 85.94143 68.4488
26.374958 32.10441 23.531235
38.008835 49.87139 37.67081
43.585407 85.80279 96.0438
42.9973 95.89642 115.06917
28.58334 43.0238 43.58654
34.278984 61.961296 56.372925
35.540035 56.679577 47.54667
21.210781 44.152275 34.829456
42.12631 64.929726 43.840755
46.465897 51.83242 39.04037
44.305187 61.987232 38.39896
40.473698 45.711346 26.240383
18.180979 50.537403 57.993935
21.644743 40.500668 54.89976
46.65471 59.920326 61.74315
51.262283 72.08587 75.57571
35.743782 56.070107 51.91583
47.149178 78.9951 73.0596
44.084972 58.17491 50.280518
71.75435 76.11724 56.80572
60.547535 65.72785 50.025135
60.208515 70.14638 53.760952
55.825756 70.83706 58.926796
58.022568 76.95233 63.294685
44.225216 48.207447 32.752617
33.481 42.236717 35.91713
43.86189 56.75865 54.13494
24.171812 41.873627 26.700346
31.024136 43.397026 30.57327
32.789486 41.863823 30.818487
32.82729 36.32592 30.733183
29.230015 37.39996 24.76045
54.37846 56.86959 52.179546
40.547836 45.176544 34.43666
34.864956 36.744415 48.24585
38.23995 39.014534 46.639175
60.210712 78.61517 83.16331
95.01197 101.5779 104.54357
124.54957 135.42732 127.24935
82.879295 95.945366 80.88563
52.70268 64.75365 60.941463
97.02227 104.19428 90.26845
75.26565 77.07327 55.042004
55.808086 80.36519 60.61601
99.722145 105.53317 71.25095
35.393826 49.70958 34.182945
48.727947 51.695045 40.86809
57.512768 71.115105 57.74575
53.147842 60.97893 41.91493
107.44299 127.46397 103.477165
70.70478 82.354256 58.92226
99.22265 108.93186 82.50267
99.9701 104.723145 86.523865
94.86709 105.83709 83.95293
50.528103 65.148506 41.605274
50.60194 65.71118 40.074005
54.16528 69.37969 44.096905
61.310856 81.138306 58.30162
74.338524 93.30535 71.26815
51.57587 69.42169 51.521267
77.63411 85.95583 68.28429
109.33266 126.94527 96.99757
57.51677 77.27365 54.238815
33.71005 38.715282 24.068638
68.04337 86.11388 61.372257
57.301052 70.051506 50.764816
87.26445 96.03084 62.175613
86.9361 94.79709 69.71525
70.05227 91.70298 76.5067
92.15211 104.95087 94.14148
106.056404 139.89113 121.119705
98.534904 133.81642 114.66578
60.311253 79.9945 67.39303
59.606873 81.13094 66.70121
82.91693 100.985596 89.48333
47.90856 60.030968 42.87939
30.739582 41.757385 31.860958
53.884525 69.08634 53.729416
41.768684 67.47127 46.07257
95.17191 101.85012 85.567535
92.24008 110.87556 96.96657
79.773384 103.60631 88.25535
64.208046 91.03737 76.996735
61.098408 77.0064 55.68308
49.849422 72.832954 56.667843
69.64818 80.38059 67.45557
69.17895 91.05637 67.73441
48.714348 58.364357 44.40506
46.11674 63.05987 41.63824
83.53893 97.09754 70.09387
26.747416 31.273785 28.90256
71.0287 89.04497 66.34892
49.262318 64.25602 47.906628
49.934963 75.91786 62.131577
50.488934 80.806854 66.23728
79.35309 80.844124 59.794254
48.5129 54.07477 37.494366
82.5854 99.89873 90.5325
103.54913 102.400795 67.34422
47.93526 69.75495 85.00173
33.318287 43.640408 35.55084
88.69461 90.39739 76.45313
101.26908 98.73745 78.68818
82.24928 75.87299 62.151176
36.65648 47.383926 45.794487
106.538506 99.38529 89.12661
116.96233 132.53484 121.07277
99.60744 107.23282 94.4834
112.533905 123.15108 114.66288
145.34 157.6031 150.19505
151.21344 151.05444 109.19631
87.14268 83.370026 60.925262
55.608707 96.58671 139.83142
106.594536 117.74475 111.20924
99.58627 123.17055 111.34556
85.19064 144.14018 159.03767
102.04197 120.884125 115.73845
72.4052 115.5091 113.16398
43.376926 70.62457 60.544468
126.30069 142.22368 137.35536
141.15364 154.87473 139.76402
197.55557 199.79903 195.72751
138.9554 126.675476 91.053535
46.91683 93.84916 76.502464
104.28882 91.139046 63.001
69.52217 118.00553 117.11934
111.217316 108.53523 80.81756
30.24635 69.580475 65.77962
97.485 101.3969 90.64434
137.71324 142.56866 126.478966
21.503233 25.179146 14.992967
74.04924 85.12211 76.13718
61.27382 67.114876 55.129944
116.145775 130.82213 122.61104
33.736782 35.78115 26.272285
92.17245 95.65468 78.66595
163.85606 178.10341 152.71341
64.99983 77.41363 72.82209
140.84392 137.97777 118.47777
148.01643 139.88596 120.577705
67.89756 61.948296 43.41023
159.18575 173.66962 151.26945
38.59404 36.082474 22.840857
72.61074 113.105774 108.55177
27.74515 27.548403 21.405228
64.79605 81.16114 53.098675
126.478165 138.75851 133.09264
91.599205 119.27289 111.33079
111.10394 151.22162 144.66591
44.897728 44.240715 37.486965
66.47273 75.446495 65.77065
51.844624 58.372356 55.65391
94.101074 93.88569 74.94296
95.33585 98.10777 77.57747
148.88097 163.04384 147.85419
40.674145 64.42683 51.85549
9.658877 28.30662 32.37296
16.553303 43.178513 34.071304
44.363956 47.674213 34.446762
40.134476 38.659744 29.53817
102.87399 110.11914 72.314186
113.462364 124.34366 100.416725
81.400925 85.514534 58.9878
101.00277 131.1829 94.9866
155.68608 165.83302 127.99633
121.53634 122.76189 76.518265
98.40056 109.645874 73.73985
108.748215 109.76505 71.60874
116.82579 119.76045 81.74768
144.97386 136.5018 94.973495
34.11544 69.14238 95.630005
69.83339 68.774254 44.951897
14.137942 19.458231 15.555571
65.41339 65.495 43.611374
101.403595 95.0462 54.924862
88.56997 91.37656 68.96857
153.42903 152.88803 100.54194
93.786354 101.91433 75.69198
76.227715 77.14231 56.71885
67.724884 69.94386 58.84689
141.18172 135.51677 92.4601
127.0171 122.71532 80.89449
138.71425 137.23769 96.527565
124.69825 128.61304 90.81279
117.85449 125.30472 96.4239
98.06991 103.80379 73.61191
131.8292 134.4595 97.45226
114.991234 119.40106 80.40683
110.980995 115.28962 83.143875
78.346855 86.9786 63.398026
140.86102 142.65674 104.339386
132.16481 141.73842 97.005165
140.14784 137.16028 95.54787
98.054504 105.21125 70.032005
78.00574 83.658745 54.965263
114.69395 104.18588 74.07084
120.40426 111.70595 82.383156
110.122345 104.11244 71.9043
33.76862 51.656578 44.086906
102.13711 104.53317 76.66834
138.4113 133.71025 94.33512
60.308487 70.679146 38.727448
92.030136 94.98973 58.22575
104.66484 109.86022 81.86126
100.38989 105.61194 77.720116
92.65921 92.38486 66.29408
97.089676 100.91906 61.39956
72.12654 72.580605 50.304455
73.41816 89.54987 64.324585
62.19628 62.379658 38.77105
112.10237 116.15208 79.52417
45.256016 50.19121 37.852158
99.26715 99.37226 80.94216
87.41466 90.988434 57.16061
84.91743 83.91446 61.542934
89.187515 99.12401 62.742382
157.57117 145.13214 110.55244
118.15811 122.15424 82.53544
26.92833 31.90876 22.296886
85.5734 84.01843 68.60971
152.3619 154.40393 109.233116
70.138176 103.79515 119.011765
40.388393 47.242783 52.013767
0.34695646 0.9174945 2.1745117
72.23205 76.923325 47.13871
72.84186 73.03634 57.369225
116.44416 124.93356 103.96793
56.315823 64.53724 46.61584
27.823689 40.503067 32.70355
61.523903 69.482635 49.739082
95.9546 99.14507 66.18895
61.601273 83.82159 51.18988
71.89569 81.35709 58.81612
51.64681 59.683113 41.89386
52.864292 90.197815 75.0257
28.752884 39.138676 32.159477
78.66701 126.84356 156.09357
72.752914 76.17058 69.812325
67.91886 84.28642 63.73005
22.830822 31.30682 19.84589
74.131744 85.21781 66.49173
68.77835 79.241646 58.88446
63.78082 76.36059 51.633743
53.83389 59.141045 42.881992
79.45326 88.478035 62.47993
51.265118 66.720116 44.07587
61.80739 73.28185 51.709347
74.21632 75.33542 52.902493
129.16104 128.16647 88.97407
113.64918 118.12501 90.10441
97.0082 92.35699 75.13618
152.5246 155.89899 117.724884
81.894394 81.84805 52.48273
89.68065 93.67488 65.93936
90.068405 97.34296 61.89026
79.444664 89.16395 57.318123
80.99067 89.31962 57.036404
91.08947 91.47846 58.335423
63.61834 66.67484 54.49917
114.22431 113.48433 82.25868
111.748886 115.339554 80.644646
119.075035 122.63518 95.310524
101.9295 99.89922 65.64774
58.560303 63.841457 43.001
82.89763 83.0356 54.13891
85.498566 99.4276 60.84779
36.314587 54.559505 41.369724
71.35699 122.9256 131.39159
59.155643 75.33305 55.98973
20.89826 21.070671 12.464331
110.04607 131.37106 108.84139
99.83762 111.86886 78.82619
112.944496 139.95279 107.85112
113.69915 140.55856 108.31122
113.73752 120.86839 76.88173
117.0855 125.171814 95.02023
102.93003 101.10137 73.86036
99.608475 109.43383 78.79685
101.485466 106.326355 70.542305
118.99893 120.42396 80.59141
100.59187 110.158844 77.98793
104.67138 114.58691 78.448296
103.21478 111.73068 82.89403
82.90756 92.56717 67.26072
50.4651 53.37116 27.037569
55.815586 61.838287 25.166544
55.31732 57.507732 20.621641
41.225014 43.177677 21.405428
19.072905 7.420428 3.5726714
91.23455 95.05024 61.514668
100.550835 107.235214 73.629845
102.56864 105.5122 62.395325
47.633743 61.31132 42.414528
40.0455 53.31482 38.44593
37.68388 52.168476 32.876957
30.935696 51.84519 41.699913
67.42816 69.79952 55.507866
148.34875 151.85522 122.15268
88.13941 101.43113 85.19735
88.59624 105.49083 87.83346
47.47243 46.468197 35.980667
122.30535 131.6148 97.05594
71.35213 81.69074 59.630974
65.854324 73.70395 57.250782
44.807453 65.60957 49.142776
104.99187 125.42206 90.74122
74.16418 84.64291 57.879494
88.0374 93.63971 62.692646
64.5098 67.29069 47.36759
116.930565 120.074936 90.28712
68.78482 73.27102 52.691444
75.645775 88.70188 61.394093
84.36962 95.18915 65.785484
48.720783 59.513332 41.24675
94.76165 113.298454 86.47587
118.41186 116.50307 72.596306
89.921425 105.55344 69.960434
100.83279 108.94763 76.855354
106.59491 112.19821 77.143875
100.951965 104.21355 67.40389
72.32559 83.40576 58.36209
26.184345 35.16578 17.150476
91.9917 94.43173 67.231346
34.523567 39.321754 22.688412
76.74868 83.93913 49.94266
81.88256 90.89349 52.023335
36.315453 46.672844 24.922695
150.53658 157.57411 112.519104
60.270317 72.34919 51.551437
80.664314 94.82409 69.12914
56.671577 77.92873 50.94356
130.71785 134.72362 106.55807
194.53287 204.72708 182.5034
118.38159 122.84329 95.57407
86.82362 92.45813 73.09394
93.854294 105.70558 68.81759
129.04494 125.376755 93.549034
80.0697 88.50674 54.73418
71.68048 76.04457 44.85319
67.91423 74.0341 43.094772
67.31645 73.43513 42.712482
105.09044 110.87819 78.52217
38.73375 52.63801 25.85199
59.239784 64.71685 31.035536
73.21678 81.32212 45.25125
30.475231 35.09157 20.194513
41.096474 59.558037 44.57224
48.18208 56.05224 34.985
78.346954 87.62294 62.276417
105.91069 109.965 75.213615
68.03547 73.15074 46.883793
32.806953 39.634743 24.69278
51.021835 55.72665 36.218216
85.260185 104.83879 88.84933
85.86419 105.34155 77.243286
98.580536 110.23742 73.75338
82.50037 90.42046 65.16251
60.930695 76.0178 57.311623
22.245884 28.735083 20.368824
93.96333 107.83022 81.63351
66.671646 74.21438 59.751617
83.411095 97.94506 72.75702
18.75865 25.821022 22.949463
74.915596 66.608406 39.91946
71.829185 72.078575 56.469196
113.73492 107.12014 81.4385
83.75555 88.323456 56.973232
146.87466 148.9732 129.49953
111.80839 116.10364 66.4636
84.26802 95.65478 67.551605
99.79405 94.928825 76.14455
44.277817 46.376823 30.300253
62.59124 73.805084 53.859222
48.828987 59.60484 41.257816
36.13024 41.174343 29.379725
66.07914 77.694016 62.546535
62.538837 65.60027 48.801655
56.901394 65.367325 59.04994
59.865723 72.78139 48.209812
51.37716 64.22095 52.89546
131.59071 140.92143 125.31849
79.73155 85.19418 63.37626
94.70918 106.0378 80.48343
96.521935 99.18431 73.551834
64.89819 65.4724 53.513767
103.02593 109.99883 88.555336
89.58267 96.39669 71.0177
68.80179 68.07754 40.900726
110.733315 100.697914 75.69074
67.65478 77.39203 52.13971
71.28475 65.74191 42.125374
42.80132 49.348457 26.826921
108.78045 108.61801 72.699715
74.25195 85.69852 83.480865
75.43403 74.71885 53.045902
106.63411 116.096306 92.58324
96.35469 93.36289 69.44403
53.630642 53.75545 34.80452
180.24902 179.23195 157.62581
90.9553 93.29302 71.5781
50.58737 49.809887 32.035236
66.09114 61.80222 42.332623
69.9135 64.83369 44.588974
102.74792 104.93919 76.19101
98.087875 94.55791 66.76375
99.64861 101.64645 70.46953
96.535866 95.59404 69.27109
76.4818 77.40726 56.241417
55.846256 59.426796 40.210316
107.4871 112.803185 79.75242
44.28675 55.07577 39.565437
95.61284 112.03004 98.06167
57.780853 80.399025 73.69365
111.97043 115.4006 81.0751
123.52617 119.80422 80.57764
111.673676 109.05587 67.55154
124.49817 123.5291 76.05204
102.5421 103.9193 59.925426
91.11644 94.9471 60.763386
73.65101 60.19928 36.287186
68.25265 75.424164 47.498135
44.281418 81.74802 86.5193
73.45246 70.85999 50.16601
55.584507 64.4876 42.471363
86.59251 92.59597 67.02987
85.76338 90.577736 68.88289
119.77022 144.53967 129.6558
62.937263 71.98603 55.10481
71.424965 73.77635 43.169445
101.01213 97.0458 59.453465
101.492165 114.35812 79.09654
48.80502 62.029602 34.694748
79.58874 68.13171 50.846825
55.93763 65.899994 37.687046
64.78492 80.88799 54.06437
50.444996 54.33809 37.222916
50.458565 73.09214 40.751415
60.035404 54.906162 37.726616
112.33826 113.132706 114.53744
36.56334 42.275684 35.24525
94.73065 91.43503 74.00867
113.28796 105.9861 85.675446
89.350655 99.184044 83.369225
70.4268 71.942825 55.64335
44.03077 48.0227 41.56434
63.14701 75.482864 54.84549
96.74942 102.79955 84.36669
56.088573 62.5497 55.01777
50.118443 60.334087 42.42473
57.524803 55.991135 50.113274
67.5195 81.66541 70.133545
36.83259 37.047604 30.589539
26.296587 43.276684 34.943863
55.191513 55.71095 40.9998
56.21328 70.63694 60.842888
24.595207 36.67318 48.08234
15.020135 30.963163 38.008736
35.547504 69.41059 80.90163
29.977833 48.485264 53.9721
55.71918 65.29492 61.818386
41.654778 53.70148 53.491634
50.914494 58.16651 55.469597
46.85859 57.365158 56.96783
47.217316 48.4782 45.493233
48.21335 59.185513 63.580704
31.936129 38.4954 36.648544
37.166645 45.56467 36.574173
137.99184 138.0148 132.32388
21.496666 37.796688 34.12144
34.06177 67.48507 64.91249
45.859325 69.351524 55.056103
77.26148 86.70295 92.27995
56.964066 59.658478 61.368893
41.704712 55.280487 58.109642
73.959564 72.82849 71.790085
68.05517 72.32432 70.07564
28.962463 51.35486 52.333954
52.12711 63.689114 68.0612
26.293453 40.815987 42.081707
46.31149 56.646576 57.413326
43.34399 47.737114 53.64398
73.9872 83.418594 78.71021
25.35549 22.466198 19.775518
26.703047 30.039436 31.079838
27.082106 32.39836 32.708748
26.342155 38.907093 38.992798
27.368359 47.04317 34.608074
50.149044 59.82032 54.57947
63.909492 72.66071 53.38399
62.243015 62.582104 47.769253
75.71591 72.4817 55.98553
22.76975 23.918028 17.559338
101.4822 98.528366 74.03814
60.692013 54.868923 36.5149
125.03527 114.92449 99.089676
17.984365 31.283052 26.020535
37.803154 49.40586 44.739983
31.73565 51.5195 53.05307
49.061203 64.34282 72.23225
18.537302 22.40576 21.226349
22.270685 29.721148 31.266184
24.288252 34.612843 30.597307
21.767284 27.720549 28.73865
40.54887 56.922394 62.413692
28.105173 32.57824 31.88316
31.18228 37.904293 37.777718
48.743282 63.641575 65.212715
57.21428 69.64231 68.31819
45.695114 71.4426 74.084305
54.5315 72.9873 77.617004
55.739815 70.86202 74.30155
13.541836 21.585106 20.253817
33.393326 45.308887 47.61864
41.54327 49.341824 46.45683
37.57107 42.820488 40.116142
13.2760515 14.967731 12.049236
63.961 77.14925 78.63111
30.468966 36.5065 38.36069
54.92043 58.17371 65.87886
6.7426496 14.478932 10.015135
46.623177 84.34663 73.268585
26.308455 37.930595 30.985298
52.244385 64.273415 50.35206
19.803953 40.0292 28.221382
15.160977 28.76535 11.638809
15.530768 31.397593 9.343156
19.003166 35.891792 11.677145
11.106307 41.754185 30.554237
21.094273 32.297985 29.766218
11.700247 21.056204 5.411694
35.043102 43.528034 30.874992
19.666645 48.723717 38.259384
7.957497 19.96433 24.717482
13.201981 51.979233 64.59354
89.99847 129.89555 157.07587
30.392027 38.286087 35.123676
27.840723 45.32229 54.69908
20.70208 32.582474 32.4987
75.931465 83.66361 73.96063
39.258816 54.933395 55.637844
62.5344 74.22231 75.13984
29.090706 39.34849 38.40366
28.829756 38.500965 37.166744
18.436396 48.913128 35.04347
29.245083 36.74255 23.272884
30.707148 41.584774 28.797253
32.4922 38.281754 25.176712
38.85509 47.75375 35.19961
21.937197 27.466265 13.656243
26.855124 35.641808 24.341623
36.706413 44.169178 28.414162
31.32989 36.12341 23.913128
31.972364 41.0084 20.577038
47.90933 52.25555 32.54397
69.01107 71.05897 64.14784
13.631709 45.528133 39.719116
27.951797 54.07824 47.017166
5.6208415 16.659445 17.832155
14.393893 24.075605 24.440897
17.84109 30.40456 30.196012
10.493066 18.301188 15.277719
18.236916 27.752384 23.738949
10.526735 19.04637 23.807888
13.370091 23.39856 22.082272
95.011635 65.20191 65.914894
11.941263 14.769418 15.114341
8.447229 10.289619 12.339356
16.339956 23.775585 26.578106
20.888159 45.256783 39.695946
16.569405 26.85269 22.888226
38.64111 59.104572 47.578304
14.484899 26.41776 29.982365
31.88616 62.014168 51.869526
15.139843 36.677013 23.478165
14.685579 27.378292 19.937763
24.567938 62.900726 36.9512
19.946106 32.794292 21.654823
9.283153 49.89166 37.647808
47.13961 34.440662 18.60264
49.481434 67.434296 44.20178
12.523568 42.47613 32.19728
39.12974 49.90743 10.225382
19.079239 32.21518 11.9914665
38.36096 47.65641 20.18808
55.54547 67.42593 36.468597
38.352524 80.93279 29.155876
26.366692 68.643845 30.306854
18.413195 34.204548 6.4102607
26.26925 38.274918 15.508834
49.280117 56.687912 35.840458
64.218216 70.929695 36.448296
31.906195 75.48663 89.52123
22.863691 40.90866 34.218246
11.762318 30.15831 35.161243
34.18998 59.83272 49.62694
24.483532 45.23515 37.0275
32.03947 54.872158 44.69088
33.09434 57.204346 31.138542
22.636276 46.115143 34.13954
7.694446 26.554903 27.194313
25.84829 56.755585 42.812622
11.608641 33.810154 26.516834
13.777219 35.392628 30.9995
13.10484 37.575905 32.233982
10.379625 35.149776 28.74805
14.30912 39.91806 33.865158
10.904593 35.45593 30.133875
10.14501 32.585705 27.70428
16.445362 32.46643 19.851423
19.24835 52.173645 50.921196
28.9928 67.52413 67.49837
39.84212 66.27692 59.93073
24.749416 43.12711 44.32449
12.275385 26.955164 21.44013
12.4128275 34.664577 26.928461
14.070205 33.604572 24.310154
20.623041 53.255486 41.21795
13.244783 33.346256 22.378458
26.720348 52.356525 36.735783
24.841389 46.622173 40.76492
11.75455 26.70998 17.994932
12.377958 33.53777 22.091106
27.042637 51.15351 46.136143
24.54327 46.103073 40.41516
10.554237 24.351524 16.096373
175.14598 158.39313 158.4641
18.683546 30.327621 6.144676
10.255217 14.566805 6.836989
26.576773 32.297054 4.415694
29.122808 50.406727 18.588106
9.848657 17.72655 5.7064805
25.76625 58.70101 24.34869
22.884125 60.032936 28.184011
73.65475 58.215916 30.063604
4.447863 27.654778 9.106507
71.67258 95.97953 68.25015
60.959896 102.82859 84.75018
35.919796 41.413494 36.724083
45.683044 84.081505 38.92636
72.22815 91.47033 32.839622
34.884426 50.232117 16.922329
9.221248 66.42056 15.255884
28.716547 35.365425 12.501367
21.152077 41.083874 11.740582
35.69318 59.50197 53.174713
53.136177 80.619705 45.704914
46.069004 83.14071 45.503
25.576904 84.728615 45.93606
81.75619 90.92946 85.02227
34.45443 67.978096 34.19278
32.519936 63.086838 32.753082
18.837255 35.65221 17.874458
46.5034 61.31692 33.612675
26.497967 40.46313 23.911728
2.9747982 9.229182 4.2050805
12.489966 62.886593 40.16348
40.814354 54.781918 51.015266
8.571105 22.076172 11.371692
28.793253 38.61074 35.038837
36.557003 38.526733 33.26825
18.720947 33.33182 30.022367
18.26045 39.958466 42.836224
51.54737 89.44506 84.41406
25.38916 52.06097 52.551636
92.63894 119.97643 124.72812
58.016068 91.04834 89.56911
60.333355 90.90023 93.0299
50.163445 88.05193 88.5257
46.90256 79.92563 81.24139
51.88589 97.349525 104.40673
40.964966 90.04083 96.51147
23.321054 81.15491 90.77019
91.53917 127.603905 133.63997
69.71892 87.551834 84.98953
130.0551 151.16504 156.39803
101.24095 129.62791 128.07724
59.499466 88.228516 91.25415
86.94313 123.12181 126.95
79.43663 116.751915 125.66731
99.610504 136.87405 142.69678
53.55417 89.5929 95.74458
72.64711 103.17584 109.21008
87.917725 142.5201 157.13658
120.41993 183.6266 213.60197
84.71802 133.1004 155.33669
42.9615 74.21978 90.26812
30.024302 62.266586 72.75812
31.35449 76.9857 77.53837
131.28868 179.14061 183.28409
67.46487 72.74005 59.854023
60.047737 63.9906 42.71958
121.408325 110.14151 83.16391
111.81292 106.98663 83.81802
113.27779 110.27932 84.343124
88.63248 83.91229 53.304554
82.07727 67.413795 39.616776
63.437096 65.50367 58.261818
86.62467 82.76168 61.51967
41.53087 47.70178 27.071005
33.41956 57.538403 56.031536
34.324722 64.062874 53.04617
30.397493 50.644375 43.135643
61.871925 92.78288 90.59024
31.897526 50.885994 45.28132
43.29102 75.64931 72.46276
40.862625 56.663746 52.166378
41.976498 58.742283 53.717247
39.77742 57.30052 49.92586
30.885525 33.82359 21.834522
81.35102 72.49403 45.66448
62.504135 60.050335 36.313656
109.02777 101.70398 72.0178
102.59961 89.74018 63.32152
116.52627 105.878624 76.47633
61.4992 60.9903 39.690845
60.30882 63.83559 40.30182
66.14781 71.76929 49.729515
34.16808 74.226746 94.4994
44.58424 79.28119 99.93323
50.595306 83.21698 102.41466
40.608807 75.11154 81.12624
46.5196 80.96293 85.34769
67.73102 96.728485 100.5398
73.96436 99.06797 101.5071
19.473866 39.678043 40.040703
45.87929 74.67535 78.51573
45.943928 74.79159 78.79132
44.15211 52.95633 58.687214
0.0068671247 0.007067138 0.008433895
5.9209948 5.9212613 5.9226284
16.206114 16.206846 16.210047
7.8760586 7.876392 7.877792
0.006800453 0.0072338157 0.008600573
9.552136 9.553137 9.556237
1.8822255 1.9915328 2.134309
7.134642 7.1350756 7.1364427
2.2281153 2.2285485 2.229882
1.2340156 1.3267552 1.419628
3.7954197 3.7958198 3.7971532
0.46556437 0.49623308 0.5386692
2.4093273 2.409794 2.4110274
0.18964598 0.20781386 0.22101474
1.6376091 1.6380758 1.6392426
0.48119876 0.5043003 0.5719715
4.835889 4.836389 4.837489
0.43962932 0.5035669 0.48979932
5.334822 5.3352556 5.3364224
0.410094 0.50320023 0.5840389
2.1524434 2.1529102 2.1540437
0.037902527 0.03833589 0.039469298
3.5007334 3.5011668 3.5023003
6.5680046 6.5683713 6.5695715
16.479431 16.4798 16.480932
16.439495 16.439796 16.455463
16.305521 16.305786 16.306787
16.975698 16.975931 16.976933
22.944063 22.94433 22.94523
19.330389 19.330656 19.366991
19.540102 19.540403 19.565338
18.123075 18.12334 18.124142
17.57664 17.576904 17.577639
15.275619 15.275851 15.276586
12.81212 12.812321 12.827855
18.29782 18.297953 18.328423
23.396294 23.396427 23.397127
26.04827 26.048336 26.049103
26.716381 26.716413 26.834156
21.313488 21.313387 21.334455
18.842457 18.84239 18.843157
15.7518835 15.75185 15.75255
16.237982 16.237982 16.253784
14.559171 14.559171 14.580905
21.12691 21.12691 21.141743
25.46153 25.46153 25.462164
10.626442 10.626442 10.627042
22.715948 22.715948 22.716515
17.920162 17.920162 17.987165
58.062737 78.441666 78.12121
88.86469 90.18884 80.38709
0.14377625 0.5924395 11.023835
24.807821 39.60111 77.12187
