0.0010948041 0.0010948041 0.0010948041
0.0010948041 9.764469E-4 8.87679E-4
41.685585 37.53802 27.722542
90.3709 77.31634 56.461414
5.030181E-4 5.030181E-4 5.030181E-4
52.164516 39.642944 22.944876
80.77832 63.123238 36.164516
58.12753 48.85093 34.63954
77.7411 64.479935 42.52367
59.58587 43.497307 19.563972
50.531128 39.44381 28.909132
64.511955 53.675022 38.74852
83.33368 72.64307 59.347084
59.19893 51.21695 43.72624
90.33128 76.857765 59.897205
68.33303 60.510475 49.055214
31.186619 26.472984 19.861315
21.621078 21.546337 18.223429
65.91038 52.939518 35.736538
64.64987 52.905167 37.313972
22.152267 28.70748 32.179222
49.67653 61.403866 61.134453
53.331783 65.56897 63.294117
11.61235 17.732157 17.421618
57.55397 55.18635 47.026928
60.626377 60.165108 50.990234
63.35244 62.19298 51.88182
69.51621 72.5819 65.45512
68.70751 71.16863 63.63049
55.744526 53.298084 46.797726
59.49494 58.547787 49.379955
57.445824 62.110752 55.785034
56.258728 57.153687 52.826756
100.30326 100.02506 92.07856
118.101494 116.727455 109.78406
86.96813 84.60389 78.749466
95.0672 87.44434 77.102
124.507904 119.64333 111.06356
103.31465 95.67922 84.93029
120.61664 115.0129 104.10069
102.78326 96.459755 87.23962
132.86957 129.92621 122.442505
130.03157 126.04734 118.53012
106.71574 100.63064 89.886314
90.08066 76.78423 63.472336
72.96008 63.743847 51.150875
63.56057 53.183453 43.23488
60.740383 51.411617 41.402443
61.593384 52.843086 42.843887
60.534737 47.77426 31.500414
52.683544 39.674904 29.685703
73.51293 58.27302 46.714672
70.20014 55.39833 46.121227
71.028465 56.175762 46.006775
83.139366 70.67579 61.01417
76.10892 70.97092 56.63969
77.40481 71.13001 56.591698
94.600075 86.68147 72.873
76.17845 69.067375 55.761776
74.88247 68.38724 55.11469
99.12549 92.8659 69.565216
60.984585 50.872234 44.126938
60.53231 60.455082 46.469433
52.43659 47.63164 33.097347
40.84667 35.597824 29.251776
41.91366 35.773937 28.982038
40.016273 39.614983 36.84099
101.6681 98.044205 84.32536
87.53004 87.406555 74.58667
97.25666 90.85673 75.02708
95.67931 89.63593 72.67916
105.39913 89.13135 51.246418
54.993225 46.476357 30.706148
66.03104 47.970352 38.93209
92.01106 68.57276 65.78551
83.57353 61.619747 56.065983
86.684074 64.15742 59.014202
67.03929 55.963577 43.468548
101.83672 93.391884 86.20999
153.61282 144.10306 135.78131
102.62966 99.89925 84.86611
78.44582 91.16599 84.77453
78.00228 74.30986 60.926
101.96156 100.006805 80.69272
62.85158 52.200085 26.939903
91.72168 86.77468 71.90895
160.12918 148.00781 130.69908
147.15886 139.14745 120.725266
118.1367 110.6183 98.40691
116.97387 106.85374 87.85161
105.79001 95.22429 78.23905
62.23828 54.864006 50.603
105.91413 94.64762 78.824356
102.7495 92.8567 78.82114
113.73636 106.79504 92.65668
106.1304 93.07306 70.49669
118.83297 113.7086 104.15156
66.261154 62.973072 55.08868
90.38593 84.17108 72.21748
85.48861 78.851135 67.85386
126.93141 121.00272 109.93357
83.67946 81.671326 71.56341
79.447624 76.99515 66.55
88.52059 86.376465 73.13102
92.91431 92.95443 82.17588
94.4486 94.23769 82.7861
88.88724 88.1926 77.955086
93.9357 93.84137 82.55542
122.61197 110.09989 90.75077
124.074684 103.44283 99.24266
100.48672 98.444016 85.39827
94.38274 91.2345 82.10901
115.601814 99.16221 86.42076
126.38869 119.28462 106.871704
48.164814 43.910816 36.55063
91.58655 86.8899 71.87037
73.8098 72.77486 62.722095
75.47796 73.31474 62.3256
84.50985 80.994675 68.27459
106.357086 100.215 91.186264
72.4204 72.56057 67.43913
89.7426 89.220795 86.31314
111.71733 101.43174 94.191
104.62469 100.018906 93.04826
71.27089 67.789505 65.035385
129.6058 122.776215 116.13759
87.9926 79.28403 70.282906
104.15221 95.80071 83.75033
63.69588 60.723694 54.702034
53.270267 46.622974 39.0951
82.71062 73.83989 63.855457
48.314713 41.74299 34.96606
53.26296 47.54329 41.550156
50.22914 45.049355 38.92221
43.622086 39.212036 33.35998
51.29607 46.29826 38.211178
85.13425 77.06826 67.75027
88.4724 81.00272 71.28018
41.282547 36.459553 30.876673
49.45337 42.92724 36.227245
79.35587 71.966064 63.36244
97.045715 86.27728 74.854095
45.97192 41.979347 34.86031
90.68869 86.535034 77.44875
91.4089 85.205025 81.29222
63.20541 55.75864 48.747543
77.18789 67.671265 57.89975
72.28181 60.922386 46.781395
96.2756 85.666916 67.73935
94.18017 81.00583 68.21754
86.46506 69.3132 49.797607
46.591255 36.896557 28.754734
78.56903 62.903244 46.267666
81.44934 65.91138 50.378475
125.40617 109.41582 97.05764
103.330894 85.217804 69.01772
73.09406 60.697865 51.060184
82.93834 65.8612 52.426056
71.795715 54.427803 44.132736
87.648865 69.379425 43.733578
130.28812 111.81273 96.33273
82.18005 64.60442 45.810627
80.1104 63.7521 47.0635
71.92837 57.783615 45.40845
79.38685 62.68378 44.47556
75.04832 60.57785 47.10957
75.47174 60.334476 45.78613
75.803825 59.910908 45.188778
77.22494 61.817257 46.588326
75.24849 59.96662 44.068707
74.9247 59.769913 43.688484
73.83261 58.767075 42.484703
73.83182 59.20742 43.23754
57.865517 50.836372 40.862114
67.80178 50.728783 38.089123
74.96559 62.03598 49.91866
36.682922 29.638744 26.830305
69.213104 56.713577 45.47822
120.09445 101.0356 82.400696
68.86194 60.0553 51.850723
122.039825 104.63573 81.60504
118.09253 102.61232 80.51645
38.83217 31.58711 29.175552
36.73343 29.862736 25.345722
82.961296 70.668655 62.471447
83.55504 73.19792 63.27299
71.986595 62.120842 51.02675
158.48384 148.12587 137.74716
97.31385 93.091606 83.04885
106.73743 103.35838 96.831635
108.113 107.595665 107.17413
72.25284 69.40668 63.75086
59.628418 55.548615 53.138714
81.26296 63.47674 45.094093
81.27302 64.22059 47.762604
84.11454 82.08028 76.272575
65.19559 50.491272 32.06773
115.99154 106.22971 89.588326
79.716415 72.262726 56.626522
90.85868 71.46686 25.685081
89.18064 77.0811 68.392914
95.16082 82.678276 64.018936
133.09373 118.28669 114.27814
75.374275 78.138985 88.76131
93.11777 78.868324 65.8377
61.915195 57.963634 58.488136
81.46881 78.710884 71.24959
77.35052 52.554592 26.110989
86.69082 83.0595 68.1098
106.07513 96.1399 82.20082
49.453457 42.495564 35.27805
70.416115 65.27891 65.77817
66.86711 66.29341 48.287697
90.76435 90.01583 84.45088
116.81767 88.658066 67.270386
29.472748 24.687477 21.910492
37.337112 34.027134 27.968903
34.98787 32.04477 28.059357
115.17585 113.38291 105.783676
70.4534 67.73399 67.01947
93.81995 88.15573 77.28879
74.75793 68.55625 60.821163
54.201355 52.87972 47.797016
83.37634 80.48544 69.147
120.55551 116.23639 95.68398
128.15262 122.63774 107.47949
63.403656 58.114483 47.492012
82.264206 70.181 51.299088
86.24817 74.00849 54.123505
96.38357 86.51974 69.127914
63.017487 55.825188 44.557285
67.87753 56.968075 42.993107
65.786545 53.159958 43.05119
71.47544 61.113266 49.313824
60.90404 52.978283 44.508198
45.611286 39.148685 31.982779
70.27947 67.29909 67.383446
85.01166 76.103355 65.486626
62.573795 54.997486 47.423717
42.77376 40.20233 36.745087
53.740826 48.618122 44.025417
132.98964 132.36806 122.14896
93.76873 71.479614 43.81341
84.52423 81.00302 74.93899
88.734436 86.17106 77.57675
60.995266 60.912533 58.365368
87.02832 79.78705 68.27009
114.798584 107.995766 95.22207
119.35909 93.72949 75.1135
87.14901 69.16523 54.913452
73.13259 55.88049 41.203514
94.5466 74.28302 59.405846
113.92694 90.11954 70.45174
118.91434 107.92795 102.19156
113.51536 102.5848 98.955025
122.646645 110.67703 105.40262
104.87851 100.48047 90.725235
84.282845 81.091606 72.210526
59.453987 56.54314 52.76743
100.69612 76.06776 58.054295
93.557465 69.20997 50.49781
73.35102 52.65972 36.553055
125.379486 96.87078 72.92185
87.594894 65.98751 48.036217
79.58593 56.600544 40.617886
94.553795 66.67002 43.596195
135.98024 133.79115 120.16768
64.380875 60.083355 51.59217
132.17197 127.58782 119.96192
65.78444 64.03234 55.95186
66.70301 64.85859 56.9747
68.80465 66.86812 57.49142
56.696415 57.14744 50.58661
57.751984 58.57353 49.506687
107.98535 101.172325 91.39644
125.19064 123.742096 116.31767
126.27834 124.670525 117.26222
127.04548 125.43946 117.66916
101.29237 99.5756 91.55794
101.09238 102.39605 88.41966
112.24343 102.94745 88.57303
93.52873 78.96849 71.80791
69.90153 51.82359 38.29678
45.78654 34.861168 31.956682
95.75358 85.95852 76.68804
71.076225 51.5503 37.18221
64.35761 50.287876 38.194756
62.57492 44.54696 31.337406
54.424488 42.45112 32.28459
108.004974 106.16333 99.17079
121.14605 116.30873 104.876465
100.95698 97.16295 91.20118
108.84244 114.36315 117.59762
96.17982 89.31462 82.515945
96.57489 89.51897 82.49819
87.1278 91.68591 84.537254
116.62392 90.652596 70.93434
103.72331 79.446884 59.926975
103.2374 78.94875 59.523315
104.48784 80.94538 62.262634
64.2695 43.71683 33.022312
74.18689 55.46748 43.019794
98.23488 75.37981 61.683514
104.797966 82.34164 63.614185
64.20005 46.245354 37.069504
53.97133 48.784737 43.238667
44.631523 39.50441 34.56924
69.67067 65.56708 59.28083
159.1973 151.6807 134.9381
164.07326 151.55287 136.73758
91.60028 88.07217 79.65389
147.05992 140.2202 124.72837
160.71613 147.74275 131.2132
147.48708 134.28189 119.4874
158.52309 150.5603 134.35779
176.24393 169.05031 153.46219
44.519913 40.70168 35.74423
147.7099 138.05281 123.87324
81.27385 75.18452 68.68893
89.65088 80.36632 66.235176
80.33797 71.232155 59.898094
69.76175 62.42937 52.373833
67.17393 58.09069 48.447037
51.45115 46.404457 43.80341
41.229168 37.775833 37.979404
42.8546 38.002663 35.84007
50.300064 44.82844 42.118595
45.945408 40.61046 39.278496
70.940765 55.676292 41.948723
79.159454 54.33146 38.683216
86.805595 63.89925 49.836548
119.63614 94.59392 62.393063
102.78515 87.736626 74.69381
101.80492 78.07424 61.92582
66.673065 45.664192 28.669222
63.68449 46.033318 26.476772
125.55128 99.00695 59.536514
68.66916 51.60957 30.997988
55.052017 43.52897 28.835276
98.03157 70.1723 34.80308
105.30865 78.20488 52.72263
77.23988 47.111404 23.570984
78.4128 70.95822 57.628063
67.17798 57.502487 43.381584
90.0066 78.9584 60.714314
81.06995 76.745026 73.30347
33.52293 28.802906 26.249437
34.25222 23.662298 21.834417
33.59818 23.228872 21.59871
28.274055 22.888655 20.376375
30.667593 26.089241 22.378092
29.76213 24.384838 21.406706
95.47144 93.30299 83.506714
59.6454 50.610104 29.823826
143.85303 148.82413 136.13954
84.52509 77.83084 65.094154
33.037136 28.042017 28.124098
31.09143 25.19162 18.040094
15.593059 12.408302 9.335927
8.007634 5.8767014 8.170612
27.145758 24.359983 21.484644
35.10741 32.50207 29.38259
95.27826 87.05462 71.59102
97.23237 78.38463 66.92768
90.098915 78.42399 65.2684
94.253525 77.69097 63.439194
77.117325 62.29844 51.134514
88.39014 75.482216 63.206623
121.55167 98.374214 84.11279
43.432507 33.040123 19.756983
34.629482 31.070215 26.927004
65.880135 57.68961 26.638744
27.204699 23.194283 22.868565
21.979525 20.421293 22.84451
81.565216 60.416145 47.36238
87.04761 65.35072 48.300182
91.247604 68.359985 50.125725
91.572556 68.26506 50.059296
73.34554 52.16268 30.015831
67.158005 46.821312 25.592852
68.941826 48.560776 26.733223
67.776955 47.75675 26.474524
51.541897 36.578472 22.505919
80.26278 56.900875 36.163628
48.844597 39.84158 29.704552
92.15082 67.19748 23.442627
38.85587 31.368742 21.080837
111.58998 90.74192 67.30282
65.60531 45.480026 41.854954
53.46757 38.91138 18.231092
79.42313 60.37055 32.833057
87.44245 64.44171 35.00234
22.646437 18.035477 10.138478
85.4136 66.44428 38.619156
80.463425 63.151203 42.228783
64.212364 42.55258 17.352556
116.72207 87.501625 52.503464
131.41153 101.64531 70.98026
87.77566 68.68745 47.506718
115.142975 81.27101 53.305126
99.86972 76.17224 50.84596
145.5522 111.12806 75.155075
117.6638 92.1046 62.092613
134.39845 111.404785 85.263374
87.408806 63.36102 41.237602
96.192215 76.441505 53.860634
87.06202 68.75373 49.81498
62.060894 46.387886 29.322376
106.006424 81.450645 59.458546
107.39537 83.707565 60.035892
117.37694 90.45254 69.46375
122.81749 94.822845 71.16339
124.034 96.333206 56.36365
91.9868 70.76364 41.622353
101.163895 94.07939 80.55983
95.17342 82.787605 70.42928
95.60055 69.09868 65.20171
87.51154 71.42851 62.40771
58.943455 44.53885 38.223164
92.14617 73.87623 59.88602
95.036865 78.64496 69.75621
80.5919 102.728226 67.55728
84.31252 102.3554 70.673515
87.68431 108.03166 75.255295
68.41132 87.66413 61.538258
75.00047 94.18224 69.17218
75.60457 60.041515 44.406143
96.74071 81.44591 61.304916
61.88167 50.812435 35.57196
76.408035 60.200882 44.153835
123.547226 86.85901 64.06202
126.26101 88.829414 65.74207
118.99145 81.061516 56.71529
97.51864 67.43899 41.722424
99.7629 68.978226 42.71917
55.46822 52.695824 43.818172
75.69662 68.08054 60.04681
53.652534 51.637886 43.657413
85.23888 81.211235 71.39951
88.51601 84.25183 74.76997
80.747665 101.7479 67.08817
107.11188 135.96434 99.95556
91.85137 112.22385 82.642944
87.09543 104.64925 77.642624
88.63691 104.693954 73.42771
64.25849 80.84001 57.7479
75.54767 79.11726 86.55406
72.848915 75.91354 83.08324
91.497604 94.86265 97.78246
92.21757 112.589714 75.74423
90.63294 95.07291 99.2624
103.532845 122.767876 91.250854
81.92262 101.356995 73.277664
67.96967 52.567406 43.5661
79.017845 98.56705 70.52639
99.812584 120.407265 83.6881
66.20375 85.45544 60.82856
87.75485 111.62777 83.05071
66.69946 62.79125 52.62303
122.28053 129.142 92.24751
83.40351 90.03607 65.03631
77.4523 81.18845 57.291573
48.75441 47.263847 61.364807
92.34146 75.05841 52.988224
79.08187 41.930996 19.1657
76.89916 37.126316 18.423038
65.46106 65.99376 72.792725
32.30089 30.197006 24.080482
75.370224 55.00213 40.649574
81.597855 61.540802 46.24077
69.6796 53.416172 40.691086
93.156235 70.38138 55.406734
94.22911 71.81483 53.367054
43.628033 32.81557 22.633419
78.771835 58.83356 35.33143
80.84217 59.780506 33.48133
82.40608 61.76006 35.67644
82.901436 58.998432 37.22574
80.440704 57.058735 35.27074
80.6088 57.027843 35.84199
80.65887 57.024677 35.717068
74.39502 54.107735 33.06536
48.711887 39.071014 29.458841
75.44209 79.32143 63.214344
81.61602 86.18789 67.72139
68.41032 71.36096 52.711327
70.699875 65.76018 57.563145
84.194725 75.89931 67.23325
83.887856 81.7758 78.89724
79.213455 77.251625 76.403656
152.91582 142.11644 130.61273
88.466324 84.123 81.887085
235.92532 230.4022 218.7953
75.74056 62.991863 36.049442
125.66567 105.558586 87.50178
115.05225 94.68401 75.441505
117.20159 97.15375 78.02338
112.37147 92.444046 74.97459
55.942448 46.12975 42.869747
48.016838 41.14407 38.66147
121.24278 57.84229 61.99485
81.3417 71.866585 69.92783
83.731834 87.55992 80.37694
68.79146 71.05728 68.04006
61.429607 66.57368 61.65064
103.00621 113.06794 118.42875
111.727486 110.961945 104.02524
55.434162 55.417328 53.83202
57.179695 58.10229 55.1283
31.439726 37.89975 35.762516
48.358475 56.52944 43.039295
93.57018 94.014084 83.13987
58.36525 64.638954 54.628002
90.88655 92.627266 79.15676
96.36152 85.035774 69.369064
80.32752 70.213455 55.677387
81.13552 70.26947 59.48639
109.305275 86.632706 66.48201
123.27663 99.21437 83.15863
107.69304 87.916794 62.052845
75.55915 64.577255 43.801693
82.04921 63.674755 44.86676
100.59167 79.420525 62.083355
87.54817 70.18103 58.423985
93.91842 73.31016 59.93443
110.56081 87.13297 69.52837
113.61753 85.227776 62.849953
96.32237 72.75876 55.01639
115.050095 91.39286 75.55575
116.49793 87.46402 64.54107
136.06169 103.14034 72.530594
66.488045 51.199608 33.647
79.8696 61.157295 42.6296
113.328384 92.36646 72.69346
49.71032 42.912327 36.945824
55.754795 47.900463 38.47485
73.97902 64.82513 53.12812
73.22432 62.757397 52.84377
83.25873 65.47385 49.70887
74.15605 64.85392 57.001007
88.784325 78.39567 63.936028
91.58152 80.28663 64.94795
35.557877 28.551397 25.338442
82.45911 71.68691 58.101433
25.774204 21.125134 19.947538
40.79175 30.041868 25.547668
45.10075 31.67875 24.863918
19.827051 15.904574 15.06699
17.975204 14.949431 14.214936
75.66046 58.783615 43.23633
125.633865 109.550064 96.51879
64.90718 52.695614 43.816814
138.13875 118.18576 99.799416
129.91168 106.731804 85.17464
1.0453604 1.0452421 1.0452125
1.24423 1.2441118 1.2440821
1.9235116 1.9233932 1.9233341
1.1480057 1.1478873 1.1478281
1.3905787 1.3904604 1.3904012
1.2841461 1.2840277 1.2839981
1.280832 1.2807137 1.2806841
1.4925731 1.4924548 1.4924251
0.0010060362 8.87679E-4 8.2850043E-4
9.561338 9.555746 9.345987
10.338679 10.326902 10.122529
4.4120016 4.411883 4.33933
11.046455 11.0403 10.8593025
10.033761 10.023464 9.783731
9.471298 9.468488 9.279885
9.794946 9.788022 9.627767
11.714345 11.708457 11.46328
9.1981 9.197982 9.016541
11.651467 11.631228 11.380815
9.509025 9.503107 9.326695
10.121552 10.108089 9.937301
8.905314 8.899307 8.730352
8.683916 8.683355 8.5364
10.6329155 10.634779 10.44455
10.637916 10.638656 10.448189
11.408954 11.382028 11.1744585
5.9414725 5.941354 5.8244467
7.4410286 7.4409103 7.327376
8.107735 8.096284 7.9720087
12.20819 12.186649 11.918689
4.706415 4.690762 4.5934134
