0.0012315271 0.0012315271 0.0012315271
0.0063078217 0.0076594977 0.00829028
4.1606994 3.687042 3.0220773
86.53571 57.37063 33.928753
50.33798 45.058723 29.615133
12.795867 12.673976 12.472756
19.837137 38.42686 52.616302
0.7777244 0.7780548 0.778205
16.938183 16.21882 15.072149
105.03562 91.43861 71.302925
65.30614 50.870598 38.017033
108.10954 52.56395 17.424215
77.350296 64.38937 45.124924
128.11032 90.130905 59.148983
88.7469 74.21077 38.043194
99.18079 61.459568 35.166348
90.65908 44.09822 16.727022
91.059265 48.945423 30.457497
142.60718 87.2321 39.406013
108.12147 52.643307 28.023218
50.35378 63.23174 70.181755
2.4656374 4.231137 6.706176
23.453053 31.603718 30.92758
59.35588 62.224228 52.977863
138.87778 137.2103 136.37129
63.564762 68.55359 69.51
203.08774 193.23961 202.60675
168.05232 160.39388 144.47078
71.89809 66.38123 55.83221
130.92989 133.23856 128.12111
8.261805 12.176498 17.740778
32.40289 47.341675 61.90136
37.093204 59.051064 69.42169
19.312899 29.329748 25.43548
11.087018 21.9839 20.057072
51.03217 54.768803 50.41292
49.580048 53.40247 49.48423
84.963745 100.634384 116.43951
32.535355 42.689774 43.76571
29.398443 39.552624 39.41965
29.804127 40.158417 40.19479
32.03016 39.836475 37.926468
22.357203 28.595308 25.288328
3.9031599 4.0254116 4.103929
42.014446 38.976242 30.046318
27.63787 35.141655 51.43494
50.678482 67.25889 95.712814
88.536255 114.8761 141.00453
74.10732 81.14854 82.12399
47.123783 53.157154 53.63703
68.15289 68.439415 62.66082
110.083084 108.54986 108.85366
109.9423 113.71936 107.93951
102.05052 106.666435 102.30046
98.32789 90.02763 75.68011
111.75394 124.14784 135.22768
85.688545 104.73015 100.78959
89.317825 96.93734 103.13238
73.46663 87.72657 91.98975
130.4126 135.80136 134.21521
161.74762 171.7704 188.02878
62.552383 64.00802 59.50745
77.001144 80.33456 87.1045
45.591133 51.01694 52.428482
107.28869 120.407906 127.09203
106.69233 118.52346 123.56077
109.08614 109.093895 109.12823
124.236725 125.18932 124.005226
102.243454 107.38544 109.138954
90.0611 94.60414 94.367775
79.21173 83.60855 84.78091
69.02409 65.742584 63.33086
66.779945 68.124115 85.74949
130.26938 130.86682 133.1646
83.49111 85.72852 87.61919
77.59657 79.005196 80.88117
88.076416 92.72459 94.70029
80.07614 77.30263 74.423225
60.808872 60.706505 64.462036
49.72822 48.147213 48.28379
60.66821 59.149704 60.498016
46.978886 44.736275 43.658115
53.36979 52.206085 53.344166
53.141506 52.32347 53.527184
82.63757 84.84702 74.93112
119.46816 136.10703 108.79142
91.03872 98.19861 100.00583
77.64487 87.109276 93.21606
105.528984 111.61153 114.62865
111.52238 113.76619 114.06518
75.83591 77.48874 84.148445
92.20912 86.20996 82.21317
105.88003 106.07753 106.50862
103.388565 105.35321 103.76141
107.173615 124.4906 110.888504
111.05488 106.062775 105.60711
115.3961 115.25141 108.98015
133.39027 129.30244 112.80266
88.12345 93.6148 76.605194
103.8852 111.10717 101.62919
113.01709 122.10438 127.12012
109.52604 119.34222 119.94557
101.85991 112.48489 118.89421
179.43497 181.2375 180.75298
84.88243 89.80731 98.57702
106.18836 103.89145 105.68389
72.414215 78.10732 82.51262
140.16716 159.61612 161.72507
103.26661 109.68599 118.74552
26.657366 34.576836 51.631084
6.549802 7.431395 16.83212
12.390544 13.877838 28.327526
13.9137335 17.167908 28.172955
23.174456 35.53328 47.074913
18.54866 18.462543 28.450138
14.93545 7.6317735 21.885468
18.937222 22.128288 36.196922
106.1419 96.9973 92.99937
100.39724 97.3311 99.798
93.47086 90.20441 85.200195
93.61931 93.16088 92.80446
151.99135 149.3053 148.87291
89.39331 88.31843 83.479515
148.4235 143.01178 137.27142
18.480806 26.537607 27.48471
30.038898 39.14574 42.971916
20.415174 29.938515 34.569748
49.430164 67.96074 83.08281
35.543255 42.73264 45.33714
32.81695 47.66028 61.046886
16.136398 19.214346 31.751501
31.140844 35.994263 52.504173
97.22927 101.721825 77.45534
63.92794 64.18887 60.44951
9.200258 37.231136 48.078518
78.93146 88.909164 99.070404
133.0868 150.58159 166.87334
55.54743 63.793045 64.3126
60.319805 68.61002 68.54965
62.900425 70.47919 72.04773
49.50949 48.990177 53.25781
34.463776 39.712605 43.303467
46.095787 50.580048 54.37324
51.24261 61.087738 61.489185
79.38249 98.461555 95.97699
71.51649 80.82482 73.99456
160.03085 149.16437 135.39075
129.67497 125.23405 130.4587
156.98697 145.41388 135.14542
128.27063 122.264114 123.53049
162.31822 159.22188 165.3408
128.32909 113.09819 105.34912
146.0473 140.39725 144.84444
186.92058 182.92969 179.61838
172.88603 166.709 160.61891
89.24808 88.475006 90.455246
165.08101 158.3556 151.22528
131.96492 123.60861 121.68644
72.79737 73.17349 72.636246
89.553856 70.73057 50.746876
179.13246 179.40036 176.59023
169.11093 169.87465 173.36592
138.5395 136.42896 126.06503
129.3271 127.14198 116.03782
157.09387 157.57224 153.90121
133.35814 134.31007 129.53185
115.237144 108.9438 100.620056
133.61429 129.54695 125.69984
109.90298 111.529945 112.54022
134.35054 135.24126 130.66388
108.840836 110.6825 110.174515
103.93596 111.44768 113.11129
169.88959 169.57307 164.1863
71.439835 71.90586 74.24465
71.24054 68.43239 70.48913
74.52971 75.60348 79.81671
92.39439 94.529015 98.51355
120.94061 130.13503 122.729095
41.534393 46.23402 49.30695
22.994473 29.980957 32.381924
39.65109 43.969334 47.406555
45.231106 49.505196 52.319508
54.853207 67.48663 86.48567
50.80599 62.554367 84.98829
64.8791 83.01406 115.05803
142.92361 148.10365 147.85966
116.29686 123.6239 129.73306
103.22218 109.44101 110.33687
102.993935 118.57792 120.21933
118.44245 130.63348 136.09897
116.43728 133.6497 143.49736
113.51982 129.65045 130.00992
119.8545 141.943 151.51405
79.71624 86.16482 80.52058
154.3354 162.73756 160.65466
76.91905 88.20531 85.239815
93.938034 111.769646 116.01994
111.298874 125.3663 136.17232
124.96029 120.802505 119.01532
57.59519 54.696205 52.38553
108.160065 106.92578 99.129944
85.65514 86.20683 76.3587
75.37342 83.13051 84.59807
53.404453 52.61078 55.284782
69.1276 66.74036 63.640663
68.162415 64.83053 63.139973
84.553314 84.57278 80.40238
56.25186 53.12784 50.634537
27.744684 27.732187 27.889193
78.930824 78.803314 76.311485
103.251114 111.603 115.211044
74.280785 81.35056 80.11429
79.15998 88.541 86.825005
92.32939 98.2892 98.98546
92.28863 102.909615 103.62652
95.380486 98.97477 90.64586
91.72555 97.11762 94.24252
100.15418 104.779884 100.11492
96.262314 101.21353 99.465546
83.86351 89.198364 82.62907
110.87916 114.574135 106.594795
112.51907 111.381386 104.495766
117.369514 115.631355 107.19765
97.94918 93.125824 76.356606
119.40803 117.845695 101.238525
114.93452 129.4237 104.75171
103.02289 106.71948 83.54238
114.30671 121.67719 99.63691
113.56347 120.98444 98.456505
112.48003 115.68539 100.701126
125.74973 135.48456 143.0174
125.276794 130.27667 129.07468
102.65541 107.70413 107.849335
122.11898 145.05328 138.06764
129.40004 133.46338 131.33163
144.97038 146.48044 149.6546
140.92119 144.1025 150.62991
193.87021 205.65889 222.69383
65.1348 75.17878 78.66361
77.03737 77.02073 74.76673
108.33732 125.052086 128.0616
56.99279 57.98492 51.998947
59.071518 60.554546 55.81416
79.54022 102.42767 93.084045
121.08828 97.964584 99.493935
122.584496 106.59543 108.36573
96.131836 106.00021 107.85675
59.2421 70.146164 55.872433
35.30683 45.648113 40.05683
35.248108 44.13063 47.95873
41.28226 41.956627 45.038597
45.648563 37.795235 41.50093
41.211193 39.078876 40.31602
42.033943 35.101738 39.022137
53.063198 50.576744 53.219784
94.949265 94.3697 100.63772
62.656315 52.768322 55.664062
66.373665 65.49018 68.125854
38.260483 46.454132 46.589573
58.26646 57.972187 57.085426
53.809082 50.633003 38.08035
43.350716 31.133276 27.954193
38.431183 43.060375 44.342213
42.20068 45.286915 47.01664
38.608524 48.793552 57.230686
73.62808 80.08792 70.10396
16.787395 26.355461 28.671093
40.849815 30.244352 31.550161
38.421394 28.831131 30.130392
40.93395 23.794636 24.72597
62.29127 60.970654 64.51115
37.937103 30.8946 29.562178
63.25748 65.18578 68.48234
18.82137 23.94392 25.04863
18.348852 29.721165 36.988617
50.165565 53.19299 56.76763
9.082692 14.25796 12.389883
17.33038 20.932026 21.24862
33.00787 36.287636 37.474438
41.94978 50.61357 51.00973
27.046827 34.730865 43.78223
22.739878 26.576746 27.611319
24.87838 27.83771 33.46747
57.299023 64.3548 68.648476
56.19431 57.546196 63.207497
39.971645 45.732788 54.220142
34.26087 43.09035 45.89322
36.74796 44.527664 49.019733
31.657305 40.172985 43.946293
44.6537 52.206898 50.875496
74.41106 91.391235 106.398506
35.317043 35.914032 33.79779
27.08032 31.466629 31.754625
30.908537 34.67749 36.0726
22.70125 29.786076 36.85447
10.824943 21.238106 32.083054
42.464466 48.924335 53.726692
19.848673 23.651478 37.477924
36.719902 50.858013 57.84612
14.543194 21.240808 22.440737
47.367085 47.39487 55.66112
49.635887 61.832844 64.52283
24.42725 36.066864 39.293736
32.57855 44.690556 54.006577
104.51475 73.171394 54.859936
38.454613 43.68464 43.166286
101.01298 71.83324 58.83272
77.80566 55.73267 38.332752
70.78469 50.352245 34.650578
63.343716 50.209568 37.634808
63.85333 51.428062 39.17617
41.245827 34.868256 28.530308
95.672325 106.45819 111.54962
86.616455 91.54028 87.81221
42.84738 39.826176 42.598373
57.263515 57.473507 51.98378
74.72618 85.40505 91.409615
41.66148 45.618736 47.93485
44.19209 47.66773 48.95095
34.36222 57.52472 75.60663
39.37877 60.04725 77.523186
96.02406 74.052925 61.154
98.56975 81.76523 66.859634
90.59293 77.1528 70.01932
90.25727 80.425385 67.72438
88.18076 79.247055 70.05539
86.27923 75.03232 66.22438
87.99462 77.71435 67.33645
80.089874 69.5829 59.98471
72.993484 79.461586 74.1109
84.232155 95.31716 92.703865
79.89592 91.48958 87.85309
65.57344 77.87492 80.704254
64.659676 76.954254 78.45131
63.20113 69.03526 69.50358
63.279255 69.99802 71.090324
68.74913 76.45792 72.827736
72.97221 79.86576 79.41698
78.704254 86.1865 85.30503
82.59233 89.641716 90.7424
63.492912 69.20278 69.06521
17.061186 24.674156 17.518383
38.810493 41.08969 39.870388
17.25078 14.829509 11.703712
16.672773 14.36255 11.523219
48.422863 46.38418 42.210262
100.43106 95.30917 92.02974
61.350113 55.92632 50.694252
48.345337 44.537395 44.25943
107.05987 103.406555 95.990265
119.634476 126.64352 133.21431
100.7141 106.71894 111.08372
101.43963 107.575066 111.965996
45.018475 41.44882 35.221104
72.956955 65.29193 62.29085
153.58318 159.7762 157.57503
54.924877 48.061337 44.174248
46.31491 45.406284 39.083775
49.520065 51.17758 50.513126
102.93275 113.210594 126.872375
75.187195 87.396675 87.166435
75.35618 79.77974 77.96044
50.88805 56.520035 57.835938
35.149044 34.211792 34.569897
61.898533 64.89956 65.70798
54.568787 61.09546 61.27427
59.021267 60.780758 60.563408
48.3299 49.347893 49.415417
47.446564 46.989937 46.74027
96.897964 92.56719 98.41346
66.16674 70.88192 76.08936
74.76971 75.764 69.787094
113.54623 115.939476 110.32107
120.481285 132.24261 137.18773
78.866425 74.496666 67.07533
68.118164 78.180885 68.357445
68.22798 83.00144 84.49069
89.78106 109.317345 108.918205
108.23357 112.96224 103.900635
163.38388 184.83582 169.33057
78.29926 59.04085 49.219032
89.68578 57.383064 43.045387
135.12114 98.802444 88.18386
103.03989 68.220535 56.010124
101.14003 65.02968 52.869667
100.39102 64.15502 52.0644
83.01977 61.417698 52.302925
88.38736 68.543495 55.403492
121.61429 67.496 52.658535
124.35363 69.21353 54.157814
71.981705 67.61726 38.08777
30.968641 39.609695 43.29064
33.00811 40.75207 43.698547
154.33984 138.06848 82.0125
65.04818 66.656586 72.33831
69.671364 74.194405 83.86396
115.881714 103.416466 64.023155
64.043106 65.965485 71.84988
91.06545 100.12949 116.69092
72.35234 77.308 82.568695
36.46552 56.607895 60.788628
34.149223 46.26478 45.916885
72.85552 96.191216 115.49465
42.88673 56.463142 58.75787
79.61745 78.72877 68.07822
47.529316 45.7737 42.29073
50.61886 77.58879 82.408806
55.98561 79.43527 83.116425
46.92863 45.115463 42.34591
81.64787 81.42247 71.50817
43.173645 53.401417 61.883877
40.787365 48.67869 41.898834
43.986874 51.375465 55.481346
116.05521 132.57957 119.872734
52.110626 68.770905 66.58978
95.98552 96.83008 73.62829
64.911026 79.067345 77.041664
5.8668747 15.491289 13.73402
10.015289 24.603418 25.03974
17.710201 31.97657 36.163284
18.413883 31.434849 28.188334
15.534932 30.779604 30.297623
42.59549 54.72666 52.152107
14.500931 41.63661 53.239758
15.469963 41.15274 47.42034
13.303917 37.73363 42.08248
41.287548 57.402348 64.18641
44.648174 60.10423 64.76751
60.262585 73.01496 75.58152
52.60483 46.624985 31.333563
58.672684 51.579357 30.744263
60.64568 56.987022 47.70149
60.76511 57.55839 48.942688
59.90325 56.87297 55.285023
71.82026 68.98003 63.571247
64.00411 58.700558 51.744984
26.117897 22.220564 9.05653
57.745586 61.405293 56.61889
49.867294 50.569176 46.3548
52.236244 54.342724 45.679024
39.45137 45.660007 25.142376
39.7099 45.669952 24.318455
40.826984 78.166855 86.82284
34.7482 67.38114 74.36964
11.998949 18.025381 22.810766
11.43512 18.166586 26.48309
15.325904 21.97717 32.745705
53.22747 53.602486 61.046528
44.409077 42.288208 47.594017
23.342005 32.62054 39.522316
83.05668 74.70644 67.20548
88.83366 81.39526 73.61021
90.03118 80.82149 70.26949
77.235855 72.24811 66.48826
71.50913 66.470116 60.53079
64.44563 59.33014 55.761204
71.00549 66.221375 60.668537
71.448906 66.68875 60.839542
76.146614 69.21768 61.03259
70.61847 66.58648 58.42166
126.7275 118.107506 104.756004
58.13712 53.767002 45.971256
59.04187 54.787758 46.739758
17.252523 17.53154 14.463385
41.158085 42.61372 36.03971
27.003155 29.03322 23.258741
8.269585 15.003574 12.88703
31.553076 34.25925 24.700949
28.003784 30.12928 20.612669
32.754776 35.07383 25.450829
25.214886 28.464676 22.066742
56.26742 50.8214 40.514957
94.51589 93.68578 81.5686
97.53773 97.34366 85.57305
76.44452 77.23708 64.56488
73.97381 73.370476 60.164364
93.776405 89.2266 79.90454
118.15941 124.57936 118.496216
118.729996 125.35645 129.69879
74.172295 77.4095 81.02193
114.57293 117.98486 112.87691
134.67043 129.21623 123.77872
99.372856 103.57311 111.060646
140.8872 135.39124 127.48186
96.00355 94.90094 99.29542
119.14739 120.53478 116.778656
107.76616 113.43755 109.97933
85.06677 84.42293 74.57894
87.11429 87.8068 80.003334
66.923164 68.00171 61.45062
62.757 57.37066 61.081463
63.56692 63.44509 64.62982
72.50571 73.13147 79.26225
61.503273 59.04842 58.2637
127.5374 130.95193 128.4777
120.95771 117.32527 106.71795
101.53944 96.83161 80.12081
101.32671 93.91001 85.50273
106.32716 106.94061 92.531265
88.77106 88.43476 86.22195
90.462364 89.43341 86.67434
98.30713 95.72975 91.67067
80.276825 84.535416 82.87331
101.763756 98.36459 93.33383
117.16473 113.86501 111.131325
151.6091 148.76277 139.28929
102.67758 113.320404 118.92025
41.832 44.856873 41.297157
52.512104 56.468582 54.39229
42.135166 43.937103 41.367416
40.908176 42.337948 40.022408
37.753544 40.66187 43.96687
40.96756 40.230297 38.917126
20.158176 26.117386 26.286375
101.21444 105.623695 99.356964
118.34501 117.686264 121.28217
113.1805 108.925385 97.21627
119.10693 123.82143 119.6163
87.53094 92.176346 88.51805
110.08813 110.55773 116.946655
104.4893 117.932175 118.62381
121.819084 131.5227 125.69443
40.802597 73.28139 88.09507
70.84639 83.864235 92.17352
119.445 135.02928 138.80527
145.70164 159.83179 169.25781
77.95683 87.78166 86.98411
36.97402 40.600266 38.316864
102.375374 111.364655 115.166855
128.40643 141.95103 163.32692
107.53202 118.79469 122.23032
89.820045 102.90628 108.60531
94.45624 101.72642 108.46975
106.6571 120.07224 128.73108
64.9225 83.18121 94.181786
105.54956 118.0049 125.432686
91.28481 101.79593 108.43236
122.41148 134.64214 138.43735
111.27697 114.64193 121.06611
86.11321 101.15758 111.96741
112.71618 127.875496 131.99194
114.42487 121.03415 129.58817
110.082245 112.792656 116.036674
120.95686 127.77039 133.42119
103.06181 110.50216 118.8697
208.23132 210.26222 213.27614
57.16731 61.624203 71.72657
71.3654 74.954285 82.93617
124.57494 137.19086 144.84105
89.37105 83.13595 74.029976
84.74651 77.871864 64.84534
141.74258 139.1926 128.22495
148.91406 153.15764 149.09756
87.56401 93.16319 86.34534
43.63826 61.79941 63.624836
34.42235 45.253937 46.915054
47.109097 57.296017 56.497387
29.768143 37.762886 47.633396
30.186712 39.00601 48.48282
31.332752 40.495975 49.770485
32.548782 41.400547 50.012676
32.7236 39.1209 46.995884
77.87958 72.065575 68.623665
33.27442 37.78968 47.19419
93.29878 72.04322 61.57765
65.573235 56.92842 49.221523
32.230083 49.95131 59.56236
83.65046 71.48333 67.93067
84.16671 71.8438 67.977806
94.33659 72.81905 63.79872
100.2941 80.5082 72.53517
33.464344 49.714645 59.04911
33.20131 47.6443 56.027065
97.98781 77.07561 68.519554
34.296165 48.811905 57.7424
78.76073 72.74928 72.4821
35.25021 50.75051 59.90277
36.787575 52.462395 60.654694
32.116005 49.53271 58.675537
49.336178 67.068634 71.582245
39.44374 56.125675 64.80635
79.65724 95.881386 99.618645
19.163343 31.002342 32.495193
41.75099 58.222427 67.84155
28.839931 42.701458 48.115913
29.25823 40.276253 49.714798
18.969812 34.609425 45.80584
52.94578 55.74123 58.704735
37.623844 36.82089 39.04283
58.293312 66.874985 77.50129
40.6604 39.98444 42.093685
55.519886 56.261833 60.864834
51.62102 52.066742 56.349003
37.12808 37.57987 35.04007
101.45026 101.91476 107.34026
43.602036 41.473537 37.78106
94.48489 91.472664 93.6983
49.294216 47.493813 48.99961
95.30896 92.15256 95.32848
37.07299 36.55563 40.664364
95.88961 103.23829 107.19656
75.654305 76.804214 73.64484
100.12099 96.02448 90.90241
62.754955 59.422142 58.90851
133.29527 138.85545 133.64124
77.91854 77.60126 76.15094
85.143875 80.103355 71.41313
73.05004 64.77514 58.771416
78.03004 74.373276 69.35468
253.20097 253.20422 253.21086
76.881775 67.889854 54.88727
66.094315 43.73468 32.608616
78.28737 59.375435 52.438152
76.37066 61.643818 51.183167
53.910007 44.45185 33.74192
60.99048 48.09771 33.714916
63.873333 47.102276 44.57882
70.610054 53.874172 34.4979
65.63595 49.41944 35.04806
64.93022 48.19416 32.51505
66.70999 48.550343 28.097712
57.224648 40.134926 24.585636
59.28208 43.59014 28.968672
59.831703 44.301304 30.418268
86.21561 60.367176 43.329807
30.751352 16.760843 6.1195784
66.56218 54.67797 39.276432
77.05755 62.902378 47.035713
69.52695 55.398384 39.638622
52.70365 35.600563 16.873604
65.98682 49.160217 40.12787
43.932747 35.83621 31.261894
89.97035 85.909225 77.07848
33.734802 32.75048 37.6221
34.465878 30.815842 31.731977
78.2072 75.434875 78.15769
78.70444 75.06617 77.45107
78.81992 75.82437 78.52433
48.78896 43.65337 40.593475
44.16211 36.367565 35.1622
105.9684 78.83978 64.00189
36.316082 48.07434 68.77745
54.101406 66.63051 76.85327
59.972694 62.04794 67.85501
101.09513 119.47552 131.2393
115.22116 128.84329 133.03874
121.46396 133.55316 136.95515
122.18016 136.98325 144.593
89.825935 92.357895 85.77799
94.138054 93.2649 89.28872
107.39523 111.88099 102.72023
107.68329 119.12523 115.516914
108.01217 118.9508 115.600174
106.16524 110.09702 100.77923
72.0735 80.728645 86.236305
90.414635 92.834854 95.76601
141.36993 152.77286 162.90869
140.935 152.37871 162.54022
89.59456 99.9165 108.24165
0.017181305 0.02595218 0.029286316
0.016190076 0.024960952 0.028265048
0.030037247 0.048149705 0.053736635
0.029857023 0.047428813 0.052775443
6.001622 6.018683 6.0246906
3.7817495 3.7983298 3.8050282
5.817884 5.834795 5.842304
5.4465036 5.454704 5.458879
5.7575693 5.7658296 5.7700047
4.093686 4.1108675 4.117986
4.62877 4.6462812 4.65325
5.136099 5.1535807 5.159648
6.0576115 6.075934 6.08065
4.3688273 4.3915954 4.3945694
7.365944 7.392106 7.393428
11.893638 11.908206 11.908897
