0 0 0
0 0 0
0 0 0
33.016 22.088 15.149
4.6814 4.6872 4.6868
70.917 34.612 34.703
37.67 46.911 59.749
20.141 31.64 58.932
13.941 26.166 48.619
40.314 53.177 86.204
20.536 29.546 56.808
14.376 23.483 46.577
34.857 47.59 76.746
29.408 40.369 58.524
29.737 40.127 60.124
27.573 36.736 50.579
37.538 52.563 71.671
23.721 30.421 43.666
30.462 33.12 45.13
29.108 39.086 48.353
58.641 63.707 78.127
42.144 46.443 57.196
35.195 37.103 42.173
56.945 58.652 59.663
40.261 45.33 54.638
74.679 87.965 99.328
105.66 103.45 101.28
111.7 106.11 104.23
51.648 55.855 63.996
78.848 77.542 80.352
87.915 91.257 102.62
80.32 84.969 90.704
96.677 105.34 117.84
87.947 97.254 110.15
63.553 67.818 76.147
60.344 63.642 70.338
78.8 84.336 93.243
95.763 96.089 104.87
76.586 82.852 92.093
92.078 98.281 108.09
108.45 116.15 123.88
56.79 63.716 70.535
77.22 85.495 98.852
54.753 56.984 61.725
72.185 81.467 87.638
61.419 67.788 73.88
88.503 97.804 104.58
128.03 129.38 135.78
92.817 83.824 81.473
111.27 117.9 121.36
75.731 84.227 92.877
70.355 80.794 91.045
66.098 71.788 81.89
73.17 79.638 84.683
58.292 68.152 78.95
74.473 85.834 93.202
97.172 91.764 85.926
76.244 79.571 86.3
124.98 117.04 127.6
72.379 80.845 89.947
100.71 112.38 121.02
110.48 117.31 128.74
81.773 84.516 91.335
42.707 47.257 55.028
54.235 61.885 72.128
75.964 80.273 82.079
92.269 96.408 97.213
54.427 58.554 71.134
249.9 238.81 175.59
77.924 83.689 93.107
76.259 83.149 88.09
53.971 58.308 61.741
70.204 78.757 85.531
45.221 49.811 57.492
54.352 60.25 67.7
71.467 80.789 87.681
95.851 101.03 109.26
51.446 60.229 57.3
61.042 61.948 62.155
56.022 57.453 61.434
67.565 68.235 69.494
52.141 55.084 60.834
19.352 18.801 18.69
37.388 42.889 42.626
25.957 24.84 30.822
20.292 19.963 19.791
36.922 33.745 38.304
120.41 66.106 36.398
147.18 117.67 80.813
91.994 44.022 17.77
97.668 120.61 239.29
65.875 65.049 73.784
32.564 25.786 21.474
118.91 87.062 74.935
44.143 45.796 55.137
130.7 96.942 68.337
119.23 74.064 45.583
155 108.99 75.851
71.89 71.761 82.284
107.23 76.739 64.809
38.902 45.161 61.545
106.58 110.91 128.73
123.45 114.08 126.14
20.193 16.33 16.736
28.49 27.499 28.524
25.815 24.061 22.293
27.31 27.381 26.915
34.973 34.733 35.426
56.104 55.434 57.535
24.258 23.832 24.633
55.366 53.214 56.107
105.84 104.99 122.87
62.405 67.086 77.923
40.909 39.364 43.007
60.152 64.827 78.627
61.026 64.145 76.679
102.94 108.33 129.26
81.293 80.695 98.218
105.17 109.29 122.87
67.175 68.728 80.307
100.74 109.29 120.38
95.315 103.79 117.43
54.726 57.111 63.127
82.155 94.621 106.63
110.28 127.82 137.84
97.774 110.59 126.18
90.413 98.638 115.4
103.03 115.36 136.24
91.753 92.882 111.32
82.992 87.96 100.77
68.684 72.009 83.098
66.302 60.843 62.04
85.139 86.326 91.801
65.015 61.88 62.84
35.158 31.329 40.892
46.332 36.343 37.607
42.906 36.236 42.591
40.349 37.848 45.36
53.54 50.793 61.44
39.293 37.73 50.927
39.045 38.022 46.531
52.453 43.368 52.185
52.114 43.317 52.165
50.067 42.622 49.653
51.997 44.534 51.956
53.179 45.455 51.502
46.638 41.654 55.189
46.135 47.705 58.935
49.73 45.502 51.868
52.458 52.81 65.176
43.648 46.207 64.434
53.456 55.105 70.596
59.86 63.052 81.371
52.301 53.877 64.038
56.412 51.171 60.047
53.142 45.132 53.866
41.795 33.194 34.022
28.898 29.549 32.274
21.353 22.353 23.528
40.488 41.934 56.049
33.631 29.019 32.357
45.845 43.708 41.266
50.077 53.686 77.289
25.447 21.391 23.475
29.168 26.112 31.261
28.266 26.574 28.289
31.352 27.51 27.929
32.818 31.095 35.71
62.777 54.134 48.205
46.261 35.005 30.666
85.439 58.729 40.849
84.724 64.648 50.679
64.484 48.196 37.491
57.005 42.583 33.718
90.472 56.3 39.583
62.953 39.829 37.633
85.649 57.55 48.28
64.451 46.769 39.614
78.046 51.995 50.53
51.931 41.249 36.732
51.718 40.397 38.787
79.208 57.952 51.165
72.875 37.418 34.731
88.361 66.53 59.597
79.67 56.661 54.531
88.082 73.107 64.942
64.805 49.722 44.723
64.25 43.605 34.683
65.259 40.854 28.03
123.11 104.83 95.712
98.185 72.843 62.826
109.41 88.944 78.645
84.39 64.703 52.124
53.884 32.484 24.331
78.877 60.769 50.771
56.054 36.331 30.011
92.785 79.181 77.484
144.14 135.96 133.79
95.273 79.235 76.516
101.58 86.735 81.54
142.79 137.43 134.35
97.653 84.25 80.022
87.783 75.158 71.06
98.683 81.589 74.967
69.608 50.799 41.356
64.865 47.22 38.537
87.02 66.686 57.769
102.9 85.017 72.926
55.875 35.017 24.088
57.502 35.535 25.091
103.83 76.712 58.715
77.529 68.208 70.501
84.572 63.73 55.627
103.84 86.534 84.783
91.842 66.906 54.197
102.88 80.055 65.926
88.392 64.942 55.29
91.489 69.325 57.036
139.46 130.22 156.86
123.65 115.52 144.01
75.347 52.072 45.709
151.29 153.99 175.83
152.91 155.56 170.15
116.71 104.25 108.78
127.04 115.07 119.79
89.679 69.559 72.674
90.657 64.388 51.126
132.7 120.57 128.26
112.62 82.932 71.123
136.61 132.96 142.81
127.98 112.36 115.78
74.772 54.889 50.81
109.12 78.334 68.89
136.38 114.01 107.39
21.141 21.852 29.382
23.305 28.714 41.561
14.494 17.541 24.897
36.035 45.521 68.115
33.532 36.926 55.333
29.229 36.497 58.032
21.285 32.013 50.975
0.37384 1.2011 2.9174
127.72 91.707 73.167
117.88 80.598 64.981
72.819 59.948 53.243
93.223 71.485 58.457
95.157 80.311 73.828
71.759 57.287 53.55
108.75 96.043 88.324
118.34 110.38 108.38
81.006 59.262 42.948
109.94 89.796 75.417
85.514 63.521 48.17
73.431 56.407 43.944
66.219 48.323 36.33
73.722 54.43 41.174
76.856 55.882 40.509
82.345 62.165 49.812
72.309 50.511 33.444
57.961 41.433 37.081
56.134 40.557 40.363
67.523 54.502 51.235
57.446 44.032 43.894
109.48 89.122 80.312
113.91 93.219 84.223
78.955 44.866 35.134
88.05 54.024 44.104
91.139 49.713 38.028
57.89 49.135 47.159
72.011 54.015 49.452
74.187 96.357 108.95
76.423 64.864 64.963
73.988 65.178 67.108
57.534 45.872 46.067
57.475 45.512 44.827
114.3 107.28 117.71
97.101 83.242 82.075
62.835 55.975 53.202
74.861 44.734 30.82
72.147 57.503 57.553
98.883 57.011 42.901
68.112 56.673 59.062
114.96 86.732 73.793
88.812 69.119 56.122
130.3 124.74 121.97
93.507 83.565 55.123
79.503 38.131 26.078
74.66 56.954 42.739
118.58 90.848 77.674
146.18 143.82 152.24
149.24 151.49 162.78
155.68 144.05 144.71
84.599 88.448 98.378
144.36 138.44 141.02
147.18 143.97 170.3
57.566 39.989 35.164
60.966 43.006 37.304
61.049 61.233 68.079
58.827 43.682 40.452
58.192 42.088 38.749
96.67 74.172 57.198
84.195 52.284 34.533
52.804 37.741 35.996
63.744 44.564 34.261
72.694 60.178 56.835
68.041 57.865 59.403
104.76 72.366 54.83
107.14 95.689 93.15
61.62 54.585 52.923
49.514 43.685 42.235
114.14 127.36 165.76
87.219 75.061 69.691
82.638 70.679 65.241
64.371 53.041 49.089
64.709 54.789 53.706
52.694 47.232 44.419
67.384 58.121 56.085
53.574 40.474 36.508
65.504 48.23 44.994
66.417 47.342 39.195
62.853 43.019 36.646
64.194 48.117 46.177
72.126 55.246 47.904
78.844 60.001 54.395
73.809 58.673 52.725
74.836 55.735 46.644
57.87 44.228 39.148
87.569 73.194 71.876
69.762 56.412 51.609
69.521 51.371 46.054
69.724 51.539 46.553
65.812 53.228 49.277
73.818 55.786 51.402
86.912 70.984 67.272
74.517 58.826 51.39
61.25 44.963 39.33
75.246 56.061 51.806
88.641 72.127 69.231
75.899 58.707 57.317
78.962 63.808 61.735
71.608 55.722 49.961
85.725 68.54 63.161
79.021 61.034 52.962
75.876 60.828 53.47
77.034 61.109 55.091
90.166 77.996 69.253
63.943 51.118 45.759
69.293 48.294 39.924
62.003 41.944 35.171
54.746 44.334 40.227
102.37 84.611 83.426
83.04 70.901 68.103
82.972 71.402 66.581
65.079 55.878 47.753
99.939 88.503 81.956
91.196 80.288 77.027
74.891 67.698 63.376
79.488 66.029 62.357
84.098 72.377 69.814
50.325 31.252 24.744
64.912 48.476 39.564
62.178 44.445 37.098
55.398 35.302 29.057
51.991 30.551 26.29
104.62 104.04 104.51
77.963 77.839 77.644
46.114 36.882 29.577
51.548 42.845 39.446
58.697 42.853 35.424
75.719 59.276 48.125
71.922 56.569 46.15
66.479 54.541 48.172
77.221 63.515 55.149
73.188 64.844 60.453
73.937 65.391 60.443
52.84 37.34 33.859
107.87 92.987 83.316
41.669 34.595 33.274
70.521 60.793 55.324
70.456 60.648 54.861
92.438 81.639 77.747
46.931 36.728 48.192
67.294 41.356 30.115
70.327 60.976 59.738
68.445 58.168 56.322
72.148 66.59 70.816
52.086 61.024 65.165
50.207 36.251 26.674
56.366 41.234 32.281
69.859 51.642 49.199
67.329 56.9 51.786
43.208 36.403 37.747
51.937 44.647 47.645
74.745 64.879 59.466
53.104 46.129 43.529
55.623 49.04 47.496
70.923 66.798 61.663
68.567 57.849 46.823
67.395 56.487 46.13
54.736 47.757 42.537
70.798 61.818 55.29
53.27 48.825 47.608
65.649 57.994 57.898
72.862 66.429 63.662
66.063 60.772 56.562
30.542 24.229 18.696
65.423 43.411 34.848
44.604 34.145 29.804
72.332 46.331 34.271
51.51 38.786 35.536
48.462 35.004 31.783
69.367 44.996 33.111
50.228 37.882 36.119
86.903 129.54 161.37
82.525 102.2 117.9
47.892 58.875 73.259
83.473 97.25 126.45
83.005 98.104 119.5
88.576 107.3 132.88
129.82 146.98 170.3
112 126.01 139.75
128 139.47 157.66
84.448 92.391 116.05
82.96 85.847 101.92
96.346 102.87 126.03
96.636 104.65 132.71
92.953 96.912 121.71
103.5 114.9 141.4
76.635 85.199 120.74
86.214 91.742 113.2
81.09 75.61 88.887
67.555 69.271 98.44
84.695 80.261 103.66
72.651 65.167 83.331
45.85 47.767 75.632
80.216 91.149 122.82
86.784 68.672 76.928
57.2 57.977 71.774
55.714 46.486 52.305
30.246 27.387 25.651
49.594 40.361 50.751
50.043 39.76 53.459
44.032 34.297 37.789
73.241 59.233 77.482
72.645 66.562 98.272
76.9 64.253 87.558
42.782 36.943 37.395
35.615 28.81 40.309
35.875 27.89 33.514
76.933 80.528 99.558
47.591 43.176 49.532
53.122 53.236 70.931
52.451 54.601 80.091
157.69 147.33 156.09
119.25 116.44 126.55
112.94 113.17 122.71
43.08 33.971 40.831
43.94 37.833 39.257
40.514 35.006 37.797
44.724 42.262 57.149
34.068 35.036 50.652
53.534 64.142 94.719
60.751 73.494 104.78
35.653 41.165 65.028
45.537 54.768 85.167
54.003 57.012 83.738
55.69 56.637 77.786
47.849 44.496 51.429
49.2 44.48 59.086
77.936 75.883 89.925
63.27 67.722 83.235
35.501 39.118 50.171
59.493 64.623 90.311
60.291 64.46 84.926
31.835 33.819 42.825
31.549 25.539 27.3
22.717 20.364 23.731
33.431 26.87 28.371
33.443 30.697 36.466
146.5 145.38 197.53
34.368 37.52 55.758
40.038 39.527 41.394
72.907 71.159 89.511
55.968 50.82 70.255
45.632 41.628 66.425
43.02 37.036 54.445
44.138 35.959 41.834
40.414 49.181 54.078
40.692 49.789 61.205
59.156 59.169 84.039
39.464 40.977 67.931
28.618 31.098 51.407
58.004 39.548 50.061
30.81 39.91 59.156
32.513 36.386 60.004
42.418 30.186 39.742
29.42 26.507 51.873
35.473 33.537 49.045
50.137 62.258 91.572
67.574 88.855 122.68
27.838 36.472 61.661
49.294 57.147 84.014
59.993 76.434 119.47
22.504 38.732 52.06
26.19 44.854 63.365
95.942 101.44 121.78
41.05 51.459 44.824
34.647 39.169 35.171
66.086 60.835 80.997
39.404 38.281 48.75
36.03 35.212 48.944
75.68 64.776 67.663
40.196 36.838 39.899
175.05 103.07 113.78
40.704 40.598 45.328
59.44 53.173 52.073
56.837 43.573 48.068
36.635 28.306 31.415
37.416 32.168 36.205
27.477 19.721 21.831
38.639 35.458 43.117
41.987 40.09 50.16
37.618 33.007 41.081
44.664 44.704 44.431
34.984 34.859 31.52
66.022 70.908 71.751
64.863 67.885 68.878
151.48 151.93 158.13
144.83 143.81 148.43
106.59 104.98 106.84
74.873 74.229 80.335
87.868 85.996 88.316
67.786 71.728 70.544
71.878 78.089 76.009
75.135 77.089 66.056
99.646 100.31 102.97
100.23 97.286 98.602
89.105 75.585 70.899
88.009 73.133 71.873
114.73 110.23 114.11
85.523 88.894 118.2
68.994 69.109 66.78
76.109 73.374 69.519
73.357 68.795 69.347
52.663 50.282 56.331
53.017 56.014 48.307
47.409 55.602 49.842
97.345 114.54 124.33
102.75 115.08 137.93
94.25 127.19 165.05
69.926 69.84 70.915
76.838 70.171 73.503
96.423 98.022 101.48
111.71 114.93 137.77
86.243 86.913 92.62
145.78 111.57 68.856
140.54 126.76 119.07
148.89 147.68 155.95
88.658 79.549 81.82
161.38 127.33 76.288
116.12 144.34 192.91
135.27 129.84 124.4
83.956 107.62 156.11
98.593 126.03 180.23
107.15 131.83 185.79
94.54 85.322 84.51
146.07 165.36 205.26
85.134 99.893 138.83
89.512 86.994 89.02
55.694 77.115 123.28
39.116 55.075 102.41
72.252 97.859 151.97
113.95 132.64 170.81
87.528 102.44 128.2
60.905 63.063 80.783
55.458 60.556 87.392
56.234 57.458 73.534
96.743 125.26 150.05
112.09 132.15 162.79
65.707 81.372 114.88
122.82 135.71 156.89
95.865 116.47 142.13
80.478 93.155 108.97
65.359 70.29 82.908
94.252 115.69 138.29
83.169 96.837 116.76
52.504 54.568 63.674
65.192 66.745 76.875
82.171 88.392 109.8
77.105 80.746 96.035
113.6 137.35 161.24
81.497 122.09 158.43
85.563 99.566 114.34
51.768 68.793 93.613
28.367 21.949 23.671
125.59 146.93 141.88
110.01 121.96 142.51
119.83 138.43 154.53
52.923 53.94 62.415
117.49 138.72 161.5
87.154 95.68 105.51
46.573 40.108 39.035
86.232 56.666 42.227
95.947 114.78 138.9
97.826 125.87 150.33
70.893 77.142 112.85
123.5 142.59 161.31
66.242 81.181 107.81
62.656 85.392 116.18
73.758 99.448 134.58
49.982 60.979 78.755
59.954 87.245 114.66
84.162 108.58 132.19
64.587 81.408 101.78
38.131 49.519 69.181
41.962 56.297 76.808
41.36 45.705 56.223
74.1 92.317 111.71
50.228 62.557 83.339
43.891 57.229 73.052
69.379 79.713 100.87
58.051 37.61 32.579
55.925 43.739 40.435
22.963 65.246 115.52
69.495 102.8 143.38
21.426 21.271 29.418
73.682 88.093 111.84
106.99 116.95 135.65
102.13 111.93 134.17
44.089 42.824 51.195
82.818 81.249 94.387
83.008 80.963 97.954
87.436 100.45 128.39
40.729 44.68 47.457
53.114 49.993 51.059
48.868 50.217 53.376
61.472 54.131 41.603
56.346 49.58 49.216
47.992 36.551 28.819
64.894 68.622 59.556
48.871 46.403 52.516
58.637 46.291 36.584
115.87 75.351 57.229
50.296 43.051 34.729
54.211 48.515 42.253
44.006 42.877 43.147
83.663 84.832 93.514
57.277 55.713 53.144
104.21 106.36 114.43
120.03 140.3 168.26
51.128 35.972 40.17
67.961 78.069 104.78
24.203 24.6 25.596
61.201 49.142 41.617
25.253 33.424 37.078
53.451 49.844 44.046
19.401 19.34 22.815
15.852 19.121 14.274
35.459 40.535 47.327
52.943 53.72 67.017
24.86 22.988 24.696
34.305 35.088 41.544
43.395 42.915 46.842
55.741 57.118 50.483
73.307 77.944 93.95
36.893 40.201 56.989
46.857 48.612 51.697
49.368 55.684 87.04
61.606 63.006 84.614
64.004 64.589 67.433
63.494 68.31 95.63
48.673 43.765 41.633
43.021 43.415 34.744
40.171 41.835 57.142
38.354 41.091 71.014
42.88 38.87 58.893
55.798 47.357 49.164
55.411 81.683 87.518
148.56 155.7 171.05
89.387 83.496 72.645
46.588 38.966 37.497
150.65 144.93 131.98
53.974 46.073 51.06
88.301 66.927 59.055
93.139 69.615 59.631
75.912 56.861 45.504
48.784 43.419 62.051
82.897 76.03 84.058
69.313 66.681 63.191
69.141 56.317 48.877
53.769 50.211 51.52
60.849 48.305 41.83
50.682 42.798 50.988
72.276 60.797 58.002
31.673 31.585 34.209
68.196 58.42 63.683
62.382 53.993 61.07
95.882 98.724 102
42.173 37.612 45.22
66.615 59.644 65.721
133.26 136.34 149.12
52.127 44.364 46.418
142.22 153.49 165.15
51.103 55.996 67.618
73.8 72.022 78.264
61.658 52.661 57.335
77.714 75.677 89.035
40.382 34.413 39.779
48.721 41.873 44.441
118.52 121.19 125.72
80.457 74.694 80.75
54.248 49.04 52.177
104.89 100.72 97.951
54.682 49.147 49.957
137.35 123.99 115.71
75.859 63.676 63.138
74.174 59.679 60.331
82.389 69.685 80.115
56.792 38.295 37.381
70.35 63.049 69.642
90.68 65.567 63.98
56.89 46.715 56.849
46.113 44.694 60.253
101.69 85.1 88.423
87.508 72.558 73.844
102.57 79.301 75.646
49.944 35.374 42.351
55.555 40.444 43.342
48.068 42.915 47.99
72.068 57.818 55.83
42.266 26.359 30.938
36.088 32.616 39.459
50.44 37.982 38.535
68.595 58.096 89.503
61.171 48.067 49.836
73.245 63.88 68.695
87.415 64.669 52.179
43.269 31.066 33.466
64.892 60.225 54.594
67.417 62.248 59.587
101.39 89.205 93.779
75.66 60.82 61.754
100.69 85.59 90.683
77.975 64.599 63.051
153.62 114.84 81.35
67.694 56.959 59.736
114.83 102.58 107.88
144.04 135.85 138.1
60.684 53.571 52.126
82.713 75.659 81.481
180.83 168.88 170.84
151.2 138.46 134.23
69.359 58.668 57.357
136.13 123.62 118.25
27.639 25.473 33.667
51.216 37.55 27.233
74.007 64.523 61.326
78.154 63.71 57.317
45.425 29.283 21.3
64.527 40.833 27.852
63.583 42.171 29.333
44.256 27.884 16.471
26.49 14.561 8.7424
48.332 41.316 36.565
58.87 52.251 47.309
58.277 46.419 40.446
98.563 100.24 132.69
44.331 40.848 38.421
71.407 43.44 27.57
78.52 55.859 37.747
63.486 42.524 27.384
64.192 40.429 30.396
44.517 22.743 16.641
2.8763 1.7574 1.3679
11.347 11.347 11.347
13.241 13.241 13.241
18.635 18.635 18.635
23.439 23.439 23.439
16.753 16.753 16.753
19.367 19.367 19.367
21.088 21.088 21.088
21.929 21.929 21.929
24.119 24.119 24.119
29.287 29.287 29.287
21.634 21.634 21.634
20.324 20.324 20.324
20.026 20.026 20.026
23.451 23.451 23.451
22.804 22.804 22.804
18.223 18.223 18.223
14.502 14.502 14.502
18.833 18.833 18.833
21.554 21.554 21.554
4.3533 4.3533 4.3533
15.622 15.622 15.622
12.433 12.433 12.433
2.4034 2.4034 2.4034
9.9443 9.9443 9.9443
