8.276828E-4 8.276828E-4 8.276828E-4
0.004202082 0.0029923916 0.0019418712
28.975266 36.34301 31.914017
34.27409 36.98972 9.322988
18.16872 25.525928 21.692675
2.2920766 6.2548943 5.2541304
12.114221 48.576035 67.29357
102.52679 120.69691 108.667336
62.477222 84.435074 74.47477
120.86856 133.57762 119.10368
79.52548 105.74472 91.80839
96.948204 114.292046 96.197914
122.600105 130.46019 92.36488
19.556395 47.915417 35.77815
144.27603 164.37376 148.96234
77.0141 98.64461 76.273705
28.924713 49.53223 37.27893
38.27078 49.709324 35.393627
27.05552 39.594563 30.877726
93.49139 102.84427 83.87305
106.497185 117.333015 96.55681
85.15602 100.168495 83.93277
98.34244 111.32868 91.40149
121.08745 124.130325 103.053734
74.68278 88.42635 74.415245
86.72652 97.02413 79.78261
94.13816 97.4345 77.97065
92.15226 105.05956 85.89056
110.77013 123.33136 103.18203
88.52539 95.338936 74.46945
70.07363 72.38357 53.470093
88.599434 95.27921 78.13367
90.097824 104.24563 86.82657
108.97116 120.754974 102.066216
59.75055 72.570435 61.57247
107.04084 106.21342 83.435555
78.13574 84.875946 66.48627
65.82383 76.78878 60.254513
71.948425 97.07812 82.670105
66.55369 82.591095 65.38162
80.33665 97.197685 76.46602
75.95219 94.693535 74.34623
36.556583 49.941807 39.720562
84.878525 101.110435 78.94716
77.65944 96.56123 74.9185
51.636585 68.074936 48.982716
101.80947 119.104576 97.73396
42.96498 52.215645 38.115334
72.75064 83.84984 63.116035
42.963104 32.301342 23.849585
82.802345 95.67924 76.086525
32.02028 57.471302 42.949924
54.04944 67.004295 47.644573
40.865185 48.476715 38.05138
72.31026 87.15554 70.46668
101.73103 124.0885 104.09608
109.40767 120.288925 98.65148
73.21001 87.432144 69.95664
58.201096 80.94961 67.537895
53.86859 65.07067 51.80489
157.43915 190.24573 159.97661
90.43705 106.605545 85.136185
152.1918 170.23738 145.27846
128.19734 140.86728 118.03632
82.56257 107.56728 91.614204
101.08169 118.939995 96.70398
74.133095 88.658424 68.77156
92.41645 111.04976 89.78869
91.60109 113.91469 95.9157
47.623215 70.5513 56.747112
109.32484 130.7531 112.88648
69.63853 83.22427 65.030525
50.987427 55.049213 39.828194
50.84048 55.161304 40.6164
58.117023 55.373985 39.803997
36.993664 39.111515 29.232897
31.572916 36.93716 27.374718
44.31519 50.25601 36.296185
38.871582 43.790405 33.562664
52.883553 56.54713 42.804253
36.61414 45.21074 33.888073
57.293953 71.88285 58.2661
110.49203 119.33505 85.20819
62.174736 85.91589 70.53631
80.889755 100.12285 79.5541
78.06462 93.22621 70.77051
91.73807 108.954765 96.590454
86.0566 88.14332 68.86203
46.589405 77.195206 64.966896
51.18327 83.831856 73.370514
17.114824 52.429028 42.43673
106.83523 19.056347 15.725559
92.90313 87.482315 59.965397
95.9865 91.62162 63.59558
146.5003 138.0056 92.075005
16.948587 31.390253 20.867922
70.43966 100.92927 94.013626
65.893105 68.978546 51.766464
47.76844 52.722885 37.23032
72.79095 66.030846 46.695
73.11266 69.02292 49.868176
62.725273 56.179226 37.65209
82.250916 75.57365 55.834114
79.10355 71.051315 50.64263
64.71531 58.59921 38.69229
116.96174 107.02219 80.36606
71.09079 68.87999 39.087032
72.97893 65.10578 41.131092
62.017986 58.66861 37.6355
140.10875 120.562 75.731606
133.05676 109.021614 70.913605
118.29278 95.63346 58.676727
71.61382 50.73202 27.466782
30.507275 62.391018 55.75227
17.96425 40.608635 39.270237
31.358196 69.917076 65.51017
34.962055 59.677425 52.827587
86.52501 112.97864 103.08516
81.07296 88.895744 70.338905
71.03171 98.91173 86.03763
60.79413 76.03527 65.58657
34.772198 61.97708 53.56999
42.465096 57.810493 46.563873
64.717316 70.28988 57.439022
78.9617 88.450134 72.1926
55.865406 71.58826 59.165344
55.39869 71.22478 58.92653
58.79986 68.8853 56.182728
76.37182 86.253334 72.52809
62.198772 68.790436 57.190495
86.61261 97.54516 79.46713
96.549164 110.532646 95.19418
40.476906 57.79502 48.347275
79.60207 93.4594 75.67975
54.12998 70.218735 60.9363
49.818165 63.97985 55.275555
67.99052 77.65597 64.43896
88.0545 90.67173 74.49521
55.16697 65.34591 54.165314
64.15869 60.870945 34.56518
44.802788 45.95744 27.922771
49.28552 52.253716 33.575462
37.21854 39.290295 23.67682
51.555916 50.01162 29.815619
69.224045 66.85057 42.5846
40.035336 54.595325 42.658867
67.831215 74.335846 56.56588
80.81578 100.14593 86.99029
79.21115 100.72167 87.22363
45.022793 46.409035 26.376087
86.39882 76.06431 49.001495
32.16834 35.06297 20.501257
47.19632 43.953014 24.260242
31.941267 40.108776 29.86652
36.821888 59.71098 49.929455
43.754974 62.496387 51.779453
32.86305 56.042244 45.70824
34.399773 53.57457 43.082386
71.763824 87.79505 72.90835
31.964632 48.817528 38.16977
52.091778 68.71263 57.332855
46.117912 70.23229 60.448475
59.998123 81.06545 70.75771
32.872345 58.172955 47.731033
71.069336 90.02438 78.430176
44.493935 69.15334 60.010185
62.301086 77.18527 68.21297
122.88075 148.34068 129.22452
71.502945 87.14436 69.0701
43.785473 62.250183 49.78286
55.33104 61.542545 36.31035
55.311146 82.70344 75.22427
50.42053 81.59036 77.62729
49.46207 55.193996 32.924202
81.34492 105.23707 97.6709
40.068188 68.459145 60.965904
49.127464 71.49757 58.67275
22.461433 57.84879 53.89482
33.029446 76.377266 74.83405
42.010727 65.94779 58.1819
38.311558 71.121414 64.80973
54.159805 82.183105 76.9093
48.028748 74.26021 69.61665
33.553814 55.694393 51.003185
26.385605 53.814377 46.40566
38.259224 58.14962 51.508102
63.091236 73.35517 54.74052
93.51587 86.58721 57.303284
47.71445 56.972717 32.685036
38.26285 37.053673 24.221342
54.45166 55.703976 28.474518
34.799988 41.428993 20.9094
41.525642 49.81966 31.551237
30.020979 36.654858 18.229969
50.48082 51.61395 26.003342
43.024323 38.308216 20.661127
111.312706 117.66071 96.70022
41.445675 55.735874 49.96546
50.34715 66.32786 52.616753
43.296917 45.041386 27.027027
35.53691 33.9731 17.614141
60.848503 52.379906 20.885557
31.045776 29.849743 16.580334
38.75195 45.35084 37.93598
59.143124 42.35581 42.62076
39.29077 44.566166 38.11543
52.478146 57.20119 48.454365
123.44246 129.0628 105.10582
49.523575 58.703278 51.288605
38.164837 46.049088 37.725494
33.84016 42.370514 35.80699
42.95155 52.080666 44.682617
32.360107 44.83004 39.108364
36.38398 44.56728 38.368
37.688187 51.008945 44.13606
42.7636 41.70799 36.673923
31.712475 38.220833 33.768917
31.939898 38.932896 33.416355
27.034826 37.167732 33.24006
31.72817 37.409542 32.294685
26.163563 48.63162 45.345684
132.37045 141.53146 124.08
97.22618 110.30707 95.34638
62.30443 77.22898 67.80982
61.918316 69.32439 60.112087
21.866934 34.52529 29.035877
88.19896 118.039505 111.48888
52.123802 60.58686 49.32232
30.429058 44.486073 36.975903
39.914238 48.576164 38.328304
37.528633 45.92605 37.325886
27.487823 43.307453 35.252316
36.17423 51.802216 43.662495
31.74985 48.43393 40.92376
28.510553 40.49123 33.382454
97.51275 113.893166 98.031006
23.032724 35.97571 30.054945
47.791073 59.087322 48.595104
67.350426 69.619774 56.63079
45.195015 44.848503 35.577976
44.809093 50.384808 40.853786
44.464043 47.57075 39.38863
63.419857 88.44303 76.446945
58.5407 64.83306 51.523415
72.76503 69.83886 54.630024
96.74498 109.28571 91.511856
60.376404 71.73676 59.709164
63.712475 80.63264 71.74972
100.16748 94.05695 81.18728
98.67937 105.80992 95.75061
78.69169 82.86133 69.318085
66.122055 67.73005 54.80543
80.38917 87.83555 74.08729
72.57072 83.90383 73.21412
77.511925 91.37618 80.978386
67.46672 75.31879 65.42161
78.25776 80.509186 67.368065
129.91634 129.06638 111.88518
87.85382 92.1677 76.670296
64.19979 80.22847 75.291214
60.127335 71.38424 62.690796
119.74281 124.37513 105.75539
72.62446 74.66692 62.03244
24.811512 44.888645 39.396366
44.90348 46.078693 26.598574
64.37013 67.40404 50.55012
52.02149 51.890396 34.21682
42.301147 45.239647 29.844141
73.168785 74.52516 56.11871
64.89253 75.48693 61.746346
61.711903 72.863686 60.590424
156.50702 152.38112 125.18257
108.31665 112.08678 94.85089
115.48566 117.83373 100.966415
116.52542 122.20842 105.95123
110.52809 107.71786 91.009674
123.980965 121.092255 103.734505
125.969475 123.60908 103.069496
154.6419 152.40993 130.2758
77.35237 72.97972 56.781334
105.75867 99.95585 82.04718
130.3221 127.655846 107.587944
119.52138 121.21071 101.55038
64.482635 55.821857 36.24375
73.57202 78.50196 63.248146
49.19998 60.155666 48.241554
49.231018 56.58861 44.835133
57.04393 62.945087 48.76863
139.45477 136.70837 112.34842
154.0927 146.60745 118.61665
53.839207 55.979595 41.98036
80.282814 87.39331 70.99236
79.491516 88.05807 74.38357
141.34212 137.21965 114.760414
50.649284 52.36641 40.34266
39.16579 43.848885 32.796867
33.22513 44.510647 34.421227
27.84309 36.593227 27.438736
33.61726 36.416294 22.331423
30.42371 38.85194 26.969503
14.764906 34.250916 30.766848
21.72731 37.272274 29.452774
85.54678 65.02683 21.956356
45.01143 49.65667 24.399006
48.19037 44.182884 26.082928
49.55337 54.017445 38.555122
50.71588 54.589756 40.12584
46.428326 52.00691 38.10811
48.480503 54.520485 42.03282
49.309967 54.66374 40.72865
57.728264 53.83478 38.760513
59.71668 57.643394 40.80995
52.62783 52.07605 35.39875
49.972847 49.233692 34.9165
48.207684 48.162003 35.76392
45.681534 47.22029 32.935314
48.312386 52.056377 36.10677
43.895077 50.93678 37.640087
54.70089 55.517937 38.392193
50.769394 54.33588 38.21141
107.09595 115.30844 97.90584
165.65088 170.72945 150.6551
108.16455 107.31783 85.816956
114.834335 110.56913 90.863754
114.364784 111.32617 89.485214
39.43434 45.183872 34.57231
84.09006 73.51106 39.441822
157.3119 144.20494 90.54204
126.435776 116.66412 72.98202
97.73135 95.73323 68.5434
82.62515 87.54863 69.98539
51.442875 56.27247 41.66982
64.0587 68.40273 54.724476
38.59641 42.067265 28.819693
89.48031 89.83752 70.500145
70.08188 66.70325 47.620476
67.68723 61.40913 37.53077
116.83459 96.36616 57.15815
88.97555 69.11674 41.206314
119.09885 91.45583 48.061916
75.21899 57.75819 30.727247
100.80381 76.30818 40.6433
101.1749 78.83469 48.19511
99.34887 93.40942 47.124058
129.69366 120.89864 80.32773
102.658485 79.34317 43.945244
98.64597 73.29055 38.714417
95.85283 72.76334 40.837486
114.019165 83.82351 47.25241
99.66956 78.30717 42.348232
107.07341 87.332184 60.378124
142.83017 116.03133 73.576324
115.60348 105.40706 82.54248
51.63047 51.08659 35.131824
32.924744 35.974407 22.40738
24.975742 33.439213 25.634356
48.380894 50.228313 33.784103
34.9646 41.59125 27.37182
78.030975 81.93204 65.71932
37.205044 40.58479 29.690414
35.4367 37.39767 21.682838
31.18852 42.63082 30.589914
37.83408 32.833157 21.630917
56.721294 54.07793 31.937891
32.1585 28.040398 19.69659
74.27858 71.90112 53.97616
31.259033 27.45147 19.048134
41.10887 38.776684 21.5768
84.39942 83.5916 63.95333
131.80415 124.7714 99.03282
135.40709 128.83958 102.74711
143.92198 136.12746 110.69201
70.99226 69.778564 54.70684
80.502655 79.03018 59.01028
67.29704 69.5668 52.83685
103.09611 100.96123 78.84248
86.97934 89.4162 49.29771
85.34884 94.511444 76.374016
68.21437 76.807274 63.996277
76.77439 71.60042 33.87002
89.39554 101.5478 84.44504
90.32834 87.90937 66.23427
53.85216 59.72021 44.502945
84.35712 79.49604 52.16506
79.46118 82.27193 63.50476
52.931877 50.86397 37.598064
102.35227 107.39331 89.28466
95.639 98.11514 80.20237
65.611565 83.9066 69.734566
43.600388 57.045715 46.18002
118.57133 120.78846 101.37456
47.220226 68.062775 57.422626
59.324547 66.79496 53.578453
115.989685 97.00252 53.337154
49.494762 49.933945 35.40999
72.019516 70.35511 47.993855
75.18365 88.482666 64.036514
69.834145 74.16795 59.034477
43.356476 48.032375 37.35829
66.64852 70.8324 56.559834
53.62509 59.5379 45.659187
76.13447 73.394516 50.89864
31.777163 42.52787 33.653263
35.65285 46.107376 36.754498
39.69605 40.33537 26.96527
74.68867 75.48611 58.740425
26.5124 37.612007 27.827429
64.26072 73.37112 63.253716
86.5866 75.75934 57.1953
44.310795 54.54331 43.483177
34.592937 47.994938 36.47668
49.32248 54.146595 41.445263
34.662083 47.908447 37.682392
31.464203 47.652596 38.125553
34.91825 45.42769 36.274315
16.238373 26.931461 20.194855
75.00882 67.3518 50.338234
110.47878 108.808075 84.860825
106.11501 90.30233 64.13479
96.00729 89.69936 66.98809
51.878586 51.32372 39.79932
51.078407 51.483494 39.94448
119.11333 110.14675 86.51619
138.19415 126.18696 103.35794
120.5817 119.399704 98.26747
128.51021 113.042656 90.88374
85.41642 89.34556 77.16337
153.71729 148.49648 124.34358
99.664406 97.20186 76.80893
93.32903 94.94111 77.00255
120.64795 117.418205 95.88591
92.6682 97.74657 80.699394
92.17528 85.31939 67.91195
71.10333 70.942474 58.41066
83.529526 81.25483 69.02563
79.15484 72.99717 59.58008
84.60481 76.34126 61.87833
105.80292 101.20596 82.91892
86.41422 88.599335 73.34673
81.37459 79.61605 66.177475
99.03432 92.406265 70.271286
68.068535 80.183365 67.3164
96.86833 79.687325 60.63063
110.43409 109.68227 86.22309
102.12673 70.16786 53.557697
113.29723 97.983864 75.17913
103.27253 96.39961 71.20192
115.297424 100.024895 77.01137
96.45087 89.975044 65.8768
89.48435 88.28727 67.41957
60.541496 64.61 49.48846
77.14163 61.82969 41.461308
134.37653 124.426094 97.10187
90.38971 79.28138 52.430935
105.23818 97.66498 73.50951
158.06937 140.18132 110.584984
146.91191 126.45583 100.31306
120.553116 103.04973 75.306175
110.02299 100.6305 77.09744
141.00671 120.010445 91.81597
148.00758 131.11075 105.28918
125.81199 100.001785 68.00548
107.399895 96.19979 72.97329
79.56792 77.95569 62.211697
167.59943 152.19374 123.34912
127.55082 111.85242 90.44472
134.2394 108.49011 85.19444
83.94012 75.7629 56.23277
93.21513 69.99207 47.430904
66.88374 76.05023 64.793175
108.13479 96.041 75.866806
108.99497 106.73826 85.15856
106.76796 104.42702 83.7149
97.904686 94.32531 74.4848
111.96709 104.353386 86.38039
93.33515 84.74998 69.33518
103.051445 93.01404 72.71333
87.61035 80.49976 65.283134
108.84736 95.42829 74.66603
84.78181 73.88858 55.587845
80.02569 71.34667 54.092606
83.4077 76.479385 58.67574
115.33079 107.186516 85.297104
90.57237 88.90313 72.047844
153.6362 177.07535 185.98418
4.3649445 4.281412 4.0854425
4.3678093 4.250947 4.0991945
13.203133 13.25257 12.548849
19.148602 19.288797 17.961481
30.616655 30.904594 28.874384
36.055836 36.362938 34.05036
23.046095 23.199598 21.511063
24.688791 24.835642 23.192373
24.603636 24.773342 23.009836
30.43759 30.735556 28.604145
21.635532 21.843664 20.33448
24.352562 24.574507 22.913507
19.199345 19.324802 17.9724
22.961449 23.171234 21.520039
30.888294 31.230923 28.981823
26.239424 26.56327 24.685417
20.527552 20.77506 19.155859
16.23261 16.472288 15.314997
20.303123 20.571674 19.27546
17.71464 18.212969 17.135517
26.253843 26.621845 24.94792
