0.0032979976 0.0032979976 0.0032979976
0.0040720175 0.0040720175 0.0040383646
7.502911 33.571564 60.855896
12.416658 45.80441 62.925087
111.110146 70.00024 28.077705
114.951035 95.89813 56.675316
11.609692 11.609356 11.609356
109.5262 106.77819 121.642136
50.214573 67.28672 51.66596
81.264145 100.67488 87.95356
58.112133 47.071075 35.631733
71.31755 62.624737 42.450245
2.1796398 3.5556788 3.7668855
111.81709 102.87885 81.864716
0.0048460374 0.004475854 0.004442201
125.8526 116.75147 86.98765
137.36537 116.445465 86.80929
123.0036 103.84301 73.594215
169.23735 154.09998 132.1369
174.03658 157.9898 140.6559
114.365166 96.81265 74.51523
90.47669 75.669624 57.64311
150.02518 131.7638 104.93525
90.78475 79.112434 63.610195
77.855125 76.81652 64.33952
75.58079 76.30022 63.435806
117.09433 88.14346 75.08047
109.24738 112.24432 102.233284
120.222275 103.797676 84.86364
101.02793 94.168365 76.677635
109.58122 88.85246 70.88282
151.10379 136.3302 116.41801
117.93656 93.50705 66.21565
125.14349 106.10146 68.76116
131.00377 104.11708 75.56658
132.21976 102.337944 74.0316
124.45331 96.58977 70.482956
151.7815 139.73753 121.533905
29.731415 24.938818 20.73818
61.098267 61.012856 34.358135
79.81447 49.586674 19.733704
59.769207 34.026787 13.591856
63.236717 46.431904 16.458456
89.29477 62.792126 22.947569
80.81013 55.67912 18.285109
74.384315 50.856033 17.782534
72.14888 49.53697 15.256166
92.119095 57.5511 21.35652
75.89446 52.646847 18.401918
76.44372 55.160793 15.192159
72.554634 39.03978 18.937641
81.87929 57.682755 20.133602
70.81272 42.128284 13.663638
78.277336 47.47895 18.581928
79.54676 48.853207 18.527075
99.54673 80.507286 34.608345
141.54077 108.50207 64.07131
140.55396 114.06693 66.26508
137.78337 109.88255 62.87397
140.55951 111.4246 63.121284
135.12593 105.52088 56.6246
151.90994 122.52068 75.25822
142.5334 105.55043 55.778866
129.17671 103.668686 55.250446
158.3661 118.23978 55.771397
149.09796 120.01168 73.8244
131.14844 103.93468 59.324043
151.92203 124.73296 78.561195
156.49265 130.96063 97.06502
116.568504 94.267914 75.551605
132.6724 111.55329 90.30668
132.27191 106.97873 91.88171
133.20683 112.28292 88.80717
137.66199 111.64826 94.39576
101.47868 88.33337 63.09931
121.20202 108.63322 87.037285
111.202995 95.132965 77.58745
145.45311 136.49265 120.798584
162.45116 147.2347 126.335014
44.142925 40.58277 23.435503
87.216354 96.32872 97.665085
98.39939 88.11005 79.124886
122.93054 106.79297 95.72748
126.63763 109.018776 99.743835
146.66095 118.32798 96.812515
99.27249 87.33437 68.181595
68.30735 48.58472 31.218946
112.53297 93.87788 61.21181
107.25661 90.51361 55.400707
155.21538 127.062294 65.12354
123.43022 121.62494 97.64392
108.25661 106.68521 70.1688
132.68605 130.82368 92.35107
124.488174 118.386604 86.19011
141.91357 137.35988 104.31402
141.92953 135.40535 104.52048
111.65041 111.24257 96.30944
121.27037 118.24755 106.281845
130.42514 122.32774 106.752785
104.412384 86.37759 78.7759
103.57941 105.2663 96.09998
56.786907 49.53808 43.56783
126.43116 124.27811 111.46132
79.98304 95.91846 79.29678
143.16187 149.38351 125.589066
88.28884 82.759445 68.20367
141.14888 139.01514 112.49184
69.86657 65.33202 40.195152
51.84099 52.242603 27.430994
52.33283 46.649437 25.112804
105.686424 100.47397 69.6772
71.18947 59.074944 32.334072
92.855156 84.788826 42.55551
66.716705 56.550293 32.9052
74.111496 64.37294 38.792698
100.50668 89.46421 60.850178
55.514084 50.79061 31.823927
63.09699 58.738213 35.252365
43.09248 82.075386 90.21097
35.284435 24.937607 12.27858
79.68817 57.451187 33.17429
80.64476 55.96463 36.77429
79.39054 57.572807 33.595963
64.54784 45.559044 25.143799
80.606865 58.60461 34.31139
140.83665 122.2673 114.70914
135.91133 127.06351 116.161804
154.09042 131.30658 128.50398
163.40303 141.66673 138.90685
155.20845 132.83339 127.38018
93.80266 76.701126 68.581184
88.0634 77.769745 69.39347
155.65715 141.82184 125.76705
131.10829 132.046 127.342995
122.70914 112.842636 102.10234
122.34259 98.68538 80.062935
154.92407 146.3229 122.4106
0.013966011 0.012216052 0.008985361
78.68225 58.858322 43.514286
129.08626 109.65802 95.26283
127.3755 105.19152 94.51738
144.39848 123.99239 110.79125
148.82446 128.55016 111.607704
157.2491 139.15918 119.14232
138.6743 111.381454 93.86458
123.21723 101.325226 91.21306
129.65266 114.36739 97.10025
77.74676 62.064648 47.6211
51.197174 40.47259 19.590477
93.648155 75.56463 56.403633
89.82558 70.006226 51.076862
75.50261 58.03581 41.865623
77.78001 51.691837 32.645905
80.86744 61.183105 40.65435
75.54144 59.89786 43.764565
66.30133 46.34548 33.613396
85.6035 64.811646 49.656067
88.80814 62.750935 40.609188
119.53845 131.47966 121.49379
63.43113 93.624535 95.73589
119.38048 110.629715 105.05539
110.19892 101.74215 79.24705
118.65169 118.18765 99.622375
105.279625 111.73969 94.966515
68.44291 53.261887 29.013023
69.00518 54.027393 29.488306
69.46404 52.533436 26.588188
62.94871 65.60286 39.791485
39.43739 41.905838 26.94417
69.13505 85.44587 68.41013
101.27764 91.066025 71.760925
64.88972 56.206493 35.920914
66.680595 75.84883 69.566414
71.6845 81.12172 76.12469
47.889347 49.91479 33.714924
43.553524 41.624397 28.486422
77.37065 69.18873 51.843414
59.978798 65.01794 57.040283
20.146559 16.101162 8.787784
20.781658 16.65738 9.5301695
38.233147 30.135622 14.584149
65.88821 46.326267 20.725088
53.440453 35.42147 12.668955
97.27612 95.60259 66.278145
167.99802 141.37233 122.20919
140.88177 134.33983 112.99997
152.82594 145.6593 125.11947
162.21046 138.96245 116.59081
160.11018 133.9126 113.94817
146.41199 123.31631 106.79435
121.08646 96.62776 73.70806
97.5506 80.43759 62.263638
63.433685 102.57793 80.02948
93.52425 90.83443 72.19697
59.93764 82.32273 73.437996
39.345078 41.40895 29.822042
40.942387 42.97022 30.698603
49.73498 40.972878 24.438465
58.101902 51.68972 33.955006
41.230724 33.560726 19.409693
43.132324 33.3161 19.24109
34.216892 30.910786 15.94841
51.219753 40.991386 20.63786
64.89036 79.34949 68.272385
42.25906 38.6105 22.30917
52.178528 40.811104 20.665792
89.46475 82.35006 41.961735
81.59253 71.31307 43.63402
54.831127 44.432037 26.691435
77.62289 65.06791 53.240887
92.28958 73.67639 50.64368
88.001686 68.54932 46.12795
87.88847 68.40885 45.64957
110.54084 88.89103 64.354836
144.44476 121.40148 77.29975
94.497826 108.21154 98.83268
61.71486 68.60128 57.916878
160.76433 156.73602 143.10527
121.49355 115.56729 104.19617
132.84244 129.06987 107.04072
122.437325 122.15746 112.011475
64.09345 69.14165 59.22817
97.180916 102.23187 87.84062
60.67424 40.800774 40.21851
27.191048 22.731213 58.10143
46.52714 23.790476 25.478243
50.353493 30.091368 25.210735
53.335587 36.441563 36.455997
44.166817 26.118729 30.599562
36.298065 18.759886 89.7611
48.895542 30.296719 36.392227
24.333435 13.255595 8.687565
35.008446 34.342014 21.708195
52.372707 26.300488 12.5572605
27.734241 17.723372 11.048629
40.52869 25.319939 15.67868
39.744843 24.541882 14.401817
33.92196 18.002422 10.017668
44.27535 29.43574 26.177856
44.83298 19.33875 9.000572
35.557766 36.408817 23.190845
10.027966 16.155949 19.765236
70.914825 47.150967 22.589298
94.673225 56.063942 29.689518
94.29241 55.99078 29.945415
93.452095 56.528286 28.570587
92.24678 58.204376 29.750025
62.10991 48.89046 30.53653
57.074203 42.383545 25.15026
62.86781 48.672726 30.634932
57.560894 42.220695 26.46135
49.508633 38.959988 24.263065
44.64173 31.453104 17.312637
48.421066 35.791653 21.366346
63.72105 47.80488 22.70042
32.512638 18.347872 7.8942285
42.091908 26.183746 11.170924
38.558975 21.783745 7.5372705
41.125393 46.86374 30.026888
58.706444 96.1265 119.91435
42.795525 43.315533 30.633755
44.26966 44.10826 30.56342
29.524113 25.321924 15.055259
50.881977 44.132862 23.048326
59.22147 47.809525 29.585966
78.93172 62.10678 38.47979
78.22709 60.611645 34.425205
97.05307 73.31536 45.922832
91.01316 68.65297 39.48992
93.24684 68.80781 38.111965
92.24001 67.845024 38.037457
65.796936 50.535553 28.717684
89.08174 68.53993 42.52014
90.68881 67.75773 42.988186
86.7583 66.09881 36.207237
97.51217 73.773315 43.66263
70.91058 49.26946 25.427292
55.36177 58.616623 37.366753
47.156487 42.988323 27.296516
100.01266 89.36278 70.31243
68.96194 48.39465 23.190475
64.745346 51.996365 36.718258
34.4312 28.891468 19.294565
44.23002 34.23658 23.524012
51.37469 40.569916 27.526804
54.53424 43.528923 30.700588
38.80919 31.108229 21.79862
36.98011 42.841293 29.734982
66.6143 59.152348 36.5301
59.89756 54.946896 38.056065
67.691635 59.40461 36.572002
67.1262 61.617565 42.26835
62.038532 57.09719 33.814438
77.53707 70.18916 50.51072
49.112133 41.543835 23.419485
66.88063 74.4666 66.88592
68.910484 60.368603 38.18001
61.273766 55.44597 37.63601
69.31223 60.889854 40.223354
51.343094 44.85657 32.58856
49.261654 37.69258 26.661753
57.396095 59.749992 43.65334
48.899513 47.555275 33.438667
47.82312 49.55457 41.893993
47.873768 41.257175 27.987751
40.765842 38.542656 27.128723
23.985023 26.208885 20.346727
41.014706 51.016693 49.01881
46.80027 58.49914 50.450916
25.481878 32.32492 16.333334
24.992495 27.352346 16.788221
27.826418 33.5756 18.27168
81.263336 78.60646 55.0177
31.40811 38.54713 18.544035
18.682955 22.958303 9.648191
34.570488 31.986034 18.39502
29.159212 23.371529 13.847821
13.338886 12.591486 4.5741544
39.36746 29.048729 10.845365
76.80309 60.63648 28.810568
74.68323 59.89359 29.66623
159.47205 146.82254 119.24678
117.04321 99.64987 80.381355
137.01616 117.26815 96.17294
158.94124 144.38695 119.44459
145.27953 132.7399 108.63281
82.83907 71.469894 58.41262
171.18843 142.49117 107.13552
124.032135 111.37372 89.06387
143.8006 117.98657 94.97634
162.68658 135.51903 97.91129
141.00354 124.98015 98.87148
53.959145 87.41767 93.24284
51.70769 54.62127 44.323643
35.777958 27.033754 16.061922
40.596703 49.164158 47.994144
43.87885 41.36258 28.630894
59.530037 47.166985 26.950901
46.962242 40.208076 28.876965
58.055492 45.698772 30.978361
55.067677 44.207775 30.2597
47.788357 39.549488 28.123304
102.74602 88.12522 54.96722
83.25684 65.888275 41.638027
53.12852 41.365135 21.911694
87.95919 70.89635 51.04668
69.27528 56.15948 39.56941
66.77506 55.037323 38.090324
46.358673 37.15201 22.878008
59.38361 48.816086 32.59835
64.054245 53.431835 37.25277
47.22985 39.647617 24.464682
60.58893 47.737305 30.621773
66.007744 55.334106 39.02201
52.980717 39.34151 26.31156
85.005684 71.83641 54.783173
91.12176 72.979744 53.34151
41.741947 35.553154 24.787683
51.145447 42.322227 29.27747
52.783375 44.784554 28.37449
105.88605 99.19038 60.325256
0.1069157 0.028302204 0.020999495
83.36184 65.92253 53.663166
99.143295 78.4037 53.26428
59.881474 47.67286 34.66411
72.036514 54.668247 41.44718
54.793167 42.187614 29.740704
57.84752 45.027122 35.473026
91.81501 68.83281 42.389973
84.039474 70.82083 53.745045
47.808617 38.26246 29.92206
75.89379 56.79209 43.114117
97.03416 81.96086 62.99256
73.464615 55.419685 42.42127
71.40676 53.72761 41.49968
87.85627 67.289116 43.306343
72.56934 53.335186 40.72455
74.16722 62.17089 46.36766
77.956825 65.059296 48.380783
39.7896 30.68595 17.50483
72.29652 82.098404 71.78613
97.72872 82.32283 74.10658
112.85499 112.151405 102.45899
58.43887 46.88595 19.450043
73.45603 66.57025 54.971294
78.42342 70.26515 57.66956
61.401783 53.163353 30.494194
23.70594 16.895508 3.9842167
29.421303 22.910046 15.81649
45.021236 36.35292 20.686623
49.98112 37.944942 20.928387
37.40444 30.023489 19.690796
135.05223 129.66785 116.49221
123.963486 108.08305 96.85021
108.54905 91.42369 80.20502
133.67683 105.59465 93.92398
126.25439 97.93825 86.65643
96.211105 77.05758 64.20266
112.00353 91.194176 74.61302
124.00825 97.65115 85.377686
87.591415 68.452065 60.87397
104.78475 89.681915 84.72307
119.66465 110.290054 88.94666
22.958372 20.044422 13.883022
53.71257 43.821335 35.627056
162.32243 140.11066 114.17223
160.02736 153.49834 131.55602
153.72165 129.27333 102.73818
124.498505 109.754364 86.333435
86.254654 78.07878 58.174355
125.63362 93.455124 82.55346
152.73192 134.5066 119.323235
136.4004 133.02267 122.634834
80.010666 68.28426 59.54168
64.18257 70.328354 68.91843
92.141106 79.08188 66.74518
62.20589 68.54323 67.66401
64.34322 61.701836 52.918694
82.42016 67.598785 54.870636
83.209724 67.898735 55.84247
63.145046 74.92101 67.05573
152.38 145.8325 140.3659
51.62679 19.747972 6.9625106
53.195354 23.35827 4.9275784
54.85004 23.77375 5.427932
54.189198 24.199091 5.3090024
67.9018 34.50658 8.929564
78.06576 37.327545 13.141073
67.5648 27.612856 4.762107
82.00888 42.26724 14.156453
50.961735 23.602053 3.3655057
74.010025 38.345886 13.132997
75.90877 42.243515 9.430187
80.17907 38.39963 11.931516
75.25041 40.547062 14.294229
65.36063 34.074238 9.68743
104.66246 103.142456 95.61407
81.09352 89.258354 102.13993
74.245094 65.3618 55.393974
71.10631 72.24257 69.2703
100.5827 82.70244 62.59041
128.96796 109.03089 92.98943
75.83113 71.746155 63.055897
78.645935 73.393135 64.74666
78.59472 72.58967 63.09968
100.965675 91.4452 83.98896
106.98849 94.44503 84.93673
73.35753 67.70153 57.791687
70.93572 65.819855 56.57641
106.82093 95.01824 86.52384
75.47151 62.355545 45.603703
69.46852 64.00448 54.47027
75.573814 70.54969 61.57365
96.781425 84.85627 75.309944
87.361534 73.263 62.86384
73.899445 50.535824 30.157833
83.41245 61.40111 38.66532
73.64688 44.215412 23.277334
46.860878 39.421032 24.028303
75.151306 61.805016 36.268654
99.05721 72.40966 36.00636
66.266266 60.878445 35.666397
42.163555 34.280834 14.992562
52.428234 38.923035 21.318459
64.12815 43.870167 20.474003
77.204 47.713177 17.037119
69.31927 47.311897 20.988424
30.234629 20.401514 9.593707
69.427124 49.74457 15.5063095
44.488003 31.1964 16.105536
80.4147 51.48107 17.325594
64.53855 45.594883 20.03113
44.376274 31.568905 16.380852
53.792294 28.326704 10.315834
55.110012 33.105064 12.165741
96.862625 56.341984 23.132088
71.93966 36.234158 13.72529
68.254585 33.153828 8.072691
67.22746 32.481876 7.8726234
61.569714 33.643547 12.637423
57.00599 34.049267 13.516944
68.09921 40.528755 17.850447
51.210464 23.55107 4.7187953
81.11671 64.23658 41.108295
68.52953 53.1334 30.961332
66.815315 51.94363 31.0035
66.00727 49.242233 31.325222
101.12112 90.51156 63.215614
58.17284 44.693756 27.303247
71.20111 56.30806 31.962645
99.18651 84.906784 66.397675
55.907455 44.69369 24.491165
61.85334 42.08262 14.644758
93.34518 57.908566 25.95615
71.602425 44.417164 15.957497
93.12744 57.66253 21.281036
59.30944 43.05018 22.789164
58.062798 42.111763 20.900892
86.16729 64.88255 35.82231
52.2245 47.30584 28.347939
37.786877 24.601446 13.953559
49.397747 25.823051 10.801616
11.15891 29.837961 45.3155
45.878006 69.73192 65.40807
68.22265 77.56217 77.04796
67.309944 62.478645 42.004543
87.597305 64.67646 25.558168
94.70328 72.175064 29.01511
94.24893 73.37157 26.870739
87.91173 78.25516 57.197037
91.01245 71.46259 23.319738
64.491165 49.723305 23.168365
107.10883 45.74397 35.325626
59.665455 44.57725 24.165438
55.316875 50.808075 37.372303
63.95568 52.34491 33.668617
50.16096 42.986908 24.614471
36.237423 20.891268 10.415278
14.654384 13.4971895 4.5091033
32.668888 25.80212 12.1880865
31.195288 23.443144 11.255191
25.257042 20.43685 9.013663
23.699411 18.815279 9.918459
38.562916 30.23409 13.395255
40.682686 28.72869 16.987413
78.04876 66.169075 45.301632
79.868515 67.67939 52.170956
65.37587 44.451557 20.739088
35.408245 21.279186 11.766448
40.526638 28.244556 11.840249
34.133938 27.685547 11.13643
35.786335 27.384317 11.385092
38.5576 26.38388 9.831162
33.426517 27.777487 11.762981
30.62053 18.48208 9.31045
62.070232 49.37254 24.443783
43.9579 33.851154 17.46569
1.6267878 0.9726401 0.7878849
30.096954 27.49083 26.950228
43.126637 41.988827 38.813393
35.123272 41.89652 35.408146
20.19916 19.854317 18.150463
39.90123 38.81279 35.34114
41.51883 40.447823 37.130474
5.5482078 5.4527345 5.326939
98.97476 80.150024 53.586437
136.62187 113.728355 80.61538
136.95837 114.47979 82.23887
136.54956 113.79374 80.84752
29.74925 23.848057 14.605957
9.929228 9.836311 9.713445
7.868181 7.7783947 7.6571765
8.521958 8.507319 8.490964
9.091738 9.002087 8.883325
8.578563 8.564529 8.548039
8.820865 8.734612 8.615278
8.251624 8.238364 8.221673
8.930237 8.84523 8.726367
8.922666 8.838431 8.721185
10.18627 10.10244 9.986977
6.4543495 6.3713274 6.257984
10.16628 10.083157 9.970487
16.884335 16.800505 16.68992
12.481137 12.467037 12.452095
6.7606597 6.676897 6.5669527
