0.34646463 0.34646463 0.34646463
0.34617138 0.34617138 0.34617138
97.899414 60.24096 31.242456
87.59599 53.883022 28.811047
132.84222 108.8636 74.40046
38.490063 30.337276 20.468426
41.843697 16.11564 2.0269794
130.32773 59.839817 10.049886
62.41398 32.739197 12.939525
62.935776 34.094395 12.793646
51.516098 28.53278 12.136494
24.65751 10.427142 2.3829587
102.08436 83.31596 56.31766
108.49371 88.26611 59.18589
53.587196 62.85451 68.11492
54.46344 62.836624 67.26403
42.042717 49.23731 53.81186
32.701923 59.221344 77.140274
35.341187 55.78446 69.60049
39.00049 49.007755 55.12258
28.026262 41.666893 50.57315
36.918476 61.41385 76.017006
38.232258 56.31639 70.28312
8.428739 15.718149 19.730726
26.356436 44.151253 55.488922
34.471813 44.82675 54.555817
40.931347 65.608635 81.72043
28.77732 56.058975 72.15243
28.803942 64.33421 84.32486
16.490713 25.25321 30.731508
23.907984 40.46253 51.98068
29.07742 36.625546 39.784264
19.277811 31.175758 39.020855
25.372303 41.43281 49.060932
47.19498 79.70987 99.24285
19.728577 31.86217 40.59397
27.421993 44.151646 54.618996
26.661844 36.299053 41.977356
36.412968 43.31297 53.23004
26.851515 51.003 65.23496
27.476213 52.980484 68.47598
27.703682 46.583153 56.25614
46.388855 67.205894 78.66663
27.815054 49.076897 61.135418
33.182667 56.25256 70.78638
22.92864 38.76836 47.93744
22.27957 45.407917 59.202965
21.77276 35.053925 38.20404
93.4898 135.57843 164.05768
38.156303 65.9447 81.53467
16.003225 26.822353 38.370087
212.38484 170.92917 109.92972
57.677616 61.277092 64.009415
33.250603 43.51991 51.595993
47.574844 36.942783 38.506714
31.508505 64.99658 83.16018
31.262724 44.139328 56.38371
29.421537 47.9334 57.187
22.949886 35.499706 44.880253
22.362854 41.9913 55.573574
115.81753 86.44314 51.628933
56.19254 49.087456 43.316326
65.158 51.62913 40.12134
108.67732 144.93565 178.73477
31.606289 49.155003 61.23115
23.179636 37.203846 43.001175
33.690353 47.06634 58.176052
76.62617 73.30652 61.97354
111.78299 90.82291 77.06595
19.403845 34.89029 42.957024
15.908928 26.23506 31.004463
86.64138 64.84559 56.940372
64.05875 55.94073 52.880417
41.58449 48.298534 49.544834
72.00075 54.020138 38.659206
96.24281 75.48641 53.836853
84.65868 56.994003 40.44744
52.41613 65.7958 76.784065
52.641674 62.808666 76.98116
42.318573 63.58478 76.5943
27.467123 33.17002 35.475857
30.645716 34.541348 36.926556
38.915184 44.99824 51.456173
42.439133 50.149136 55.011406
50.662006 56.469078 58.75536
55.288822 64.511406 68.878654
67.47071 79.90733 94.081
38.627792 53.08032 64.218834
43.160378 59.39648 73.4087
16.609776 24.249495 30.943598
66.990685 83.64396 99.87198
82.07107 103.68928 117.86491
37.662624 52.382698 61.64008
36.218216 47.879635 58.76673
62.491005 85.998955 101.30391
81.82685 97.82939 111.4422
52.408928 81.59029 103.3726
36.78055 51.59544 62.647083
43.19508 54.793484 70.09677
36.709972 63.04819 79.412704
41.810753 56.3376 64.33503
49.102768 65.485275 73.6173
40.238415 55.574486 63.837276
47.3798 60.111305 67.1159
25.776638 33.585697 42.369663
110.18671 126.60453 138.26178
39.1348 30.592733 22.883968
34.869568 25.22382 15.365494
50.841904 37.597134 27.495373
34.616684 26.5522 19.489475
68.317696 46.553177 36.94412
73.82134 55.224373 43.60707
45.965103 38.123135 33.120266
54.836983 43.370773 35.387943
98.92297 80.35953 67.71255
40.485664 32.677616 26.88726
50.16885 32.72108 27.734604
40.802574 32.42108 24.774748
43.22131 34.927143 29.67162
41.26836 34.461517 21.014076
59.080513 46.081493 35.800262
34.945618 26.937765 22.616716
50.27872 35.443043 28.449202
59.917496 43.627728 34.027405
62.960575 43.809612 34.687813
61.44109 43.240696 34.771946
67.75347 45.48322 34.860508
66.8828 46.883316 39.915184
71.294136 49.795666 41.84741
78.794395 55.376083 46.237503
16.030922 85.24422 106.97308
56.445976 81.83822 101.23721
53.27517 82.03356 102.289276
30.214436 50.2521 60.09006
29.58449 64.64676 80.75885
44.08286 74.76217 92.800224
54.84565 43.787163 32.03024
62.406746 48.891624 36.79974
62.586803 48.779995 36.607037
50.345585 38.817204 25.343792
69.1694 49.744247 34.748386
77.362625 61.02395 42.44881
89.017075 69.762726 48.92317
43.184326 32.927795 24.419256
72.86162 56.22232 40.444347
73.49941 57.102737 40.651123
71.79785 55.75155 39.30277
76.67563 60.781296 42.837635
78.06256 59.323948 41.460117
64.47237 50.831573 36.256336
81.105965 63.28651 43.797653
79.52151 62.412838 43.35311
68.56745 55.297752 37.17507
70.45292 54.860573 37.57944
59.168068 47.134605 31.03581
66.46839 51.73578 35.46898
55.630074 44.00746 28.513783
61.122776 48.508797 32.761063
75.12115 58.114697 40.98136
47.341286 38.673412 28.921864
51.069305 41.230793 27.639948
49.924015 40.579018 28.384914
50.300293 40.43066 28.249723
76.017075 55.042976 38.40267
54.47631 41.44213 29.52105
63.06051 47.77442 34.228672
74.325676 56.62183 39.39107
65.28263 48.912872 33.32887
66.33183 49.681004 33.8377
72.959595 54.1565 36.79029
51.44373 79.52405 97.15487
65.533104 77.92825 84.62053
47.804756 80.53825 105.81447
63.025906 83.12577 100.3972
70.5969 85.41639 97.88511
60.438385 70.9928 80.90124
62.346237 73.708305 84.224174
38.261585 59.610916 74.78983
59.080482 81.517235 98.90085
46.648617 60.823788 71.50785
73.7756 101.58068 117.99003
61.547215 79.59782 93.474686
97.50867 107.945946 112.34242
69.954544 95.47677 112.61512
62.793484 88.50446 104.9986
30.499641 22.264875 14.251352
68.80306 58.80769 48.484653
81.59746 61.726555 43.90163
56.51447 37.60984 20.070969
40.960934 28.912544 16.38625
49.939198 34.805603 20.796871
27.389671 21.835745 16.82183
54.136005 36.75399 22.338644
45.444542 37.418312 27.564484
48.87074 38.479668 28.273314
69.860085 52.94653 37.76155
64.522255 47.119778 32.75018
61.31033 45.314304 32.155003
58.347473 43.406322 30.787096
49.035027 37.601727 26.116552
61.90199 45.366016 31.587456
55.64086 40.240402 27.462626
56.000816 40.611633 27.728577
55.55826 40.44676 27.867155
50.90844 39.402737 27.198208
56.199055 40.153862 26.442066
50.924274 37.40036 24.940796
52.878887 39.13884 26.271294
65.44975 52.227924 37.72522
43.454773 31.99661 21.824732
50.73493 36.886215 24.39521
42.869926 31.888922 21.396807
30.509155 23.895569 18.591658
44.21235 33.683025 22.409872
28.957119 22.72372 16.48804
38.7029 29.77983 21.167515
41.307167 34.396774 24.365755
42.45282 31.586348 20.056143
48.775593 38.36758 26.214304
71.69984 54.198143 37.19348
44.744476 29.003878 15.885566
50.34829 36.24868 18.709156
43.411762 30.681883 17.893484
23.521244 17.4985 12.333594
31.301954 21.868134 12.789443
75.93871 53.26732 30.517757
63.293777 40.529682 20.411568
88.01906 61.66781 41.278885
115.985794 86.647575 52.307755
39.82424 26.121342 14.444346
30.161224 21.712055 13.371228
78.857185 54.490223 29.960247
48.193222 33.886707 17.119062
49.86028 35.375137 22.712154
58.42431 41.922745 27.379667
32.222908 22.830597 16.418865
21.092375 16.061453 15.341023
24.56696 18.418638 16.690126
25.796318 52.663963 74.19042
27.387 48.065136 61.482536
62.27618 88.323524 100.95878
34.008144 59.621735 71.46602
72.71532 105.21235 119.35582
58.962852 83.36614 93.51538
60.874195 94.58061 111.19958
39.80668 90.15406 112.59909
54.54956 96.69006 115.85513
37.59042 65.55875 86.65432
70.87504 89.360344 95.26096
26.07465 37.722157 46.37908
35.776997 74.119225 88.52603
27.587227 54.33151 77.37977
25.571815 38.939655 49.09834
35.387943 62.87794 84.58038
35.039295 31.394266 31.225481
28.906158 24.98889 20.20606
26.26432 43.89094 64.05598
63.92825 54.970154 52.045097
149.43999 143.3634 101.0638
85.70013 73.84242 63.20834
53.085533 53.46849 29.095406
65.365204 84.56644 100.7492
91.482506 86.936035 72.18537
46.149494 42.11743 27.814924
110.77129 107.22861 82.93108
68.26363 69.52346 57.30922
55.479633 53.885303 45.92307
114.142914 108.38788 103.14686
94.797165 94.78071 90.97934
81.068 81.18019 79.59619
68.7926 68.02607 68.477905
91.25751 91.26455 85.152985
71.28622 70.352234 64.53604
58.851677 50.837048 44.63454
79.17041 81.17804 70.25301
83.14992 84.32695 81.80414
42.71727 40.58257 38.535355
0.34988597 0.35493645 0.35917237
95.77045 101.35872 103.08651
0.34780058 0.3502118 0.35229716
141.07137 106.2664 84.79055
59.996708 44.74187 38.8014
114.524765 106.3043 95.32932
91.48224 73.213165 62.169373
75.90815 63.867546 57.229977
63.440144 56.56152 48.3927
87.31391 79.548485 69.78055
86.34317 66.04738 49.33871
158.25334 137.61551 116.52379
111.396774 90.50531 70.891396
33.486053 25.683512 22.442293
27.522516 19.301596 13.933496
34.08892 23.117367 16.450048
23.44174 16.427402 12.177158
42.86028 27.519909 18.896936
82.23568 65.137405 53.500717
65.26673 50.602837 40.597458
63.312023 50.158684 37.274845
66.069374 49.39303 37.483936
70.32744 54.487877 44.362724
33.469044 20.193842 10.962691
70.85008 56.859497 45.043957
89.700264 65.79348 52.946823
103.05148 83.093124 70.07667
49.892082 39.794266 34.414368
135.22565 121.888306 115.73216
73.37537 55.86269 43.688858
123.35914 94.68596 75.12607
61.00492 48.11805 40.624016
91.21157 71.47888 57.32131
99.25487 73.53623 59.82623
77.17573 58.029682 46.67768
75.119354 50.70023 39.190712
87.5173 65.7593 50.219357
70.71229 50.415707 41.441544
71.092926 49.788956 39.667156
30.319258 22.604887 15.246106
34.269436 27.304659 18.872532
7.576442 4.9875855 3.785044
43.44213 35.702152 28.272337
28.131834 17.822777 12.2540245
92.79156 61.839005 47.37351
64.19384 19.600195 21.149626
81.92597 46.541187 44.51414
110.42203 84.17569 64.2797
62.52395 37.227566 18.37618
54.950275 35.010036 17.958227
39.857574 23.723394 14.4907465
36.143402 29.487032 23.480776
44.633266 33.778168 26.895372
50.05373 37.04389 28.278593
42.02613 25.241545 13.602346
45.2043 32.515217 20.502184
49.716095 33.11274 18.853275
117.09163 133.06322 147.22008
119.42988 121.50815 123.0814
23.14842 21.113653 16.594917
33.61033 25.40958 18.775497
33.5 29.980906 30.256435
109.76774 89.62541 71.381065
70.95467 57.780384 49.698208
142.45038 124.1261 108.50841
81.27739 69.061874 61.50026
91.95331 81.394135 71.80375
93.315956 70.2261 49.313343
96.07097 73.93737 55.77602
101.153244 80.53982 63.9623
171.17227 138.09804 107.58417
121.55556 95.37768 74.90342
154.12593 124.78771 98.72176
97.161194 71.927956 50.226555
63.165363 65.91463 70.36136
62.61665 107.09889 136.95018
55.562595 71.71186 84.00339
44.720104 53.048615 57.799187
56.086086 63.809124 68.428215
27.940828 49.057217 60.121246
39.980972 52.973118 63.50759
42.998894 44.71323 46.03203
37.384098 44.809025 50.012836
64.43747 70.31828 77.79932
114.129166 118.07661 126.0986
53.24666 60.069828 63.568558
67.81668 78.2755 85.652985
43.50479 47.167385 49.665005
57.477356 62.324795 65.26768
68.73327 76.70906 85.18566
78.13307 85.89883 94.89026
79.89329 87.6159 98.260376
69.094 74.28544 83.71812
60.91512 66.62363 72.1566
58.027565 63.334343 69.71655
72.71714 82.90137 93.503
90.09896 94.52828 101.629616
62.714336 68.15494 74.744835
91.6622 91.52076 99.674324
67.92522 67.9739 75.051384
51.54487 71.755554 82.75201
65.33509 70.4928 71.0855
92.13278 103.632355 111.61222
53.309383 49.63972 41.31802
89.59746 99.2795 102.692375
66.69961 66.36057 59.611046
61.67266 59.341316 52.23796
47.44337 43.301598 35.770676
47.925808 45.31932 39.048355
54.155327 56.75269 54.572304
59.010914 62.43822 62.251842
48.30075 49.941837 48.95295
104.71506 95.09228 87.09645
103.603 95.613914 86.52854
93.69296 87.681496 82.97116
102.03728 93.79303 86.619156
97.24278 90.65891 84.4666
71.73389 65.39534 57.719322
62.882698 56.877453 51.101273
74.964905 66.46047 56.892635
76.89759 66.286575 56.13597
170.86823 154.84302 140.82727
86.64161 66.91632 49.63506
69.46673 62.938286 54.096287
18.04526 16.354937 14.252721
87.490585 66.75816 51.377747
72.946465 63.261093 55.24513
130.17136 103.03995 79.27996
114.409355 94.63418 73.76093
65.234535 51.709156 39.216846
114.233986 98.85298 87.10727
70.4741 57.03288 44.046497
110.977615 98.65412 87.68951
88.048485 66.79032 50.86921
55.232746 47.863377 41.06445
53.372044 47.177486 40.460865
43.995502 36.237373 32.152817
89.024925 77.22245 64.73624
96.365295 81.55295 66.294685
96.13509 81.11994 65.65881
37.92043 33.066505 29.018965
130.14708 107.642845 87.12076
73.41062 58.78348 44.88325
66.38244 53.945747 41.830204
37.003292 29.14754 24.79394
77.42213 67.0218 59.60844
64.09707 47.987812 39.116554
52.511078 40.60241 30.842066
47.86038 35.54969 27.377777
58.872173 44.286934 33.04347
46.323006 34.864746 26.96481
91.72838 80.684425 73.06513
52.79332 40.422615 29.372564
46.440926 33.461193 24.39873
51.28423 40.140568 36.000847
117.31186 89.06735 64.985634
89.0363 77.10192 68.22297
97.97338 79.28508 63.870968
93.32812 73.77654 56.945488
72.270805 58.51701 53.945812
77.14089 62.801987 56.614273
82.21965 70.794266 65.28596
78.73682 65.43102 60.257835
78.06018 90.24197 92.78729
82.066536 65.47302 43.234604
102.44229 89.18648 72.098564
78.87739 64.77527 55.918377
76.126976 59.879505 47.862953
62.57361 42.716553 24.985174
78.71251 64.85793 54.57377
96.231346 81.73066 67.86318
93.86377 78.56846 65.6171
82.64565 63.47139 48.936134
54.201107 49.527924 46.101402
103.55852 92.006874 86.44803
32.867775 26.57931 17.222124
66.06592 43.934834 24.590714
41.18371 27.018051 15.300945
13.130499 9.676735 5.9166503
54.601368 37.52506 21.49029
55.150505 38.15865 22.118345
59.14363 47.48286 37.12887
31.592115 31.436657 28.994297
49.432583 49.375008 49.857056
45.778397 43.32851 43.225643
33.896774 31.083708 30.96849
34.745228 35.796352 39.22486
49.43102 45.57305 44.918053
32.38563 28.42219 24.67149
50.477615 42.19391 38.4448
40.892117 45.156956 48.01183
93.92606 79.27253 69.86716
75.48387 60.35637 55.006256
121.26373 121.83424 121.40388
108.75888 91.72851 74.17589
91.84836 77.92421 66.35109
128.96011 109.87758 92.78468
117.30085 97.64333 80.97054
74.833466 54.96292 42.05992
94.76152 73.86839 55.294624
55.228447 44.475758 36.33092
54.987488 42.6332 33.25676
71.2665 55.247833 44.238937
126.60541 106.78996 90.06892
116.063995 99.54741 86.86481
66.41818 48.644085 36.667286
59.25673 38.016747 24.116879
59.187653 43.58143 33.07315
64.354385 49.14943 38.912937
53.074257 49.87263 44.347996
63.936264 53.991074 48.547573
46.346367 44.073673 40.774258
38.13744 36.143566 33.755653
56.25839 52.37292 51.533333
37.923916 36.166992 33.78768
32.818832 35.5912 34.32737
78.52522 75.16253 76.93421
57.113228 48.92017 43.922905
75.23096 62.70691 56.94223
47.299217 39.508667 34.761192
120.80391 107.18847 101.47974
68.21137 59.110134 54.004303
37.035484 30.981852 27.182241
85.71535 75.94461 63.484196
102.5103 89.90267 78.62825
94.79312 82.85008 66.85445
69.50316 57.524277 51.91636
68.25575 57.382698 44.54995
62.42584 49.953632 41.9739
54.558357 42.596252 33.410915
72.05738 62.081165 52.888042
97.92841 85.00766 74.425575
134.65239 119.15125 103.16751
83.72199 74.17612 62.821766
122.19032 109.41603 95.352425
83.3318 59.30743 49.995342
88.75611 74.600685 64.53838
91.906876 77.49479 62.072205
139.26872 123.33144 102.472275
150.85738 145.8628 134.35611
74.48361 61.52597 52.36344
101.13949 87.67735 78.87628
88.43467 73.55966 60.63711
85.23571 80.158455 72.83076
96.41427 79.309906 61.35246
66.303 58.27097 49.044052
92.72988 80.06836 66.24304
64.30573 51.935875 40.266567
107.40293 94.08218 79.8797
113.07139 96.86044 77.96028
118.58935 97.15376 78.66018
91.18224 73.43959 56.32988
64.530174 55.38827 49.367874
118.74826 105.20971 91.40642
62.310753 49.48296 42.445293
97.103065 79.70906 63.674847
109.97093 93.69335 83.58908
67.532326 52.646465 41.620754
75.3623 58.236004 45.474422
58.531315 40.71978 30.924145
75.05735 66.08895 58.46178
35.519356 31.606712 27.86771
54.30124 46.898502 41.21691
76.750275 69.42714 63.867546
59.26833 49.28296 38.927273
38.688858 34.06673 30.998795
74.06269 62.849888 54.975563
66.73627 56.205963 48.891235
73.16041 61.00567 51.696514
52.937897 46.43467 41.32069
45.96458 40.4057 37.553112
76.556015 67.13118 61.50681
76.43728 60.859432 53.100815
84.43718 73.92343 69.260345
78.789474 61.375595 52.260086
98.37745 87.815346 84.8275
93.50284 76.9912 64.90746
53.67944 47.96859 42.99104
81.84086 68.54145 62.867676
83.33353 70.73829 61.893482
63.77957 47.164616 37.245358
60.05891 47.983936 38.73317
66.9362 55.038578 47.01652
93.08967 74.94464 67.82105
85.30121 64.40596 45.6898
56.104202 41.54979 34.921898
53.22626 53.354416 57.564907
50.7855 50.52196 48.37589
36.6377 38.68863 40.830044
36.238873 38.98804 39.315544
48.88195 51.87465 53.117073
48.363277 51.387585 52.50414
31.197556 31.102476 29.979603
40.349854 44.428543 44.824764
43.833397 47.87654 48.752167
42.865234 47.152264 48.250797
41.656273 41.241936 39.398567
53.213814 58.527176 60.76178
42.846725 43.315216 41.335224
38.760445 31.533659 22.285664
42.010754 31.080091 18.9594
40.125416 32.494625 22.376572
33.25041 23.024895 15.871881
41.937862 31.215118 15.531476
40.70003 29.46103 16.839134
46.593094 34.459076 20.267025
27.135582 17.606712 9.472336
29.946074 18.718378 9.710557
35.82952 23.425611 14.065689
20.25282 14.654024 9.476246
39.52346 26.417986 13.696513
35.754837 22.6681 11.70857
24.2449 18.753275 13.968752
30.037733 22.302313 15.792701
31.53141 23.38475 15.622157
38.198956 26.448093 13.787911
24.502834 17.706028 11.210232
38.186413 24.203194 11.683578
44.201595 28.506777 13.557738
34.25562 20.806126 11.095438
27.927467 16.817432 9.374356
28.284718 16.918312 9.702118
59.706387 37.47227 23.37755
70.07227 55.58257 44.30792
65.85774 49.679764 36.568394
58.15259 41.37253 29.107527
61.585987 44.74617 35.69104
60.08524 48.84591 40.28775
64.93946 51.831444 44.032455
75.024506 61.807495 49.26797
66.94836 54.431084 43.562332
67.45093 53.94275 42.17827
108.13092 91.1376 80.9492
89.87452 70.90544 61.296024
92.10974 67.52398 55.27791
88.69961 74.364975 62.749203
61.46044 45.848877 38.35047
79.89228 66.0421 54.214794
72.514206 52.27468 39.10997
89.85386 73.967125 64.452
107.26774 86.629845 70.035774
102.8189 80.42692 63.716553
54.231182 39.792015 30.895145
60.129196 44.891365 37.250473
54.25754 39.682144 33.327274
62.7566 42.367775 30.934343
127.81711 104.82959 87.8884
86.13363 66.98475 60.746075
75.84943 53.779896 45.847248
90.49482 65.077194 56.65816
103.100555 80.912415 65.91639
66.37273 46.601433 36.98778
99.446495 76.2726 62.773315
115.10137 93.95223 78.37957
134.1504 109.35924 95.97338
95.31486 71.40867 58.31274
107.29919 75.208145 58.422546
114.998955 93.84836 77.86745
93.70437 69.40782 52.378853
93.33216 72.18655 61.79948
110.255035 83.63092 62.185207
106.370346 85.96018 71.84523
119.38058 100.7014 86.23193
170.34285 136.40388 112.71196
137.0988 117.873314 107.23304
97.72793 75.19156 58.584717
102.97351 84.848 71.021866
76.925156 62.985794 52.92939
121.747314 103.18941 87.78651
157.34291 135.3444 120.25321
38.278072 27.559204 22.613066
117.79495 101.385666 91.802246
56.579636 41.198338 33.827698
53.346367 38.256924 33.769794
105.770905 91.085594 79.427826
112.191956 95.80929 84.04171
32.39534 23.904268 20.093124
82.37201 68.18807 56.430695
73.03092 57.306225 46.162758
70.66487 56.21463 48.300488
63.563084 44.449627 36.828903
55.072598 37.61766 30.042458
105.33034 80.80698 68.71645
109.18404 83.83063 71.30254
60.29169 39.6609 34.399773
63.939655 43.13506 37.43718
53.035973 40.169632 33.768948
84.97289 53.69195 41.38524
81.37475 63.676018 52.096188
79.331085 61.457542 47.3478
89.129456 64.64953 50.339653
60.329815 43.14239 32.363895
82.716484 49.225254 11.020788
53.135223 31.015347 10.812968
96.069534 60.622288 19.725807
111.4087 69.00502 20.882568
109.208275 66.9188 19.655556
109.76878 65.96331 18.816324
53.543564 49.06898 49.327793
33.669697 29.48045 29.392767
66.80639 67.82216 68.07325
37.87051 40.13307 44.146072
44.429977 39.031116 41.59293
58.61919 51.648323 49.31447
58.207756 53.50417 52.242588
49.21877 47.682045 48.99847
60.560898 59.539394 59.407852
45.782276 38.94995 38.227795
38.21994 27.515934 19.197361
51.135387 40.00655 26.060476
47.026688 33.491005 26.152493
58.905586 45.76253 35.103992
71.01062 57.83239 44.093647
135.95403 114.441284 87.121735
93.255394 84.01476 78.3825
105.689964 89.62095 80.451584
82.59654 72.18015 65.8955
71.05344 57.271294 40.536755
56.792442 45.669044 37.2116
38.309418 29.520756 22.209091
54.27631 43.872044 33.238873
41.018246 33.689865 22.91867
38.33516 28.942816 21.628218
38.929783 29.288498 21.705866
34.953243 25.739851 18.559107
56.032616 38.034832 23.049332
33.45373 26.837862 20.697002
56.78286 44.044346 33.27651
58.370575 42.315086 29.329391
54.375725 40.360767 28.486868
49.181328 38.724895 29.964483
49.077095 38.61476 30.027924
29.19521 24.956924 19.712023
52.449135 41.989376 32.36797
57.172726 47.811634 37.485825
52.86748 38.2188 24.112707
89.618996 77.71502 65.91603
48.323395 31.362333 21.109678
75.210785 62.191853 49.672142
85.81971 73.04998 62.527534
58.8929 42.414696 26.756664
78.48605 54.866276 33.12685
120.72359 101.208176 77.60951
84.68247 69.26194 51.513977
63.12421 51.257347 39.860214
61.72903 49.700195 38.034473
83.79276 63.312675 42.16334
77.8115 58.946888 39.272305
70.81665 57.345585 47.486576
102.5781 77.13597 53.720722
86.89469 68.33744 51.994102
72.94301 52.510426 35.861843
71.63897 51.855686 35.595016
74.85855 53.934277 36.699543
58.553635 47.700294 34.70479
55.167515 43.000618 30.321016
85.410065 68.70052 51.557804
80.823166 63.66103 47.151516
79.58077 60.56761 43.67527
71.86588 55.159107 40.19013
52.255424 37.75712 25.411503
55.79964 40.09202 24.000847
82.6522 63.957577 42.143566
39.418865 38.20782 34.937733
29.845552 21.553047 12.322352
23.128609 21.391104 13.80984
29.587292 24.181818 14.734995
36.978657 25.140078 11.059205
38.64627 26.486835 11.384425
64.83057 47.907494 30.287064
64.90854 49.000717 30.455164
56.3622 42.808437 26.896187
55.91636 42.445583 25.79987
37.474617 26.243238 11.483317
63.45963 47.326164 28.03164
62.19078 46.6971 27.93278
57.093613 40.932583 24.845617
31.248974 23.621668 14.922841
42.427372 33.209026 22.151384
43.8131 33.373802 22.164711
63.28739 49.707104 37.331997
59.378006 46.71525 35.58648
64.550835 53.544476 44.375042
48.823006 38.76214 29.165493
53.37726 43.259792 33.995438
51.470512 40.107006 32.29332
48.09169 31.994623 18.098663
48.62004 31.882372 17.987
43.24099 28.916683 17.113848
68.91502 52.921276 38.076443
49.064873 32.663994 18.573671
34.23294 24.561909 15.797687
39.712543 28.59684 18.286966
44.44904 29.746008 17.765232
73.93405 53.69544 38.264973
88.6666 65.40792 46.502575
37.640697 24.140013 15.751743
43.895992 27.859922 17.724634
46.134148 29.44627 18.390322
79.48534 49.059856 28.060736
26.699022 34.78511 41.025284
36.065037 45.88198 53.603096
43.970184 53.78136 62.259075
97.33545 63.77579 31.129782
46.050083 37.030334 27.605637
44.30857 34.39495 27.884327
32.95021 22.710264 16.10026
44.901596 29.034605 21.449722
35.5436 25.49042 16.77139
48.960934 43.29925 38.784065
59.898045 44.261517 35.83532
32.861843 26.701727 19.922092
46.000683 36.088043 26.44037
58.409676 44.191853 33.676083
47.094265 36.905052 29.050016
57.13985 44.417694 36.388336
31.497435 21.545097 15.506071
62.057934 40.833397 27.382666
29.789312 16.502705 10.071196
35.38244 25.197426 15.9652
46.328217 39.431217 33.082275
51.188595 32.95334 23.772108
48.212643 60.145878 73.01815
38.389637 41.82447 47.94125
31.050407 40.06315 47.935875
41.356434 50.507786 59.35761
77.12845 53.313717 29.77139
52.75526 35.198925 24.802835
98.02062 64.47406 40.4841
97.71652 64.30997 40.153015
75.344345 47.746464 27.007853
35.1494 24.233725 16.264679
28.879309 21.397915 15.116715
28.338188 20.642782 14.407624
44.734375 33.36012 22.559465
40.833202 29.723394 19.458715
33.901855 24.984718 16.87768
35.595894 20.153177 10.462919
38.272335 25.486868 16.963017
35.44464 24.5319 15.584751
62.312317 45.931217 35.19107
80.43692 61.46227 50.82952
54.73395 65.63607 71.41629
51.38061 56.07752 59.902054
48.184326 49.681263 53.463146
47.636818 47.51388 50.041218
48.06647 49.069046 52.863766
46.055294 44.9334 46.77872
47.18573 46.751286 49.70948
43.605247 39.887196 41.456436
48.184196 46.42626 48.519714
49.522778 46.851482 49.071228
42.73744 41.198174 42.784
37.8217 35.14438 36.656696
27.605898 23.962072 24.11173
49.180775 51.480644 55.848125
75.33268 60.68182 54.787193
56.67944 55.69795 58.870773
27.539753 30.302345 32.547314
93.61567 78.04731 71.49739
75.05204 65.64986 55.982403
87.36018 77.223816 70.48143
125.92362 94.030075 77.273415
74.28853 60.407623 53.150017
177.02118 147.4026 130.53532
83.02219 61.44894 52.721375
52.974293 43.8637 37.800617
88.06074 73.47628 66.63842
92.427765 73.85657 60.23291
94.65852 72.32688 54.073803
83.45578 69.01036 56.689964
62.158325 46.32962 36.822647
104.18266 87.38719 75.17032
60.938515 44.542423 35.88501
38.567806 30.484198 23.715347
55.693615 41.103485 32.07064
60.46328 50.264874 43.14099
124.566795 103.39336 88.96592
108.72757 83.93992 72.89303
97.09087 73.80391 62.104984
91.142 72.78224 62.952232
173.6482 140.80534 119.032745
103.73617 79.42046 63.925026
88.69873 59.732876 44.62916
34.608276 25.379114 20.003422
64.22252 68.93777 71.08456
47.555294 58.606712 64.765656
53.897816 35.051907 25.05927
57.124504 40.731052 29.78123
63.95989 41.98462 33.245358
66.38042 49.961422 40.915054
99.91682 107.307594 118.62297
78.11069 59.217594 48.821766
127.8868 130.39146 139.15663
117.69446 118.425316 127.41199
82.65083 55.824177 43.76116
91.632744 60.004986 47.13874
70.019684 69.79267 66.930176
80.73904 90.38726 101.013916
96.84845 104.621216 114.78983
66.72007 47.11551 36.504498
73.153305 51.98208 39.767513
83.10222 59.58729 45.77595
66.10733 46.28755 36.536102
62.36986 41.198437 32.768654
79.04011 60.409122 49.188076
66.08869 43.55966 34.99322
75.127014 57.763733 47.794853
28.028805 38.829292 38.729618
48.740242 59.74943 66.589935
55.19782 63.108635 68.087425
75.71183 82.26709 90.35767
42.638546 48.739914 58.01173
96.1536 75.19273 70.77207
37.665688 22.077093 18.174519
13.437798 13.437667 13.438253
6.4692736 6.4689803 6.4696317
0.34851742 0.3483219 0.3489736
2.839622 2.8394592 2.8401108
2.443923 2.4437602 2.4444118
3.4241772 3.4239492 3.4246335
5.1580195 5.157695 5.158409
2.6402411 2.6398501 2.6405995
4.8546433 4.8542523 4.8550014
3.7692733 3.7688823 3.7696319
2.8579667 2.8576083 2.8583252
0.34835452 0.34802866 0.34874552
14.596905 14.596643 14.597296
16.17579 16.175627 16.17628
18.047083 18.046953 18.047606
3.0516782 3.0515804 3.052232
16.46859 16.468622 16.46934
12.173411 12.173574 12.17452
20.486315 20.48651 20.487553
21.450016 21.45044 21.451744
19.94236 19.94288 19.94415
18.552166 18.55285 18.554056
17.810883 17.811697 17.812805
16.723494 16.72434 16.725481
20.27491 20.275692 20.276997
15.818964 15.819876 15.82131
22.247637 22.248062 22.248777
18.695177 18.696188 18.697784
16.667221 16.668491 16.66999
19.423754 19.425089 19.426523
16.26823 16.26973 16.271132
21.502998 21.50453 21.505995
21.33845 21.340143 21.341545
21.524601 21.52623 21.5276
16.689703 16.6913 16.692636
18.129358 18.130043 18.130758
10.083154 10.084294 10.086021
