0 0 0
0 0 0
0 0 0
89.913 96.108 110.86
5.181 5.6035 4.5058
0.82765 1.3592 0.79371
1.7718 2.6801 1.7321
2.8479 2.8843 2.3356
17.31 13.325 9.7139
17.463 13.91 10.355
23.656 19.178 15.889
18.627 12.548 11.238
11.446 3.8347 2.9892
16.848 7.6063 4.5658
23.182 12.229 7.2985
20.168 13.026 6.1517
3.4156 1.6416 0.4666
5.3395 6.0824 5.1426
2.8989 3.37 2.7838
27.661 21.231 16.341
28.243 21.73 15.939
39.768 25.512 17.248
26.45 18.297 13.505
45.864 34.228 26.023
34.706 25.907 18.99
39.898 29.563 20.819
42.496 34.979 26.181
50.094 37.591 26.795
47.611 37.453 26.897
75.084 59.986 46.002
99.141 84.942 71.504
59.564 53.083 39.178
73.475 63.842 54.748
17.231 13.171 6.6983
62.716 46.221 41.116
59.049 39.032 32.74
39.03 26.77 15.203
51.933 38.039 26.685
48.845 35.486 26.246
67.203 48.909 33.401
65.788 48.312 33.454
74.886 51.495 30.245
76.338 66.582 56.061
76.376 64.54 50.747
75.572 59.118 45.68
60.49 46.832 35.201
35.327 27.797 21.908
58.567 51.368 45.614
52.658 43.79 38.428
43.256 40.387 36.825
74.233 61.099 43.68
78.002 49.006 35.85
74.784 64.774 44.417
87.179 65.557 45.273
75.692 62.079 41.013
72.407 59.16 36.74
18.651 14.834 11.911
14.651 16.143 15.171
10.541 9.9126 5.7535
209.82 181.25 149.06
209.05 181.2 148.52
80.307 62.468 48.213
77.623 57.717 39.77
89.887 70.859 55.456
82.485 61.349 44.612
55.191 39.281 26.638
35.431 22.759 16.137
19.426 15.944 10.754
18.821 13.801 8.5554
25.848 17.792 12.909
39.344 30.895 26.64
29.911 25.188 20.571
35.815 27.4 20.481
29.878 18.072 10.423
36.495 26.727 20.443
26.432 13.401 8.2077
26.507 12.666 9.298
65.358 49.074 31.168
93.893 66.016 50.309
84.1 68.175 53.986
55.442 37.522 25.191
80.87 62.605 45.916
86.493 66.3 51.533
47.781 42.049 35.673
51.746 33.896 22.56
69.236 44.12 28.128
48.137 37.644 30.089
58.24 37.022 25.262
59.929 39.045 26.937
53.508 35.994 24.077
45.494 29.393 20.907
99.74 100.81 96.252
31.347 31.225 27.53
69.195 68.006 62.469
50.466 40.795 36.368
63.918 61.427 54.424
60.294 53.525 49.239
46.769 34.232 28.116
57.779 49.214 41.64
38.278 19.483 13.178
47.909 23.171 14.396
44.664 21.759 14.532
51.065 23.885 15.099
29.058 26.139 18.512
66.826 60.542 52.063
68.533 61.093 51.344
57.264 25.369 17.394
47.087 22.596 15.449
49.709 22.26 14.854
24.51 13.488 9.5753
86.215 39.286 23.559
38.059 18.309 11.65
38.441 18.067 12.252
38.157 19.273 12.867
39.215 18.838 14.258
38.435 18.116 13.652
50.17 23.614 13.24
49.617 24.077 13.583
48.77 23.897 14.192
48.611 23.882 15.874
50.231 24.889 15.38
46.901 24.466 15.993
48.461 25.217 16.499
56.473 25.155 15.113
52.234 26.104 16.923
58.577 27.701 17.573
50.462 25.329 17.166
57.879 26.374 17.1
51.455 26.675 17.683
48.528 24.456 17.16
49.667 24.883 16.503
47.59 24.431 17.065
50.611 25.832 17.754
38.831 18.833 13.199
40.153 18.289 11.256
45.952 24.186 17.416
48.744 28.147 18.845
45.764 24.275 16.183
47.259 27.174 19.134
45.677 25.11 15.796
53.171 48.146 39.681
64.26 54.423 45.845
63.405 52.794 44.734
55.123 46.351 39.519
54.991 45.4 39.547
56.738 49.615 44.827
63.514 55.19 47.165
53.596 46.725 41.471
65.926 58.048 50.321
68.971 60.469 51.976
54.481 46.1 39.725
62.717 55.331 49.914
73.998 64.282 54.214
53.926 45.895 40.089
71.251 51.953 36.508
30.782 21.799 16.171
73.645 58.37 50.031
39.049 33.861 28.838
33.508 19.721 15.226
39.489 22.864 10.05
23.238 13.279 9.8729
16.074 11.396 9.8751
17.611 13.305 11.291
15.478 11.926 10.314
18.26 12.138 9.7234
15.263 11.154 9.0561
18.234 10.326 8.1219
14.822 8.7734 7.8163
31.727 15.848 11.822
60.065 30.665 23.115
61.928 27.527 19.875
55.558 22.563 17.728
50.438 24.374 17.7
49.797 23.884 17.402
13.532 10.572 9.4737
59.23 26.517 18.859
44.852 17.456 11.1
32.138 23.408 19.615
44.739 30.328 25.126
45.626 31.227 28.004
56.308 41.672 37.785
40.801 25.96 21.34
39.747 26.2 20.45
67.382 49.235 42.386
22.703 18.752 14.65
21.568 17.749 15.402
20.982 24.195 14.025
19.753 9.0573 6.1247
25.622 9.1023 5.3508
73.943 59.341 51.158
86.072 66.545 55.165
65.034 61.715 56.953
58.472 51.336 40.442
32.718 15.375 11.081
58.085 31.711 25.184
54.892 34.189 28.931
46.353 28.676 27.27
49.995 30.749 25.254
48.054 30.212 23.963
46.103 28.767 22.785
28.714 15.311 10.575
40.968 25.949 20.301
27.612 38.349 56.985
39.256 28.364 24.767
45.583 34.778 30.877
33.209 30.121 28.115
45.37 28.134 19.076
36.948 28.093 24.918
98.176 86.222 83.968
109.01 91.51 85.006
141.78 135.38 132.62
116.18 100.44 97.653
119.46 100.24 93.136
40.268 29.61 26.599
29.462 19.049 16.411
33.547 21.441 17.326
16.302 16.115 16.509
29.369 26.932 23.661
71.189 63.225 42.217
84.256 70.579 47.022
44.85 34.403 27.588
59.161 45.031 34.871
58.992 45.672 34.337
58.133 46.445 36.415
59.735 47.489 37.158
59.136 46.551 35.481
59.125 47.496 36.884
51.535 41.155 33.191
73.282 62.318 49.949
53.276 50.517 41.615
81.874 74.258 61.304
60.705 55.755 51.083
85.026 80.62 62.08
88.628 81.229 62.992
59.345 48.293 35.572
83.295 81.949 66.48
77.716 56.205 44.523
76.41 53.082 41.916
108.05 104.13 86.548
45.003 37.988 33.4
63.485 54.222 46.177
60.94 51.894 46.076
61.955 51.345 47.557
62.829 59.084 55.544
39.532 36.335 34.212
39.858 29.204 23.736
67.649 54.825 48.784
55.994 46.864 43.436
49.737 42.039 36.399
57.435 48.075 43.245
39.534 34.222 32.749
45.144 29.568 22.982
55.033 45.367 37.471
46.791 41.831 34.483
48.93 40.917 38.305
42.416 31.054 26.881
44.714 35.48 29.926
57.232 45.214 38.246
50.162 42.981 37.074
49.07 37.341 30.27
38.977 29.567 26.031
40.221 32.367 25.966
39.793 28.709 22.84
58.761 44.868 34.072
17.001 17.813 18.539
26.208 29.34 30.456
25.878 32.85 34.326
54.185 49.372 48.527
51.654 43.693 37.724
59.716 46.823 39.805
98.563 87.332 71.944
69.394 50.32 45.789
93.18 82.305 68.93
66.154 50.847 45.789
48.178 40.484 32.822
44.082 38.535 31.236
97.502 88.485 76.808
77.334 53.032 44.376
62.56 44.704 36.827
57.305 41.217 33.87
57.809 41.542 34.994
44.037 29.587 22.311
67.342 33.523 24.758
44.67 24.345 14.61
20.477 13.837 12.018
26.672 20.44 20.665
24.852 15.212 14.233
20.156 16.843 16.742
70.926 71.923 67.146
67.845 46.137 33.115
69.801 60.477 50.878
58.391 50.071 41.281
34.428 35.469 32.088
69.02 61.2 57.872
55.611 43.498 39.433
86.676 75.522 73.421
78.28 72.577 71.335
53.932 46.396 41.262
62.27 52.483 47.48
85.486 70.242 64.765
71.479 66.57 60.871
44.917 40.898 34.906
51.701 47.34 42.014
30.662 28.643 26.362
24.213 20.612 16.797
34.426 27.253 25.802
26.304 21.897 18.52
29.887 21.399 20.245
23.832 18.077 16.259
26.852 22.427 20.292
30.202 25.274 22.746
36.21 28.79 24.486
30.901 23.534 17.814
32.792 25.286 19.382
27.861 22.308 19.903
35.243 28.098 23.833
33.705 26.492 21.555
32.637 27.653 26.123
30.686 24.9 24.695
37.075 28.917 27.311
33.793 22.655 18.385
37.207 26.135 21.01
30.074 24.78 19.393
41.113 26.839 22.22
34.524 21.456 16.809
39.863 22.357 16.278
34.608 19.53 9.4398
49.249 23.723 14.784
35.926 20.262 17.033
28.757 15.358 10.677
38.361 20.472 18.943
16.856 14.305 11.708
3.8616 6.3572 5.4711
64.569 57.789 58.401
47.479 44.828 43.332
51.755 48.231 47.341
55.304 48.532 44.587
55.617 48.119 43.504
53.816 46.803 42.85
49.666 42.007 38.048
47.149 37.649 34.085
57.662 48.546 43.506
51.746 45.532 38.965
46.025 40.158 34.317
57.688 48.627 42.099
56.712 48.037 42.001
56.814 47.416 41.405
58.372 49.593 42.819
42.79 35.476 28.881
16.011 17.528 19.239
19.29 14.353 10.725
16.506 6.5383 4.6911
15.468 10.726 7.2817
14.431 9.9495 6.7374
11.707 5.6138 2.947
39.19 26.961 18.96
39.995 26.26 19.587
38.139 26.796 20.133
36.609 26.211 19.649
35.918 25.365 18.721
39.164 27.47 18.23
37.375 26.435 16.917
62.954 83.292 92.2
31.644 23.271 18.593
26.47 16.506 12.324
33.174 21.186 15.657
35.074 22.33 15.733
21.541 17.569 13.624
21.779 17.788 13.689
32.017 32.798 31.285
66.096 53.965 47.823
58.018 46.087 39.775
53.162 42.108 36.351
40.585 28.984 21.613
38.502 26.758 20.128
41.061 28.602 21.672
38.34 27.341 20.095
37.262 15.136 8.512
30.96 17.897 8.5723
36.575 22.221 15.369
69.902 9.5839 0.81446
68.57 9.2971 1.0909
44.831 11.023 5.8904
60.978 46.955 44.575
92.14 90.623 75.605
45.662 35.168 31.836
63.345 47.75 40.729
45.475 34.575 29.829
74.648 61.255 58.546
50.339 36.322 29.81
50.117 36.573 29.31
85.757 70.95 66.433
68.185 59.552 59.455
32.445 23.343 16.248
33.986 26.84 22.208
43.346 32.548 26.444
32.461 24.399 18.032
45.8 35.03 28.899
30.166 22.284 16.117
44.713 34.42 29.589
45.325 34.613 28.22
16.633 10.512 5.2906
42.407 30.648 26.184
33.291 21.365 11.782
41.835 29.599 23.613
25.465 23.496 20.89
51.949 37.32 23.527
45.847 34.86 23.061
54.897 39.662 21.89
49.207 37.193 31.891
23.944 12.596 5.662
30.823 21.114 14.94
32.361 21.269 14.761
32.575 20.333 13.207
30.448 19.193 13.167
43.034 32.509 26.078
39.393 26.162 19.662
54.932 38.801 30.837
53.102 37.961 30.713
55.94 39.599 31.26
63.307 49.299 45.344
69.644 58.725 56.324
63.11 56.2 54.465
65.19 56.404 53.1
36.908 29.996 25.515
37.61 36.443 38.006
38.714 31.84 25.991
39.44 37.305 38.191
39.846 37.482 38.863
65.569 55.628 50.026
35.292 29.253 24.24
60.524 47.822 40.835
35.909 35.452 37.646
40.647 30.846 26.12
37.537 36.06 37.386
56.558 43.112 35.129
56.761 43.074 35.562
56.944 42.919 36.088
56.862 43.056 35.902
62.18 46.198 48.212
55.094 41.157 40.724
66.068 55.098 61.71
54.458 45.022 43.381
64.641 55.97 60.43
58.186 48.287 47.357
60.088 47.983 45.212
55.042 46.124 45.001
64.687 53.538 57.367
63.039 52.284 56.05
66.991 57.229 63.116
64.862 55.656 59.806
25.185 24.81 25.417
21.416 17.987 18.905
13.108 12.129 9.0773
16.875 16.876 18.814
13.059 12.114 7.786
52.725 38.703 31.664
68.763 68.763 68.763
39.972 28.82 21.944
53.288 59.55 68.989
38.824 36.897 40.098
36.441 30.52 30.21
42.375 39.64 40.49
41.226 39.698 42.192
58.173 42.704 31.75
55.948 39.576 29.079
49.259 44.73 43.796
46.642 39.847 37.313
34.928 32.851 33.459
51.318 46.032 45.65
50.634 43.373 37.968
30.533 28.999 28.476
33.931 31.96 33.198
33.392 24.99 19.349
38.775 34.105 29.381
37.043 33.501 32.686
42.575 35.39 33.117
43.141 35.212 29.349
15.529 12.966 12.167
27.046 22.672 19.947
47.299 43.874 43.131
27.23 21.992 21.531
39.28 37.237 37.488
82.137 80.685 83.36
57.61 52.058 50.478
56.626 50.683 51.138
54.133 44.783 40.745
43.86 38.227 36.604
49.389 44.39 43.556
52.574 44.928 41.683
55.061 45.605 42.413
51.204 45.327 45.468
58.621 51.243 48.368
52.39 44.221 43.906
50.547 42.956 41.401
53.722 43.723 40.318
44.41 38.504 33.778
76.058 73.259 73.745
59.824 58.276 62.735
57.828 46.97 42.067
52.636 42.678 39.91
49.83 42.097 40.475
48.458 40.483 35.63
49.803 40.066 33.874
65.041 54.283 41.751
60.769 48.681 40.964
39.455 28.865 27.232
47.336 39.566 31.596
52.045 42.871 34.812
36.485 26.121 23.851
37.365 26.37 23.237
72.445 62.174 62.393
53.156 29.396 24.473
39.78 23.572 19.003
35.044 26.744 24.987
32.401 26.46 22.956
30.898 31.98 33.316
54.825 44.13 39.798
57.503 46.502 41.943
40.45 35.883 31.507
57.516 51.386 49.162
62.346 57.194 54.287
60.465 53.779 50.656
41.359 33.718 28.542
24.188 16.634 14.652
40.699 30.119 26.255
36.924 27.902 24.605
41.162 26.544 22.212
41.749 26.679 22.569
52.064 43.636 44.778
56.922 46.877 45.529
69.902 54.337 55.538
67.906 54.915 52.274
63.929 54.604 51.116
60.758 54.196 50.528
64.891 56.412 52.187
60.733 52.403 49.242
69.726 54.09 45.952
71.199 78.638 74.212
76.7 69.163 65.439
50.223 32.816 27.166
32.663 21.936 18.678
26.119 17.202 14.986
35.326 23.715 21.9
36.514 24.459 20.317
27.905 21.142 21.747
34.336 24.722 24.95
35.918 26.425 25.393
30.165 20.404 17.689
41.097 29.281 26.697
34.405 25.009 23.62
40.044 31.474 31.919
33.21 23.463 23.271
36.353 26.316 27.881
28.278 18.768 17.395
33.034 21.802 20.291
25.197 18.309 17.91
31.615 20.005 17.802
29.079 19.398 18.677
23.963 14.517 13.387
40.813 29.786 26.201
24.494 18.587 17.002
17.004 13.847 13.371
22.317 13.812 11.313
56.13 49.837 40.168
83.898 69.276 63.798
56.435 45.747 33.46
77.509 67.784 62.352
51.516 36.241 21.456
44.569 37.971 29.013
33.62 24.907 18.203
51.903 42.034 33.183
68.177 55.987 44.711
22.603 19.535 16.335
52.843 47.334 39.441
45.397 39.102 31.552
44.391 39.167 32.171
46.439 40.944 33.977
39.922 28.972 19.868
21.711 16.366 12.449
29.511 23.144 19.036
45.795 43.653 39.608
18.571 14.141 11.352
24.567 18.441 14.277
30.131 21.175 16.821
33.191 22.909 14.977
32.627 25.544 22.326
32.527 24.437 20.564
29.561 22.313 16.695
26.523 19.734 15.482
29.836 21.668 17.847
28.226 21.838 13.31
19.737 15.93 11.391
26.722 20.643 13.752
34.238 25.138 18.296
42.007 35.558 31.919
54.78 46.471 41.451
50.83 43.932 39.883
32.775 25.647 19.598
42.602 36.552 31.198
45.858 38.094 32.422
31.312 25.764 21.531
31.844 25.971 20.708
34.836 25.855 20.005
34.435 25.861 20.295
35.373 25.479 20.436
13.761 13.555 13.074
8.5375 6.7055 5.6275
12.646 13.343 13.59
11.953 12.922 12.978
15.483 14.229 15.381
11.804 12.37 12.034
15.682 16.054 16.1
55.391 38.003 25.172
27.852 20.367 17.144
67.691 54.483 43.977
49.861 45.373 39.838
14.844 25.815 38.513
23.903 28.235 36.021
26.915 39.514 55.382
40.234 39.755 37.473
56.741 46.251 50.583
62.515 50.472 55.362
67.109 64.699 59.836
24.106 24.882 19.943
32.142 34.351 30.857
35.458 31.607 29.651
53.2 49.353 48.569
59.147 50.481 46.41
58.921 49.116 47.005
37.548 36.53 36.926
55.697 50.987 47.585
35.568 32.641 29.771
40.928 34.097 29.264
78.965 66.65 62.691
68.934 59.676 55.009
49.327 52.173 49.934
77.661 68.805 64.583
87.189 78.378 76.791
42.387 37.539 34.039
58.801 52.733 46.31
61.289 57.978 47.162
59.891 52.731 49.473
54.502 50.24 50.891
59.657 55.097 55.507
76.624 74.495 71.846
78.836 76.57 73.832
74.059 70.182 62.943
67.731 62.92 55.699
69.034 66.709 65.038
62.245 61.169 59.98
39.483 27.525 16.33
37.245 26.884 17.194
72.692 64.379 63.499
59.486 49.815 48.007
7.683 8.1467 7.6775
53.264 41.617 38.203
54.071 50.265 45.133
48.355 45.302 39.12
72.345 68.59 68.164
30.958 33.313 30.971
97.496 93.457 92.208
52.253 54.846 71.36
52.584 48.975 51.448
64.34 60.759 53.513
58.004 53.593 51.798
51.237 46.605 45.275
54.114 49.389 47.883
92.261 82.123 73.736
93.723 86.032 76.454
96.808 91.63 86.107
53.842 53.084 50.979
73.219 67.037 62.989
69.221 66.315 60.979
126.51 112.76 99.097
62.686 50.281 45.236
75.524 55.802 41.3
66.098 51.895 43.378
77.745 68.611 67.753
86.45 76.481 77.049
48.703 52.323 34.57
106.81 105.78 100.2
113.14 96.582 93.182
118.31 121.95 135.88
62.824 58.025 53.919
101.89 98.518 102.86
75.93 67.893 69.135
74.222 72.076 69.505
70.515 48.732 36.055
59.012 52.917 51.333
72.899 53.829 42.366
76.954 48.205 34.847
92.866 59.566 42.231
64.526 50.468 45.372
68.632 44.053 35.043
64.694 40.501 28.426
64.427 40.408 28.326
69.611 52.723 45.226
66.447 47.289 40.301
70.544 52.448 44.386
33.485 23.305 20.089
40.813 31.479 26.985
46.261 36.299 31.634
54.85 48.852 46.1
55.825 42.457 34.962
50.86 37.781 32.356
64.93 51.454 44.661
71.706 57.551 51.562
72.087 57.318 51.785
74.341 57.468 50.926
17.7 16.877 15.547
26.149 21.768 20.772
35.346 26.496 24.941
34.485 25.487 24.115
81.066 71.675 64.029
40.964 28.872 23.726
104.86 96.59 94.525
74.641 68.688 62.96
80.159 68.068 58.307
65.308 53.14 46.041
65.925 49.931 37.227
44.861 33.062 23.749
56.918 47.957 43.791
59.827 48.992 43.411
55.867 44.653 39.88
31.171 29.22 29.057
15.842 14.695 13.419
14.529 12.795 13.753
32.723 28.172 25.67
49.859 44.253 40.27
32.252 29.057 26.266
43.403 37.704 34.147
58.008 49.551 49.522
58.632 50.432 49.027
50.321 42.161 41.887
41.708 35.415 30.505
31.87 31.997 33.123
44.065 39.613 37.541
41.358 36.043 33.407
77.893 72.828 74.262
42.039 38.865 36.126
44.383 40.192 36.768
77.131 71.471 69.96
46.309 43.511 41.69
71.648 66.088 66.79
52.432 50.685 51.221
25.403 21.588 18.927
40.809 34.184 28.829
38.661 27.814 22.893
37.824 29.278 25.031
42.009 31.495 26.369
40.301 29.725 23.482
13.924 12.507 8.8583
14.646 13.361 10.307
25.642 23.943 23.989
59.09 53.701 52.398
54.49 44.596 41.827
66.731 57.221 53.538
33.284 33.189 33.72
67.224 57.47 53.14
76.313 67.051 62.648
75.13 68.934 65.296
73.807 61.449 56.103
44.433 41.333 29.82
66.505 67.037 63.176
35.575 36.802 29.292
45.064 38.09 30.424
53.841 39.732 33.967
50.969 51.709 52.792
50.168 45.868 46.057
43.136 40.034 40.297
47.709 44.218 44.752
52.659 48.505 45.141
43.992 39.498 36.401
44.476 40.191 36.687
39.414 35.945 31.34
61.628 54.367 54.26
48.203 40.804 37.571
44.349 37.659 33.306
46.918 44.888 45.459
65.726 57.348 51.274
66.912 57.986 51.894
67.955 59.102 53.783
78.775 76.799 75.194
83.847 80.714 76.756
69.583 59.594 52.955
69.149 58.765 52.932
85.611 80.992 77.446
83.217 79.134 76.677
88.562 85.04 83.48
17.653 15.574 13.608
68.621 57.016 49.107
5.6166 7.8055 9.465
68.15 60.322 54.147
42.612 38.577 38.78
44.791 38.393 37.597
36.922 26.868 25.317
37.681 26.879 22.301
45.264 34.104 29.292
44.331 36.011 33.462
46.351 42.712 42.523
39.636 29.799 26.745
47.113 39.163 34.434
31.071 24.868 20.369
31.874 26.084 23.019
83.329 89.592 74.13
51.164 52.579 58.169
39.72 46.953 58.453
9.3642 9.8471 9.29
3.305 3.6945 3.3014
4.2345 4.3852 4.2091
8.3545 8.8032 8.3004
2.2288 2.6263 2.2194
2.6175 3.0042 2.6385
2.6993 3.0888 2.7564
5.0602 5.5039 5.0668
8.7968 9.1942 8.8705
10.433 10.865 10.375
9.0002 9.4097 8.9545
22.675 23.042 22.588
22.71 23.141 22.666
19.37 19.76 19.482
24.302 24.6 24.266
24.366 24.769 24.337
12.655 13.103 12.575
12.407 12.814 12.367
12.721 13.178 12.653
12.659 13.225 12.599
15.893 16.337 15.863
9.1755 9.5507 9.1337
15.957 16.514 15.899
19.852 20.264 19.799
17.785 18.216 17.709
18.641 19.054 18.608
18.11 18.577 18.063
17.747 18.224 17.682
9.6424 10.19 9.5951
18.957 19.335 18.889
14.685 15.077 14.623
104.22 109.24 129.45
