0 0 0
0 0 0
0 0 0
7.465 8.9671 6.3508
14.972 17.337 14.61
19.59 24.19 20.148
60.574 59.836 48.875
29.83 29.952 24.375
233.02 222.97 188.09
15.171 16.893 14.567
36.415 37.906 33.483
31.384 31.682 21.919
53.235 54.288 46.666
54.29 53.3 43.67
37.095 36.076 31.681
19.643 18.68 13.898
22.551 22.475 17.467
53.876 58.73 54.263
57.348 56.669 50.579
40.199 44.509 35.9
41.875 43.815 29.164
40.325 48.689 28.992
55.118 59.958 39.847
50.563 55.157 35.564
52.654 57.666 36.539
43.798 52.276 33.9
56.254 60.402 40.807
56.096 59.063 39.422
47.644 60.381 39.217
38.116 46.734 28.879
27.736 31.163 17.765
30.765 35.428 21.702
33.886 38.231 23.856
34.365 39.129 23.338
8.9675 11.935 7.5552
5.4977 6.1121 4.24
13.361 14.374 10.016
8.0321 8.2148 5.9093
4.7973 10.527 10.633
14.881 33.604 34.37
14.32 31.5 34.106
0.26596 0.78342 0.62705
12.54 27.951 26.755
6.8922 18.6 16.204
4.6475 18.556 16.43
5.758 24.867 24.507
5.2073 21.467 21.049
5.9171 21.273 19.559
5.212 19.055 18.24
8.7382 21.815 22.497
17.585 41.185 45.656
17.622 37.65 40.421
33.175 42.274 43.677
44.931 44.623 36.292
19.082 14.656 6.7938
46.385 39.275 28.259
31.753 27.856 19.705
43.143 36.53 27.526
42.321 36.238 27.429
49.308 42.062 30.775
45.443 38.318 25.556
33.557 31.424 26.251
38.427 33.007 24.547
37.529 31.829 24.251
36.737 31.711 24.16
37.661 32.636 24.819
34.113 29.411 22.684
36.081 30.827 23.922
35.486 29.986 23.19
10.171 10.879 7.4697
12.37 13.159 9.7016
10.262 10.918 7.3504
15.921 16.369 13.126
3.2423 4.2198 2.8783
8.4543 9.3042 6.3364
8.9468 9.7833 7.0365
8.0408 9.0428 5.1405
8.4261 10.423 6.2452
5.6449 7.274 3.7053
19.401 20.56 11.682
19.85 14.658 6.4285
19.3 15.841 5.229
21.049 15.329 6.3338
14.909 13.888 6.5835
22.149 20.432 11.497
21.615 19.224 9.0505
33.633 25.575 16.117
13.932 14.756 9.2345
22.073 18.614 12.166
18.47 16.867 11.876
18.195 16.217 10.995
22.487 18.894 12.551
26.411 19.741 14.086
50.205 57.477 48.914
18.499 20.283 8.7246
21.237 21.215 11.762
23.357 25.305 15.634
17.019 16.307 6.0997
19.504 19.859 11.575
19.63 20.05 11.596
16.449 17.433 10.219
12.477 12.621 4.5143
10.734 11.557 4.5218
19.495 19.823 11.594
16.936 17.135 9.8171
13.677 12.572 5.9863
23.277 23.666 15.765
23.088 23.547 14.968
18.518 18.975 11.264
16.276 17.324 9.8816
9.6268 10.115 4.9543
25.347 26.021 17.869
11.773 12.146 6.1673
27.764 29.09 20.378
23.209 23.209 14.517
50.51 42.715 39.374
32.629 25.322 13.134
28.434 20.873 7.0457
38.087 30.277 18.713
49.786 26.081 31.387
34.912 23.492 15.821
51.091 25.066 38.882
40.142 31.907 20.697
33.768 26.897 15.016
34.42 27.742 18.838
22.504 19.906 13.424
12.507 12.071 7.6438
13.625 14.073 9.3409
16.772 14.644 10.343
4.0362 4.0234 2.1841
4.0738 3.8746 2.3359
12.769 12.324 6.9674
15.318 14.473 8.1355
12.008 12.306 5.672
15.526 14.411 6.7982
12.422 12.002 4.6196
28.123 24.809 13.718
5.0678 6.0441 2.596
76.027 60.378 33.314
21.81 19.196 12.463
21.622 18.756 12.229
35.374 29.77 22.34
28.07 25.696 19.354
49.622 47.841 29.543
46.997 45.469 28.003
43.983 42.391 26.073
14.566 13.139 5.7798
101.39 93.303 67.436
16.44 13.155 10.052
14.284 10.152 2.4933
27.075 36.356 36.016
25.838 23.461 16.946
19.552 15.896 7.8402
16.783 13.859 6.5365
15.275 13.031 5.8856
6.2224 9.2419 5.1432
21.575 20.83 12.41
14.455 14.794 6.3688
10.182 10.204 5.633
20.579 18.584 7.5721
18.131 19.779 11.114
23.376 25.014 16.076
22.563 24.252 14.803
9.2257 10.548 8.1267
32.879 28.82 31.856
23.872 20.404 7.3593
28.724 23.337 11.113
29.513 24.579 12.346
33.07 31.438 15.378
11.4 12.024 4.0856
9.2335 10.133 3.5852
10.782 11.498 2.9706
17.744 18.208 9.2776
11.055 11.765 3.0613
12.106 12.67 3.6709
11.83 11.218 4.9537
11.839 12.242 5.496
13.179 13.99 6.9156
15.206 14.897 8.2329
26.897 22.932 12.827
32.348 26.412 14.407
28.919 23.121 12.467
30.439 24.054 13.571
36.598 32.043 18.264
40.065 33.182 18.719
26.802 22.522 10.809
33.254 28.174 15.573
32.398 26.213 14.774
29.473 23.887 13.56
26.664 21.739 13.873
34.973 28.176 18.029
29.77 22.256 10.455
25.148 18.588 7.3662
35.878 30.153 16.671
47.514 39.776 22.863
62.575 52.761 37.462
33.891 29.625 19.222
56.3 47.601 31.029
31.345 26.276 14.529
34.804 29.017 16.859
34.203 30.361 20.142
24.117 21.153 11.608
19.958 16.072 6.5905
20.797 16.425 7.179
24.753 20.624 8.91
17.848 14.99 8.2843
9.8555 8.5398 3.3648
17.215 15.117 6.0128
15.479 12.451 5.3687
15.313 12.36 5.5015
19.8 15.856 6.5062
18.277 14.625 5.7896
13.864 9.1171 3.2064
13.751 9.9709 4.2499
8.9301 6.5051 1.831
16.291 13.859 5.7689
20.413 18.345 6.2886
20.528 17.796 7.0687
14.563 11.405 3.6188
30.199 23.562 10.036
21.753 18.843 9.3378
39.99 29.14 12.204
30.217 26.576 14.518
34.759 31.628 17.881
24.712 20.291 10.39
37.035 28.1 10.374
27.585 21.58 8.6315
29.02 26.521 14.439
23.999 19.462 8.7235
8.0942 6.9238 2.8453
13.108 10.107 2.951
26.983 18.32 6.5843
17.491 13.306 4.1845
12.61 11.493 3.3703
22.144 19.399 7.7215
22.958 20.036 8.1563
21.936 15.76 6.6602
71.508 54.065 27.877
20.946 13.798 5.3307
15.959 11.3 4.6885
25.593 17.219 4.6132
15.823 58.828 49.769
23.077 55.087 47.154
23.471 37.169 27.098
16.749 27.841 19.346
25.883 37.835 27.636
37.028 45.505 33.732
40 43.943 34.832
38.576 43.154 34.135
37.748 42.988 33.677
32.772 39.216 30.322
29.142 38.419 28.023
47.012 53.244 39.71
78.014 84.556 59.949
52.173 68.033 50.907
44.957 67.049 46.257
49.614 63.708 46.168
55.318 71.003 52.532
17.245 31.79 23.208
13.102 11.136 6.4036
17.085 12.169 3.0116
16.913 13.333 4.1206
20.055 15.132 4.2664
13.898 10.693 4.4709
18.106 15.327 8.326
9.6079 10.849 7.6885
9.7592 10.299 5.7157
12.541 11.824 9.3498
11.208 16.917 14.496
17.684 20.778 15.773
10.986 14.633 11.938
10.91 13.605 10.231
27.455 31.718 20.839
28.732 30.329 21.883
27.555 29.57 21.744
29.368 33.476 21.513
28.124 29.647 20.326
27.561 28.542 20.439
28.99 30.387 22.545
56.283 60.821 47.668
53.665 60.008 44.555
100.57 101.26 82.25
49.196 51.763 36.725
37.392 38.706 23.347
57.944 61.387 46.033
60.467 64.451 49.062
47.712 50.954 37.71
53.005 55.894 42.521
26.902 18.814 7.4323
26.264 18.602 7.1259
29.127 21.303 8.8405
30.68 22.559 10.035
37.366 29.188 15.156
24.422 19.304 8.47
29.649 23.657 11.854
72.023 62.939 46.563
147.93 172.65 163.76
124.4 146.24 142.2
103.14 122.92 118.89
109.69 129.31 128.22
24.901 24.739 14.383
32.376 35.372 23.127
12.61 15.702 8.9129
19.56 22.441 14.724
17.921 20.317 12.731
27.9 28.33 15.543
24.034 25.448 12.08
30.388 32.219 20.456
28.685 31.23 17.447
25.584 27.877 14.573
21.704 22.115 10.46
21.82 21.881 10.29
23.031 23.258 11.223
112.55 129.98 122.77
113.51 131.4 125
125.01 142.85 136.73
139.33 160.32 154.2
125.57 146.49 140.25
97.016 114.68 109.2
120.18 141.62 137.55
19.914 21.121 15.257
20.825 20.212 13.452
19.99 18.88 11.8
23.911 20.964 11.066
40.27 39.379 28.581
25.071 25.336 19.106
26.988 27.078 18.798
26.45 26.678 18.588
45.097 45.889 32.865
46.189 47.316 35.378
44.284 45.822 34.081
30.908 28.849 17.669
26.666 27.346 17.432
12.36 8.9461 3.8641
21.778 13.989 6.7059
27.947 23.462 12.909
20.113 15.109 6.7698
25.842 21.857 11.601
27.541 23.121 12.284
27.669 23.237 12.345
30.002 21.593 9.1791
29.808 22.66 8.1537
30.328 23.168 8.6003
32.304 23.175 8.1597
27.005 21.983 10.455
26.681 21.843 10.487
27.943 21.882 11.456
23.485 18.933 6.8719
28.478 20.676 6.9588
22.49 17.902 7.6462
15.977 12.849 4.7389
9.0166 7.0138 0.87998
23.43 18.169 3.9196
26.226 22.504 6.4236
25.987 20.691 6.3982
25.976 20.583 6.5165
28.392 21.973 7.5723
28.407 22.855 8.3787
28.777 22.099 7.6437
24.591 19.84 6.0383
24.018 18.672 6.0844
24.022 18.708 6.1454
21.242 16.798 3.7624
27.354 25.375 16.821
31.338 29.613 20.367
40.351 36.62 21.701
39.824 37.827 28.708
28.334 25.365 18.094
35.567 33.252 24.047
36.641 34.67 24.927
36.734 33.401 22.488
33.999 32.407 21.285
37.606 34.388 24.823
28.213 22.709 15.475
99.26 106.22 102
119.45 130.51 125.7
81.207 89.257 84.077
44.107 51.486 46.476
123.88 134.69 130.79
107.83 118.56 115.25
101.76 110.69 110.35
109.67 123.18 117.22
26.859 21.491 13.924
19.045 14.94 8.8369
19.859 15.563 9.392
19.516 15.739 9.7229
17.694 14.288 8.2807
8.2413 6.9798 3.4092
9.0068 8.4001 4.4563
14.274 12.393 5.8766
15.884 14.066 7.8062
15.089 13.388 5.7796
14.802 13.096 5.7603
14.213 12.574 5.4222
13.144 11.501 6.4656
17.845 15.317 6.7667
17.041 14.418 6.1219
13.634 12.19 5.8083
13.569 11.943 5.5558
10.464 9.2371 4.839
8.878 8.7118 6.1975
57.426 57.937 44.074
29.409 23.215 11.971
31.557 25.902 15.27
18.453 16.242 7.5156
19.118 16.749 8.4828
18.367 16.224 8.0454
22.578 19.521 10.007
20.439 18.522 8.8441
26.638 23.085 11.529
22.628 12.512 2.9751
25.481 14.799 6.6208
28.81 17.473 7.5239
24.711 25.017 17.48
5.7438 12.538 12.122
8.3432 14.757 14.214
10.929 16.508 15.166
13.279 17.091 15.16
168.57 149.93 115.48
48.55 37.729 12.826
55.704 41.688 11.294
26.118 20.01 3.8932
69.33 56.599 11.167
26.406 19.753 4.7265
54.906 40.953 14.707
23.834 18.322 4.4887
31.249 25.224 7.6353
30.736 24.316 7.323
42.593 32.452 12.667
45.85 34.533 13.481
32.22 19.228 2.8056
25.034 18.924 4.2522
35.985 24.155 7.8867
32.195 24.19 8.1615
36.142 26.76 8.9043
9.7061 10.214 5.4152
10.443 10.732 5.7121
4.6622 5.3713 2.2509
6.6624 8.228 5.3593
125.72 133.1 115.38
65.482 67.362 59.154
56.847 54.606 47.347
55.847 57.125 49.63
60.931 56.652 50.031
42.203 44.51 39.605
82.096 80.572 69.604
37.46 39.897 35.558
20.831 19.662 11.373
16.526 13.648 5.4727
16.912 14.356 6.808
16.402 13.922 6.6585
20.617 16.548 7.3608
18.4 16.49 8.0462
20.322 16.783 6.6382
14.644 13.184 5.3913
18.731 15.372 6.1857
19.743 16.183 6.5387
19.855 24.623 14.34
18.943 21.851 12.243
23.538 28.928 15.356
18.278 23.038 12.119
21.202 26.029 13.867
20.539 26.136 13.405
18.441 22.623 12.085
18.222 22.622 11.681
8.6169 7.3115 3.8803
26.475 20.556 8.4172
27.25 21.374 9.0766
19.839 15.229 5.6099
20.994 16.126 6.168
18.526 14.38 4.9882
7.5632 6.4686 1.5393
19.127 14.819 5.3839
151.47 113.32 61.188
159.39 123.61 69.744
24.62 18.71 3.8342
14.361 11.975 3.0269
5.7235 5.8391 0.88619
13.238 11.398 3.5862
11.949 10.597 4.0228
25.969 22.017 10.43
18.766 16.268 4.3067
9.7595 9.2298 2.942
17.263 14.521 5.6782
20.461 17.995 8.0398
15.953 14.228 5.8523
9.6847 8.3096 3.7228
22.598 16.804 6.8037
11.553 9.9589 3.2888
38.929 26.702 12.619
36.145 33.471 21.798
14.106 13.773 8.7936
30.792 25.541 16.642
66.002 45.762 19.198
10.891 30.578 17.298
26.157 46.722 28.112
59.842 71.679 52.238
26.492 45.652 28.411
49.743 67.75 45.771
50.031 63.883 46.245
36.218 50.58 33.453
31.192 49.012 30.297
25.859 46.102 27.545
19.806 34.579 21.595
21.199 18.157 9.9217
38.96 36.362 22.214
17.797 14.45 6.0539
27.972 23.701 13.073
24.082 21.169 12.577
21.568 18.807 10.526
20.214 18.49 9.0523
10.98 10.193 4.1868
17.917 15.658 6.4469
17.992 15.265 5.6969
21.068 17.417 6.3379
20.015 17.843 7.0009
18.568 15.58 7.2067
18.424 15.162 5.1176
18.633 15.307 5.1292
24.965 21.729 10.672
22.959 19.454 9.0325
9.8642 8.2552 2.0687
21.08 14.592 5.6053
21.506 14.925 5.5999
17.599 13.058 6.7148
27.524 19.569 9.3835
28.003 18.549 8.0238
26.634 17.742 8.2653
21.85 17.262 8.6559
24.162 19.649 8.8123
23.989 18.415 9.7325
20.38 15.914 8.5991
48.297 20.439 7.7913
19.985 17.661 9.3956
15.602 12.513 3.585
27.347 20.624 8.8026
26.908 20.518 8.794
26.816 20.433 8.8195
21.603 16.409 8.5641
24.459 18.549 8.9435
22.43 17.38 8.4536
21.852 17.212 7.7517
19.385 14.729 5.2772
21.172 16.096 5.3217
27.947 20.307 5.2039
23.019 15.398 4.9653
17.551 12.01 2.9292
18.686 12.644 4.2796
22.665 15.611 6.4192
31.853 32.882 22.792
33.217 33.9 23.066
32.958 33.865 23.037
52.96 50.352 37.208
33.86 35.291 23.637
33.517 34.559 22.855
55.156 53.361 38.739
34.078 35.042 23.357
38.477 39.32 26.786
45.777 43.28 31.72
42.512 41.29 31.079
34.224 34.899 23.495
34.682 35.722 24.04
37.94 37.881 25.141
63.659 62.295 45.897
63.37 62.038 45.639
13.239 10.687 5.6357
20.056 17.031 7.7717
18.235 18.204 10.748
30.546 29.4 21.155
15.784 20.639 21.017
18.434 23.778 21.433
6.7143 5.7401 2.2455
20.511 18.156 7.2667
5.7533 5.0384 1.7493
7.1031 11.81 10.527
11.871 16.452 16.269
37.642 34.49 23.198
32.897 29.696 20.514
39.761 36.354 24.034
45.055 40.997 27.316
14.969 12.858 7.4934
44.248 40.259 27.374
44.581 40.993 27.336
41.558 37.883 25.034
40.213 36.193 23.791
3.2935 4.1819 2.5092
28.575 27.286 17.933
31.078 29.704 19.756
26.532 23.233 13.817
26.112 23.556 14.827
17.205 18.609 13.902
29.114 35.584 34.606
12.11 15.132 13.936
33.84 42.115 39.14
13.241 17.956 16.933
11.124 13.042 12.297
26.364 34.151 33.968
25.21 30.404 28.855
23.588 35.235 36.38
33.346 51.279 54.711
52.701 66.317 72.174
30.675 26.4 27.797
31.75 38.873 41.142
15.954 17.542 12.403
19.152 20.733 14.708
24.962 27.078 19.686
55.298 49.33 33.692
19.104 21.204 14.231
17.621 19.867 13.947
31.564 33.438 24.271
23.03 24.023 15.165
15.711 17.554 11.694
17.336 18.971 12.749
20.889 23.047 15.993
20.175 22.879 16.372
22.522 25.628 17.006
25.847 27.821 20.334
24.278 24.75 17.471
24.514 24.361 17.034
25.728 28.191 19.486
46.865 37.798 23.129
33.731 28.143 19.061
43.714 34.364 22.072
36.468 24.081 13.294
24.701 17.194 7.8148
23.035 19.019 10.377
27.357 21.042 10.639
15.151 10.962 4.8646
14.217 10.451 3.1452
44.244 39.202 22.207
30.058 25.617 11.888
25.915 22 9.5961
26.171 22.21 9.6956
26.675 22.564 9.9872
26.223 22.171 9.671
28.023 23.796 10.65
31.086 24.574 9.3679
35.522 31.188 15.955
30.574 28.368 15.744
24.228 22.08 10.647
55.296 50.205 33.672
49.957 44.938 28.91
58.859 53.231 37.35
58.486 52.985 36.988
30.17 25.927 13.833
53.863 48.895 34.16
50.384 45.703 28.619
60.361 53.999 37.99
32.203 28.152 14.256
57.767 52.171 35.946
60.197 54.464 37.831
59.16 53.507 37.047
50.175 45.181 30.157
20.628 14.118 3.3819
22.358 14.862 2.1056
18.967 12.707 1.6323
18.625 12.565 1.6998
21.005 13.866 1.9969
15.99 10.686 2.0966
22.748 14.316 1.5584
22.584 14.427 2.1364
22.553 14.399 2.2777
22.063 14.185 2.3712
20.877 13.721 2.0347
20.164 13.181 2.0526
13.925 9.2764 1.2727
20.172 12.995 2.3748
15.349 10.319 1.5425
15.328 10.275 1.5347
17.067 10.835 2.48
16.191 11.159 2.086
15.32 9.8735 1.6093
21.304 13.714 3.4272
21.253 14.341 2.9321
14.59 10.302 2.5943
15.606 11.168 3.1133
14.12 9.3424 2.2913
12.682 8.9588 1.957
29.206 29.404 20.041
37.399 51.847 34.273
30.227 44.845 28.087
35.661 56.222 36.292
29.311 45.187 27.736
32.394 51.689 32.89
31.526 53.335 36.033
38.489 60.365 38.415
37.265 51.828 33.442
33.41 46.569 29.454
19.616 32.079 18.289
42.086 60.513 40.683
42.272 60.114 41.219
19.794 31.93 19.691
17.828 37.47 27.676
18.41 14.447 4.3653
12.654 10.862 3.3952
13.566 10.815 3.0156
16.733 13.303 5.1394
21.295 17.648 6.6825
19.314 16.519 6.6303
19.971 15.83 5.2672
8.7659 7.1077 2.1326
16.774 13.488 4.6651
12.997 10.03 3.4701
19.696 15.074 5.3843
52.935 54.446 36.764
51.303 52.622 35.12
12.203 13.508 6.7883
21.175 21.731 16.235
49.078 49.383 34.005
44.757 45.038 30.459
46.302 46.751 31.842
35.824 34.564 20.72
39.699 39.385 25.81
62.876 62.804 45.156
55.982 55.046 39.07
68.051 67.232 48.953
65.557 64.774 47.567
82.473 83.091 61.581
79.56 101.48 86.758
36.807 50.463 40.257
35.041 46.696 37.543
3.2631 4.0247 2.1954
14.665 16.774 11.799
5.5741 7.0508 4.6707
12.909 13.58 8.6429
10.047 10.995 7.9264
8.5831 12.848 12.27
4.6124 6.9289 7.0334
3.923 6.6581 6.1703
3.7988 6.7964 5.0932
4.1092 7.0384 4.3028
14.631 17.406 13.033
16.911 21.935 17.666
4.5606 7.875 4.3145
26.557 31.368 26.923
22.064 32.713 26.887
10.562 14.295 10.628
5.8638 9.0246 5.2177
37.451 43.536 38.493
14.754 18.754 14.345
24.958 29.578 24.606
17.951 22.199 17.266
16.791 21.307 16.035
34.35 42.439 39.361
31.687 37.194 29.972
0.21302 1.9935 0.18259
15.233 19.319 14.888
19.316 23.95 18.13
15.972 20.906 16.414
25.638 31.604 27.524
27.639 33.369 27.049
9.7808 13.829 8.4305
47.127 52.966 45.23
21.018 25.491 21.009
19.528 24.28 19.884
26.765 31.462 27.675
18.875 22.692 19.263
29.615 34.812 30.641
39.752 47.948 44.418
10.773 13.215 10.586
5.3817 8.1211 5.6383
3.0911 7.5335 6.4429
18.788 21.869 17.328
15.299 18.79 16.099
9.8149 14.628 14.348
28.1 34.729 30.216
18.797 22.435 18.634
19.953 23.346 18.722
8.7231 18.711 11.794
5.0544 22.778 15.18
51.144 32.913 10.118
13.359 23.136 13.651
62.973 36.95 4.4774
52.038 23.829 1.0876
12.754 11.173 4.419
5.5242 6.2979 3.2226
7.4605 6.731 2.924
10.906 9.6515 4.8222
8.6258 7.8619 2.5531
6.9761 5.8075 1.7323
8.1622 12.718 11.94
16.039 21.031 17.669
11.082 14.187 12.076
10.093 13.333 12.361
9.8541 12.906 11.52
9.663 13.069 12.269
13.107 18.105 16.788
4.2382 9.5615 9.5654
8.1984 11.193 9.8225
14.865 20.014 18.145
4.5544 6.963 6.9842
10.155 12.709 11.45
9.9821 12.148 10.814
18.988 23.51 21.254
14.304 18.633 16.927
4.9053 6.7554 6.3419
4.6074 6.7781 5.7594
8.6687 11.099 9.7804
31.369 36.887 34.206
12.936 16.417 14.555
6.3361 7.7503 7.0677
7.3305 8.5838 7.6524
3.1547 5.1735 6.0416
3.3374 3.8432 3.7143
9.0023 10.681 11.025
5.0482 6.8801 6.6249
10.409 13.56 13.223
31.814 38.609 35.737
12.324 14.779 13.723
11.489 15.256 15.776
4.7109 6.185 5.6574
29.873 28.904 19.761
26.315 23.484 14.807
11.939 13.705 8.6305
7.9234 8.7531 4.9456
8.8073 8.72 4.5902
9.393 9.457 5.5459
14.416 13.491 7.8904
7.8857 8.4523 3.2213
26.397 20.058 8.8725
9.677 9.4807 5.0507
5.486 5.2702 2.1765
11.894 9.6393 4.8992
14.137 13.518 8.1631
15.455 14.42 9.5476
11.427 10.733 6.2283
20.133 17.631 11.852
38.778 34.089 24.097
14.369 12.44 9.1187
11.172 10.373 6.9215
10.505 9.0135 6.4046
13.39 11.803 6.3194
14.152 12.659 6.2036
12.398 11.473 7.2309
10.576 9.3488 4.8077
20.804 18.952 13.116
10.004 9.4215 5.6028
4.1667e-05 3.125e-05 0.0061081
33.147 28.113 20.138
21.93 17.415 10.539
54.18 47.289 33.9
42.286 37.123 26.46
24.814 19.039 8.9758
31.756 24.772 12.937
27.322 21.839 10.118
21.533 16.939 8.0062
44.35 34.829 17.733
19.494 15.781 7.8282
81.688 72.768 48.823
63.623 58.877 40.326
43.289 38.481 22.637
90.742 83.531 62.566
60.74 56.195 38.684
50.273 42.961 23.944
42.588 36.973 20.74
91.889 84.473 64.673
89.008 82.211 62.825
44.877 38.522 22.153
42.883 37.173 21.384
63.131 58.549 39.409
49.74 44.541 29.315
83.083 73.81 48.311
55.386 71.309 61.643
134.15 118.86 86.049
58.658 53.365 37.547
56.595 51.536 36.196
0 0 0
59.845 34.958 1.434
77.787 46.664 2.2025
55.092 32.437 1.741
51.535 30.485 1.4423
70.793 42.462 1.992
67.284 40.739 1.8099
71.528 42.717 1.9187
60.617 36.156 1.7222
67.294 40.124 1.9663
68.057 40.591 1.8435
62.344 38.042 1.8103
48.002 28.881 1.3019
48.858 29.335 1.499
75.65 45.507 2.2029
74.463 44.806 1.9608
13.182 8.0712 0.34479
4.7967 4.8086 4.18
1.288 1.2893 1.117
3.5774 3.5883 3.1411
5.8689 5.8768 5.0978
13.425 13.455 11.77
15.962 15.96 13.978
12.781 12.769 11.15
22.058 22.083 19.247
18.795 18.808 16.46
20.809 20.822 18.105
15.677 15.67 13.683
17.337 17.34 15.132
26.423 26.48 23.045
17.13 17.156 14.93
28.564 28.596 24.94
21.474 21.525 18.853
20.569 20.613 17.986
28.062 28.035 24.356
19.059 19.016 16.586
19.113 19.113 16.638
12.153 12.136 10.564
21.138 21.111 18.398
18.075 18.115 15.755
18.739 18.72 16.363
14.263 14.258 12.465
23.397 23.408 20.361
16.422 16.436 14.308
2.2899 2.307 2.0047
22.326 22.313 19.41
28.889 28.834 24.982
20.726 20.749 18.065
26.157 26.15 22.694
22.317 22.315 19.415
29.208 29.196 25.314
21.256 21.265 18.425
26.374 26.372 22.812
16.017 16.017 13.937
28.301 28.33 24.534
26.176 26.192 22.73
1.5553 1.5474 1.3796
102.77 103.03 103.26
