0 0 0
0 0 0
0 0 0
7.7897 12.486 12.882
7.9387 14.215 15.083
17.895 19.061 17.831
4.1667e-05 4.1667e-05 0
24.747 24.052 23.95
14.164 15.87 17.099
13.797 16.028 17.673
8.3905 9.9626 9.6592
35.05 34.417 32.641
37.656 38.149 35.249
21.032 32.649 31.808
12.999 25.883 31.157
23.516 41.208 43.229
25.871 31.11 33.055
28.193 32.472 31.752
39.091 46.166 47.491
38.148 44.267 45.197
45.038 62.442 63.023
34.813 36.583 34.073
30.367 32.155 30.541
2.7582 4.3606 3.8834
13.172 17.402 16.143
20.302 24.45 23.573
7.499 16.937 18.119
3.0421 6.2342 5.6815
3.8614 6.2032 5.5472
9.1224 13.181 12.727
9.0898 13.975 12.976
12.778 16.164 13.66
12.272 16.844 15.855
8.1389 12.271 11.489
7.6906 11.726 11.009
11.898 18.613 16.924
7.1813 10.543 9.9001
10.792 16.297 14.899
6.8204 10.056 9.3055
10.677 16.215 14.795
10.517 15.893 14.55
10.488 16.856 15.58
4.7476 7.6164 7.2835
14.064 18.208 16.895
11.29 14.093 11.892
12.175 13.798 11.347
5.0652 8.365 7.8625
14.411 20.638 19.159
10.778 14.858 13.857
10.945 15.084 14.099
9.676 13.729 12.801
15.099 20.731 19.313
14.833 19.811 18.375
19.629 22.278 17.839
9.9785 14.267 13.404
8.6758 11.585 10.843
8.0177 10.866 10.127
11.901 18.071 16.867
13.584 19.485 18.092
14.653 19.661 19.444
13.264 18.998 17.17
0 0 0
7.4307 9.4685 8.8482
4.8006 7.576 7.5743
6.9667 15.951 18.524
3.5791 8.8636 9.4675
32.504 30.072 26.168
13.547 13.2 10.26
31.725 30.819 21.816
46.695 49.787 43.228
50.773 52.787 48.039
17.911 17.684 15.032
38.726 36.741 31.364
32.297 31.214 24.673
32.899 32.346 29.6
26.637 24.909 22.164
40.424 37.245 31.733
26.248 25.404 22.766
42.662 39.709 33.551
26.575 26.298 23.832
24.649 23.65 19.97
26.859 25.611 23.693
23.396 22.563 20.261
31.064 31.219 25.922
30.4 26.721 21.4
33.553 30.524 26.384
30.389 29.514 27.036
36.611 33.645 28.853
27.728 26.873 23.682
30.764 28.455 24.073
31.823 28.543 23.685
38.909 35.698 29.721
29.918 27.633 24.17
39.45 36.334 30.021
10.633 13.138 11.179
9.422 13.564 13.485
11.365 14.79 15.076
15.743 20.624 20.425
8.0476 25.4 31.367
1.664 10.928 14.059
3.6273 18.692 24.09
12.808 35.936 43.76
9.8514 21.084 23.694
22.816 27.227 25.469
7.9965 8.3779 7.6873
20.146 22.074 21.941
19.624 20.042 18.27
8.374 27.891 35.387
3.2051 15.346 24.565
11.858 18.991 22.678
38.555 44.527 41.28
162.39 124.81 91.862
87.139 55.581 34.279
17.239 58.855 84.431
2.1083 10.786 14.589
17.899 16.746 10.753
6.7364 9.9397 10.353
10.913 19.894 21.538
5.5228 8.6998 8.9443
10.453 10.563 9.7159
11.124 11.069 10.436
7.6012 9.9224 10.394
22.249 24.478 22.037
21.371 23.232 21.049
21.257 22.555 20.562
19.767 21.657 19.67
7.4855 9.8667 10.307
10.523 11.371 10.792
14.066 15.357 14.507
6.0966 8.0106 8.1582
9.8016 10.962 10.681
9.2685 10.881 10.735
10.003 11.62 11.447
18.792 19.012 16.316
13.421 12.245 10.731
15.394 14.806 12.642
16.741 15.883 13.374
14.821 13.704 12.139
13.09 14.047 12.389
20.584 21.281 18.747
12.338 12.574 11.397
4.9317 6.2078 5.4399
93.848 100.41 91.068
55.881 62.009 55.276
15.483 17.665 17.874
11.557 14.523 15.152
6.5901 12.224 11.563
6.9394 8.9386 8.4862
7.3201 9.1847 8.9581
10.771 12.239 11.253
6.4574 8.2728 7.9287
6.5361 8.3407 7.9872
9.5813 11.578 10.794
7.3878 9.011 8.3949
6.8038 8.7584 8.4371
8.8732 10.437 9.992
12.072 12.315 11.113
6.9993 9.9806 9.9524
10.953 13.242 13.298
55.808 53.704 43.482
47.055 44.227 34.175
45.545 45.952 41.287
35.784 34.303 29.056
36.186 33.663 26.965
39.847 38.9 32.73
39.806 38.821 32.599
57.584 55.844 42.572
46.036 43.496 33.208
38.986 36.804 29.049
111.32 114.49 91.489
108.15 110.98 87.776
95.969 94.926 73.255
41.832 39.745 30.666
39.111 35.02 27.577
28.674 26.733 21.51
40.664 37.529 28.844
28.232 25.129 20.404
32.321 28.771 22.339
34.63 30.489 23.511
31.049 30.661 25.681
37.596 36.04 28.977
37.871 33.585 26.432
37.031 32.665 25.248
30.487 30.219 25.379
30.462 29.995 25.076
35.588 31.741 24.9
9.6475 8.357 8.3149
31.108 30.547 25.172
30.748 30.276 25.201
39.909 35.523 28.066
38.417 34.052 26.914
37.608 33.325 26.213
32.149 31.764 26.494
21.041 20.929 18.373
19.593 18.835 16.612
34.359 28.942 26.224
22.858 22.075 23.448
37.43 34.244 31.216
43.471 37.505 30.32
42.964 36.044 28.146
39.313 31.776 26.622
40.479 32.308 27.178
29.778 27.778 26.231
22.476 20.597 19.374
29.066 26.567 25.119
28.164 25.615 24.181
35.918 31.339 28.332
27.256 25.373 24.303
28.232 23.746 22.73
27 21.995 20.916
31.561 28.468 27.336
26.088 23.265 23.236
26.203 23.602 23.281
26.75 24.004 23.692
36.835 33.897 35.119
10.821 18.358 25.087
9.7478 26.136 34.978
22.878 24.164 25.409
23.414 20.988 18.653
46.999 39.322 30.752
35.802 39.085 37.186
31.553 28.309 23.443
22.634 24.102 21.975
8.462 8.3079 7.4632
9.7962 11.742 10.781
7.2351 11.948 12.68
48.755 56.132 55.073
47.148 52.513 52.26
32.997 35.714 35.939
33.441 35.942 35.869
31.86 37.106 37.523
22.68 43.184 45.379
33.823 49.041 49.055
48.142 79.274 86.954
45.926 65.809 68.623
6.4437 15.048 14.364
26.879 41.266 37.98
14.797 32.204 29.123
7.4725 30.678 29.323
12.102 29.727 27.532
24.412 41.471 38.112
24.847 39.817 38.014
12.481 29.375 26.823
34.611 40.815 33.617
31.241 36.238 30.393
31.017 35.66 28.162
13.506 15.958 14.003
0.81694 1.3869 1.2984
5.4265 7.8192 7.3792
10.925 16.619 16.926
7.3418 10.019 10.492
8.723 10.8 10.335
2.1529 3.6961 3.3798
0.00084115 0.00084115 0.0010911
15.343 18.52 20.763
13.291 16.411 16.306
13.585 19.288 20.416
4.9773 5.6986 6.2041
6.2007 8.1105 8.2355
8.8558 10.891 10.9
11.759 13.732 14.15
14.447 16.515 17.633
9.5104 10.512 11.221
9.1254 9.2851 10.221
23.955 24.621 22.579
24.387 25.279 23.131
18.999 19.913 18.021
19.861 20.871 18.897
17.053 18.319 16.047
18.757 20.532 18.503
28.539 30.134 27.988
22.152 23.398 22.373
22.033 24.64 23.495
22.742 24.343 22.52
24.075 25.342 23.684
29.867 30.727 28.416
24.095 23.959 21.619
19.601 20.571 19.698
54.344 61.267 57.613
21.315 22.154 20.127
26.004 25.361 23.11
15.096 16.215 13.942
24.957 25.964 23.052
19.03 19.948 18.664
25.568 26.672 23.865
10.795 12.609 10.614
8.2747 9.9274 9.1307
20.752 21.665 20.207
18.65 19.496 18.222
18.724 18.304 16.45
18.388 18.531 16.807
24.366 22.543 20.448
14.86 16.871 15.46
14.118 15.083 13.265
17.801 17.565 15.857
12.504 12.275 10.751
23.48 22.181 19.554
22.941 22.183 18.522
20.237 19.709 16.953
9.2208 8.4318 7.7516
13.926 12.843 11.595
21.963 20.819 17.697
14.805 13.783 12.665
23.174 22.031 18.78
43.132 45.137 41.76
63.462 66.784 58.818
66.963 70.858 62.089
10.387 17.421 16.688
16.975 23.647 22.234
24.653 30.559 28.351
12.405 18.726 17.423
69.228 73.293 64.669
59.339 64.488 58.142
39.738 57.428 50.569
29.855 39.463 33.702
33.348 50.076 44.947
34.637 52.064 46.643
51.019 75.006 67.007
12.287 12.772 10.438
13.337 13.807 11.077
16.812 17.309 14.418
19.693 20.327 17.486
34.067 39.534 33.754
23.267 24.688 20.929
14.047 14.431 11.563
17.078 16.334 12.644
17.278 17.593 13.427
17.909 18.21 14.114
7.3571 7.2895 6.0044
15.491 13.498 9.4563
14.537 16.869 12.776
14.857 17.062 12.908
14.473 16.753 12.704
18.132 14.863 9.6213
17.692 15.323 11.827
12.743 11.264 8.5067
23.362 22.481 18.446
19.702 18.185 19.102
63.68 52.866 51.163
21.361 19.884 17.447
22.239 20.097 16.075
31.864 29.433 33.918
12.918 15.214 13.666
22.1 21.833 20.481
10.664 10.895 10.255
10.226 9.5939 8.9562
21.394 20.45 18.222
32.712 29.231 22.201
32.648 29.226 22.32
32.933 32.976 30.57
30.496 29.592 26.309
20.669 21.703 19.424
19.222 16.494 13.147
16.592 13.777 10.911
11.717 13.026 12.132
11.26 13.824 14.641
7.4712 8.2033 8.153
3.7968 5.3199 5.0996
32.054 32.513 30.478
6.516 7.3847 8.1777
17.771 21.436 20.669
23.877 28.608 28.284
25.514 33.604 34.66
20.771 25.853 24.126
14.051 18.827 19.17
19.343 21.391 18.914
77.255 65.545 63.717
15.874 18.678 17.602
15.594 18.273 17.762
16.605 18.757 17.102
9.2226 7.5357 4.4151
10.708 9.8268 7.2768
21.902 21.329 16.653
18.137 17.743 13.505
18.902 19.523 16.436
14.348 15.009 12.225
15.918 17.237 13.684
16.758 17.47 14.097
17.409 15.839 9.3572
14.498 15.192 13.083
31.481 33.752 27.784
21.69 21.345 17.712
31.24 30.788 24.901
9.083 9.1185 7.1477
85.622 90.123 71.482
37.081 34.433 27.392
38.182 35.004 25.207
45.582 44.593 31.411
44.242 38.798 29.213
52.766 52.435 39.041
36.831 35.522 29.451
45.206 41.181 32.813
47.531 42.486 34.887
59.759 52.361 42.6
51.875 44.966 35.364
58.9 52.216 42.339
54.062 52.66 40.093
2.4024 5.6409 5.7881
28.125 29.246 25.066
20.171 19.306 15.755
84.081 76.993 40.899
54.312 51.736 38.106
32.072 33.077 25.946
45.071 44.373 35.299
43.75 43.475 33.908
31.811 32.153 24.326
33.131 33.141 27.357
31.603 31.333 24.747
32.012 31.851 24.572
11.424 10.721 8.3132
4.4118 5.2948 4.9082
4.3821 4.6843 4.2024
12.982 13.187 12.229
62.247 70.406 62.053
29.14 28.767 22.425
37.643 34.811 26.875
49.382 46.98 35.265
47.9 45.107 33.053
42.644 39.819 30.931
34.761 35.064 27.437
25.495 24.523 18.359
28.89 27.504 21.095
30.742 29.685 22.985
3.0356 4.5077 4.587
5.9873 8.6088 8.2431
20.52 19.343 16.843
29.092 27.07 21.601
10.584 14.268 13.736
6.9001 10.115 10.055
26.735 25.264 20.231
29.599 27.715 21.488
5.6353 8.7777 9.4902
4.8742 9.1731 9.731
5.5452 11.229 12.556
8.5227 17.649 18.71
2.0345 9.4394 10.109
5.4367 10.863 12.473
4.7864 10.469 11.807
4.5849 9.7736 10.969
5.5352 10.534 11.871
1.338 3.757 3.9491
19.089 23.273 21.905
44.979 55.427 33.192
52.057 61.119 36.844
32.19 30.266 23.549
52.58 56.393 49.162
44.856 49.467 45.876
36.338 39.118 37.256
14.533 13.996 10.983
36.567 35.917 29.623
10.454 10.782 8.8915
14.097 15.133 13.401
28.66 27.863 22.727
27.783 26.736 22.395
30.324 30.917 25.32
23.664 23.609 20.513
19.81 20.182 17.354
20.317 20.57 17.609
4.8763 5.4186 5.1759
23.904 24.247 19.894
32.808 32.337 25.766
23.181 23.774 19.382
29.475 29.566 23.247
20.898 21.826 16.495
14.092 14.889 12.135
11.517 11.607 10.611
13.058 13.108 11.845
15.835 15.838 13.214
28.287 28.563 21.312
24.297 25.715 20.314
22.962 24.996 19.956
29.482 29.991 23.314
22.242 24.579 19.786
17.266 17.978 14.534
58.383 68.304 62.77
36.997 45.132 44.816
35.449 40.974 40.218
21.705 26.127 24.811
47.611 55.802 57.53
52.424 63.381 65.387
55.239 60.868 59.61
62.936 71.365 72.185
20.69 25.384 25.623
18.149 22.438 22.815
16.673 16.963 14.602
15.6 15.839 14.001
14.531 14.211 12.563
9.1443 8.7548 8.1619
10.649 11.21 10.791
16.836 16.657 14.501
24.689 24.57 19.657
18.108 18.136 15.476
23.65 23.994 18.386
25.302 26.332 18.525
32.075 31.623 23.058
33.667 32.387 24.511
46.087 45.435 32.113
60.132 72.365 73.61
22.766 23.607 21.783
20.232 20.423 18.94
40.593 47.76 49.555
46.125 54.45 55.102
41.146 47.589 48.863
37.381 44.542 45.651
26.213 28.697 29.449
32.846 38.449 40.346
33.527 39.435 40.971
32.388 37.981 40.211
29.845 35.262 37.062
42.546 50.21 51.676
50.898 59.349 60.658
50.132 60.142 61.845
63.107 74.784 76.257
27.154 43.102 48.839
23.357 36.084 40.582
28.005 41.833 46.97
18.548 28.546 32.386
10.534 17.565 20.358
6.9549 10.243 11.613
11.383 20.229 24.406
18.282 31.428 36.969
22.302 37.954 46.655
16.27 28.568 35.456
10.423 18.561 21.643
10.647 17.481 21.112
12.323 21.205 25.958
9.8293 15.429 18.152
10.498 16.675 19.6
15.529 26.677 31.698
8.8462 13.763 16.196
14.213 24.756 29.789
14.018 25.015 29.483
13.091 22.982 27.328
16.67 25.168 27.775
10.255 16.691 19.987
10.002 14.529 15.879
9.1958 14.781 16.471
4.0254 3.8861 3.3358
10.609 8.019 5.1875
13.616 10.836 6.6217
11.25 10.068 7.9173
7.844 7.2398 5.8072
2.0162 5.7676 5.6914
9.5141 18.19 22.203
8.8132 20.336 26.598
3.7234 5.5958 4.9469
16.298 10.137 5.693
16.425 10.213 5.4005
15.574 9.9981 5.1386
7.1139 7.5292 7.7438
11.917 13.518 13.247
6.5205 7.1456 6.6376
11.236 12.524 11.304
5.948 6.9008 7.1438
62.622 70.502 62.949
10.225 14.1 12.057
7.6097 9.1729 8.5074
9.2893 10.868 10.08
35.424 49.843 56.6
30.817 45.863 53.094
38.178 51.323 56.501
29.189 40.405 43.132
41.056 54.366 60.499
30.647 39.92 43.71
30.25 39.46 43.317
30.991 40.529 44.515
24.533 33.012 36.255
24.583 33.323 36.452
22.579 30.484 32.979
47.625 61.425 66.114
27.521 36.873 40.582
38.498 51.648 56.221
34.658 45.845 51.292
30.999 41.815 45.508
6.9598 10.816 13.64
8.2872 11.54 13.746
8.2504 10.188 11.536
9.3603 12.307 14.177
4.2377 7.4027 9.7278
2.9833 14.794 20.89
4.388 9.3309 12.345
8.2063 12.827 15.964
7.0933 12.334 15.642
8.5563 15.781 20.411
7.8686 15.645 20.37
7.7457 16.375 21.246
9.0635 14.879 19.061
5.7238 11.18 14.22
11.321 19.163 24.416
13.065 21.053 26.552
7.2361 10.84 12.951
8.1496 11.739 13.667
6.3572 10.47 13.213
3.0045 4.6348 6.568
8.8129 13.906 17.864
14.899 18.369 20.834
9.0414 14.751 18.392
0.62868 1.1423 2.3993
11.028 16.462 20.396
7.3415 14.91 20.761
7.6192 15.521 21.287
7.0945 11.605 14.785
8.9923 15.56 19.378
8.3569 14.097 17.108
8.8527 14.657 18.101
8.5234 12.972 15.981
11.417 18.583 23.238
13.813 23.274 29.085
9.032 12.848 15.254
9.2856 14.5 16.351
8.3992 12.339 13.317
9.7794 14.031 16.723
9.7389 13.92 14.926
7.177 10.994 12.972
8.8768 14.77 18.946
7.4132 10.859 13.053
8.2889 10.973 13.009
12.041 17.58 20.989
9.6554 15.546 18.927
12.003 13.796 13.851
42.101 49.724 44.117
31.703 36.424 32.447
38.819 43.878 39.659
36.521 43.126 38.929
27.5 31.762 29.121
27.738 32.2 29.712
34.877 40.114 35.954
32.74 37.399 34.265
32.642 40.018 36.482
30.449 36.896 32.865
35.841 41.121 36.859
33.92 38.959 34.95
34.688 40.459 36.123
32.265 37.936 32.603
45.167 51.082 45.818
42.109 47.011 41.858
15.353 14.416 11.733
15.267 14.185 11.593
15.632 14.574 11.846
16.399 15.104 12.142
15.963 14.583 11.783
16.228 14.843 11.979
15.816 14.699 11.969
32.344 27.945 20.429
30.628 26.64 19.648
29.497 25.621 18.923
36.262 30.832 21.982
34.288 29.009 20.734
31.286 27.948 21.627
28.902 25.666 19.367
65.552 68.81 57.391
31.665 33.467 24.744
20.026 23.867 18.455
31.788 32.657 24.127
22.198 23.95 18.683
14.99 19.026 15.679
18.728 20.367 17.491
18.581 20.305 17.812
18.065 19.821 17.406
18.558 20.075 17.531
20.311 21.465 18.683
17.714 19.049 16.744
16.375 17.954 15.768
17.16 18.609 16.163
21.674 25.002 22.511
21.072 24.144 21.681
79.567 89.79 82.948
129.76 107.55 70.834
126.27 117.45 83.307
104.01 91.862 62.405
119.49 107.99 74.271
72.781 59.623 37.655
100.51 87.265 57.516
83.333 72.638 48.981
58.806 48.171 31.79
133.07 126.64 90.03
39.791 34.651 24.095
68.302 59.511 41.323
81.579 72.021 49.952
20.901 19.97 15.359
69.455 70.052 56.542
25.898 23.94 18.061
85.504 71.506 46.356
112.71 102.88 73.352
128.93 119.17 86.715
21.209 22.969 22.211
20.345 23.269 21.819
20.654 24.424 22.95
20.246 24.228 22.698
19.524 23.584 22.575
19.668 24.539 24.345
21.606 24.209 22.796
14.106 17.114 15.923
14.546 17.545 16.354
18.58 20.395 19.33
18.343 20.255 19.285
16.783 20.759 19.566
17.947 21.521 20.07
15.95 18.17 17.407
11.437 13.948 13.36
9.4646 11.429 10.99
9.215 11.085 10.63
10.861 13.203 13.381
18.171 21.089 19.393
15.405 17.913 17.287
26.799 38.322 39.714
29.116 40.062 40.561
22.102 30.511 31.74
18.302 22.979 22.53
15.408 19.737 19.254
8.1656 13.31 13.64
25.179 31.856 31.422
20.1 27.016 27.427
16.369 22.835 22.396
17.333 23.648 22.417
24.361 27.536 25.969
16.218 24.101 23.312
20.438 23.389 22.074
15.255 21.61 20.441
0.95024 2.0557 2.0482
14.712 16.195 15.367
10.953 12.479 11.529
8.7162 15.014 15.822
10.373 19.545 21.258
10.58 18.088 18.779
10.778 15.799 16.862
10.589 18.031 19.272
12.623 16.093 15.797
11.729 16.139 16.9
10.648 14.956 16.099
9.7678 15.635 17.275
10.96 16.749 18.137
3.9083 8.5899 10.438
4.6464 7.2467 9.1174
5.16 9.2712 11.568
6.0849 8.4737 10.614
8.7111 14.781 14.94
11.215 17.03 17.44
12.218 17.994 18.114
8.8847 13.501 13.904
13.125 18.297 18.883
12.97 17.884 17.988
4.9414 7.7828 8.507
11.546 18.889 20.122
6.1739 9.4387 9.3676
8.2469 14.844 15.619
5.4707 11.007 11.597
6.964 9.7023 9.3858
11.936 15.694 14.016
12.446 17.779 15.754
8.1168 14.195 15.326
5.9128 8.1718 9.6416
11.472 14.238 12.047
19.28 21.198 18.747
10.553 11.622 9.9941
14.027 16.636 14.144
2.3787 4.7546 3.6992
14.044 16.863 14.572
14.08 16.959 14.467
17.683 20.329 16.823
13.665 16.158 14.212
14.478 15.646 13.053
15.706 17.477 14.801
15.255 18.183 15.759
12.502 16.817 17.218
4.8826 11.335 12.681
15.168 21.875 22.299
12.964 19.212 19.839
11.821 17.186 17.555
8.6873 14.557 16.042
8.2065 11.852 13.006
9.2331 13.168 13.254
9.7001 13.439 13.719
9.3936 15.031 15.641
8.4665 13.764 13.788
7.467 14.024 14.638
12.796 18.096 18.182
13.358 19.099 19.107
11.008 15.839 15.681
13.789 20.129 20.633
23.696 29.728 32.365
61.281 72.721 68.154
78.973 108.92 100.59
59.078 71.47 66.907
8.0979 11.025 11.571
35.444 42.703 39.315
84.663 114.88 104.17
77.842 98.994 90.093
27.484 33.794 33.435
20.319 24.192 24.09
31.993 39.856 39.357
73.227 94.357 85.572
79.23 101.18 91.553
68.922 81.41 73.933
57.038 75.487 71.036
61.25 72.646 66.594
59.211 71.208 65.048
45.039 41.488 27.971
67.75 72.358 58.313
48.719 49.099 39.676
35.738 33.053 25.385
61.675 65.712 54.891
0 0 0
12.235 19.482 26.169
9.1328 15.575 21.578
9.195 16.746 23.638
24.695 32.544 40.994
19.852 25.316 30.173
11.457 15.398 18.172
4.9771 8.365 11.411
6.1134 12.283 15.902
0 0 0
0.48614 0.46077 0.31509
0.39829 0.36501 0.25074
0.32387 0.33323 0.22857
0.6172 0.59251 0.3951
0.60604 0.5744 0.39243
0.15271 0.14678 0.10418
0 0 0
0.3446 0.32944 0.22002
0.40986 0.38781 0.26702
0.42056 0.40273 0.28125
0.035747 0.036085 0.031278
0.3146 0.29668 0.20182
0.34357 0.32753 0.23344
0.0053164 0.0053164 0.0053164
0.69275 0.65383 0.44892
0.66297 0.63353 0.43037
0.47192 0.44649 0.29761
0.26863 0.25243 0.17412
1.9047 1.8577 1.4811
0.88086 0.80778 0.55696
5.3112 5.3464 5.2993
2.3669 2.3757 2.3651
6.6512 6.6936 6.6325
10.601 10.669 10.606
12.716 12.826 12.702
12.819 13.025 12.779
12.779 12.905 12.77
14.107 14.295 14.086
19.797 20.173 19.723
21.028 21.406 20.949
15.289 15.494 15.254
13.012 13.209 12.973
14.969 15.163 14.94
12.985 13.095 12.978
12.945 13.074 12.928
13.53 13.71 13.491
29.083 29.576 29.022
17.835 18.135 17.778
20.585 20.946 20.512
20.22 20.582 20.154
17.382 17.671 17.324
19.709 20.021 19.66
18.347 18.633 18.288
18.601 18.894 18.538
13.152 13.276 13.132
16.232 16.464 16.188
13.974 14.126 13.938
13.742 13.878 13.742
13.762 13.858 13.755
11.811 11.983 11.777
13.257 13.415 13.23
17.555 17.834 17.488
17.875 18.126 17.828
15.107 15.299 15.071
14.476 14.702 14.417
26.983 27.479 26.887
22.756 23.179 22.659
19.775 20.139 19.704
20.394 20.744 20.336
18.833 19.149 18.777
17.671 17.963 17.614
20.826 21.167 20.768
8.528 8.6101 8.5283
13.235 13.423 13.195
13.06 13.246 13.021
15.19 15.348 15.192
1 1 1
0 0 0
