0 0 0
0 0 0
0 0 0
1.5906 4.561 3.5064
6.2896 16.415 14.948
8.281 17.282 16.475
16.98 26.032 23.179
12.572 19.975 17.697
19.991 26.473 22.272
54.592 62.463 57.353
14.705 16.948 14.349
37.676 44.941 39.727
0 0 0
10.471 15.625 12.763
1.8615 4.0223 1.1766
72.995 77.744 57.909
115.8 123.12 91.644
31.929 32.907 21.733
48.245 46.615 34.317
69.27 70.623 53.835
57.179 60.774 47.955
32.066 39.696 35.556
30.291 38.072 34.182
30.882 38.668 35.284
42.085 49.32 41.67
41.673 48.654 42.651
39.519 46.389 40.552
43.232 51.343 43.604
46.829 57.133 49.993
40.842 48.124 41.4
39.505 46.269 40.288
47.877 58.664 50.497
49.538 59.918 51.431
47.387 58.137 49.608
38.763 45.267 39.411
40.644 48.048 41.454
39.702 46.9 40.309
17.153 18.805 12.975
2.0647 2.8362 1.1887
3.6668 4.5937 2.3006
4.9076 5.6975 3.0119
56.615 53.855 37.024
47.07 44.503 30.783
34.958 35.214 26.176
47.867 46.907 34.144
32.611 32.094 22.862
42.283 41.404 29.961
41.875 41.361 29.821
38.516 38.597 28.609
65.677 64.174 47.35
34.782 34.219 24.217
53.957 52.918 38.565
34.19 33.903 24.073
61.311 60.197 44.172
39.059 38.699 28.026
39.15 38.756 28.022
72.24 71.401 52.727
77.608 75.691 54.952
34.441 34.16 24.361
73.075 71.425 52.254
75.37 73.236 53.555
35.322 34.651 24.548
32.7 32.664 23.455
63.192 61.37 43.733
29.539 29.92 21.98
55.223 48.646 31.582
77.867 85.818 65.109
71.79 81.284 62.788
86.753 95.722 74.373
38.245 42.834 32.94
6.5594 9.6667 7.9208
5.1189 7.5982 6.0397
8.7808 13.108 11.391
7.9098 12.467 9.8516
5.9697 8.9035 6.5921
18.277 21.604 15.608
27.69 32.013 23.288
26.181 31.53 23.619
27.456 31.249 22.337
45.888 54.82 42.039
25.66 30.61 24.111
32.021 38.232 30.315
25.2 29.65 22.632
29.761 35.861 27.392
40.418 48.288 35.469
44.193 52.816 40.436
26.515 31.938 24.999
44.145 52.303 39.835
44.776 53.188 40.895
44.318 52.95 41.214
11.016 19.904 17.222
11.033 15.547 11.708
10.637 18.127 15.121
6.1322 10.292 7.3183
18.203 30.409 26.989
8.585 14.56 11.671
7.4581 13.026 10.522
7.2715 12.233 10.122
7.3774 12.399 10.319
8.7916 13.883 10.959
7.1108 11.758 9.2538
4.609 7.3937 5.4058
11.914 16.659 12.588
15.281 19.518 14.551
12.415 17.287 13.443
12.777 17.971 14.416
10.406 13.365 9.9258
6.4466 14.857 15.68
6.0015 14.874 16.277
7.6263 15.91 16.001
8.6178 17.241 17.11
4.1684 7.1568 5.0895
9.2262 18.534 18.846
10.713 17.202 14.8
18.762 25.282 20.74
16.255 23.03 19.658
22.225 38.626 38.141
18.432 30.911 29.086
31.988 47.32 41.431
10.744 19.528 19.632
6.1284 17.572 15.104
17.977 22.476 16.174
10.345 17.168 12.946
7.932 11.6 8.0143
22.493 29.251 20.631
25.419 51.933 42.183
9.8294 14.576 10.097
16.304 21.638 16.536
10.472 17.601 13.558
38.751 44.469 33.093
41.508 48.16 36.299
223.55 215.08 139.55
95.624 120.27 100.01
83.328 104.89 92.695
39.568 54.805 46.415
85.302 104.56 89.087
113.97 137.56 117.36
76.536 100.27 93.168
48.168 66.303 61.499
25.739 32.489 28.711
17.202 46.333 22.026
47.841 74.734 71.145
12.543 18.309 16.654
44.767 63.969 55.896
65.259 92.86 85.575
41.465 64.609 59.104
22.243 27.49 18.306
20.997 30.954 24.194
14.529 21.609 16.201
39.671 49.609 41.87
47.159 59.839 47.939
46.078 56.409 42.714
44.316 53.961 41.809
55.112 65.814 52.328
23.732 29.223 22.86
10.884 13.537 10.381
15.42 18.65 13.762
14.981 25.089 24.748
15.63 27.483 27.036
23.756 33.303 32.019
16.504 24.599 23.599
6.605 11.29 10.21
3.0877 5.4733 4.9343
34.826 39.687 30.051
20.523 25.339 19.477
16.786 19.552 14.074
12.756 12.6 7.3226
16.948 17.647 11.954
9.5028 11.124 6.1353
10.73 11.955 7.4157
10.171 13.097 8.0597
9.5064 10.212 6.0355
11.193 13.872 9.9334
11.787 14.305 10.15
13.132 15.408 10.018
13.093 15.177 9.7682
11.147 13.43 9.5413
11.792 13.976 8.8906
15.048 19.866 14.376
17.367 19.895 14.389
16.041 22.501 16.724
16.34 22.838 16.931
19.628 22.753 16.901
11.864 13.598 9.2746
10.259 12.309 8.1178
17.053 19.069 14.283
15.465 16.775 10.463
17.008 18.906 13.699
15.901 17.541 11.289
11.738 12.087 7.5151
9.8769 11.241 6.7238
8.9752 10.724 7.0226
9.9066 17.968 17.603
3.8957 9.327 8.3782
4.1412 7.675 5.2666
2.7022 5.7631 3.3127
2.9714 4.9559 2.0117
13.736 15.305 10.017
6.1585 7.9804 4.6314
7.2151 9.0819 5.2533
18.99 20.032 14.758
13.225 14.715 9.9487
13.587 14.894 10.063
15.694 16.486 11.514
15.288 16.412 11.237
14.528 15.538 11.037
14.089 15.522 10.733
14.913 16.061 10.935
13.63 15.084 10.028
17.596 18.645 12.854
17.964 23.509 20.808
9.0787 14.652 12.763
9.4199 12.286 10.103
11.266 14.39 12.345
12.355 15.6 13.57
14.763 18.392 16.267
21.857 27.462 24.027
14.824 16.666 13.686
20.914 25.876 22.309
20.793 25.755 22.177
28.842 32.701 29.301
19.433 23.268 18.852
15.76 19.082 14.888
24.117 28 24.319
23.541 26.806 24.246
22.645 26.532 24.19
26.793 30.77 27.112
23.66 27.356 25.331
184.19 179 133.93
0.51107 1.3044 0.35597
17.971 18.572 14.264
12.127 21.875 18.351
3.8739 11.762 8.9985
11.519 21.677 18.787
5.7409 10.741 8.7902
12.78 20.716 18.31
1.375 3.0664 1.9092
26.877 35.774 32.015
25.717 27.942 23.577
28.564 30.016 23.648
23.241 24.378 18.77
27.153 27.139 20.797
13.777 15.406 11.384
25.485 25.917 20.147
18.957 20.326 16.103
23.283 24.634 19.347
17.973 20.472 13.285
17.553 20.118 15.071
17.221 19.258 14.495
21.295 24.224 18.231
21.899 25.366 19.604
14.621 17.116 13.187
12.154 16.647 14.253
14.747 20.846 18.103
13.582 17.152 13.84
27.672 30.88 23.539
21.492 23.112 15.99
14.794 18.819 15.092
20.517 22.251 16.794
23.328 26.211 19.137
17.095 21.664 17.204
36.005 34.962 26.854
78.316 70.891 54.649
3.3526 5.3017 1.7765
16.25 22.335 19.679
16.257 22.485 20.585
17.558 29.059 29.037
17.304 33.883 36.956
8.612 11.745 8.0139
7.5114 9.6958 6.0388
10.243 15.33 12.797
11.829 17.005 13.644
13.049 18.5 15.597
14.653 19.787 15.998
15.605 20.835 17.413
17.305 23.48 20.831
12.071 17.969 14.808
5.4749 9.1513 6.7953
2.3962 5.7057 2.7287
1.3921 4.436 2.0422
2.1289 6.3733 3.5836
1.5928 4.1643 2.3754
3.1549 7.1422 5.3346
2.5657 6.3731 4.7169
11.935 26.899 25.077
5.5777 10.339 7.9343
7.895 12.202 9.8493
6.2541 10.12 7.8386
7.7291 12.384 10.001
10.022 14.591 11.402
23.843 31.062 27.534
16.048 21.703 18.785
13.629 19.727 17.408
10.475 14.994 13.067
12.274 17.945 15.077
11.737 16.46 13.133
19.001 25.765 22.016
11.67 16.364 14.099
19.334 32.49 34.705
3.9755 7.4624 4.7781
10.704 17.678 17.724
4.4376 7.0594 3.7524
5.2101 9.7967 6.5471
11.441 12.667 8.9989
5.7638 9.48 5.5996
7.0971 14.276 11.268
10.243 17.222 13.923
7.0363 11.632 9.4333
7.7865 11.741 8.2193
11.103 17.568 15.523
9.592 15.598 15.583
7.7141 12.992 12.409
5.0942 8.448 7.9937
8.116 12.994 12.131
28.134 45.186 42.223
49.389 78.462 71.554
5.3416 10.012 8.8957
4.258 8.0938 6.9009
5.2877 8.6656 7.2976
4.9811 29.523 33.432
26.931 36.632 31.713
52.087 63.469 59.157
3.9341 12.465 9.398
20.517 25.583 20.015
5.2418 7.8329 5.4629
7.8101 12.366 8.4287
3.9098 7.0119 5.2909
5.0697 8.9378 6.388
6.8096 10.185 7.4131
12.957 19.512 17.231
6.1848 10.734 8.266
2.8482 4.9674 2.6418
4.048 6.1483 3.6502
3.7911 5.3833 3.5846
3.2685 6.5871 4.4846
112.8 95.204 66.497
4.6475 8.1534 6.3999
19.039 25.384 20.523
16.439 20.631 15.393
14.954 20.061 15.261
20.149 25.856 20.038
13.611 23.044 17.522
27.625 37.022 28.908
64.347 76.759 65.061
28.899 44.695 32.257
28.016 28.406 13.916
27.276 37.4 26.278
2.4723 3.4699 2.5511
14.274 18.9 15.464
2.489 3.1881 2.4476
13.393 19.069 17.18
7.3157 9.8671 7.9029
7.7446 10.729 7.4621
7.3597 10.442 7.2935
11.918 15.825 12.794
5.359 6.9246 4.8679
7.4852 9.862 7.5893
7.7847 11.195 8.9214
4.6757 7.1347 5.2498
7.4705 10.622 7.8482
6.3376 8.9953 6.6754
16.454 20.593 16.495
6.6494 10.77 7.7095
7.3197 10.971 8.5302
10.658 13.888 11.249
15.927 16.156 12.658
8.6154 10.757 7.2295
35.377 26.136 7.6733
17.327 14.188 5.9361
146.54 104.61 31.516
43.506 34.586 12.312
28.227 19.196 6.0249
20.659 13.195 4.2916
56.858 43.964 18.206
23.91 19.371 8.1652
9.6236 8.6223 2.844
28.718 22.772 9.9316
72.049 53.327 17.022
22.292 17.925 7.7355
29.056 25.225 12.046
27.704 22.742 10.086
3.5098 11.31 8.4684
3.5573 11.098 9.1123
1.928 7.9054 5.7395
2.9228 8.5278 5.9908
50.59 41.07 18.746
31.123 22.96 9.4681
38.012 28.623 9.3404
46.191 36.6 12.677
19.124 24.946 15.019
28.959 20.415 8.2609
16.785 24.66 17.487
10.67 14.841 9.8207
23.39 24.074 14.87
11.039 17.182 12
29.388 23.415 10.751
6.9119 8.9623 6.3659
25.745 23.749 16.343
13.733 16.527 11.385
13.485 13.696 9.4757
16.292 24.161 23.302
22.772 26.046 20.832
21.57 23.564 16.147
18.395 22.82 17.585
2.7048 18.879 17.788
18.831 23.318 17.784
3.0137 5.0275 1.9292
10.776 14.654 9.8226
8.447 11.613 5.9181
22.465 26.224 18.052
11.738 16.235 11.012
9.8764 18.604 13.888
11.017 12.324 6.5408
5.1668 8.1296 4.9597
11.881 16.494 11.537
6.9329 12.054 8.8674
12.544 19.033 14.506
7.4443 13.128 9.6375
10.15 15.837 11.349
9.6206 10.75 5.9211
5.2601 6.28 2.5613
14.499 16.058 9.848
11.909 14.334 9.6644
16.194 17.932 12.171
26.609 27.673 19.262
11.485 13.707 8.8891
12.152 15.006 10.212
23.208 24.045 16.993
13.251 14.915 9.9133
13.676 15.306 9.9529
10.396 13.68 9.077
5.8009 9.5568 6.4058
15.264 25.183 19.349
53.012 123.42 105.65
20.087 23.337 16.056
8.3858 12.813 8.5157
9.5731 13.085 7.9301
9.7054 12.406 8.003
5.3241 9.7053 6.7401
7.9341 11.776 8.1752
3.2299 5.3958 2.4924
8.1521 10.519 5.8944
16.562 16.939 9.9833
16.82 18.575 11.935
10.453 11.251 6.7401
9.0161 9.3543 5.5046
9.4305 11.728 8.084
7.8375 9.8881 6.7257
8.384 9.0481 5.0685
18.318 19.852 13.487
15.443 16.535 11.294
6.3384 8.0318 6.4314
4.8442 6.994 4.2687
4.0076 5.9616 3.1095
6.4358 8.2837 5.4291
7.1977 9.1411 6.8031
8.0846 11.29 7.7949
8.0302 63.98 61.422
68.805 67.39 50.671
34.014 38.382 28.014
68.749 79.597 70.56
77.838 88.006 79.029
38.542 42.544 34.533
71.801 79.379 67.735
36.126 42.939 37.573
37.803 42.041 34.73
27.332 26.271 18.255
23.906 28.385 23.986
92.37 150 139.11
1.5851 6.9629 7.2338
2.4566 12.505 11.415
32.246 31.332 21.315
37.872 43.01 28.191
37.813 44.397 34.749
42.414 53.997 42.809
28.308 34.363 26.78
10.227 11.548 8.5619
20.323 56.273 56.176
6.3909 7.6489 4.3547
8.6203 10.427 6.3644
24.003 26.556 21.678
10.049 12.803 9.5882
8.6654 12.993 11.536
18.27 21.122 16.488
9.6225 12.637 11.612
3.5209 5.3074 3.1011
87.84 125.4 114.57
18.99 22.409 15.59
19.375 22.908 17.703
8.4815 12.88 9.9199
22.407 22.949 16.368
9.1836 12.886 11.138
7.6555 14.445 13.617
22.043 29.873 25.51
9.2953 13.198 11.021
23.16 24.053 16.475
8.9497 17.142 17.008
22.336 25.155 19.937
17.969 24.525 21.184
3.0895 7.1037 7.0953
23.512 25.07 17.727
2.0706 26.014 25.552
11.119 15.895 10.791
9.9291 13.009 8.7947
13.275 17.152 13.319
16.471 20.206 17.105
17.041 20.238 16.372
11.445 15.127 11.729
16.239 19.664 15.702
14.969 18.285 14.662
17.09 19.641 15.963
17.203 19.691 16.214
15.572 19.319 15.855
13.946 14.25 11.59
16.252 19.572 16.258
8.4612 10.743 7.6742
7.2902 9.798 6.5913
2.1636 3.4577 2.1699
5.6621 10.061 6.5783
5.9234 8.5366 5.5191
5.8371 10.003 6.4932
6.1947 10.685 7.0732
6.5951 11.037 7.5358
5.6177 9.5429 6.1538
10.483 14.129 9.7807
6.4717 10.802 7.2531
4.2994 8.2534 4.5482
3.0712 5.6159 3.4312
5.5401 9.5247 6.2008
4.477 8.0774 5.1375
4.4977 9.174 6.4445
4.0778 6.7623 3.9675
4.9678 9.1339 5.7294
3.7953 7.2108 4.4113
4.7997 9.0518 6.0521
4.5606 8.6999 5.7106
4.2279 8.441 5.3672
5.1423 9.22 6.137
5.384 8.3437 5.3952
4.162 11.515 8.6255
3.6145 10.166 7.2785
2.7819 9.7207 7.2495
2.4123 8.0157 5.5487
2.5727 8.7345 6.0173
5.2879 13.681 10.237
4.4131 11.113 7.9725
4.474 11.316 8.5766
6.35 13.468 10.501
6.3357 13.242 10.317
3.5802 9.1049 6.8729
5.9376 15.02 11.617
160.32 215.79 176.26
119.82 144.6 117.64
202.11 227.13 188.9
186.3 213.93 178.5
195.25 220.71 183.91
167.3 188.14 151.37
182.49 207.16 173.08
182.7 208.2 171.94
174.25 197.36 165.65
187.13 214.47 178.67
185.56 212.55 177.64
188.7 215.97 179.37
190.47 217.86 181
182.44 208.93 175.29
194.02 218.86 182.87
129.93 143 116.87
127.43 142.58 117.25
123.96 137.69 113.14
172.21 192.75 159.2
195.48 219.53 183.1
186.32 212.96 178.83
180.45 207.32 172.6
181.62 207.1 173.58
177.28 200.74 167.46
177.44 198.49 164.17
169.97 193.22 161.11
181.08 208.06 174.25
181.97 206.7 171.72
183.38 213.02 179.08
185.13 213.18 179.42
185.24 213.64 179.76
201.99 227.15 188.77
4.2603 7.4285 5.3329
4.9809 13.043 9.7256
4.1532 10.075 7.1402
3.6015 11.455 8.5927
4.5436 6.6375 4.768
3.7304 8.9069 6.1811
4.2311 10.458 7.8192
15.982 25.324 23.822
20.305 32.238 30.514
51.013 77.771 71.528
16.124 25.448 23.504
56.407 81.813 72.306
31.905 55.622 52.177
31.436 49.901 46.711
14.584 23.034 20.337
17.469 29.395 28.16
13.271 22.047 20.843
22.428 36.873 34.545
21.294 33.812 31.777
14.88 27.817 26.855
20.256 35.468 33.937
17.116 27.058 25.723
14.269 22.559 21.262
12.404 19.138 17.671
13.292 20.868 19.567
14.24 28.349 27.425
26.936 38.767 35.925
23.695 36.989 35.171
18.139 32.111 30.52
23.735 38.067 36.171
17.014 26.047 24.85
17.33 26.53 25.623
26.01 40.334 38.2
24.26 38.023 36.31
16.356 25.444 24.347
24.741 37.724 35.929
31.338 49.595 46.264
18.308 28.344 27.301
23.815 38.156 35.534
22.08 37.204 35.877
20.925 33.008 31
18.724 27.618 23.981
24.813 32.374 31.628
33.553 43.73 37.268
8.8989 9.3112 7.6117
21.579 27.62 24.831
15.881 31.317 22.953
84.08 79.11 68.306
29.761 41.094 36.435
147.45 180.65 141.06
14.679 20.248 16.899
20.029 26.77 23.918
31.736 43.611 38.376
30.834 38.285 33.536
16.476 20.692 17.467
15.743 20.951 18.184
23.748 29.762 27.105
21.854 28.718 24.28
22.94 26.777 22.305
30.862 40.547 33.085
10.259 13.312 10.341
7.4933 11.189 8.206
29.933 39.121 37.109
32.378 43.602 42.768
85.755 107.2 90.486
40.351 54.326 50.467
8.4701 13.133 11.955
42.32 51.465 47.848
39.463 53.098 50.008
50.372 69.431 58.742
28.332 36.76 33.618
16.97 24.24 22.999
19.323 28.976 25.064
20.474 31.051 30.462
41.734 57.314 54.882
157.55 129.52 105.61
42.551 58.016 55.571
31.812 40.712 37.757
44.014 57.1 55.417
24.129 35.263 34.049
30.848 38.658 35.624
60.294 70.269 60.519
33.26 35.456 28.595
21.136 24.333 18.631
44.4 49.696 38.371
45.818 49.181 36.963
46.103 49.026 35.036
40.549 44.526 31.452
32.467 35.921 25.299
48.061 53.431 41.281
84.408 91.783 71.69
76.647 82.592 64.121
73.933 79.886 61.453
63.81 74.212 58.349
64.308 74.979 58.917
68.741 78.846 61.505
66.855 73.689 61.038
63.158 72.406 57.441
68.707 79.536 62.904
76.815 83.094 65.085
92.475 93.481 70.214
79.573 85.61 65.22
61.33 64.862 50.365
60.42 63.187 49.679
88.314 94.006 71.456
0 0 0
0.013258 0.017944 0.011648
80.488 95.06 88.339
12.822 23.52 23.219
37.84 46.942 37.896
65.108 82.209 69.897
22.387 29.564 26.925
54.928 68.42 56.78
35.385 39.454 33.789
36.947 44.004 37.691
40.546 46.352 39.534
40.327 46.678 40.396
55.367 65.837 56.746
36.495 41.982 34.664
26.047 29.761 25.239
37.015 43.913 37.526
26.592 29.84 26.677
17.669 23.785 21.31
41.955 51.141 41.498
36.115 46.32 40.611
36.462 35.169 28.538
53.531 62.275 55.141
56.622 64.319 55.437
0 0 0
0.66822 0.54568 0.39687
1.8175 1.4696 1.0462
0.93188 0.7397 0.52732
0.97958 0.78866 0.5747
1.2406 1.0203 0.73248
0.92697 0.74543 0.52761
0.99425 0.79454 0.55643
0.62119 0.48526 0.33497
0.4993 0.38951 0.26936
0.62521 0.48712 0.33687
0.63101 0.4957 0.34345
0.41699 0.32355 0.22357
0.46604 0.36803 0.25053
0.47426 0.37502 0.25866
0.97537 0.75864 0.51243
0.85593 0.66401 0.45829
0.83541 0.65969 0.45861
0.73469 0.57277 0.39019
1.1827 0.9252 0.64563
0.50855 0.39964 0.27627
1.2645 1.3483 1.1508
6.8123 7.2778 6.1946
6.8633 7.3156 6.2323
12.454 13.296 11.345
15.824 17.01 14.343
16.107 17.305 14.608
15.738 16.872 14.291
14.824 15.896 13.424
28.981 31.235 26.156
22.848 24.61 20.717
17.861 19.085 16.193
15.155 16.282 13.72
17.708 19.05 16.04
15.657 16.678 14.214
14.726 15.782 13.333
20.273 21.73 18.396
35.617 38.044 32.354
24.486 26.315 22.175
25.691 27.641 23.288
22.249 23.908 20.17
27.38 29.483 24.756
24.97 26.862 22.606
23.67 25.418 21.457
22.452 24.08 20.326
15.935 17.061 14.478
19.329 20.711 17.548
15.983 17.096 14.505
18.696 20.092 16.954
15.907 17.094 14.438
16.427 17.612 14.903
16.133 17.191 14.672
15.159 16.233 13.778
23.47 25.203 21.285
16.595 17.764 15.057
15.162 16.272 13.786
23.315 25.134 21.087
30.359 32.824 27.463
30.738 33.291 27.805
24.191 26.041 21.885
24.479 26.349 22.214
30.964 33.392 27.989
34.667 37.446 31.333
27.351 29.483 24.786
23.272 25.072 21.09
26.062 28.136 23.638
25.058 27.04 22.663
18.47 19.891 16.742
11.691 12.503 10.64
5.0059 5.3127 4.561
15.857 17.002 14.387
16.361 17.559 14.828
20.664 22.101 18.747
0 0 0
0 0 0
