3.402696E-4 3.402696E-4 3.402696E-4
2.0939668E-4 2.0939668E-4 2.0939668E-4
125.53289 115.06811 109.09601
42.729042 36.28923 36.170998
52.571156 64.85659 131.43745
2.0939668E-4 2.0939668E-4 2.0939668E-4
11.849496 8.977201 7.1630416
2.0939668E-4 2.0939668E-4 2.0939668E-4
28.869415 51.21492 71.08609
15.565135 32.9142 48.176052
66.39618 125.16092 183.91087
2.7919383 17.011753 26.792723
9.224839 14.554325 17.965136
58.535637 91.88831 119.23612
20.76757 39.501507 57.296925
13.5516815 24.700275 33.958355
14.386075 26.838818 37.789764
18.076351 34.62861 52.163616
14.966287 33.787933 50.67727
8.350714 19.565502 26.660751
7.642246 16.454443 24.004972
14.622641 25.431725 36.28355
25.971497 46.26253 64.01105
16.113571 22.812119 28.713911
10.450988 21.13603 29.35053
21.45892 39.022537 52.569115
30.238136 50.131107 64.92692
17.971704 27.416935 35.700825
7.591415 12.178589 17.336185
14.517576 20.986834 27.362309
28.040388 49.223034 70.85222
18.428766 30.98728 43.284073
31.93794 47.76702 60.28046
45.058002 63.868996 79.55325
21.248528 35.5605 50.036358
22.481377 35.158512 46.80856
34.94904 56.486664 75.75469
80.23256 120.42686 156.45465
84.39799 115.55071 137.81319
53.663944 86.153305 103.13783
27.219238 29.418688 28.43722
9.931239 10.860804 6.2063866
9.6316185 14.751289 17.289438
10.894516 24.262663 37.729774
22.438425 39.844364 55.29695
54.94404 92.94943 126.95569
106.28947 137.68648 159.90541
146.9989 170.70203 183.13493
118.055336 138.72186 159.88013
63.03903 83.482346 96.70818
67.09376 95.221466 113.943016
8.424761 13.8493395 19.148462
11.465122 34.687214 55.30331
123.2005 172.64314 202.87637
18.394844 34.81586 44.084045
57.95396 75.462456 90.07159
24.398796 38.190105 49.514957
33.815887 65.41782 99.14359
27.068237 42.856827 55.523857
68.99715 109.41105 147.28886
19.05638 38.983772 59.90221
11.621725 25.796413 40.63502
24.955633 47.531292 67.93464
14.832718 26.383772 36.007328
12.727549 21.341211 25.44735
6.3836145 13.110614 18.215967
13.380212 20.25091 25.365108
4.191755 7.5799503 12.734145
9.005628 18.265778 26.839994
29.49326 46.292343 57.30792
42.296978 60.330925 78.07431
8.242822 19.340164 26.360031
29.707159 48.357517 61.970345
41.703705 61.831383 78.19694
14.568355 25.895824 36.626358
15.043817 21.049522 24.46685
14.092292 17.4134 21.201519
11.933176 22.150059 28.096506
11.233922 18.297789 19.475042
16.014055 24.33883 27.64837
40.189426 42.610966 45.96922
42.653736 46.639786 50.00463
56.65497 60.016594 67.46112
64.628006 18.553907 19.135794
108.48844 40.658108 22.058186
30.271378 1.3800026 1.0041094
87.41437 28.245335 19.680252
56.815575 16.741186 16.269442
51.70687 7.5318937 4.914278
65.46683 7.541107 4.0333204
24.996336 59.069675 80.35642
27.469416 67.004265 99.51878
23.372412 52.430885 72.70928
18.151655 37.498676 47.600445
58.74485 113.77762 153.32779
24.230965 56.479465 75.3036
16.167334 66.19183 88.43602
14.936134 42.14663 57.351524
25.968199 73.405495 101.48986
35.711372 69.903755 87.02618
26.173302 53.996834 65.991234
28.069939 50.53006 65.03942
34.66999 78.28837 103.986626
40.489254 93.93595 122.71397
50.057426 55.984478 69.09551
43.573563 68.56487 82.46714
100.08703 122.62228 128.68266
55.160946 79.69703 96.72147
59.91729 61.875854 58.47596
78.80401 88.195946 90.3638
103.83387 115.05177 113.51611
105.34336 116.208664 118.55022
25.171522 33.93781 40.906322
58.12483 84.02625 108.38121
61.944878 53.505875 49.6535
53.52645 70.23246 90.02733
84.30933 80.054184 87.356285
113.86078 147.04437 166.17929
71.22233 92.20958 108.46808
45.16817 69.68326 81.310455
83.01374 110.302475 126.154015
97.010574 127.7794 151.81578
55.917366 70.83633 98.72433
103.66434 81.47198 51.7209
98.544876 87.30077 71.1398
29.442219 47.275017 68.517365
50.995342 52.751053 63.39673
38.529484 27.385317 23.880749
42.718124 25.58822 16.71221
31.831253 19.273838 14.756472
39.47279 27.325245 22.160948
45.094227 31.616648 25.841774
43.138046 29.417223 24.91255
33.092186 27.424263 29.416962
35.999268 37.15982 45.048893
38.19924 36.2162 39.194084
49.03484 54.85651 66.01924
62.04688 44.101715 34.177593
19.975475 28.839655 32.969246
33.120613 36.588272 41.486534
75.51888 76.99288 82.05682
38.302868 49.52281 60.20403
46.481064 57.848972 65.480095
33.00437 45.669388 56.3688
38.071274 48.910877 58.836487
31.063028 46.975815 58.494675
39.955738 64.55851 81.51271
21.676247 32.77231 42.589817
25.170475 33.143173 39.482265
39.39364 47.99068 60.302315
61.328045 60.98063 75.15647
57.069546 61.677868 68.27434
37.56749 32.778038 31.155006
57.30449 60.91391 67.99382
52.29559 57.000446 64.9047
38.027798 40.495483 47.036304
27.094961 26.541159 35.565346
34.02424 39.788353 50.793667
47.41696 34.585106 45.917183
57.106846 36.65329 50.16762
46.52789 29.852036 18.880068
43.31726 26.03641 17.326763
109.3035 84.32059 66.18144
75.49106 101.50038 105.05884
75.43363 101.453766 104.99568
79.357254 100.28478 101.11912
33.873264 24.971182 10.701217
58.455387 39.5961 25.729486
42.067295 24.391546 11.6825285
41.13943 43.850124 48.4084
60.42044 38.253212 28.487606
36.863945 36.747414 51.601833
68.5015 46.443085 33.510353
70.457794 58.151787 51.159454
57.934277 49.68295 39.097813
71.93315 56.18715 43.02722
128.05496 116.979195 111.46041
87.39516 57.13171 42.11904
55.20589 35.19453 23.935453
60.637665 34.489803 19.56477
41.994686 25.66431 13.795393
61.779663 49.21654 37.42246
55.137024 38.97833 25.919722
46.30611 31.947546 22.699175
90.92904 61.112053 35.88729
66.91297 45.524147 30.45125
110.28407 82.867584 60.669704
29.385237 16.5142 7.017249
64.81861 43.55456 28.99228
48.89232 31.590786 17.59513
96.32388 63.05319 31.01293
53.91153 36.756706 21.745478
61.117 46.992306 34.72488
43.894882 25.686167 12.1771755
72.33354 52.192593 34.757046
85.8479 52.80259 23.298573
79.4534 48.430965 21.396729
35.135166 23.075697 12.262113
30.995838 18.699987 6.536474
52.918808 39.73854 14.240283
41.967884 27.052952 11.137914
57.297684 34.56626 10.6492605
33.633083 25.3404 12.597644
37.213165 29.011124 20.718597
88.7571 73.44094 34.65036
18.847061 13.247848 6.344562
58.86821 41.516685 22.287056
35.070644 22.811071 8.932391
58.151184 35.901558 13.393587
38.530872 24.829786 10.986179
51.66842 34.59021 21.31954
58.873997 35.92904 17.977543
63.126896 42.059338 23.656773
91.09297 73.6746 40.163383
57.352413 37.468918 17.750086
1.6804868 1.1132051 0.3599267
85.68774 54.2028 31.655935
62.399868 37.63492 19.090382
42.643528 33.65575 10.857767
79.674835 43.47143 18.002539
39.02518 47.402355 54.005733
62.22942 82.883995 86.88504
11.322079 22.991755 41.041565
16.199425 34.398666 57.84384
15.032535 25.795837 38.358513
40.17914 58.22191 68.38291
23.414055 24.272268 37.10682
17.128466 15.584845 28.629656
22.182306 29.596415 42.998955
23.947546 32.67083 56.13587
102.94705 80.55498 72.651855
41.345818 37.62819 47.479755
66.961815 44.19453 28.262112
79.49808 55.31132 35.508125
29.545296 25.594582 32.49606
24.269075 30.972883 45.67266
12.1549015 27.338255 43.360947
22.69703 38.410393 54.22285
25.470383 50.999947 67.687996
27.889595 45.220627 55.673866
25.534485 42.28452 52.132915
20.141762 38.24989 46.264336
35.067947 62.248737 61.312683
30.440598 50.107735 60.32747
29.131292 46.92705 58.917576
8.800183 19.539274 25.498678
55.997986 38.388012 31.66575
49.858658 37.58885 34.715534
51.32946 29.610313 22.721476
56.369114 35.259495 20.188509
64.72595 40.31967 15.23353
40.60144 25.296585 13.110431
57.12475 44.627064 25.09653
50.227406 32.939224 18.084177
36.001335 28.537024 24.737312
64.319435 56.150715 49.72404
41.71153 39.360477 30.077477
42.13527 32.809082 21.082554
27.053186 21.671299 14.424552
50.933125 44.9554 32.330822
45.12407 36.819004 27.479204
55.2741 47.470016 38.53841
28.01356 21.521162 10.624342
35.163094 25.028557 14.657793
61.653057 40.933674 19.55846
57.776417 41.782124 23.014109
56.347992 40.099255 27.417799
75.968376 59.41382 34.258286
51.893547 35.530037 18.488392
55.08054 44.09855 31.600916
90.84649 73.95979 52.542286
35.584976 24.69949 15.340977
47.878967 34.347233 21.70271
39.114803 32.57584 25.159273
62.902996 51.948803 41.414135
53.27659 35.248608 22.483576
33.69017 26.394817 23.02633
34.16927 32.608925 28.675566
36.98618 36.670647 26.975056
121.80639 103.680275 72.68836
124.227875 109.77081 80.644
97.41652 86.738884 67.24999
23.889988 18.952389 11.941735
53.720245 41.142048 28.28792
32.258396 29.367334 19.34273
36.976284 28.496428 17.56778
41.896008 32.155163 21.081875
58.511215 32.37338 20.524853
62.885723 36.3844 22.60034
57.15409 33.32281 20.103468
54.751446 26.237717 22.577961
63.73383 44.241776 35.24808
43.430363 25.398743 14.702892
41.748043 28.126554 15.234158
65.50852 44.37846 32.05567
23.704174 15.408454 9.779113
60.2117 37.68318 24.535952
51.243004 29.056433 10.472529
51.248398 30.503521 16.191807
48.382828 29.163774 15.588143
46.89886 26.7638 12.187881
32.93315 23.505169 13.740976
43.758198 24.72802 9.679728
39.687344 24.927052 12.444837
58.257713 57.054077 65.33003
53.33357 42.528126 44.376575
63.59076 51.816227 54.681087
90.10755 58.456535 66.71648
82.786285 61.049442 68.23141
92.683075 90.10043 81.02528
56.45698 49.873814 56.522312
55.603874 49.231358 55.879047
63.63929 72.08913 80.107895
39.50967 43.811752 64.418686
105.35564 83.463394 39.545845
64.75715 63.439262 61.266537
50.89653 33.826305 26.879545
9.970004 6.6209397 2.1209004
43.380264 18.995995 8.704541
23.588902 9.655909 3.690721
33.45871 14.791336 4.626358
212.14368 211.05232 215.44894
95.870094 90.7338 90.90975
75.61487 113.767334 122.27012
73.76014 185.40068 208.36838
193.80627 176.7516 150.10234
80.4324 55.50975 29.83612
55.38618 35.375134 7.87253
65.46952 53.80429 45.114384
48.185787 49.924095 51.593193
45.60005 41.309673 39.307262
61.53014 61.66002 58.705563
66.271034 66.58081 71.49753
46.4819 30.377123 20.672844
40.37846 22.634655 14.255673
42.349064 32.038082 25.32289
47.363068 46.126396 38.35082
48.47329 31.175735 22.082973
51.695354 34.256485 23.273655
45.38118 31.018766 21.75032
60.460438 79.33438 81.75925
33.37105 50.55176 42.472164
12.193509 21.067163 22.137627
49.98453 95.159744 58.25507
49.41665 86.41586 57.25507
38.635807 65.377304 44.607197
48.526344 87.09363 56.27282
50.125324 82.6506 54.871746
57.033607 103.59709 63.779346
52.61131 92.26185 55.95621
26.276403 42.943645 57.638058
26.300615 43.02523 57.73794
14.452454 34.825573 52.717865
8.491454 19.224264 34.25117
5.625599 16.934877 27.200863
48.91237 29.320402 14.475566
5.9103 24.083496 48.276928
30.17982 16.399502 11.5251665
8.16736 25.201597 39.959457
14.38262 17.105877 18.273445
3.2546003 17.236042 1.3487763
15.569507 31.68156 47.506817
15.912656 56.097004 86.39243
8.613951 44.898678 3.5948174
2.4313571 26.983274 0.92642325
7.526737 35.883236 3.862505
13.721921 49.209816 9.420443
26.33268 33.249916 24.688496
5.375972 10.569349 16.569403
18.117052 28.328255 35.807774
1.6496009 10.119722 24.86096
5.0738645 12.319696 24.517366
2.0356236 20.459337 43.12331
7.9783535 21.648031 2.0195
4.6 31.295538 3.0932338
8.224552 29.498522 5.0525064
1.6360686 16.763905 1.2490512
2.0336344 22.673864 1.2861668
1.6051041 39.124146 0.79267114
4.5092263 47.422432 1.1402173
3.6508048 33.858658 1.3541683
11.699673 26.290014 33.81788
21.847637 49.573303 72.47808
7.7910485 19.597015 32.243763
5.528936 24.194084 38.409527
6.5378356 13.322837 18.641539
7.8900666 22.89682 38.22992
27.241173 15.724983 9.304567
35.892868 18.94129 11.160633
22.033478 7.134459 3.2173276
19.161053 21.75723 18.231907
52.04688 90.20058 98.68507
48.328674 95.03188 82.93846
75.924484 60.750057 61.57338
47.7721 74.7949 69.41497
53.850647 82.49708 81.27798
34.910534 56.019 51.755527
49.01458 72.840836 64.79382
32.335243 67.43979 67.260254
20.694778 43.125244 35.440178
45.727863 65.981155 61.82929
44.649628 64.551056 55.76532
28.25274 24.657951 19.845806
109.56464 135.02678 134.11957
119.37293 136.98225 135.38922
58.231644 77.68823 66.05106
50.53624 73.25881 56.55126
16.278576 36.386757 22.857533
54.357494 73.395836 60.34608
2.4511974 12.337469 11.669572
67.32066 96.314644 76.1197
61.028767 83.95333 71.24494
64.37029 99.16165 82.76066
60.806988 70.57071 5.8919253
16.1404 51.931763 71.86842
11.303128 25.846485 23.559456
9.099673 26.62989 36.121082
19.787436 54.905666 85.6011
2.7258735 11.8422985 20.23675
2.303311 6.065384 10.991859
6.5079966 14.505929 18.776417
13.222641 39.934353 53.732548
7.7765737 20.145609 30.324015
11.041827 22.26596 29.5599
6.6490774 21.895695 29.946133
59.83078 79.78508 87.095146
29.32556 40.63492 49.437115
47.200287 58.273186 67.2355
84.67358 101.556076 114.09826
100.555084 112.67405 122.47188
120.90705 135.45439 143.56866
36.577698 73.353806 140.0786
34.00408 45.38623 51.411594
37.95846 59.32742 63.220886
53.86918 83.57524 89.83607
58.10305 69.8361 80.94464
53.770763 62.462532 71.4179
55.19047 56.82251 65.64714
52.544693 60.360737 73.207146
34.42743 51.565212 63.80725
56.229027 73.77304 75.58401
52.037533 63.093235 62.711452
39.516083 56.212746 64.5695
29.88266 40.328335 40.496586
43.32658 55.357937 56.559456
55.1995 77.86617 99.28525
82.484726 92.37401 94.37895
66.580345 72.05329 77.021385
71.82591 72.21115 76.31554
36.32734 44.68143 42.128387
49.680435 44.328518 41.544666
36.757572 54.60225 64.12535
62.10556 53.77516 53.257793
32.112236 36.128597 32.302265
18.192305 19.455463 20.164297
23.905117 29.579794 32.300903
30.990551 28.093338 28.439995
26.85413 21.005 22.053553
53.550686 42.866642 44.60471
51.48347 84.9454 91.36686
32.204502 43.878918 37.88706
77.113045 107.150894 117.90512
35.36477 56.268394 61.08088
43.891376 63.303127 68.58514
44.17097 59.237614 65.22526
60.976284 78.511375 68.9677
54.968014 70.778854 79.21348
56.690643 70.06544 75.0272
83.282005 93.04879 109.89894
31.590158 42.594345 52.946342
56.897213 47.01599 31.582018
38.47651 32.923336 18.8256
37.25452 29.973328 8.241042
20.713127 6.311713 2.3135192
28.172647 21.609291 12.678341
33.69941 27.733648 18.366575
36.980553 30.62751 19.898495
39.303257 28.140793 15.586206
17.427143 7.9340663 1.2669808
133.22845 123.64884 32.68928
69.64816 56.508835 11.852349
28.893261 19.242535 4.0447583
35.650387 25.205208 4.503756
37.08096 25.257322 5.6900144
31.17304 21.89805 5.492265
30.82819 20.66999 5.4283996
44.89177 33.981598 6.803115
74.875824 52.414005 16.24421
35.095695 35.854156 29.630337
29.096584 26.661825 18.57851
47.143044 32.572044 13.344248
43.19026 23.987436 10.194111
56.856327 94.5682 102.14873
75.90962 109.93092 116.846855
82.36558 139.80931 157.04025
42.836643 56.407433 45.82141
47.262768 78.1638 82.16134
33.653763 15.337024 5.7627535
53.111607 34.359142 12.832457
34.68991 26.637691 11.586678
41.853004 25.344458 9.208847
30.737625 14.338908 3.221437
30.550295 25.772203 7.7894516
48.302578 39.352806 12.783719
40.804108 17.27643 6.705562
97.95344 59.089806 16.353148
53.7621 37.219135 16.49873
27.33616 16.342232 7.8585525
42.34011 26.588037 12.779977
32.91357 21.773485 10.696322
39.814342 26.659573 13.646329
66.62992 35.505352 14.823636
44.854366 13.330349 3.2063344
51.432037 13.267217 1.6086899
82.53739 31.506687 8.382986
69.709305 40.95291 19.477268
69.11472 40.604294 16.364271
66.8166 36.302734 9.8899355
60.721214 33.109646 8.54273
70.70653 42.62602 22.763592
54.971756 29.258892 15.076561
62.196674 46.267345 21.757912
52.317238 32.058266 14.86808
56.034813 35.400314 16.413742
28.723885 20.329197 9.76011
23.944668 15.053762 7.5362387
30.976208 21.660307 7.9015574
111.15791 90.58702 48.048397
87.85261 66.72634 35.54341
25.323465 27.398743 23.344118
45.565292 21.125664 9.795891
54.098705 34.611908 13.366916
15.250176 38.955685 53.504856
12.509017 28.975449 40.66151
44.74734 55.54914 67.23756
41.606388 48.251198 54.43421
25.061222 54.343227 71.310616
24.748016 44.48326 55.888943
45.387096 61.37097 78.94197
35.39691 54.56584 64.801674
27.47635 57.200523 71.40827
29.023008 63.31187 82.75561
33.457924 73.33396 91.277374
36.34485 94.05415 115.92056
40.75032 59.96142 74.61992
113.28276 122.07907 130.25604
146.0476 163.23299 191.98485
47.186283 61.659546 76.12768
61.533333 91.41251 115.58267
27.785421 44.266773 49.541004
50.464886 65.9449 85.41565
122.05198 143.18985 168.3701
69.619896 90.307236 114.513756
34.468918 35.924015 56.99424
49.072453 57.213192 70.45055
66.378746 81.9738 102.312004
47.487213 69.69088 79.97168
57.04243 26.99932 20.537416
23.283575 14.109985 11.355713
31.493547 28.20437 28.48075
60.7822 21.98987 15.605601
61.2546 25.134329 16.461327
47.49164 15.120508 9.148855
50.168327 24.587881 15.519879
36.01293 16.707552 12.48313
35.576992 15.866955 10.665855
28.869572 26.7677 22.268238
25.76401 26.846302 27.433975
8.794215 14.979819 16.087082
45.114067 40.57715 44.121502
137.47397 167.85017 192.94072
42.959038 60.040073 61.26842
33.77757 36.56715 36.412487
78.18327 99.94812 128.73158
126.48138 150.43558 177.93137
117.43363 152.66983 186.92445
64.83154 99.788666 130.81557
72.12993 103.08666 134.37563
44.628765 68.77354 89.23149
86.193405 122.576706 156.60963
70.25232 104.797485 141.72676
0.39091742 2.3945556 2.437194
23.503338 38.06596 46.64646
27.511765 43.530716 51.1476
33.460934 58.278996 67.52768
27.21937 42.900116 50.704857
27.926659 54.52038 81.02371
27.561445 53.235703 79.932526
61.44272 86.36477 115.534325
57.465984 84.523415 109.52779
2.4747808 3.8984687 5.0296035
35.218506 67.81497 95.53671
10.096427 28.336971 40.57681
18.97346 37.34841 50.844994
19.79262 42.688522 61.268105
27.043974 34.569324 40.047115
21.335585 38.97155 53.8769
13.490381 26.848423 38.925114
3.093862 16.490826 28.387514
10.481168 35.97016 56.0262
13.652402 28.59979 43.759613
8.918963 20.434471 30.907839
2.7833529 14.145007 20.132914
6.15443 23.80555 37.568302
4.949038 18.542652 29.040806
10.264913 27.940165 40.9192
10.514043 27.625626 38.98385
8.296506 21.714252 32.184113
3.9198272 22.919436 38.40636
7.989609 24.492947 34.741474
7.702578 21.119959 30.91051
10.728936 39.911427 61.45303
3.4993587 15.416202 29.177988
9.143541 38.98725 65.01147
17.44578 22.89059 27.866064
20.288286 27.263735 31.05803
8.607565 12.19131 24.104567
14.454312 14.275121 20.846119
32.13621 25.315874 22.448475
30.233372 31.687553 28.782019
47.50946 32.21332 21.316345
33.151104 22.172674 19.410757
49.402695 38.53561 30.916948
48.671406 34.071064 18.73781
31.999556 31.591362 27.277687
39.756393 32.80534 26.123728
40.376366 29.953331 27.503494
19.41526 14.376286 8.294621
76.22034 72.74708 65.207565
5.496663E-4 9.6845964E-4 0.0015181259
26.988718 24.58419 24.187462
53.584793 44.831356 47.01479
50.47308 41.521736 37.78016
3.050543 7.0212536 13.155346
8.810627 21.938097 35.565006
4.3569427 9.342809 16.76587
7.8249445 19.551943 30.734982
18.1833 18.227013 25.167204
22.060358 22.455647 28.269676
17.299908 26.838242 30.992147
1.2130088 5.813663 13.496924
8.021228 14.0929985 19.097422
8.330769 12.047611 17.947363
39.839443 62.50344 77.93716
13.251747 24.889805 35.25355
32.11111 44.821777 46.36809
26.640335 39.95668 47.514748
16.20076 24.637691 30.020443
58.53163 79.97424 88.12572
29.501688 39.2145 39.062843
12.800968 21.488914 32.95765
114.3321 148.92632 181.35388
42.696114 58.6518 84.167465
9.525795 22.465672 35.90941
31.829681 86.0952 132.59859
123.010994 164.9033 207.71454
135.14702 170.06075 200.39665
105.76296 161.07706 192.95082
6.998613 21.365162 41.40691
22.21649 47.719696 80.7371
34.00581 38.540348 48.729958
16.57995 29.97406 48.62324
44.797226 70.342964 93.81126
22.617302 41.26172 49.649628
23.786652 42.994057 57.141003
37.507133 52.350662 58.37694
23.58351 34.62055 37.463108
33.43557 48.577072 51.328594
21.742233 39.420284 47.36197
17.344275 27.449234 32.79547
35.874493 54.99165 67.19209
25.324879 47.248264 57.939983
30.534956 54.14315 89.00615
40.976234 57.386494 62.846878
23.039158 32.201675 33.00191
27.277319 42.40306 49.023766
30.698679 46.599136 53.54226
21.804607 31.931292 39.33323
24.341997 32.32747 39.655174
32.19864 49.69394 58.662373
52.724827 74.24699 83.22395
32.213165 46.282948 57.4763
28.509855 40.26918 47.681404
30.582201 47.1482 58.694256
46.935505 37.128597 33.91687
33.171574 16.285486 12.633059
28.949484 5.136841 3.0862453
28.039158 15.988404 8.6429
37.409763 19.693836 10.202906
107.6284 73.129326 58.87292
199.5794 162.11053 153.39157
8.242639 5.647664 4.973171
16.342417 7.0981283 7.327915
15.506949 11.76155 11.630127
23.492605 8.601231 9.353566
37.149746 15.562596 8.409684
133.40005 84.2853 66.08426
53.055805 22.383562 13.743751
50.69766 28.760294 27.68491
52.19055 34.15045 18.590551
54.45431 28.666117 22.271116
66.643715 37.149796 28.846695
85.37937 45.00725 28.14184
100.36508 63.402905 47.788063
53.575737 23.658318 13.400655
57.724407 81.76514 117.34673
21.740349 31.220364 42.961967
31.98228 36.03811 46.610916
44.11425 54.831383 66.16029
31.238424 50.732235 59.774296
49.953434 67.4391 74.515144
48.698025 72.741684 90.29025
55.693626 68.339615 76.198746
7.9235177 14.940034 19.737888
13.218191 13.940924 14.855386
19.739065 24.348305 30.42819
30.638294 27.332888 29.62751
17.33014 21.88025 24.298677
19.017433 19.955608 22.716137
25.724773 43.591076 50.104828
33.703598 45.607433 49.947678
35.352493 46.729355 62.55749
27.258526 38.866745 46.41238
18.06672 28.508389 34.447823
59.624107 82.2679 103.67604
10.882031 24.870829 37.290092
15.600445 19.554037 29.048502
11.641565 25.855934 41.102787
20.052769 40.615574 68.01107
15.000471 27.10258 40.851486
24.508442 48.613216 77.23327
7.706897 13.872791 20.372936
29.96791 42.58126 55.11399
14.076273 16.303835 22.990236
14.91755 14.783405 24.211647
11.238136 18.96524 28.78453
34.075382 39.26782 45.35854
19.075409 20.279257 29.16558
18.639864 19.899986 28.221855
22.629446 22.359821 31.395342
23.415024 23.875357 32.9961
39.42591 29.598272 34.570213
40.288445 31.349876 34.861748
52.245964 74.2919 141.29637
25.568644 43.57241 73.38419
43.070385 55.11425 103.10347
2.0939668E-4 2.0939668E-4 2.0939668E-4
14.690747 7.070305 2.6971862
10.258107 3.419631 1.816202
13.292763 5.099961 2.4551237
12.332941 5.902421 2.1041749
12.536186 5.9987698 2.3433843
7.7996073 3.7164245 1.3305064
8.3245125 3.9843214 1.453815
15.579845 7.4407015 2.5552676
15.951447 7.6234784 2.8450727
14.068211 6.7422066 2.6311479
21.342913 10.141631 3.6229813
13.875147 6.649758 2.461039
30.456066 21.707918 18.219082
4.0582123 4.0582123 4.058317
1.1160058 1.1160058 1.1160058
11.345164 11.345164 11.345164
14.649051 14.649025 14.649051
17.72501 17.724983 17.724983
15.366077 15.366077 15.366104
19.156183 19.156183 19.156315
15.024526 15.024526 15.024526
17.051695 17.051695 17.051695
17.859076 17.859129 17.859312
15.3796625 15.379715 15.379898
15.3796625 15.379636 15.3796625
19.252558 19.252558 19.252558
12.009188 12.009188 12.009188
16.12666 16.12666 16.126842
1.9209266 1.9209266 1.921136
16.470175 16.4702 16.47041
15.060332 15.060359 15.060595
1.6480565 1.6480565 1.6480565
32.204685 32.204685 32.204685
27.210234 27.210312 27.210548
4.4350476 4.4351525 4.435388
34.07889 34.07905 34.079285
22.101086 22.101086 22.101086
23.23387 23.23387 23.23387
16.538464 16.53862 16.538908
6.6745453 6.6747284 6.67499
14.743515 14.743672 14.74396
26.27355 26.273708 26.27397
25.443083 25.443083 25.443083
1.1804214 1.1804214 1.1804214
17.441828 17.44201 17.442299
7.9470487 7.9472322 7.94752
8.244209 8.244392 8.24468
