0 0 0
0 0 0
0 0 0
67.785 58.769 46.522
69.612 59.645 47.516
50.57 44.031 35.482
100.69 89.515 72.981
38.303 34.196 27.297
15.131 13.812 10.27
30.911 32.534 31.108
2.2317 1.4889 0.02617
41.979 56.702 36.411
65.871 64.374 55.775
197.73 189.71 168.92
4.9186 5.4355 4.4939
5.6458 6.9524 6.8345
6.0483 8.5469 8.5199
6.6714 7.2742 6.5288
7.9171 11.441 12.421
27.963 34.609 37.481
25.271 20.369 16.981
93.675 98.444 79.566
83.614 84.455 68.562
22.437 19.678 15.775
60.164 60.474 54.031
63.458 63.814 57.266
52.275 51.381 44.224
52.477 50.469 42.591
37.149 30.35 22.682
37.641 33.098 27.26
57.268 55.635 49.212
111.31 103.77 83.207
116.09 113.28 95.875
47.808 44.336 37.107
70.425 65.991 55.198
41.203 36.626 29.418
50.008 44.43 34.732
99.537 93.41 76.813
99.682 93.759 77.126
62.166 61.291 53.311
50.243 50.987 44.603
64.066 64.528 57.183
82.332 89.287 58.048
69.926 80.166 48.347
110.62 138.59 110.66
69.014 78.154 72.887
65.373 62.288 49.743
108.41 104.93 86.038
129.7 120.13 100.04
85.576 83.747 74.178
123.09 124.54 110.34
81.192 85.176 77.867
95.928 105.02 97.044
54.797 50.255 45.626
52.085 52.791 49.929
75.647 73.035 57.561
54.353 50.8 44.717
89.975 89.944 74.427
72.513 76.751 69.036
79.273 72.535 60.935
67.519 73.268 65.225
63.58 62.287 51.236
67.738 68.603 56.474
65.641 67.026 59.667
63.663 67.087 59.754
55.859 59.892 53.71
55.315 60.212 53.204
54.364 56.213 50.132
54.401 54.983 47.707
59.93 63.422 55.991
69.4 66.736 57.682
53.659 54.976 47.889
75.332 75.299 65.868
55.44 70.892 65.041
61.374 77.836 70.942
69.534 83.86 75.225
71.582 79.751 69.999
70.084 74.515 66.661
60.16 61.968 53.471
60.387 61.848 53.71
68.176 72.68 65.006
65.312 66.63 57.605
66.168 66.883 57.821
53.231 50.902 44.533
51.846 48.083 40.042
91.115 90.617 77.471
105.76 107.02 80.509
61.908 62.176 54.235
69.84 62.149 49.2
51.188 48.902 41.825
25.991 20.162 14.308
31.308 26.516 19.925
30.089 21.332 19.523
40.938 35.08 29.042
27.562 23.419 20.446
24.311 22.327 18.654
53.954 50.705 36.298
38.153 27.382 22.212
54.608 50.111 39.578
65.404 56.067 45.462
63.442 53.925 43.707
64.143 54.397 43.928
60.652 52.22 42.866
63.076 50.828 41.668
61.158 52.308 42.994
60.419 48.696 39.379
25.498 19.105 16.903
55.373 49.537 43.443
52.161 46.148 40.426
52.325 47.863 42.031
39.697 36.099 33.068
112.38 122.87 105.13
82.609 78.571 68.314
56.257 55.94 48.338
158.13 158.94 122.74
59.657 59.016 45.307
64.919 61.326 49.166
71.201 65.44 49.819
4.9891 6.2358 4.8086
54.696 51.299 38.392
28.053 20.904 9.6333
68.024 52.393 31.15
43.607 30.919 11.593
14.649 10.304 4.84
65.277 45.55 10.914
58.759 74.842 66.982
18.236 19.867 18.16
13.142 13.759 12.254
10.426 10.592 9.4588
11.575 10.314 9.5259
19.247 19.433 16.676
15.634 15.765 12.965
23.05 20.448 17.438
25.558 26.291 23.498
20.278 18.726 14.471
37.656 40.195 35.751
66.144 66.043 54.545
26.108 24.626 21.078
63.828 59.331 47.38
53.276 51.004 40.611
145.19 138.5 117.52
10.659 12.411 13.4
4.9074 5.4483 5.4241
5.4492 5.9972 6.0137
4.1412 3.5494 3.7448
14.71 13.427 11.895
11.394 10.05 7.3941
7.1038 6.8472 6.4634
5.5781 4.7295 4.7286
11.243 12.473 13.678
6.8626 6.6213 6.4601
44.599 58.954 61.978
17.256 19.596 17.246
28.671 26.289 22.555
30.449 23.918 20.561
20.319 21.265 19.988
14.271 16.525 16.455
33.364 29.209 24.606
31.41 26.49 22.538
29.729 25.857 22.922
26.767 28.612 28.067
34.675 32.451 29.884
32.828 27.242 21.885
38.021 33.181 30.092
38.372 30.869 25.848
43.318 37.673 36.305
49.92 44.826 42.337
38.149 32.647 31.076
34.223 29.715 28.165
41.414 34.302 31.136
47.696 43.899 40.443
39.75 34.829 31.96
60.976 53.419 51.647
25.947 28.279 31.396
22.664 26.855 31.551
53.934 48.106 35.518
53.29 45.349 33.568
58.865 48.781 36.343
57.6 46.694 36.341
54.376 49.945 45.534
35.474 33.262 31.747
53.216 42.815 35.629
49.196 55.022 52.653
50.353 46.641 41.599
51.376 52.93 48.991
59.972 56.769 49.527
46.2 46.691 42.578
51.993 49.477 45.635
60.284 56.801 49.696
53.323 49.444 46.17
51.16 47.253 43.477
61.585 57.707 50.281
47.797 44.586 43.035
34.287 28.254 24.464
15.665 15.887 18.755
45.501 38.928 37.349
40.031 31.445 26.709
38.979 33.343 30.318
46.601 38.169 32.471
53.105 46.016 41.439
54.132 46.902 43.188
35.021 31.504 29.692
34.61 30.741 28.963
34.772 30.345 28.319
38.722 31.426 27.381
49.212 44.512 41.529
32.436 32.899 32.525
37.574 38.464 38.202
51.245 50.001 48.892
49.32 47.411 46.763
85.418 82.741 77.447
94.885 91.527 84.972
89.391 83.623 76.535
100.98 94.64 87.176
101.63 102.64 98.364
46.209 41.384 38.79
55.568 52.084 50.703
36.322 32.309 30.282
36.924 32.69 26.574
30.05 24.796 19.38
31.879 26.166 20.107
36.029 28.783 21.902
27.093 20.882 15.196
37.488 29.743 22.82
38.117 29.214 22.249
37.127 29.576 22.716
34.155 26.334 19.428
47.423 47.258 42.21
31.087 27.49 22.893
34.147 29.807 24.409
52.482 46.82 38.295
35.437 31.007 27.058
45.632 50.345 45.925
46.079 38.252 31.073
50.045 41.195 33.208
54.191 50.093 42.308
47.345 38.6 30.657
51.743 42.619 32.868
69.775 63.46 55.212
63.458 59.539 50.273
50.032 43.356 36.971
50.193 43.344 36.621
50.674 43.137 36.345
49.287 42.106 36.275
55.059 47.042 36.492
57.33 51.589 42.961
42.282 36.281 31.762
39.674 32.162 24.217
34.807 29.372 25.225
60.502 57.64 51.406
88.516 84.995 77.405
79.393 75.677 68.858
77.06 78.008 72.607
103.78 104.49 99.528
20.655 20.182 18.521
60.759 60.016 53.648
59.734 57.352 55.154
143.96 133.29 118.28
68.267 65.771 58.868
49.077 49.237 45.181
36.49 34.488 31.757
55.029 55.559 51.772
31.272 29.56 27.111
49.449 49.333 46.847
30.363 34.69 32.569
32.822 34.82 32.277
34.573 38.143 37.376
25.647 27.053 27.074
21.399 20.694 17.474
12.406 10.603 10.344
23.758 22.471 21.115
31.745 31.396 29.52
36.97 34.531 30.992
24.46 22.739 20.275
33.574 39.669 38.77
24.575 25.055 25.123
40.671 43.099 42.931
32.118 31.686 31.851
56.518 57.474 51.275
68.317 70.098 66.95
46.414 48.051 44.731
46.474 52.154 50.505
45.112 47.473 45.426
30.695 31.865 31.525
36.222 38.771 38.013
15.17 20.479 19.505
22.93 24.766 23.269
58.343 64.238 63.85
39.931 41.759 39.569
35.186 37.283 35.433
28.495 30.387 31.568
58.658 59.347 55.658
61.297 62.347 62.144
26.393 27.531 26.981
48.071 52.416 53.102
32.102 32.708 31.303
54.845 56.516 56.338
18.723 19.255 16.311
37.876 36.678 34.292
44.114 41.963 40.927
21.119 24.29 24.724
75.107 75.409 71.358
16.396 17.317 16.995
93.293 98.804 97.209
39.852 47.384 48.454
10.665 12.527 11.37
56.977 56.025 52.063
70.564 64.762 61.452
21.57 24.587 25
60.186 56.099 54.72
69.192 70.861 69.338
54.148 49.041 46.478
67.865 69.551 65.462
45.2 44.721 46.71
63.232 55.776 53.416
65.215 59.489 56.666
62.272 55.248 52.959
53.494 50.05 48.122
60.483 57.405 55.618
18.785 19.662 17.959
39.666 40.161 39.847
27.207 28.701 27.385
20.72 23.1 21.445
53.332 53.927 52.074
0.93819 1.8964 0.55857
80.736 89.879 80.054
75.206 72.074 63.268
62.972 64.37 57.447
63.035 64.24 56.649
64.512 57.41 47.785
65.828 60.081 50.729
116.15 128.91 120.05
7.9482 7.2257 6.4371
7.6337 7.0924 5.9194
64.055 53.98 46.267
15.867 18.094 18.624
52.244 49.037 47.463
27.7 27.168 26.538
36.206 24.502 24.071
12.952 10.208 10.103
36.596 22.399 21.376
30.15 22.515 20.624
32.919 18.378 17.111
30.452 24.025 22.071
22.475 21.665 19.877
24.661 21.084 16.714
23.401 24.544 22.72
41.294 45.147 41.972
32.103 31.862 31.409
16.58 17.41 18.414
22.044 23.17 23.855
14.859 16.056 15.657
19.039 20.032 20.799
18.024 17.387 16.159
23.278 24.072 23.463
22.529 22.543 21.748
20.064 20.95 20.688
16.911 16.654 15.447
26.942 26.998 26.274
17.362 16.892 15.808
11.71 9.7112 9.513
17.293 17.853 17.519
17.984 17.691 16.514
17.9 20.724 20.597
15.624 20.014 19.195
4.3101 4.2166 4.3355
21.161 20.967 19.846
20.485 20.351 19.371
37.117 38.43 38.149
9.7153 9.819 8.0904
11.379 12.268 13.56
4.0888 4.7646 1.2679
35.087 37.041 36.191
16.951 17.355 16.377
4.2688 4.4458 4.2
16.919 19.934 24.16
32.914 39.691 39.731
35.943 40.937 41.41
51.293 55.458 53.285
31.751 41.304 43.643
58.905 64.587 71.111
29.326 30.018 30.246
51.304 56.042 53.747
32.301 31.824 31.951
33.262 33.209 33.466
34.987 35.651 36.395
45.138 49.09 47.394
55.327 59.299 55.916
40.559 44.128 44.049
34.87 36.018 35.873
32.061 32.482 31.734
32.531 33.159 32.695
50.051 54.465 52.09
50.772 55.741 53.761
38.581 40.638 40.676
31.823 33.345 32.522
36.969 40.082 41.013
52.733 57.33 53.796
37.991 38.69 36.211
32.773 33.607 30.295
0.89874 0.89881 0.027552
27.037 28.809 25.6
29.326 36.398 36.139
27.892 26.622 22.788
40.583 33.811 28.173
48.013 50.577 48.011
30.162 34.168 32.614
109.09 122.18 115.23
39.18 39.113 36.752
161.21 165.69 157.63
118.77 128.07 124.98
115.96 120.47 113.69
114.44 114.97 109.92
41.501 44.442 41.218
58.623 57.876 57.572
133.95 128.3 121.02
163.66 156.72 149.13
134.06 129.38 122
110.53 112.49 106.1
122.14 117.32 110.47
137.43 131.01 123.19
129.8 126.33 119.28
70.976 69.481 64.846
68.994 66.555 61.209
117.23 117.92 111.46
84.463 87.677 84.921
130.08 132.38 122.03
77.098 78.003 73.79
95.173 101.03 99.275
108.97 110.31 105.63
114.22 113 104.18
91.573 94.861 92.052
106.16 109.81 100.77
27.256 30.282 27.955
113.14 115.28 111.32
69.48 70.8 69.01
64.137 67.606 64.889
136.99 140.14 130.77
21.587 23.072 21.467
71.5 83.415 83.203
180.39 176.07 161.11
142.89 141.81 135.57
26.319 26.994 25.92
35.339 35.132 33.123
46.674 46.134 42.554
46.399 45.279 41.532
45.9 45.546 44.055
41.793 40.934 37.091
41.078 40.015 36.186
34.13 34.017 30.696
39.747 39.386 34.631
42.313 41.24 39.255
36.347 34.251 32.578
47.051 43.828 37.747
35.642 31.672 29.46
33.852 30.608 28.457
35.729 32.174 29.859
47.881 45.092 39.262
33.9 30.804 28.636
37.265 33.6 30.901
34.54 31.028 28.798
34.897 31.138 28.477
36.085 32.139 29.251
48.227 52.02 50.211
33.83 35.107 34.205
192.79 167.17 156.41
38.241 39.91 39.068
104.25 100.68 98.263
26.226 25.911 25.931
22.828 22.528 20.881
29.115 30.367 29.462
23.593 24.695 22.991
26.028 24.086 22.533
21.78 20.176 19.706
35.096 32.13 30.42
30.274 27.927 25.811
28.897 27.923 26.692
30.391 29.007 27.806
28.57 27.086 25.446
26.502 25.015 23.707
27.782 25.288 23.748
27.001 32.131 33.063
20.945 20.749 20.925
24.648 23.921 24.143
19.813 29.858 32.52
22.511 32.236 34.773
26.543 25.91 27.249
30.57 29.081 30.415
21.981 30.761 33.253
33.278 26.54 26.214
9.6324 23.359 26.601
78.808 63.807 62.31
36.306 30.735 28.816
46.552 48.374 48.592
14.299 24.319 25.7
9.7118 20.067 21.771
11.194 23.799 24.793
9.4568 22.87 24.009
25.313 21.413 19.13
9.0508 22.416 23.943
44.081 45.178 43.339
37.992 38.908 38.266
37.595 38.743 37.221
45.163 44.155 41.058
41.801 38.927 36.492
28.497 28.45 27.031
51.752 51.527 47.632
37.067 39.132 38.289
38.134 38.983 37.436
28.673 30.745 31.304
33.219 34.272 33.444
28.695 30.519 29.288
36.302 35.474 33.727
26.405 30.957 30.766
25.523 24.055 23.98
24.445 23.264 23.231
25.398 27.705 27.765
49.935 56.942 57.431
36.801 43.054 41.551
23.68 27.168 26.47
25.992 29.766 29.204
44.137 49.54 48.237
29.415 33.134 31.96
47.625 52.676 52.472
40.766 46.34 46.158
41.368 46.629 45.491
39.73 43.942 43.387
27.919 30.615 29.675
36.15 42.029 42
28.354 29.061 27.814
29.051 29.345 27.829
28.98 29.247 27.542
31.887 32.323 30.713
30.276 30.415 28.971
29.506 29.698 28.016
29.234 29.471 27.849
45.407 51.035 52.041
20.825 21.772 21.088
6.5564 7.2785 5.2112
76.144 95.769 86.752
58.989 63.468 58.826
44.998 43.161 36.087
46.271 44.043 36.474
32.198 27.238 22.017
39.355 34.886 28.874
39.514 34.415 26.949
108.77 119.45 111.89
48.161 51.539 48.205
45.923 50.98 47.891
48.998 53.06 51.341
47.227 50.709 46.226
57.349 60.959 58.068
59.172 64.183 62.908
51.593 56.445 52.256
86.491 80.912 72.882
93.53 87.896 79.27
96.649 91.482 83.446
97.565 92.456 83.921
51.36 53.946 49.51
98.462 93.264 84.859
98.881 93.736 85.107
46.911 51.126 47.871
46.084 46.967 42.929
97.187 92.158 83.249
85.242 77.85 70.129
46.143 50.408 46.853
18.243 19.069 15.34
16.181 19.103 15.994
11.07 11.404 10.294
27.029 29.615 30.49
168.47 176.42 170.97
46.602 47.231 45.849
60.809 65.311 65.205
154.29 157.08 153.12
58.377 61.21 62.355
163.75 159.05 154.03
124.65 125.12 121.89
113.68 119.05 118.04
90.702 91.414 83.337
53.249 52.48 47.504
85.37 86.289 76.547
80.738 82.289 72.987
80.402 83.068 74.289
72.12 73.872 65.18
61.57 62.88 54.191
69.111 69.284 60.147
42.765 38.326 31.436
44.635 41.421 34.27
55.753 54.927 48.056
77.526 73.274 61.939
75.913 72.24 60.808
73.577 70.219 58.319
72.459 68.779 57.486
73.321 69.88 58.308
73.964 69.513 57.069
71.487 66.158 53.604
77.802 72.782 64.478
138.25 138.05 135.39
114.64 118.15 115.75
37.192 35.287 33.045
46.467 44.35 42.004
24.481 23.089 19.117
45.47 43.726 40.221
50.694 48.237 44.52
45.529 42.544 39.309
42.831 40.785 36.548
40.336 39.66 34.745
44.405 42.96 38.912
42.95 41.464 37.231
35.604 33.555 30.104
34.825 31.219 26.907
16.83 27.572 30.823
10.663 20.903 24.355
10.392 19.657 23.092
29.353 23.555 20.027
45.855 44.836 40.791
46.088 45.849 42.007
47.135 46.763 42.789
39.473 39.616 35.836
34.376 32.288 28.532
45.141 44.443 40.511
53.568 52.037 46.575
23.811 22.766 19.002
25.206 23.038 18.897
44.238 41.756 38.03
46.403 43.995 40.481
45.249 42.727 38.468
25.631 23.282 19.064
40.54 39.302 35.318
135.3 127.64 111.28
92.643 79.825 67.557
88.743 78.156 64.46
144.33 136.85 119.41
68.663 63.107 52.5
58.914 57.114 48.845
55.905 53.061 44.966
33.317 33.696 31.854
35.768 30.662 28.198
96.113 92.443 80.487
97.337 91.323 78.981
45 46.041 41.669
44.763 45.628 42.496
50.712 51.877 48.71
37.71 37.127 34.617
53.596 54.595 52.598
43.457 44.058 41.211
52.614 53.626 51.959
51.608 52.684 50.402
108.25 109.25 108.08
131.29 121.04 117.95
126.76 121.33 117.78
124.44 120.34 117.97
131.33 134.24 131.32
100.1 105.32 103.11
164.47 159.62 155.45
126.48 124.92 124.47
64.657 53.596 35.826
99.585 103.74 103.19
123.18 121.8 120.52
57.677 51.637 39.201
23.893 19.316 14.538
124.86 120.01 116.36
124.52 123.79 121.43
72.635 73.062 68.666
152.11 151.53 144.34
138 138.98 135.85
132.26 133.47 128.49
118.02 117.91 112.43
134.07 134.74 126.61
60.101 54.028 44.187
134.77 134.25 129.76
89.3 85.398 77.372
134.8 131.96 124.9
125.87 123.42 116.69
164.45 165.83 159.09
105.31 116.32 118.4
48.903 44.607 40.071
93.537 101.59 103.07
110.22 112.41 110.31
49.801 45.933 39.112
57.012 50.164 41.673
128.51 127.63 122.32
153.25 151.55 142.33
150.03 148.13 137.24
173.97 165.25 154.42
169.68 165.18 149.51
165.98 166.94 159.34
87.486 82 72.547
42.865 36.884 31.754
44.238 38.529 34.866
70.356 65.328 56.332
139.76 136.97 129.73
113.22 112.93 108.26
111.92 111.37 110.24
181.75 171.01 155.48
183 172.84 159.82
161.19 145.39 119.03
166.25 145.85 118.03
160.03 153.37 141.25
166.91 161.05 150.12
178.64 168.88 158.5
175.54 169.58 156.74
180.12 170.82 158.54
181.29 178.1 168.44
179.32 172.59 161.24
126.37 113.49 96.995
150.15 149.47 139.53
153.57 150.84 142.49
151.55 148.22 139.38
154.1 153.92 146.12
59.224 63.326 63.371
81.004 65.813 55.572
60.659 60.578 59.461
88.026 82.375 76.058
82.355 81.952 61.088
30.793 25.245 23.02
173.19 177.21 172.5
70.766 74.256 71.845
35.517 36.575 30.619
162.95 162.29 156.68
121.63 122.2 120.91
39.271 40.356 37.013
39.694 45.196 44.712
35.234 37.253 35.975
33.749 34.701 35.35
97.404 97.41 91.369
107.04 109.41 108.68
57.549 59.671 55.842
74.642 73.953 71.892
64.917 69.071 66.816
59.018 60.91 58.057
97.546 105.29 108.24
61.302 62.498 59.869
46.028 47.266 41.193
67.357 68.806 67.769
21.764 16.193 8.5605
107.57 113.59 113.21
53.57 53.286 49.398
26.224 28.15 29.232
31.487 37.75 38.451
151.77 152.76 145.83
37.181 30.108 24.085
93.15 83.345 72.548
86.184 83.592 83.58
25.969 24.801 22.925
21.037 22.921 21.359
37.472 39.391 38.447
49.326 50.211 48.104
47.746 47.546 45.828
64.943 66.11 66.828
43.643 45.379 47.956
70.193 69.313 70.175
41.084 43.469 42.907
53.355 54.049 51.305
57.19 55.948 55.574
107.86 103.93 110.08
46.037 40.281 40.136
48.019 48.016 47.502
57.667 56.179 56.016
45.144 50.53 51.525
60.348 58.671 55.827
60.957 59.255 54.485
57.676 57.961 58.871
47.536 49.069 47.486
74.975 73.04 69.536
72.772 70.611 67.949
62.571 61.265 58.371
57.502 57.537 53.927
200.64 196.46 187.9
48.933 46.65 43.846
74.005 74.595 70.257
88.076 91.919 88.257
47.07 44.531 42.566
59.442 66.761 64.264
29.309 31.897 26.625
50.682 43.505 37.527
47.395 47.083 45.071
42.509 41.749 39.381
35.87 32.118 32.453
86.319 80.155 76.902
28.323 29.268 26.886
42.57 43.173 41.497
69.502 61.491 61.762
38.419 36.568 35.258
17.46 18.981 19.233
39.96 41.147 40.163
56.571 58.074 56.213
44.852 46.661 45.442
10.467 12.202 12.123
53.484 56.722 54.956
66.045 56.857 55.652
42.577 37.718 40.174
41.843 39.936 40.403
41.195 42.099 39.545
10.671 12.151 10.489
77.979 75.383 72.468
62.67 63.285 59.818
19.393 20.349 20.532
42.088 43.582 44.86
7.0149 7.241 5.5656
26.516 27.048 25.133
39.898 41.963 42.057
76.79 75.704 71.833
55.265 54.555 52.131
24.546 25.01 18.923
46.661 46.487 46.947
48.3 49.739 49.694
31.476 33.55 32.157
41.073 44.071 44.091
32.028 32.512 29.193
47.437 47.197 44.733
22.056 18.995 17.238
12.024 11.115 4.5282
111.65 103.3 93.637
16.804 17.236 17.119
45.48 46.608 38.844
42.26 40.743 39.004
121.79 115.61 102.23
29.642 31.554 28.638
59.707 61.272 57.998
160.67 148.67 124.93
62.702 63.752 59.976
58.027 59.105 55.325
47.064 51.502 45.497
91.739 83.684 74.094
33.997 33.492 35.704
25.64 25.104 26.183
91.046 90.978 86.442
26.874 27.367 27.485
23.89 23.505 22.364
114.62 108.93 102.58
37.916 42.823 44.705
52.185 50.972 48.894
27.445 27.17 23.654
30.957 32.303 33.405
8.6237 10.947 10.951
13.15 16.302 18.788
37.717 37.527 36.138
42.406 47.604 48.208
75.127 76.398 82.774
81.865 71.842 63.534
19.378 15.688 12.447
72.684 70.591 67.466
230.67 176.3 85.76
10.464 11.294 14.199
38.539 41.981 45.996
178.03 165.36 151.51
125.59 126.6 129.89
140.94 142.31 144.25
23.272 23.725 20.527
23.776 22.769 20.655
20.037 19.656 21.126
16.205 15.518 14.484
25.581 24.235 21.39
32.395 31.817 29.581
20.192 14.241 11.482
65.212 64.21 58.977
37.046 35.465 32.849
56.903 55.028 50.848
32.327 30.933 27.871
19.965 20.416 20.395
21.445 23.627 19.925
31.461 29.405 26.446
40.492 40.296 38.989
38.815 38.529 36.39
22.449 22.964 19.983
30.759 27.366 24.356
14.643 10.277 7.7756
37.465 35.227 32.488
8.5275 8.6162 6.3971
24.466 23.598 20.982
45.686 40.461 38.94
22.991 20.613 18.154
31.363 29.371 26.392
17.292 15.197 13.484
21.956 19.68 18.066
25.858 22.117 19.278
27.175 24.78 21.796
19.213 18.121 17.057
18.776 18.906 18.018
25.755 24.371 22.729
29.15 25.178 21.294
19.476 14.18 12.699
22.815 22.191 18.874
35.945 34.219 32.476
29.272 27.082 26.422
27.274 26.717 24.92
16.887 17.956 16.115
47.036 44.934 43.828
48.321 46.184 45.422
33.591 33.236 32.049
25.426 20.956 15.94
31.383 30.045 28.48
29.04 27.963 26.177
27.953 27.213 25.343
22.678 22.864 21.337
21.808 19.155 16.469
48.029 41.775 34.654
22.421 19.258 17.212
56.207 44.781 24.032
43.641 40.612 36.341
49.047 42.219 36.793
19.638 16.809 15.413
167.31 159.21 155.38
74.04 74.58 72.125
40.34 39.958 36.046
73.911 71.41 67.561
43.743 44.41 43.884
70.86 65.031 58.355
36.5 35.576 32.203
22.366 18.3 16.496
14.513 14.357 14.345
16.785 14.762 13.291
96.718 86.742 76.861
63.707 58.952 52.128
30.706 25.297 20.121
83.713 68.378 56.672
44.354 35.943 31.25
26.855 24.378 21.252
76.495 62.535 48.634
42.451 37.721 31.513
61.838 60.479 59.437
68.45 63.777 61.007
27.95 27.216 24.504
20.037 20.167 17.991
29.294 28.484 26.814
24.032 23.37 21.049
43.679 41.735 40.213
254.6 248.45 222.42
128.75 130.95 124.39
156.62 155.16 145.74
119 124.09 121.69
98.432 110.58 112.69
49.11 47.932 45.777
72.866 63.46 55.848
126.35 120.65 111.2
117.54 113.21 103.8
145.25 140.45 128.87
134.25 126.56 113.36
135.52 127.04 113.22
134.78 125.67 112.52
119.23 115.53 107.66
118.93 115.24 107.74
118.55 116.07 108.05
126.31 119.94 112.59
65.408 63.738 63.605
65.1 60.689 59.42
69.715 64.231 56.187
120.13 99.484 77.497
72.099 64.684 42.793
22.395 19.933 15.602
79.059 78.095 68.741
47.051 44.691 40.629
43.701 41.06 35.965
32.38 29.919 25.246
12.017 11.909 8.9682
24.725 24.717 23.034
23.996 24.34 22.989
25.046 24.908 23.362
25.348 24.718 24.808
27.021 27.758 24.976
38.662 37.979 38.158
51.323 58.379 59.03
65.969 66.287 62.175
80.254 83.462 75.041
77.126 74.456 65.349
67.234 65.23 57.675
69.815 66.764 58.281
71.958 62.616 53.934
76.578 71.457 62.686
80.777 74.871 65.807
82.683 75.487 67.507
81.063 74.369 64.792
81.962 74.788 66.964
84.429 75.818 66.223
22.756 21.263 19.926
122.73 116.5 103.41
34.513 33.461 31.658
46.116 48.451 48.074
100.73 99.81 93.571
45.737 46.985 47.411
24.024 24.818 25.71
9.4798 10.105 9.0156
46.28 49.087 50.878
55.465 53.895 52.629
48.568 53.154 55.508
42.025 42.408 43.032
0.82389 0.82389 0.82389
0 0 0
0.69589 0.69589 0.69589
0 0 0
0.5075 0.5075 0.5075
0.25052 0.25052 0.25052
0.052932 0.052932 0.052932
0.64236 0.64236 0.64236
0 0 0
0.46302 0.46302 0.46302
1.0396 1.0396 1.0396
4.3623 4.3623 4.3623
6.3339 6.3339 6.3339
6.8024 6.8024 6.8024
7.4856 7.4856 7.4856
7.6259 7.6259 7.6259
8.7318 8.7318 8.7318
8.1947 8.1947 8.1947
9.5402 9.5402 9.5402
10.054 10.054 10.054
9.7603 9.7603 9.7603
9.465 9.465 9.465
8.499 8.499 8.499
9.6624 9.6624 9.6624
10.001 10.001 10.001
10.479 10.479 10.479
7.8154 7.8154 7.8154
4.6628 4.6628 4.6628
7.5626 7.5626 7.5626
0.081144 0.081144 0.081144
