0.3152385 0.3152385 0.3152385
0.3216761 0.3218501 0.3212411
112.56091 55.605625 48.48714
70.37309 74.14296 69.02439
96.2495 98.5128 91.80368
80.98013 83.18324 78.0158
87.148964 88.38475 83.10494
95.96222 97.71979 91.36894
44.522633 47.88427 42.394028
40.809513 43.06368 37.20954
38.36123 41.69001 35.39739
59.522808 59.15175 53.367695
22.487343 22.682732 19.147629
135.10205 130.66507 117.96288
126.88406 116.35392 101.87313
103.63257 101.37541 91.042305
137.48357 132.1017 120.219574
163.07845 157.6163 144.74203
182.10083 187.22218 184.38483
93.49746 81.323906 61.86513
71.41627 65.12948 48.520634
104.42358 86.77698 65.67745
82.12336 68.12278 51.216473
92.0087 75.76981 58.04747
91.81374 75.030624 57.353516
84.50367 73.16465 54.124603
99.71173 81.241325 56.196636
110.834015 98.48595 76.55169
128.15227 111.973724 79.41647
97.28007 78.96456 53.43497
91.32118 77.86884 55.8651
94.60945 80.73226 57.592606
81.52512 65.259766 43.527416
89.382744 72.9362 50.79962
114.112915 97.21476 73.44747
85.619865 71.22717 49.185066
78.5657 70.47122 44.8651
64.94171 55.659157 38.96984
76.403946 66.66035 42.631725
66.92385 60.842976 41.298306
53.979816 48.919964 30.24689
72.85606 64.53589 44.646687
63.27615 55.182312 38.09729
82.86951 69.60188 52.001072
122.05304 88.567375 59.404957
85.34107 67.83587 49.29181
90.7853 74.138756 55.921066
60.775295 56.992374 47.40064
76.51591 70.63906 62.98086
85.64202 73.77703 63.7369
71.61441 64.20078 53.908745
73.27104 60.933857 47.10799
60.218094 54.897114 47.088764
61.372307 61.38985 54.53174
88.11025 69.6457 55.991154
88.94464 69.554474 55.301987
60.837032 47.538467 37.074265
97.24547 84.854774 73.59267
96.68717 83.88885 72.754036
82.95552 80.835526 74.30205
119.119644 117.931335 112.29378
91.07084 87.99414 83.4548
93.18275 81.98454 70.69007
81.76677 71.80455 63.31321
89.070496 76.99591 67.076004
89.211426 79.764854 69.619514
80.36743 69.39638 58.221634
96.0386 82.54943 71.25217
92.46675 78.43845 66.976425
99.537796 85.24982 73.87873
68.91068 62.103783 49.19646
101.48798 87.626274 70.34493
109.07803 100.27113 77.56906
98.87154 91.57584 79.4029
85.302795 77.426704 54.769
98.433784 81.11773 66.32414
87.006874 76.033844 63.025955
82.43944 74.25614 61.314514
91.02734 86.55697 76.088905
97.84396 90.37413 72.165436
103.065186 88.980774 73.977356
73.57918 58.092648 45.573322
98.66267 86.72556 67.47488
98.895836 87.11924 68.73014
99.62389 87.32214 68.52478
102.46443 89.01607 71.08769
108.11454 94.570885 77.47618
75.36361 63.22311 53.923763
58.985268 52.11019 44.11869
59.76152 57.99887 53.9097
52.844715 52.568043 51.638424
62.995678 60.499897 58.47319
59.672497 55.092358 50.923214
67.61743 63.656113 64.25255
62.15737 59.64228 59.949398
72.718254 66.17434 64.405365
71.04301 67.18072 65.0033
70.7706 68.85762 63.02833
72.96427 64.69494 63.69633
72.0143 70.46832 65.79342
61.474728 59.311584 58.164448
69.641235 63.30747 61.65985
75.31979 71.30315 69.72168
70.35395 59.387966 60.45034
68.15827 63.094273 58.64741
63.045383 58.985443 53.572334
40.93377 40.232914 35.906567
106.49094 97.0156 97.79904
75.136375 65.638275 58.6651
90.57332 85.49027 78.61331
102.146 95.547134 82.80482
95.67664 85.45246 75.36923
100.27679 93.053215 87.01781
103.859535 91.364624 84.47314
105.369 92.48772 79.15001
85.47937 71.19214 61.076904
89.23787 78.354095 70.14937
93.689285 85.974594 81.03172
71.67597 61.57399 52.19678
83.83598 74.355545 63.237118
99.68653 87.67426 76.066696
118.13661 103.10207 91.90999
105.97428 97.17051 83.44918
91.88772 83.26495 74.10407
99.67728 86.76155 77.47647
119.2261 106.36155 96.65249
119.86829 108.9001 96.24698
124.405655 110.19719 99.281166
129.58722 119.54224 105.49274
94.68682 83.76999 73.74154
46.402843 41.56349 36.85379
61.525417 54.500393 47.004
87.5808 87.716286 76.28888
103.05454 96.26484 92.91251
84.211075 81.94514 79.44298
107.32287 98.68027 94.1748
102.557144 93.89024 89.074905
88.92072 84.05037 81.187965
92.9815 89.95581 80.602844
93.05443 88.760994 79.524345
100.06093 98.233955 87.434654
84.904366 84.66771 76.5599
101.24921 98.406265 85.50008
117.49059 112.051994 100.10512
115.936584 114.85846 105.15305
92.70695 89.87165 82.48467
98.34087 94.46185 84.96033
102.97631 104.65553 98.42311
74.665276 73.6004 56.795826
85.468636 79.82448 66.623955
91.236885 84.98695 72.07948
101.55143 98.37469 88.83976
111.34473 109.451004 101.44767
82.9942 80.55056 72.78933
120.09952 121.946526 116.27064
86.19945 73.60934 61.04135
77.95691 72.31518 66.062546
72.78205 64.76231 58.68221
66.38591 59.823574 53.730637
97.08157 88.12829 79.222244
98.84788 91.594986 82.267914
114.196175 101.0372 91.73023
107.529854 98.924866 86.08784
93.36714 86.20452 77.7612
119.43767 106.550354 99.062256
109.881195 98.42714 88.72838
82.31767 75.622795 65.986664
86.63045 80.82416 72.19965
98.455765 89.92185 81.17677
96.08554 88.661125 78.41047
100.19127 94.124344 86.37654
111.39406 99.22453 92.73872
74.55885 68.0591 63.052746
81.68891 75.68296 70.79733
85.81079 82.2174 74.35363
89.74534 82.472755 73.52098
73.7503 68.831436 63.181267
71.245094 58.90828 54.01566
92.519356 86.67885 77.57317
76.76804 68.25133 60.03677
100.78808 91.47166 82.8016
106.82355 99.19809 90.66568
81.7806 74.94221 69.63758
95.76862 84.53841 78.91211
100.92551 92.17178 83.26371
84.05579 73.85063 65.5523
92.480415 85.20972 78.20737
81.71985 75.41322 70.88287
86.552124 76.2421 70.807396
86.445526 77.83857 68.380684
79.65292 68.25867 61.086906
82.94792 72.27487 62.97521
109.57042 99.53861 92.855934
125.79365 106.18434 89.481804
124.85139 105.43462 88.89784
112.887634 106.19127 99.20429
50.43207 45.599274 40.690414
93.27986 82.40221 76.37042
97.26829 94.44466 86.51538
79.86748 72.34418 67.970856
92.52101 85.00977 77.92829
110.96572 99.29735 94.2473
102.29297 93.68169 91.55528
103.92095 96.39087 92.62447
93.531044 84.28737 84.56906
91.265854 86.691025 84.347626
90.096886 88.529625 87.961754
85.80835 82.36329 82.03387
90.485054 85.7041 86.80035
102.08151 92.10364 93.1563
145.97137 145.07707 146.09804
73.97042 70.65298 69.38501
46.136696 49.829723 50.00928
46.56155 53.101173 53.972393
74.193825 75.77567 80.476616
52.780483 57.000057 62.12443
60.486908 65.16726 72.69558
32.371468 34.806873 34.694477
60.0961 61.799652 60.914486
73.84474 82.4468 80.37338
89.20568 99.13539 98.65817
44.361057 48.055183 45.893925
77.862 76.92797 74.74716
79.05396 77.82793 75.976166
44.35375 47.744583 45.44083
44.115963 47.499317 45.21253
97.96619 99.99133 103.32756
80.040306 82.9135 84.668495
94.92553 95.87287 99.63462
77.04095 80.74922 79.21595
112.97393 114.42894 115.168335
84.65066 86.712685 89.27368
96.343834 98.34197 95.79307
59.973988 61.50831 61.659157
142.74397 140.11913 141.63824
49.888184 59.57735 62.7583
55.480614 61.99661 61.11437
44.458084 49.666348 48.263855
50.67473 56.269394 55.8816
52.96129 58.618122 58.70848
53.881744 55.70993 54.24608
64.74696 66.81882 67.55546
45.91521 49.38408 47.796955
74.958534 76.99127 75.599365
48.321125 46.31399 44.137653
72.01314 67.37941 61.99565
0.5524141 0.5520661 0.55131215
56.17857 55.35552 50.572132
69.70349 63.77106 56.39832
72.87192 67.21777 62.20264
54.697056 50.353634 44.327534
73.61314 68.50164 63.875134
52.788403 48.844425 42.789154
76.17932 81.0448 78.10663
74.710106 79.44353 80.76413
108.64338 103.49335 106.58417
99.19669 101.91663 95.72701
68.0386 72.55856 76.44112
82.45669 86.762474 92.00235
89.981125 94.59017 100.16587
69.57773 73.519615 76.999245
63.81618 67.437004 70.576805
64.13795 67.60766 70.423515
66.31875 69.52858 75.26582
66.165405 69.42071 73.7173
57.39826 61.291866 66.576454
50.761112 56.39849 61.907207
56.303524 59.17315 63.260983
54.261215 57.85214 62.859737
80.77616 84.8671 86.92495
73.25176 77.91434 78.72324
70.596115 75.82102 81.41763
77.88606 85.08943 92.94421
78.22758 83.22677 89.74099
63.40174 65.48937 72.8553
72.83596 72.81682 81.068375
74.156906 74.39414 82.98095
59.556126 61.84321 70.79849
75.90268 78.22891 89.71399
66.3182 67.53763 77.66687
86.48795 87.79664 98.02763
42.02781 47.966015 47.591793
53.60441 53.49723 51.82198
43.21505 41.18344 39.01992
73.41812 73.93681 81.67829
36.435116 35.413483 40.958534
64.48082 64.23126 69.89749
26.84283 25.633608 25.911207
45.462433 41.844135 44.320545
44.04776 41.36816 39.901173
36.64631 34.55346 34.108887
54.6651 53.307438 50.45382
80.69152 77.49042 74.06026
99.3507 101.235 105.8464
41.79623 43.071537 49.061188
54.444946 54.64431 56.51959
147.80278 150.0479 158.54218
36.420326 36.216385 41.300014
66.76065 68.72774 74.458664
68.64393 69.46237 73.898186
44.631203 44.74731 49.64486
40.630276 40.028477 46.35369
82.53356 82.38211 88.425835
55.97422 54.732143 59.48343
67.75102 69.354355 70.92649
34.00664 34.596493 39.493664
49.763462 48.331913 48.299957
63.339916 60.817486 56.49546
64.3659 61.18872 56.32649
53.111206 55.58008 64.78672
95.39136 98.595535 107.51628
76.7554 77.75056 84.67505
53.526608 56.30152 60.633842
74.531334 76.59768 79.32608
95.87096 99.94218 110.05826
72.523705 77.5933 87.90561
85.871506 89.79727 101.34798
82.84901 86.72791 98.6132
75.205536 79.85991 89.53977
94.70062 93.42506 92.83944
43.238655 43.810585 43.308887
36.763954 36.300797 40.657272
51.550182 50.915382 51.275772
109.33229 109.66136 113.572105
67.27946 64.83601 70.4031
69.56285 68.47809 73.59278
96.35989 96.741745 100.35804
64.02876 64.204 68.98356
40.73693 40.23042 40.381878
59.266174 60.944817 60.699116
34.721474 41.38901 39.897
64.79768 67.166885 69.11541
49.767956 50.83973 51.712715
61.679077 59.15088 54.65765
131.89798 133.46301 140.46011
33.272495 32.311672 29.495287
40.48624 38.473366 35.40287
59.289925 55.11695 47.96042
63.395794 62.848717 62.67467
55.492996 55.27632 54.370827
44.572163 42.133274 40.49059
48.482674 44.416298 42.487225
37.828506 37.999332 34.998116
44.12997 45.480644 46.678036
44.353313 43.564884 43.874237
70.7264 69.01375 64.16065
151.04616 152.23187 161.53769
41.277336 42.330086 38.187126
134.27003 138.31671 147.21246
71.84704 73.33667 78.91765
49.82285 52.363693 55.367958
104.17886 104.40928 112.02607
83.28125 85.78092 90.73429
51.097115 54.207916 55.960854
47.20809 53.142002 53.428883
42.86362 47.85611 46.846107
42.039814 46.649616 45.60287
90.56178 93.8939 95.58959
46.12539 52.975903 53.39994
70.14769 76.21102 77.97126
72.471825 77.00713 79.31051
153.51445 155.28894 163.16132
37.145424 44.47293 43.72484
85.84237 90.62183 94.92211
48.78037 53.347805 52.94125
48.562275 52.75082 50.710945
32.76442 37.018124 39.804756
37.523766 39.27093 38.692795
42.63619 43.57248 43.2526
54.433697 59.21583 60.53168
101.60275 103.68267 115.24025
92.55088 91.80052 103.552734
73.92623 74.382515 78.008064
75.50256 75.10738 77.36033
93.31991 93.073074 95.41717
75.218445 75.25356 77.2069
86.88984 85.83152 87.54493
76.12281 75.32159 76.125534
78.57747 83.02952 86.9862
66.61795 68.13139 72.0671
126.289085 129.75407 133.8326
127.89596 131.03854 137.09938
108.6 113.38802 120.06162
52.143513 52.055763 42.437725
65.111755 64.87891 55.707787
103.088905 103.72318 93.42683
46.44457 52.045498 50.01305
70.69743 69.42436 57.974365
40.020065 46.612877 42.15737
45.00702 48.804264 42.98817
74.73632 69.75795 65.918976
81.6769 73.82178 68.13945
61.726288 59.427086 53.719154
56.151688 54.160854 47.281136
61.06826 58.993416 53.213776
59.77599 57.48856 50.65962
64.04327 61.778076 55.814644
62.02604 59.76503 53.813427
59.438656 57.205162 50.3855
59.895462 57.644627 50.926895
63.372917 60.844048 54.68737
85.593765 89.1369 86.356384
106.75384 113.02781 109.48192
86.8961 89.2103 88.352005
81.88914 87.75514 86.4415
53.08627 60.20925 56.722664
63.32875 73.21763 68.79577
111.089195 116.117645 111.49349
87.35401 93.88195 89.07992
79.360214 82.70718 77.80348
69.576775 77.59414 73.36833
74.41476 78.13693 72.76801
70.78472 75.622505 71.64993
77.96335 82.289085 75.92614
92.60278 99.11225 97.30938
75.25646 79.259125 71.84042
57.973873 64.13246 58.71115
67.591415 74.22697 69.519005
67.20597 68.530174 67.88105
70.06017 70.3135 69.40997
71.592865 72.47401 74.143745
89.405426 90.39614 91.23932
70.31979 71.92142 70.39374
78.16726 80.11164 82.03138
70.03448 71.47311 72.3478
91.810326 94.090645 96.112915
91.6671 92.1826 93.16283
79.6096 81.74453 82.67331
135.14287 135.91365 146.95288
70.732346 70.03024 74.79429
83.02491 82.13603 93.623634
78.77941 74.904076 70.71263
92.281685 96.37822 101.10216
71.94212 68.03387 61.676525
101.96694 104.02132 111.83132
97.86524 101.470695 106.75671
70.04976 69.04536 67.97016
61.53351 56.080585 51.63857
68.92907 62.274727 56.810757
67.68476 60.71756 57.52756
50.652313 46.67125 46.28966
41.644745 37.51054 37.030273
36.503784 35.16149 31.71115
82.908485 83.195015 85.08351
91.396255 92.549286 96.39362
87.0905 84.41676 87.70164
91.32176 88.29215 91.4595
77.05858 78.65359 80.30741
99.979385 97.77875 101.27859
100.93667 102.04109 108.64898
73.92443 73.65768 74.1117
106.37689 106.70144 107.43616
87.20795 87.62294 89.50372
92.428276 94.49369 98.66571
96.241234 96.84846 101.07922
66.96845 67.95143 70.58217
61.28772 59.313904 54.032448
65.72739 65.89062 62.038975
91.31434 89.835754 80.73171
64.16871 64.64318 61.47096
65.514656 62.074875 58.073944
50.578426 57.473713 50.045467
85.79014 80.15337 66.096016
77.58196 72.78518 59.258984
70.01209 83.093285 78.127884
73.80128 73.01491 61.40522
77.56689 76.7991 65.31405
76.555084 75.83764 64.505875
75.25214 74.29694 62.957867
77.848976 77.4863 65.99005
105.07536 103.424706 89.71991
99.87754 97.664116 82.934494
97.03866 93.33249 75.615776
89.32127 93.60075 93.79078
80.37234 83.5282 82.47786
71.34899 81.24843 76.71811
75.72591 82.50961 78.03953
71.41012 75.4544 74.929504
73.55737 80.10059 74.571846
86.545975 90.35778 89.924866
56.092503 58.80345 55.51727
85.2718 90.082184 91.096245
47.943916 51.200813 48.0388
78.819374 86.80525 87.18054
89.184135 93.2747 92.33632
96.01618 98.79385 97.879715
95.93667 98.94406 98.05095
76.60716 80.63718 78.30364
79.92997 80.55163 78.004845
79.20136 82.2796 82.620094
99.32896 98.57889 96.883575
72.95479 83.89491 83.480705
73.90416 82.03225 82.32846
80.37094 88.74998 90.35447
50.8388 56.68653 54.482296
78.55966 83.36497 79.851006
98.46304 100.98939 99.95958
80.258545 87.59272 87.30381
85.03639 88.64877 88.59035
96.50874 102.23886 105.214615
76.21914 79.66183 82.30611
69.0586 77.53742 75.77062
76.16065 84.220505 83.12971
68.310394 78.13113 77.93876
66.58051 71.84869 70.496185
61.84692 69.008064 69.19632
70.7469 76.65858 75.67818
70.68004 76.60551 75.64515
90.45086 93.41548 94.356445
84.77756 88.84353 89.56236
80.741714 85.051445 82.45527
72.44187 78.54943 78.14467
68.39846 74.96886 74.612785
67.91475 74.52101 74.544495
78.08708 81.03227 80.521355
71.920425 72.51092 72.15711
74.544846 83.69552 86.216064
28.765173 38.1543 34.5795
45.14531 46.407192 42.345367
56.64602 63.308308 61.240364
52.073277 58.45315 57.009106
48.133915 59.6691 59.902973
67.52585 71.59779 70.93835
68.94343 71.4582 67.2834
66.67452 71.58521 67.79986
57.93255 64.71866 60.87354
57.838394 62.57457 58.86936
65.16204 69.42102 68.860664
60.633263 66.879456 63.290443
57.12011 64.25121 61.115818
57.057125 63.679108 60.78788
60.348324 64.91724 60.849586
60.440365 64.90854 60.819427
81.55856 86.94839 84.84039
78.43076 83.235435 77.827286
73.98692 74.43326 68.8562
74.236046 84.5717 84.35337
64.91242 76.99478 79.121124
26.452835 40.194054 41.270786
48.04428 50.397186 41.755314
47.959026 49.945282 41.542034
45.977905 45.007973 36.717415
53.184223 51.17709 42.196056
74.2047 70.050514 57.99884
57.272552 55.107582 45.42105
37.39336 37.741306 31.74325
29.833406 30.761171 25.688646
54.530174 53.08653 38.771843
63.715034 58.952965 42.66052
69.30793 66.0785 48.74676
41.18968 41.431232 32.99423
87.717094 82.44852 58.54331
47.505264 46.61908 37.428883
45.76874 44.54838 35.996056
55.694332 52.76178 32.4223
40.512543 38.582573 21.164217
43.819748 44.72159 27.77654
112.923065 116.683975 110.7699
104.18861 108.782425 104.89471
90.56207 86.18507 65.0562
121.62694 122.20052 122.13568
118.08407 118.24222 118.48169
37.939045 39.87882 32.700245
87.20438 90.0089 82.929504
124.033844 113.4174 108.5621
90.26014 87.20916 80.40577
81.79429 79.4296 73.07951
88.961754 89.85973 83.450455
96.05916 92.069595 82.4252
62.468002 59.94331 43.804264
46.045555 44.657272 36.55685
51.057156 52.92965 46.00864
78.51414 76.909904 69.79217
90.07406 86.552765 80.521675
85.994286 80.38678 75.82218
157.4299 157.1026 160.28554
120.97915 112.7844 109.49465
118.39609 114.38846 106.717674
153.92322 147.95099 141.42972
114.93319 109.593124 104.311905
145.05748 144.72893 143.70718
99.43657 95.338875 91.93406
134.92162 131.37898 121.904945
140.08525 136.50453 122.812065
140.21481 134.96303 126.41998
92.08311 82.25228 68.67568
150.99144 144.46237 137.60072
117.472496 111.75424 109.54084
134.16972 131.96967 128.64465
105.13647 101.99023 96.67812
97.595474 93.86458 82.07841
97.4925 92.525795 80.44419
140.9382 138.52765 130.94238
115.17512 114.6203 103.523766
87.82856 83.14027 72.829636
111.70062 108.2473 98.93322
116.31962 113.152504 105.47467
106.881454 102.86855 91.21093
100.36456 97.79469 83.757835
91.023254 90.70091 77.17167
92.01073 88.54404 77.93298
135.48192 130.5081 122.36746
86.11898 84.38788 73.63706
105.54586 99.82239 88.833374
109.43364 108.67357 99.802925
120.84628 118.909065 115.08067
97.25173 98.44707 83.258255
103.67484 100.30042 93.11779
102.58344 97.926254 90.497696
81.84677 81.0787 73.94018
98.65231 98.473366 91.36993
97.31237 97.50109 89.5833
29.069016 31.892532 27.467478
95.258286 103.71118 98.00966
0.32118312 0.32071915 0.3197042
78.287605 78.023346 64.72478
89.65368 89.21207 74.84237
83.56555 83.40029 70.13954
83.2078 80.80183 66.21557
69.69856 67.74238 54.66252
65.88401 64.54464 53.356533
81.287025 80.446686 68.49335
5.5433087 5.5430765 5.5420036
4.5019865 4.5018992 4.5014935
5.640684 5.6405973 5.6401916
6.845353 6.845266 6.844831
7.030941 7.030738 7.029636
5.68856 5.688444 5.6880093
7.352443 7.352327 7.351892
6.492765 6.492678 6.492243
8.63822 8.638017 8.636972
8.879281 8.879223 8.878758
9.3126 9.312571 9.3120775
10.825374 10.825141 10.824068
8.272495 8.272495 8.272002
10.715064 10.715122 10.714542
6.8740034 6.874061 6.873452
5.6549225 5.6550384 5.6535597
