0.0 0.0 0.0
0.0015348501 0.001504755 0.001203804
181.01517 60.413357 38.84862
140.47159 131.31778 118.94652
140.82 131.95982 120.22911
95.89334 92.3854 94.625374
117.15363 112.50879 109.97541
96.28338 82.44938 74.359245
36.40493 27.662544 30.383743
18.408602 15.549295 12.295203
76.58496 63.65192 56.984833
77.73056 64.6475 57.859184
82.66098 68.1871 61.35831
73.59001 59.852383 52.17139
76.88088 62.523655 53.672417
39.88633 35.463345 25.902672
32.329903 33.274677 13.578247
44.67112 46.293278 24.035664
43.433823 53.41239 39.754875
92.07578 97.92855 77.28021
75.72948 89.21756 69.11096
55.503128 74.108826 54.89244
91.43774 103.47556 89.51724
59.97093 72.261856 55.33559
60.60765 73.36231 56.251656
95.951904 97.7268 66.14879
114.900116 111.15086 87.7162
49.71223 49.732754 31.489317
33.58162 38.92669 31.406223
87.39948 84.37995 66.27035
61.161278 57.50355 44.78103
34.17142 34.28193 22.220718
64.50972 59.862644 37.69929
39.27868 37.174973 23.27555
46.027897 44.991936 28.169497
132.75641 133.64389 101.2568
90.55715 102.18051 77.0412
81.796135 96.00316 64.80601
76.30059 83.48426 55.836643
113.051674 114.57758 77.73432
129.98044 133.85124 96.11358
99.287346 108.738625 88.61656
126.43743 110.83896 55.910736
112.96828 118.18132 84.248344
111.9034 114.75421 85.643524
124.3804 139.56116 129.54283
71.368576 96.60789 79.41805
112.606026 114.53861 87.20829
116.529915 127.01574 102.04231
126.087456 125.64223 91.71377
166.65247 145.62752 90.766884
81.48615 106.10455 91.35657
98.57057 109.93885 86.04644
73.79279 86.599915 73.03533
108.02582 117.50978 92.250244
200.16971 201.26225 193.24368
73.6818 89.07912 66.98005
164.20483 133.55453 74.54276
149.53563 118.94757 50.631847
95.37986 88.33797 58.56726
92.861984 103.51029 81.40493
141.41151 131.62685 106.713615
80.1945 89.76387 77.051796
141.83438 126.32268 91.748856
120.26755 130.39891 96.73799
145.07349 132.27663 102.33198
205.12047 162.87297 62.079453
93.88401 81.99726 58.894787
137.02585 112.1035 40.66468
94.453804 94.16516 78.836044
97.46843 96.571266 79.54644
84.157394 84.198 65.32614
123.9755 109.18924 89.520645
128.4363 126.74994 109.079544
127.97948 126.286476 108.65956
118.2627 111.175606 82.467224
80.37607 83.68102 58.254303
118.873116 117.102295 86.53479
105.994736 100.99076 78.305046
114.589775 107.72818 89.45257
118.65475 112.00758 94.1688
129.97632 118.07885 91.17937
85.98035 81.16603 61.05715
88.6958 83.79042 63.41125
49.371494 51.16811 38.129257
52.31588 72.3287 60.95796
109.40598 99.35482 74.525734
38.960186 42.910046 29.095402
36.87694 42.995155 35.415432
39.357742 33.690712 24.343565
26.48447 26.262188 18.950493
33.43018 31.258186 21.076773
32.228905 28.617943 20.62685
28.910948 29.605635 23.562357
36.93343 29.7246 18.134405
42.476555 35.52859 22.359215
30.158962 26.940773 18.710876
33.30035 29.175484 18.565878
25.186289 24.267456 18.108221
24.167961 20.139702 12.864903
19.925274 17.347689 11.824877
48.271877 35.665615 20.078157
81.61268 76.280876 63.49341
81.34095 74.61144 58.852623
137.02287 151.1624 139.90517
113.38973 116.61427 104.30333
98.41811 108.00003 95.4647
93.92245 93.77035 76.98943
107.14054 112.64015 97.204704
126.28027 128.04773 111.22276
104.42895 110.977516 96.285576
114.844315 110.9922 93.94472
98.026184 101.961296 87.61827
133.14272 133.5026 117.285576
115.19986 115.818886 102.89704
45.66793 47.94944 42.292736
100.68885 98.663086 80.48923
93.86767 97.48847 81.87896
95.62104 100.0945 81.922386
88.35759 91.951515 73.83029
102.903244 106.287285 83.098625
130.0169 125.44974 101.753944
115.14238 103.49037 62.418564
138.59917 133.28 107.13651
86.671814 77.9839 55.40547
85.83962 85.19814 71.2463
62.878357 63.477608 45.40135
59.957626 63.283615 45.59182
99.97204 93.524376 73.2708
107.66462 99.53566 78.96828
56.477398 58.222343 41.141148
66.48739 60.541412 50.846333
85.59643 83.5957 67.194565
78.33598 67.431564 52.738655
64.25842 59.96551 46.166546
72.69806 66.84275 45.04683
145.02937 133.0997 114.79878
75.618004 71.102715 59.637356
96.49681 98.91107 82.304054
24.24383 28.157969 21.594288
82.21226 79.04644 63.216084
39.045322 45.55986 30.751505
71.5601 80.06919 60.004242
117.0229 115.258965 93.68331
94.85296 85.78587 61.76631
82.12673 77.03524 54.59534
64.24856 75.129616 58.172085
155.8159 141.8444 108.5372
98.82777 87.337425 65.24588
105.93505 96.91504 72.63931
120.20784 114.504486 90.02964
164.78244 151.63025 101.48564
163.22896 148.9089 127.25752
52.72752 51.0 33.98122
98.703354 94.241844 71.0192
123.77615 111.85157 74.097565
160.06374 156.09384 138.2571
76.962204 65.284065 40.58225
113.94059 108.47207 80.848564
118.03897 110.46187 84.89057
100.72087 96.11635 80.27736
108.81251 99.58583 76.14003
107.53852 103.585075 81.364365
92.33171 98.2181 83.441795
98.110085 94.738716 77.643555
112.6354 111.919014 95.475655
112.8473 112.06326 95.52634
114.16703 113.0985 93.327614
96.951996 98.50864 78.77956
87.11536 84.10756 69.16013
88.72231 83.27799 65.28287
101.51908 96.454735 74.002525
103.426476 97.5836 75.65869
101.53109 92.26231 68.51755
92.954315 81.32527 56.720387
101.16618 90.01529 67.236275
129.06886 109.81446 90.24404
77.080444 86.64693 63.670277
69.06675 75.44294 54.27477
93.5824 87.31624 64.303535
88.28001 86.81486 64.562355
54.430058 78.70883 56.711628
72.99741 70.79547 50.570694
67.15222 72.85437 52.407608
105.51812 104.366196 76.51427
42.06058 46.919163 30.031721
46.74654 50.792553 35.31612
49.52904 51.851723 34.147316
53.858192 56.792824 37.37691
42.53801 45.508457 24.552727
57.435204 61.84766 41.0988
90.511284 96.60931 77.24639
42.20239 34.039635 15.5935955
39.482185 31.286987 14.456843
53.46467 52.79138 36.03133
54.52474 51.589985 32.03452
34.881214 35.018147 21.597116
44.903755 41.28109 24.122246
55.726555 53.69899 37.193573
57.897617 51.923107 22.825508
90.219215 87.14879 58.796104
21.455097 33.770977 21.826412
82.27973 80.83499 53.722946
89.6852 88.435715 60.017998
47.916756 56.031208 34.304623
52.889763 63.6267 39.213436
50.99305 53.409565 31.89566
40.65857 53.03208 34.78831
51.979897 53.807842 31.923649
77.84335 76.160614 51.110477
78.61274 76.631996 51.176388
85.81994 77.16799 49.407097
77.0136 70.57939 44.779976
6.2596908 25.540478 16.486216
82.695076 77.30101 55.239075
71.40553 65.02257 43.96268
68.43072 61.846092 41.95591
66.408936 68.32777 45.207294
66.19469 68.243256 45.111862
52.966656 49.01177 24.236397
88.61683 94.16405 71.57295
72.38458 70.317505 50.29117
115.109634 102.89521 78.49203
86.850006 81.98191 53.007706
85.11918 76.54174 56.65842
108.74055 101.87893 74.752556
117.241875 107.39707 81.51219
104.05986 98.703476 76.593506
137.62755 142.73573 129.15337
105.03244 102.33887 84.916275
101.726166 85.91763 59.92738
94.47466 80.413506 53.03521
98.25695 87.646805 53.76571
108.94893 102.33213 78.166664
72.292404 67.2682 46.11692
114.29114 101.06272 74.11349
149.62733 143.22038 117.83595
107.527596 93.98808 61.53205
150.44252 151.68187 122.29601
79.09646 76.141174 55.88883
172.0746 165.84511 136.71347
118.5093 114.997475 95.76339
63.290115 59.110992 33.233177
129.28079 121.95576 100.63113
76.871346 71.099945 47.046947
52.961296 49.14885 34.2398
104.75752 92.71163 70.55884
91.01857 75.114815 46.23766
108.9285 99.601906 73.75184
136.22873 145.35486 129.16309
85.43737 75.51111 53.979176
119.608376 97.7736 76.44288
119.25105 108.787285 85.65427
91.88783 81.99633 60.68596
69.0143 61.953022 48.97514
117.18954 113.03175 96.08628
154.31395 142.88106 121.13669
122.84742 94.09513 70.1397
75.15577 65.16414 41.717136
82.43 73.01105 45.254875
90.665825 80.28819 54.697876
157.59462 146.44655 129.59688
17.673018 12.566901 7.187763
93.44568 85.790504 66.42711
109.568794 95.339836 75.786476
101.96867 92.94559 77.18701
87.58321 77.15249 50.88591
134.60245 123.381424 91.85058
113.61282 101.08481 79.81991
142.96815 129.83466 100.43665
95.46343 81.767456 53.436016
99.33668 88.98901 59.634377
107.997444 95.37748 66.91267
103.008965 82.86689 51.732185
135.48991 117.49082 77.976105
41.988262 39.666096 30.412785
203.24217 188.65816 156.19884
121.24118 107.94481 79.14114
165.72571 146.48273 102.86214
108.24961 99.90733 83.81395
104.8256 93.79598 78.42347
190.65999 200.00436 178.26842
57.482998 56.1236 41.092934
73.66149 74.48203 54.790718
59.33842 63.855755 53.748344
83.90682 84.051765 71.08083
102.756744 104.68078 95.85624
92.705215 99.64292 91.994194
100.71711 112.3687 106.29698
105.80971 115.803116 108.81699
117.28437 122.473755 116.570335
108.4938 103.70576 97.48185
167.53535 178.65625 175.38034
114.999306 120.83216 113.991394
117.207504 122.68361 113.85957
105.368065 115.78052 103.09212
108.22863 105.7537 86.15755
107.31618 105.501144 93.260864
122.03072 118.12372 105.417175
112.44444 104.666245 85.09651
145.70444 144.33862 129.33963
116.440445 108.32045 84.769745
121.20281 112.57334 90.61087
118.5031 110.52736 88.92344
125.4303 117.928734 93.84754
130.04977 125.79189 106.9145
83.92735 66.19664 43.21452
89.93704 81.220024 55.530636
80.31603 74.58261 56.197876
61.200462 51.235947 35.042946
61.384617 51.574062 37.342392
60.279163 50.4947 34.54782
58.256622 48.790207 32.678795
47.115925 36.257915 17.944534
55.917057 54.52844 43.348682
100.463524 95.19701 77.91507
86.77275 80.00144 61.96918
78.90484 61.7119 34.04659
54.488415 45.919163 26.859577
98.343506 82.631935 53.814823
162.91534 145.06013 121.196434
79.751114 65.191734 44.292313
79.09522 65.16748 47.20498
111.37321 98.979385 71.42296
178.96397 163.39536 140.0853
149.1668 138.85982 110.72044
66.32885 60.689056 40.175938
77.77747 69.05186 46.945797
62.580444 55.777115 37.586254
95.81528 92.81025 69.32343
98.37228 91.68081 69.50361
66.837814 64.90472 40.00975
26.495577 26.557451 14.506411
59.252346 51.8039 31.62336
67.07262 54.849976 24.915644
75.67085 66.45441 33.720566
48.94613 40.14271 15.597508
64.30625 55.115807 32.68346
65.087036 55.602924 32.81022
64.2866 54.777927 31.961899
66.11957 56.95591 34.999336
64.30757 54.7054 31.866648
63.956814 53.987602 31.273415
63.46479 54.172657 32.474148
65.049385 53.628475 28.529072
54.938484 44.746628 21.62035
74.88636 87.19279 77.41486
108.26547 123.61867 116.7856
70.983505 84.493286 80.53374
104.29096 109.34592 104.09332
103.78241 113.13928 108.726135
108.88079 116.412155 110.99404
109.45239 115.20534 110.28988
90.61169 101.212654 95.47665
84.93647 94.406975 88.04601
42.556488 69.45447 68.36607
24.489136 28.15821 25.885098
34.26303 52.74955 50.58628
53.235523 58.76652 56.18939
46.24726 53.667118 45.111534
55.738743 70.55697 67.17955
49.994793 70.445045 66.22204
69.29216 94.002556 91.65102
63.82009 84.36259 80.4616
44.865234 54.166397 53.35738
39.39608 51.880795 49.69962
52.206573 67.997925 65.859634
48.194534 59.58219 57.59504
44.13642 54.935745 53.002167
37.090015 61.503853 60.985104
30.051733 39.369205 35.76622
1.9308414 1.0591971 0.48910558
45.694897 42.423256 25.363699
69.830956 67.73119 51.900356
65.423676 62.023293 48.151558
38.159443 37.486908 30.578518
50.32611 53.062145 42.636513
38.683792 48.55628 43.15812
51.4142 53.975292 42.308323
41.58905 43.026215 29.302244
46.808292 47.253613 37.181953
29.016552 27.046227 22.295414
55.14581 53.42109 42.32909
32.644787 29.958138 21.086163
55.37405 47.381485 32.47475
75.62652 64.69854 44.606476
86.366615 78.44147 60.59131
92.42118 82.99046 64.94167
45.224117 39.3578 26.35771
47.26177 40.92037 25.36069
48.383713 42.574455 29.840647
69.53013 62.86701 50.50295
72.2955 71.2816 56.599316
83.56094 72.32563 57.740852
83.71987 70.397224 63.451786
126.16883 115.85355 98.18653
77.548935 69.19017 51.58806
39.707474 36.172775 20.421572
73.496025 68.70467 51.821384
92.25506 74.998825 51.343353
84.622246 71.37231 50.01956
56.533466 56.874172 50.226013
72.26565 59.513752 36.229477
104.5611 73.31088 44.142017
110.03253 68.22646 44.77203
83.50668 53.30128 26.682617
99.30206 72.56359 42.099705
77.772514 63.381516 41.130463
92.969574 64.204285 40.06648
49.561996 42.233658 25.928314
128.08812 103.53668 85.57786
85.22623 72.73805 46.831467
55.88919 56.497562 41.21798
90.39846 81.68683 64.267365
66.65147 62.75307 43.98402
72.2394 63.077827 48.572437
68.73228 64.04126 44.967827
39.57888 39.115685 27.658482
45.86734 48.556488 34.91772
27.052757 29.330173 20.393253
52.02573 47.002228 31.213465
88.37983 81.211 58.03524
58.73405 53.69652 34.036987
63.705036 61.327286 41.366108
32.510414 24.905922 15.109967
66.597 57.864662 39.66149
70.05619 72.01622 53.855724
69.75313 70.59185 52.03858
47.065067 49.160347 31.440472
59.95585 58.57355 40.456905
55.097176 60.837425 44.12306
90.32692 87.8157 64.40382
40.043457 43.5849 26.084839
88.6731 94.34937 82.9829
89.3578 90.32749 70.410194
95.89097 83.2051 62.273685
53.872246 51.296738 32.35452
54.460815 55.132267 37.039845
49.48092 53.73372 37.795322
83.32593 82.66137 59.859547
93.52699 84.37228 59.532143
68.66754 61.54087 41.322227
40.837215 44.578457 25.126158
81.77693 78.12297 52.30673
130.6614 128.85289 96.69565
51.67708 56.95594 39.735855
111.36186 110.63049 90.62601
83.69637 81.95284 60.581165
83.12342 79.28563 54.95612
44.716053 37.9808 23.772963
39.749096 50.165974 34.12565
81.24786 73.79541 56.279613
115.851845 90.327675 64.45167
76.64337 75.45438 55.174553
91.21831 81.61562 60.96193
104.42735 99.1555 75.855156
70.95693 64.17079 44.62459
57.640785 74.06389 73.63775
139.6825 160.52092 165.68866
86.59898 100.58866 98.95961
80.38119 107.72731 111.854126
88.870926 106.80396 112.42262
99.52146 105.83125 96.12321
62.408543 72.78765 74.80769
25.20594 31.90866 37.513424
76.87035 96.46419 110.01147
149.17754 139.9932 116.27272
43.030033 59.37589 47.089233
76.69107 101.48011 91.34287
51.368214 69.54969 53.401768
41.529762 41.2317 27.732965
74.5985 70.58902 47.578728
44.352234 44.90469 27.057783
32.149002 39.912907 29.21148
83.0152 81.069305 55.718792
57.22698 55.530605 34.311817
65.00957 63.14169 41.52811
76.91832 74.20332 52.978603
59.637535 62.08761 47.625828
62.495667 63.59143 45.56753
110.44917 95.78265 57.42515
96.56206 76.2853 43.45877
100.3724 75.5294 42.902554
93.25198 78.54493 43.329212
66.902916 42.350426 17.606266
81.2531 51.692818 28.141327
96.661156 62.703896 35.283016
64.1072 39.091038 16.836042
91.6143 71.55074 41.104248
59.419495 39.55673 21.608492
68.62201 62.387054 22.659895
64.416214 47.07933 23.982815
74.89111 53.814613 24.037498
98.84164 89.88278 57.368393
123.28512 109.900566 72.54126
57.365444 42.458076 23.444233
39.544662 31.638378 18.445076
94.57464 79.39057 50.91489
92.469696 89.338356 64.40484
66.565216 63.431744 47.840347
67.04397 64.190384 49.457447
92.44014 84.7357 49.252888
79.355965 63.61289 46.171993
94.77317 86.99503 64.08469
114.438965 107.57193 88.674644
135.51628 129.19803 108.356834
63.751114 50.13242 20.106567
95.726166 88.48339 67.8176
141.56952 135.78572 114.44324
71.05703 60.43713 37.59883
88.118546 82.66444 59.306187
94.68677 90.85329 64.295296
91.239044 84.118034 65.70561
64.317924 53.125256 19.830084
134.08559 129.80296 110.23901
101.101875 93.61186 71.45558
99.53957 93.23685 72.37788
99.12534 90.87306 66.6846
15.357951 15.023143 10.495696
19.815638 14.427441 6.628927
134.6976 126.557785 105.31489
91.17413 81.16895 62.3643
9.228964 8.773444 4.3794994
29.862043 31.005507 22.410135
89.23691 84.35527 53.336853
76.043304 73.74477 53.028408
104.428406 96.13167 47.71572
91.599464 83.275764 44.853706
68.00147 71.59555 36.643314
72.18192 92.959496 47.17446
64.46557 70.87802 32.190052
65.46798 58.74353 26.398941
73.12466 17.870682 5.5226917
80.944084 69.987 24.371645
104.34612 69.15574 23.871975
114.84868 108.77634 77.55273
106.04782 103.70811 55.25954
71.400024 71.80189 31.327887
54.954197 59.91742 31.780878
98.00506 101.5471 67.2788
76.03717 60.16146 15.335199
72.36282 57.301495 15.596907
68.24497 63.143433 27.57605
94.29993 86.18217 31.764114
32.57957 33.419193 11.416306
70.785545 58.703114 21.289154
67.239044 62.584385 23.895992
34.941345 57.912575 35.158813
83.206215 70.223366 25.529072
79.36147 70.03813 23.006771
157.76727 142.82295 47.40845
111.82614 113.963524 91.74961
93.69023 83.932976 50.24449
54.780334 65.03581 31.153425
67.08493 73.3436 24.049807
75.63272 71.76083 22.902822
101.458435 101.18469 52.027084
94.2996 91.24537 58.51523
112.13579 77.118034 17.640574
133.83667 102.1447 26.154118
111.44619 99.82581 32.899693
15.4518175 17.22821 5.8441677
53.198837 55.653847 28.036505
123.35332 107.76535 40.884766
142.80621 130.4851 86.75346
107.34185 90.19435 21.757553
73.66318 72.280815 17.334568
110.20284 99.76881 39.607018
102.88967 73.777626 22.393192
42.119057 39.929096 10.187523
51.52215 45.92645 24.280787
108.95091 82.83866 34.762398
62.80977 61.443333 31.831617
86.25319 69.07566 31.283707
61.368004 48.302246 13.23104
95.58571 70.64232 23.381756
58.416336 53.817204 16.18006
75.522 60.63937 20.271097
77.16149 61.21542 15.627513
52.384346 50.85503 12.577164
101.57662 81.444176 30.9272
88.976974 83.59597 25.804592
61.754364 59.31666 22.296316
102.00665 94.62158 72.160706
73.20094 78.368454 54.302906
32.767124 41.25629 16.950764
77.08673 76.38398 28.293097
90.7602 92.489075 62.490852
54.596725 51.25024 22.74991
57.5846 50.014175 14.673469
73.84215 58.751476 9.34492
82.7422 80.978455 66.05414
78.56269 55.6106 9.069189
100.89674 81.03121 28.494371
96.72038 80.16315 28.721048
95.57981 65.05351 15.263151
53.858463 48.731644 8.866076
95.50262 83.55183 17.856115
37.03819 42.880764 12.318677
101.24545 63.216686 6.6074395
66.328156 36.95474 3.6987782
87.99642 78.0678 55.739166
115.38396 63.371254 10.358011
72.97078 60.148067 21.32644
54.248707 48.964367 13.777145
80.2751 69.78894 32.319458
120.33616 108.776726 52.65198
131.27473 126.59143 93.018295
110.24612 90.26712 58.489468
119.482666 99.016495 64.62023
123.55254 98.40117 63.9489
66.50605 53.381424 7.624082
106.36189 99.05228 52.910107
136.29773 106.26637 51.303932
98.908905 74.71241 11.676117
128.55959 100.78013 54.324215
153.1639 107.19893 40.624474
83.62195 71.17813 38.916515
128.19908 107.711205 62.447636
61.559288 52.92991 29.304502
78.173225 66.35584 38.309258
169.89108 152.64418 107.80534
131.92444 110.76682 59.61072
131.1937 110.32698 58.828125
0.0031298904 0.0030697002 0.0031298904
89.092575 100.212685 78.89807
69.14973 76.64349 60.705097
49.93274 52.083393 37.535934
86.424614 95.6369 68.211296
85.11132 95.04316 67.88332
47.81883 43.400414 32.448265
142.05426 118.63498 87.05856
163.72418 129.81476 89.64304
248.15872 239.39362 219.92853
5.5070724 5.503491 5.5070724
7.271187 7.267606 7.271187
9.289485 9.285904 9.289485
7.056639 7.0565786 7.056639
10.599494 10.595913 10.599494
10.164319 10.160738 10.164319
8.311033 8.307451 8.311033
12.538491 12.53491 12.538491
11.5951605 11.597358 10.635518
9.551794 9.548212 9.551794
8.8475685 8.843987 8.8475685
13.914139 13.910558 13.914139
5.2490973 5.249037 5.2490973
