4.3748948E-4 4.3748948E-4 4.3748948E-4
0.0016153458 0.001817264 0.001783611
3.1457849 2.8374894 2.3833418
247.48508 247.57227 245.45244
210.07828 215.19586 214.70995
97.94683 64.96436 51.301193
15.726065 13.805755 7.6883054
3.5494869 2.2606428 2.3659432
3.6035335 2.3151944 2.4248023
75.57342 83.79075 73.268654
67.49285 69.33031 56.34363
70.43702 72.55268 57.837826
5.7217565 3.8375905 4.0087833
125.55608 123.37382 106.73087
161.15025 142.93652 119.79391
131.94777 107.387276 83.02847
122.3263 113.60091 95.75601
96.52556 92.253075 77.020256
77.06767 70.88599 57.466164
149.77849 146.58058 129.8483
101.548744 98.73986 82.194855
111.89477 111.64173 91.63837
81.648224 78.50634 65.60963
53.636784 53.426586 44.826214
81.51866 75.5299 63.02241
75.98553 73.03911 59.00811
90.29039 89.682686 77.85098
65.50153 69.79428 58.617905
68.32704 70.53912 58.067307
82.693184 81.56312 65.80296
71.03368 75.14027 61.17355
85.04301 79.90439 64.089584
73.7223 75.279526 61.57089
50.736362 53.60054 43.54595
68.10039 69.13017 59.38664
60.513042 64.01225 56.504055
101.06808 100.343025 86.36012
138.53477 135.16368 124.388016
6.394077E-4 9.08632E-4 9.4228506E-4
68.6144 77.15315 72.44048
62.740704 69.59549 64.3649
72.11055 78.1687 71.7931
69.82692 75.59741 69.916504
79.25095 80.91846 72.98798
110.9755 112.68598 96.654884
103.71539 100.71651 83.51196
92.40485 100.3751 108.058556
113.07858 103.70473 99.09877
110.86007 117.48854 106.26465
152.61673 149.58371 139.284
124.014 101.66098 89.34841
85.91826 79.70661 67.9726
46.953224 69.79505 70.09712
69.995285 98.98836 82.10399
65.66862 77.17459 76.690254
122.27865 125.06256 116.4039
129.32707 130.71645 122.67212
140.57053 127.28908 114.003365
140.95952 132.98425 119.63379
137.34256 128.07474 114.079185
129.1113 126.7264 110.30873
152.23459 141.71788 124.82201
121.216965 103.37351 84.66613
145.7504 136.17725 116.03459
127.35137 124.56965 107.71378
141.45671 129.03416 102.07397
128.5047 118.26983 98.86047
154.22942 139.09227 120.361534
133.71422 117.22578 97.14733
140.48212 122.90419 107.04671
142.02722 125.05455 104.116035
152.29874 125.89026 92.93747
173.89827 149.512 124.44062
131.56366 113.78795 88.179436
152.25327 125.7788 92.89675
71.4003 87.54316 75.74696
60.4001 75.50981 62.918324
90.45596 98.63914 77.325325
89.50752 99.083595 77.28841
92.54235 101.89823 80.704895
63.571766 73.994316 61.31193
61.12822 75.01703 64.052635
115.55322 115.57392 102.86953
149.20024 157.21104 143.1395
97.1059 105.01309 94.82234
88.97708 88.51714 78.97964
104.04351 96.22208 86.81881
111.87922 102.738815 90.4665
125.50409 121.10173 112.35164
97.93798 89.66687 77.93872
96.23621 88.72492 76.85947
94.02013 86.012924 74.71772
100.754234 98.4135 86.11442
52.24903 63.173447 59.305874
28.226418 51.63439 53.373447
27.8736 52.68053 56.026485
35.591957 55.33774 57.477066
28.525257 55.541645 56.929665
40.22763 55.256973 51.034664
65.0875 73.331856 64.25513
23.479757 60.12169 72.46932
21.057613 53.581257 64.759315
21.93993 55.14444 66.2878
20.555376 52.85085 63.678547
21.32253 54.72024 65.10378
36.870403 43.777855 37.064175
111.66458 103.66179 91.059906
58.972607 55.820225 46.29928
85.00892 78.894264 66.95941
114.00357 107.49281 88.23651
81.71556 82.755714 69.38657
49.356586 55.078915 48.58957
60.251858 65.617065 56.719234
65.662056 64.84385 54.917282
77.733505 79.04193 68.47552
64.71563 69.27562 60.771427
74.46555 76.92559 67.81881
90.24815 81.52613 63.091335
93.853714 92.22578 81.217064
98.64123 98.866295 87.14427
86.74057 88.75171 73.87383
71.82467 72.001854 59.53895
89.8878 91.034325 84.50543
61.692177 62.05189 49.526333
51.64984 51.49413 40.03389
57.745346 53.974792 39.87057
60.78903 56.99559 42.512535
51.840755 39.55699 19.276796
37.653812 47.250748 28.091637
37.609962 47.561604 34.724346
53.138348 52.324585 34.49275
59.692547 61.33128 40.24698
56.331585 44.70254 24.641056
64.437454 57.790913 36.401314
43.444927 46.458286 27.823355
69.81141 65.9647 42.507183
54.878242 57.17607 44.772137
128.10667 128.04341 103.29652
88.20286 88.020966 60.67138
115.583206 116.42366 76.71863
120.97257 115.877365 74.826416
117.46034 116.48218 79.19556
87.73556 92.63224 66.309975
113.40835 117.90725 80.2625
97.52206 100.859665 72.84644
93.990074 113.73013 87.21084
108.63513 126.21888 97.64758
129.02881 114.0882 70.989975
40.149654 59.69127 49.07232
76.413864 80.743095 67.03769
72.8704 78.16426 65.30917
72.789604 78.07074 65.34939
25.642538 45.64439 37.58977
20.140804 43.09847 40.822815
45.820393 53.712402 38.461887
39.38647 48.129364 33.53892
75.07356 78.95141 73.63641
103.44728 106.72724 98.76628
96.37665 101.5754 94.76614
70.20064 74.70988 68.15608
79.83924 76.22628 63.765606
74.80862 69.94299 57.11136
80.14151 70.89911 54.518425
75.18112 68.69167 55.509674
85.90005 76.99475 60.515396
62.218105 59.71523 47.48457
68.83025 62.100254 50.217667
52.007572 54.629715 47.902306
60.74629 60.967896 51.38129
52.96823 57.99714 49.119164
70.720245 66.79075 54.169476
67.48312 63.067978 52.207336
73.919235 70.37355 55.638397
73.394684 68.51156 56.186943
81.99287 74.45307 59.768196
83.96844 72.24328 55.28191
67.24772 60.350227 44.77318
28.537943 32.823994 24.919266
28.701195 33.15107 25.078209
28.613394 33.294228 25.337305
42.257175 43.693825 34.62736
48.993473 52.105637 41.82356
110.75043 100.75679 87.60784
126.98883 115.46428 101.63668
92.866394 100.65637 91.56214
66.59535 113.03597 100.899414
61.894196 55.015816 38.153896
50.156925 41.79216 36.348007
1.1032475 2.1076896 1.7640586
132.08794 133.02998 110.47121
147.08925 136.88281 119.63729
88.39593 91.931816 88.38792
83.97066 58.060608 42.8105
88.56217 64.441055 47.84136
91.26004 63.474003 46.01134
78.80727 58.161163 41.81067
32.95844 40.21107 30.1122
48.48191 60.544373 49.003128
41.36426 46.205284 36.219955
42.860138 48.565002 38.649166
30.698671 38.1228 29.277672
86.04701 90.315125 80.589096
81.66892 86.49288 75.00603
31.524046 65.50681 67.44207
35.026382 45.561802 45.540436
54.10863 84.44213 83.689384
62.050346 90.19428 88.04768
34.43705 67.23546 50.598007
23.114185 54.21962 39.295105
21.192293 47.32539 33.113377
29.286926 53.19549 39.781994
18.209423 42.619823 28.195759
39.741173 67.78529 60.33007
97.88504 98.64994 88.22262
74.23779 76.99239 64.00454
76.91375 87.29981 69.678986
113.493286 104.08767 80.82033
121.33219 106.21989 81.50705
78.91311 99.1784 91.913376
76.15046 87.66112 80.763756
49.41706 52.18055 39.330708
71.5227 83.91873 56.999966
77.179 81.9652 63.01171
104.316574 86.305405 62.36298
73.790405 63.364666 48.115395
111.05334 86.65115 65.779
72.93071 54.9017 38.870773
119.079895 87.59014 65.8177
153.06636 78.194176 66.53555
96.13135 90.2421 71.057076
85.881134 84.56756 62.148544
106.77607 98.39802 74.50574
87.30291 91.376175 69.38677
93.466736 95.332695 73.058624
91.107285 91.27737 73.012856
153.1678 76.44429 65.11375
124.65135 63.438534 52.442303
79.56298 77.22029 63.180584
103.16779 45.02615 39.01723
104.278885 88.679924 68.75655
103.933235 89.24617 68.64021
101.648834 88.522095 66.406296
120.3825 99.091805 74.05169
116.66323 94.46455 63.877705
118.294365 108.91843 82.236984
168.26292 155.03023 108.552216
101.65421 96.51681 74.558975
94.5225 76.82403 56.79872
95.079185 75.98849 55.857815
87.32041 88.673904 69.2843
62.520344 58.365204 45.6769
61.177418 58.991283 52.47639
56.045803 54.087902 45.04809
60.275684 65.35087 59.34461
68.009926 69.122734 57.1507
71.28387 71.56069 61.73623
25.347904 42.90843 38.37321
112.984116 105.097595 90.41477
133.94942 123.09702 107.96039
131.48615 120.0212 103.38348
175.51735 173.37746 158.47623
94.748245 96.36433 77.59845
152.23422 137.72603 119.18105
91.39246 83.532455 69.16961
100.89887 92.908966 79.842064
94.2562 100.019684 89.33098
128.10999 114.22423 93.337234
128.45518 115.917076 95.309006
129.62834 121.3475 102.058655
124.51122 116.14683 94.027695
135.41669 126.718796 102.38486
116.914925 111.927475 91.03153
114.65051 107.40219 85.03783
91.788155 103.82908 88.91351
77.97503 86.67818 74.47235
69.94235 79.68312 71.09362
63.190006 82.41703 70.72502
65.52479 80.77681 67.1334
87.52448 112.38031 101.24587
67.1822 84.54171 70.009224
97.75877 130.79633 125.29113
61.87333 79.091064 70.68104
78.94397 82.32317 62.9476
80.74966 103.979805 87.609695
74.914116 79.56305 69.22978
90.7892 122.97129 113.86889
72.573784 75.9757 59.555813
88.94077 106.18738 96.21683
47.87316 48.78398 37.708733
91.4207 96.77473 82.474205
52.788593 73.85011 65.569176
141.93741 146.71526 131.04819
124.03988 125.18506 107.63456
137.43419 140.79587 117.992294
50.81908 60.813797 42.373985
61.383343 63.527176 45.21649
60.203903 69.367325 51.056908
116.62931 122.44866 103.58418
66.99354 90.29561 67.110985
36.2278 43.935455 34.286423
66.18496 64.28874 48.86741
72.23927 70.573586 54.111156
72.741745 70.40646 52.78445
63.971596 70.13764 55.41383
73.27188 69.239746 51.525055
125.01047 124.89265 99.73885
61.66357 67.76053 53.611477
75.28221 71.18472 52.76692
112.09443 91.45526 69.97449
62.86475 69.80767 54.903618
81.42534 73.328384 55.10914
64.49433 56.360626 40.395927
81.7125 73.55955 55.235603
115.20138 114.46899 92.44126
133.20024 118.9014 91.73229
156.94481 120.24708 101.422516
139.56506 155.50644 141.19441
107.085884 122.21165 120.92105
50.242435 60.067844 52.99071
60.245937 69.9372 63.966682
53.369812 64.97779 58.04415
73.318726 84.88635 78.4734
60.23069 45.66512 42.958138
69.973145 58.360153 54.77197
59.929832 49.178192 49.61151
55.909573 61.929058 60.99337
55.091267 55.639137 53.795357
82.25502 58.987244 53.944
62.018173 50.395355 49.387817
63.00434 57.049335 57.111324
66.88346 55.78768 53.931583
54.108566 54.52408 53.12869
56.69386 56.167625 55.740166
64.73044 78.78486 67.5439
69.97762 94.358475 80.3963
79.84604 68.180214 50.34861
79.15258 81.2422 69.784386
147.03685 114.1474 105.1682
124.144875 105.73916 89.768234
92.210335 85.73912 72.00579
83.7223 90.52303 79.884636
102.53545 103.04105 90.600235
148.19212 142.13095 118.6243
127.869934 121.58587 104.426315
146.40855 141.9752 107.39636
160.17816 144.08733 126.32657
184.16624 211.11371 205.47276
143.38432 121.41784 91.32936
132.97964 153.67165 139.38223
117.87454 112.834564 91.86569
159.33989 142.39192 117.39256
117.687294 104.68659 81.70665
137.99556 123.38055 102.8841
128.52344 120.25478 94.33707
193.1195 158.38832 139.83331
154.8949 156.19926 140.08565
125.99344 109.33014 94.50183
107.9091 75.089516 63.128452
151.48505 139.00558 113.02056
119.07501 123.54154 117.72391
132.6657 118.927444 99.93529
125.939964 113.892075 93.155075
140.40794 118.648796 94.1479
156.68834 131.98088 100.94939
162.36981 144.90361 122.2034
130.67108 118.83063 96.27417
133.80003 122.744675 94.19737
50.548576 45.02164 32.589634
49.186 45.374996 33.849705
52.69275 47.702305 35.751236
54.02615 55.136967 46.20606
69.76944 62.40572 50.090527
51.57483 46.36083 34.17311
53.241024 47.62642 35.358707
60.386875 60.6279 51.042572
60.695576 60.3649 50.739964
62.233654 55.376106 43.170822
61.388626 61.135857 51.281307
84.0463 66.32495 47.063602
75.96628 69.26138 55.52381
117.04698 112.12663 97.02309
109.79115 103.729164 87.71856
88.07912 88.47909 75.77062
150.82935 128.92963 74.76527
126.379944 100.03776 58.933132
73.42662 58.95423 26.818039
47.960762 41.508297 24.547367
68.23119 70.36268 56.297695
54.854584 82.2281 79.112
71.971664 95.57758 97.32465
78.70059 100.7972 102.11563
81.79515 102.714355 103.69009
118.92162 124.45792 101.26458
86.27027 83.553764 67.04523
69.4667 66.00054 51.187954
145.08679 106.1576 79.893555
74.716705 72.062935 58.325123
54.7406 55.541813 47.891838
101.40007 106.57311 91.57069
63.471916 72.589264 62.550293
81.64429 95.08114 82.08383
53.60091 74.23217 83.97193
42.58361 54.65758 58.787785
21.933064 46.09463 49.026653
115.21282 112.904594 93.9752
138.5128 129.53835 108.8915
241.18967 242.46565 242.67902
74.269394 87.32203 78.847786
71.040825 84.59852 76.56668
77.91816 89.42066 80.86004
131.00095 120.841194 110.27956
105.78475 90.903854 75.93858
109.59472 109.074104 94.58987
86.80192 84.141914 74.85647
97.41427 98.01238 87.71422
79.11506 72.37637 59.680733
106.4423 98.13788 77.137436
82.68356 70.5329 51.14629
73.56171 57.513443 40.889248
91.38667 78.37715 60.245735
92.29719 79.89887 60.566414
88.746826 76.901024 54.991215
77.87488 55.894733 40.075886
32.730675 50.44668 44.006966
53.639946 75.79818 69.47979
39.504124 53.023457 47.109
7.581356 27.663134 30.633148
28.336294 67.34649 61.237793
24.60986 64.01259 59.730606
32.293423 64.49291 60.503887
31.998653 71.78277 63.49645
54.24277 102.74804 93.64385
102.014305 94.588356 77.729836
106.752075 102.038765 85.85822
84.3374 82.80781 62.294228
62.791183 73.178696 61.046776
39.308666 59.808346 62.046776
110.80316 101.29002 71.4635
132.4743 122.52028 92.68888
129.347 120.730576 92.46115
169.92348 163.05377 135.41814
94.68521 81.89561 55.98075
77.006935 80.44883 64.373985
78.86024 74.58714 59.463303
22.161097 55.19347 54.878242
72.47881 72.588356 52.934174
86.95376 80.41417 66.01026
75.53471 74.12283 58.233654
82.7788 80.63944 64.68359
83.88605 79.22827 66.085075
80.40108 75.62154 61.77671
69.161736 62.58028 47.52492
100.311424 90.43406 73.12701
100.540535 92.4207 72.636986
75.0768 67.21323 47.802658
84.21666 75.90073 59.894936
43.192226 36.072117 32.68524
78.38987 59.67175 45.23382
68.166115 60.65748 44.000572
71.36036 62.416256 48.30133
74.35066 67.435135 53.56224
75.33067 68.85038 54.81171
61.43907 58.513546 36.032543
73.54774 61.435604 40.454483
79.42245 67.429214 49.563118
33.5968 34.506107 21.428976
89.81568 79.207436 58.34326
96.95638 90.35928 72.97079
109.40219 96.416824 81.47165
153.56769 130.68575 114.5864
128.2633 112.28793 92.83335
106.46364 103.152245 80.29392
107.88262 103.50897 87.22682
80.589905 71.38465 59.017532
107.19525 88.09197 76.41773
92.88504 84.11189 72.03194
66.34858 62.842033 53.5718
101.61397 89.14497 63.68457
81.11422 90.345116 69.75447
70.695 84.57934 87.53929
65.98839 62.161602 46.065254
68.91318 73.63187 59.847855
153.70961 140.4527 120.51678
85.95366 113.8141 92.93569
92.07693 92.20801 74.33263
52.474407 74.63907 61.024498
119.246376 107.30153 88.958305
39.686726 47.484875 39.329025
40.304626 62.248024 51.812687
40.165337 68.56436 61.147533
34.024803 65.781624 57.229008
16.473026 37.716743 37.089214
50.9546 57.287937 45.85482
38.588223 61.335556 59.90052
62.513546 85.56537 76.250145
25.710314 52.012688 53.165504
57.972675 92.66737 91.87239
29.84432 69.83207 71.34111
46.062225 87.36709 82.23789
34.458454 67.52381 70.737305
84.150764 67.55113 55.911896
39.864445 62.343967 53.965775
73.990845 94.998146 87.835945
43.043446 71.07969 71.14599
2.6922429E-4 2.6922429E-4 10.000134
46.543495 63.972775 70.51957
22.988052 50.214233 49.99364
41.8422 86.760086 85.06108
30.7508 50.78489 52.83904
40.11267 78.577286 71.35134
32.979538 75.55639 68.57991
28.421875 58.889317 58.225105
77.73996 100.77355 89.98573
68.791084 102.37305 94.327644
21.675282 46.507824 50.319065
18.303988 43.784218 46.865086
36.840755 46.947872 49.973618
54.740635 75.58287 65.68282
37.556286 72.56803 68.178665
36.10971 56.396805 52.398754
17.942621 55.886456 52.404205
34.83204 66.6066 62.898167
55.129967 87.73165 77.36032
28.119839 49.64439 45.24698
41.072117 79.13616 77.318794
51.51708 75.53805 69.798386
55.340366 77.05956 70.578865
43.552044 88.57725 77.93071
30.19872 59.23069 57.885513
33.76749 78.38543 69.936264
20.254787 71.921486 73.44412
22.711897 57.63254 56.945415
26.078648 60.187614 60.44321
33.23399 67.26697 69.59502
47.56682 76.76453 68.717514
13.956553 56.375637 60.987816
19.580145 58.028034 58.56665
27.661787 66.80276 66.94689
24.438364 61.277435 63.52014
17.915329 45.108196 44.922665
29.261215 70.94703 64.052704
41.918728 73.311356 67.15234
12.379606 40.098503 39.304863
39.421673 74.94454 64.08841
43.814606 79.488205 92.85189
28.159885 50.93875 56.709034
29.20451 59.781895 67.073265
20.908766 42.642403 43.001614
25.146255 37.103855 31.052027
27.988323 52.799698 51.074272
32.60831 84.14444 89.1899
25.693085 47.64654 43.349586
27.019115 48.560055 43.933334
46.25334 74.89507 69.24371
29.34962 47.823994 50.04688
24.245869 41.412518 40.336666
112.12162 109.69907 98.31472
60.4561 67.73824 57.49581
81.59926 91.38183 79.8211
97.99165 93.107895 77.482414
90.35578 100.490326 88.56594
89.25674 86.02551 71.13683
90.64405 100.35157 88.347534
74.18704 96.29911 84.79498
75.66831 98.42457 86.52593
82.24324 94.33754 82.48763
79.77351 82.604004 72.849
105.515495 114.99135 104.42016
85.176125 76.17565 63.0154
75.8247 69.556114 51.925797
99.68989 106.4807 80.72044
89.503784 85.541374 62.29036
74.62945 59.347668 40.358875
99.91614 80.50426 55.742252
126.35214 113.08195 82.82171
78.298805 70.805046 59.708767
95.35951 88.56877 70.18351
111.471146 104.351 90.04584
69.17799 70.51816 58.99078
81.76053 77.14397 62.570015
62.84173 63.18432 51.55346
63.541443 63.507153 52.066162
89.96907 100.99347 85.55914
141.01326 127.86371 100.52058
77.41134 77.90698 60.38509
115.69564 139.63025 131.9508
115.36981 103.348915 84.109375
87.76338 81.6029 63.588726
234.543 207.67812 175.70743
172.72038 137.32721 104.731316
0.31435302 2.7911491 3.4051154
56.847248 87.31782 99.3399
14.102709 13.3345785 14.434562
1.921723 1.921723 1.921723
2.3479388 2.3479388 2.3479388
13.417533 13.417533 13.417533
17.2562 17.2562 17.2562
27.131113 27.131113 27.131113
21.86522 21.86522 21.86522
11.735319 11.717011 11.827898
12.033889 12.033889 12.033889
13.519435 13.519435 13.519435
