0.0015371763 0.0015371763 0.0015371763
0.0027401838 0.0024394318 0.00267335
0.0016708438 0.0016708438 0.0016708438
25.803074 21.241638 16.680935
85.88598 68.1841 58.059948
156.80057 94.694405 36.131695
179.3728 133.27705 58.625664
54.31609 38.999264 40.09601
41.86279 38.223324 42.926414
76.13865 44.785732 44.547
88.3486 63.725716 61.07228
73.6678 50.26229 51.16735
73.731094 54.193817 53.88528
91.52154 50.837128 49.71793
91.4142 63.138046 67.39198
79.05557 50.798862 47.80695
87.75255 52.06941 52.20999
67.308174 43.156525 45.617275
68.283875 46.916927 54.696877
92.40187 52.343025 60.342457
73.15706 56.746532 66.764175
82.53628 44.73203 50.136242
62.199165 37.984962 43.976574
85.11846 45.255306 44.50593
107.69387 65.09684 74.75816
105.486145 64.23843 70.13333
111.47749 66.821686 71.698044
110.502754 64.724144 70.96004
70.11676 37.697178 40.538948
98.37073 52.998962 56.607754
77.55913 48.76491 49.836624
87.30266 50.618916 56.9072
70.780716 41.33965 43.547737
70.89457 56.370827 53.11415
62.08685 58.27796 61.309673
51.860718 55.816807 58.788906
141.62012 158.61554 176.61086
50.171963 40.74573 31.526917
75.91135 58.794186 58.00625
69.08461 51.809124 43.398296
62.823326 47.04057 43.71793
7.145163 7.1515455 7.162005
7.9199667 7.9201336 7.921036
97.92845 84.09748 78.7979
74.79873 62.643574 58.784462
73.32692 59.05968 52.15522
80.31813 66.93961 58.37564
92.826096 76.80241 68.38379
114.533 100.23188 89.79091
140.15121 126.45831 114.89788
87.65213 73.26663 65.432915
132.44722 116.07325 104.839165
105.60067 88.69587 80.62249
93.265495 78.60391 71.26182
111.88581 97.921005 88.15509
66.03896 40.620853 37.876125
90.1079 69.57704 61.204777
104.132935 88.633286 76.57193
74.995155 61.384995 54.935307
74.98714 60.928387 53.871677
116.90884 104.52301 97.00247
73.653 58.859848 49.320133
96.91438 78.070045 70.33922
95.923874 77.241936 71.79235
105.088356 85.48471 78.77457
110.186966 88.936676 80.45313
91.54423 73.93276 66.94857
87.67683 70.362274 63.840935
90.8249 74.90112 67.39188
93.12 78.272316 69.83619
100.06817 82.79418 72.82199
104.00327 84.3591 74.2144
98.161835 82.29453 73.6423
106.48558 89.787636 80.25447
139.81734 122.96809 105.325745
121.799965 106.56899 91.205444
110.11853 94.651695 83.31108
121.7469 102.38022 86.622154
99.411194 86.44862 72.70737
95.1719 81.83963 73.42165
88.967384 75.359764 69.48628
101.20641 84.689354 73.66493
99.282906 82.83014 72.09487
105.4793 85.07816 74.22292
100.5989 81.828606 70.708336
98.37814 75.492165 64.10844
103.91806 84.3334 72.31987
94.53336 76.93831 65.20508
99.15589 80.77975 68.98516
75.08298 61.573368 56.22289
89.95569 73.3865 66.40986
123.756355 101.21808 91.110374
107.32939 90.94954 81.707565
104.634254 85.67886 76.006386
89.48645 72.9877 64.52224
104.3182 84.29932 73.291664
95.10386 77.86646 67.803375
97.84474 81.07051 71.71495
112.67566 96.225266 89.05511
136.41911 118.30687 107.14416
119.16388 103.153854 91.80491
96.96187 81.98526 74.19649
118.270546 95.67542 83.49467
105.64935 90.58576 80.201004
121.85965 100.08541 87.52508
106.85186 85.59913 73.513985
95.318695 83.63626 80.5583
62.114452 56.536976 54.938545
62.332565 54.03676 53.807617
72.09608 67.12013 69.35562
61.330326 60.060116 66.16301
36.73233 31.935638 32.042038
77.569855 72.94553 73.08003
56.165314 53.6132 55.682007
85.54646 94.56304 122.74483
44.15395 43.202038 45.359497
79.99218 70.15342 73.86777
84.5055 74.94994 78.76802
71.865395 68.26503 73.301956
73.42914 66.14296 68.34957
65.11422 58.53935 57.83482
75.697044 72.81377 73.790375
100.31766 97.91305 100.39134
57.667736 53.782856 60.636158
76.46035 74.20992 78.57534
76.384895 68.3332 71.514854
61.224663 54.18055 54.756023
86.94961 78.84474 81.43034
64.29831 59.008053 63.68822
77.614105 73.90603 74.8271
63.60889 58.84481 60.56381
45.918762 44.945198 45.69263
65.4132 60.33741 61.96207
93.11298 92.43609 94.27201
54.17046 48.438965 51.171127
59.161873 51.832783 49.043842
48.06807 43.154118 42.32625
84.518 80.69501 83.39392
74.20655 70.10817 72.39121
83.93751 77.68337 79.066
53.511547 50.664192 52.935772
81.80872 77.628204 77.70463
64.34376 62.28187 60.173233
61.25136 58.928688 61.94824
89.7209 88.520805 88.50139
123.74276 126.8386 130.51088
109.41323 108.098114 111.12826
88.665565 89.09056 90.21353
52.184963 49.38747 69.64658
42.899982 44.595222 63.11295
51.571297 51.048656 78.473885
48.95375 45.856407 58.69624
32.931293 35.88959 50.59843
32.209656 32.43238 41.142925
44.902454 47.65741 65.36598
43.766983 44.563477 55.853134
38.177612 36.718494 53.562473
59.650593 59.938614 79.16856
58.399567 60.835823 79.707565
56.77721 54.57377 71.31017
62.63041 65.60164 89.632645
68.45935 49.342087 59.813934
87.15893 59.27502 76.10095
97.58797 67.01688 79.48461
88.29881 59.725647 79.268974
95.74737 65.88568 94.47165
93.210556 57.0393 60.16294
81.75345 55.609924 76.04304
68.91886 52.553516 63.322372
97.97668 97.68939 100.90861
94.22994 93.628105 96.86874
97.84808 98.44972 101.63385
54.685146 54.71238 56.079464
74.21363 72.658646 75.96919
90.56394 65.166885 86.382324
99.223724 101.772835 106.76642
93.24802 94.292564 96.79515
82.6534 82.078094 83.0137
77.295006 78.70199 83.00799
100.82379 99.76645 98.80418
97.61012 94.250725 93.78035
68.477325 68.536705 66.50326
71.13965 57.08755 72.38627
84.5852 66.21738 82.28622
68.96164 54.943157 68.67542
77.97848 56.71091 73.9747
70.38911 54.24548 78.3861
86.01908 70.787735 65.36478
105.6515 87.79488 82.22052
100.39342 79.3334 72.3895
90.40889 74.70637 69.54423
95.42098 79.929726 73.53153
107.3998 90.79726 85.73915
103.96411 90.107666 83.55786
100.4379 87.66025 78.72337
89.22663 72.73834 67.13701
106.64401 86.96117 79.00785
103.91004 84.397194 77.7347
94.01771 77.81537 71.02543
100.85343 79.853 72.08999
99.66162 79.549576 69.47769
129.90767 118.14366 110.57651
121.94319 109.66259 102.871414
78.27395 64.71903 58.21517
125.24872 117.43034 112.798965
106.64344 94.86844 88.64979
89.173 74.70085 68.82239
85.264725 72.03983 66.83582
82.69424 70.16367 65.30322
143.0258 131.87428 127.78526
94.67816 82.4419 78.55746
107.445816 96.42136 92.17624
89.77844 76.338745 69.653534
159.4651 154.33795 147.11777
132.01494 114.581055 99.38185
139.13324 131.88307 125.26436
112.924644 106.39051 99.240166
162.94386 157.45317 157.214
116.56899 112.7072 113.89724
110.35278 100.42172 97.08996
98.17701 86.993416 81.23007
42.553684 35.322807 33.32177
42.40832 35.214737 33.224495
90.878494 83.45357 82.34777
85.02122 80.56314 80.75161
56.36538 51.63315 49.580082
121.170395 106.60595 101.57166
81.44608 68.73862 67.70637
93.16705 81.0936 80.79154
86.493034 72.40371 71.19779
114.884514 98.54907 95.989075
102.75058 89.44966 86.028206
65.39686 51.27191 47.878395
107.83629 96.06022 90.3601
52.586063 40.399063 40.982224
47.857178 34.754086 37.893936
61.66249 37.41036 40.82025
67.772835 51.24628 60.896008
107.84749 49.566284 46.81741
63.841602 43.67071 46.64214
78.37862 54.77995 54.89544
62.186832 42.92361 46.306366
107.33307 49.258812 46.445045
72.55903 58.664894 70.14733
66.20772 62.5459 79.274254
65.96822 61.773933 78.09621
82.0277 69.8675 83.2674
95.19462 85.80374 102.03776
47.50573 38.15953 44.603943
62.471313 52.267704 60.172897
45.476326 37.46162 41.936142
40.397427 37.727985 47.245113
22.250559 23.3071 27.877995
46.971096 48.066532 62.913685
48.2399 47.92518 61.73544
43.828804 42.901653 50.80351
35.54867 37.899715 51.51609
41.15552 44.77113 48.144127
24.57417 24.793182 31.906834
37.081135 32.40468 35.919434
38.219048 34.05704 38.808956
38.082573 26.540852 26.237093
47.25938 33.727352 34.45467
43.092964 31.42289 30.094536
29.633951 23.887152 23.48842
34.77377 28.411762 29.519032
75.98239 55.212933 52.669506
63.526615 46.621353 47.672882
42.269672 34.31616 37.175972
19.35569 37.959667 51.920902
19.764746 36.09223 50.029408
18.453768 30.063793 42.156223
15.964344 31.682774 61.42122
30.441938 65.15532 84.765114
14.682172 32.212933 44.781654
22.618313 39.673885 53.038227
17.160534 31.494469 50.904797
33.23659 35.95552 38.576874
17.890526 26.033249 34.746334
63.876457 42.27198 30.75609
32.141018 56.50035 69.39983
20.2404 25.394854 44.20889
31.26229 47.699146 62.96
25.102255 49.329556 71.60745
15.584828 38.12254 53.627903
24.90817 41.753986 56.678932
20.722439 36.604744 63.289993
30.169424 58.808723 81.96164
27.691862 47.86112 67.635086
17.359264 36.511814 49.09838
36.698177 58.216442 77.91111
16.868036 29.037426 40.364445
35.65691 46.688988 58.213333
40.27118 41.078163 45.866165
14.711211 18.343458 28.742355
25.045414 42.630943 59.6936
21.65985 31.58847 42.234787
26.78015 38.01173 50.156223
15.59071 34.825165 47.32448
19.55452 36.551846 53.156826
18.175005 31.487352 45.1204
13.163442 25.271177 36.466434
12.587636 28.861721 41.626465
24.323376 40.584797 60.365112
26.780886 42.147133 63.407417
64.175705 47.09153 38.914986
19.66847 39.379414 54.286217
27.506466 70.04291 97.55542
20.410627 39.148205 58.14239
23.435389 43.965313 61.135372
21.121504 51.994118 74.41133
11.833117 31.36675 44.622555
21.654436 38.420216 48.13467
31.938414 37.241436 47.640602
31.044512 42.916656 62.111378
19.828772 36.474655 54.446983
20.744127 34.707035 55.29681
24.860184 37.940186 54.677494
31.418947 38.931664 47.33918
36.503193 44.933735 56.470207
21.34132 30.970026 38.41527
16.038128 22.348337 30.680668
26.014034 33.305733 35.10145
52.264427 57.672817 59.81654
12.504495 22.735373 27.93838
83.15456 81.93143 84.85277
50.91335 48.2656 55.321003
57.467834 51.508774 56.753685
59.486214 52.00812 55.634186
56.899014 50.50085 55.034084
55.168186 59.62122 71.87833
53.283375 45.140385 49.02827
66.352745 63.720467 72.70974
74.089455 66.77527 73.037926
35.939213 36.813934 46.870678
49.110176 44.0262 51.29828
48.744595 45.27509 53.093834
46.333233 52.887047 60.789875
90.42132 92.64431 102.29504
76.601105 71.267334 71.55529
98.071045 87.87602 84.82122
80.37337 62.979347 57.391747
75.92859 72.52548 68.04017
107.49076 99.99278 101.21336
113.75235 105.65651 106.30172
112.17541 103.46977 103.984825
116.89975 109.17333 108.39054
105.56859 94.78817 92.2822
71.44374 57.788036 54.664997
107.07151 77.00341 74.52428
103.48815 78.37237 70.1991
138.20705 101.93751 81.181656
85.60381 70.34012 69.48999
124.723274 95.37681 94.34717
78.12759 58.728657 52.842506
90.92167 85.7888 84.643974
96.41737 91.319664 91.36364
105.20047 102.996254 102.21009
112.587135 111.3478 109.9866
120.76378 120.19525 122.773766
113.65183 94.64612 89.317024
113.38971 105.856575 105.17353
115.3846 107.02406 105.12698
112.70262 105.765114 107.051796
108.476326 101.27653 103.20331
94.99228 85.95459 79.189705
39.026733 32.000633 57.119465
55.47462 34.810627 50.591377
64.84221 44.094402 47.951847
53.02319 42.046783 72.4287
30.992447 27.013266 57.59335
27.91696 26.111378 50.50533
61.530224 49.172466 66.227936
61.26132 43.424664 57.87492
82.23094 62.902958 78.357025
66.01193 39.16217 40.29076
54.07332 56.468773 88.58423
29.819014 31.90142 45.319935
65.11408 36.86867 57.46336
68.661285 42.550575 70.218445
37.703392 37.600334 65.48582
51.610794 46.084312 59.261387
27.529924 31.196592 81.86476
29.562372 28.673517 38.68735
33.43188 28.058514 19.47198
30.080435 25.406883 19.67833
36.898212 22.63619 17.886082
30.654604 23.72478 20.82543
29.201704 22.92518 20.701887
34.340885 27.213 23.70015
48.409355 39.436626 37.52321
44.91188 35.262924 33.990444
57.636658 46.906334 45.766415
71.51963 52.621655 50.881737
58.01096 47.8264 52.261154
57.43846 47.400703 51.44819
66.11218 51.116558 52.056976
78.02276 59.56762 59.111446
41.762074 33.233482 35.06189
43.851128 37.706165 38.605846
57.629707 49.990444 50.961235
58.889458 51.28939 52.924812
44.15863 33.64431 33.98954
58.06336 49.02446 57.354786
56.214504 43.224728 42.96859
61.44234 48.802174 47.841503
38.504696 31.110376 30.44959
59.47512 47.132298 49.91372
97.81524 76.63395 73.07462
47.553116 37.37066 37.91462
66.78533 57.070007 57.893234
80.82286 64.45677 64.0548
59.306435 51.923775 53.264194
51.483242 42.263824 42.035957
80.832146 66.4116 68.9484
78.3886 60.871277 56.21203
77.31472 60.60197 56.173164
83.16902 67.1727 66.26881
78.5981 68.09898 72.52481
74.576675 59.96879 56.239063
55.358498 46.292633 47.335106
73.11429 56.802773 54.401268
56.428974 57.590275 57.365448
63.28548 47.91275 42.465496
72.83726 56.574368 49.166183
64.84869 47.11305 42.183926
63.998497 49.70309 45.408688
68.980286 50.50132 47.304897
63.105263 56.27509 63.259014
73.784325 64.37253 67.208786
78.91709 62.044846 74.20548
62.600773 47.878204 48.366196
55.738914 47.990845 48.06924
54.806885 40.838963 36.01788
64.26533 51.43071 41.80715
65.970894 48.161335 39.019516
52.187435 45.62296 50.813267
54.247017 41.095806 35.654434
100.16902 81.16405 66.35468
70.80027 52.54877 41.344193
54.568386 43.909073 38.715122
76.626434 60.717693 53.962574
73.48815 53.967384 43.967888
58.887283 45.899014 43.659683
57.061623 43.12304 39.202206
68.07134 49.47295 37.403942
42.842007 33.339684 26.4665
35.914654 27.092966 22.918095
90.08257 78.95696 73.84725
73.12398 60.419216 51.747536
55.887386 48.858948 48.737278
97.966446 86.48157 81.6786
97.44628 85.97317 80.69156
48.955387 37.75405 35.14142
55.240936 40.807785 37.8661
68.444145 50.173466 45.329056
69.072914 50.188503 46.38416
57.22316 38.907303 32.81457
91.81437 77.443275 75.381485
83.31659 66.16415 59.411697
58.828537 43.84157 38.181087
92.215775 82.39766 80.98784
82.58446 67.42703 61.73771
96.92922 81.52054 79.255974
57.6003 53.400433 50.415874
106.19773 96.78894 95.55806
72.366615 54.879498 51.046417
60.67295 42.73674 34.77146
61.111076 55.821922 56.010292
109.37634 94.64237 85.42523
108.51084 94.298416 85.51415
104.78503 82.30423 78.028336
95.66687 74.9854 73.12585
116.69019 89.196526 91.8143
57.582657 52.50944 50.93066
102.648056 68.59125 58.068306
74.41397 64.08909 61.80645
57.401 55.351276 57.782722
130.21875 118.54159 117.75392
61.90446 49.52217 38.228237
92.59556 87.93835 95.96658
48.098747 38.624695 32.862457
53.20294 45.859417 44.205414
62.719765 49.709038 46.535908
38.639668 32.975204 31.377611
72.82797 71.34804 48.563843
77.34773 74.11903 50.083744
98.37327 87.81708 79.99412
63.160633 53.717293 47.29955
84.42092 76.20595 72.32702
77.925644 69.294235 66.21099
92.1462 76.48655 72.724075
115.65771 107.83251 105.4805
94.06967 85.838 83.13614
95.85818 81.39883 74.516556
83.58864 68.37547 65.83472
65.2798 61.498714 60.69166
53.310677 47.85771 48.216908
107.30503 102.51292 104.87158
114.32986 109.66814 107.84224
100.168686 92.043274 90.069405
74.17805 69.28511 69.019646
52.836224 47.575573 47.820988
84.079094 67.99211 64.42523
64.46754 58.87953 58.397327
70.26794 65.790474 64.69196
82.20207 72.84074 72.16742
98.04204 91.343155 92.2805
90.933 86.2673 84.14974
52.601604 49.25992 50.8003
66.54112 63.961338 60.797493
61.10329 57.012966 55.805412
122.87482 113.7619 114.16551
72.164474 66.20113 66.60953
106.88117 102.141556 103.13343
83.40398 77.07729 70.804245
90.84926 85.01998 83.20374
78.32872 71.98697 71.640366
81.9723 74.43151 71.992584
68.63372 61.63689 61.175472
81.43342 75.49273 72.57163
62.96772 55.889957 52.22159
66.62396 65.172066 64.35322
76.1227 71.83031 72.44478
83.23529 80.030975 81.43993
118.35242 118.95741 120.3101
85.27125 80.65099 78.08601
75.20638 64.81871 59.79706
56.929356 46.80742 44.615707
79.67819 76.27649 77.03732
72.628136 69.12351 68.51783
99.44555 94.8814 90.55783
76.20772 69.96602 66.87709
117.29314 123.54473 132.92966
112.83636 128.35913 147.98653
128.08247 117.111145 104.91275
135.4696 121.15519 110.34189
104.01129 96.37727 94.85865
117.017075 105.61788 95.73831
122.23532 143.02129 168.50069
112.3863 109.165115 107.765884
141.81944 141.52545 150.86296
115.528725 110.21891 108.53263
121.11482 120.925545 122.44441
58.264694 55.575138 57.996357
111.08465 100.97189 94.42436
83.547165 70.60915 65.819084
113.863556 106.77597 102.61417
114.82563 103.80107 97.58797
78.46887 67.84732 65.20899
120.15977 104.87064 97.97561
94.85153 88.72695 87.9338
160.26265 175.12036 201.25417
140.91502 148.71669 152.76285
117.80177 106.599365 98.34804
122.372795 118.361404 114.10536
132.46269 113.99986 109.52655
90.53697 72.61297 60.275658
110.188774 94.33567 84.95292
99.500114 85.437294 80.30406
94.725746 83.07863 79.08809
91.12879 85.82132 86.975075
90.38252 86.22496 85.33992
113.95111 100.14286 100.462425
107.10483 98.84919 94.82105
123.6261 109.31719 104.43783
93.58663 85.636024 83.30373
121.35024 113.41925 114.09233
4.9068003 4.905263 4.9056973
6.1077027 6.1061654 6.1066
7.344862 7.343325 7.343726
0.005079365 0.0033082706 0.0039431914
3.237661 3.2356558 3.236625
9.614102 9.61183 9.613166
1.5732999 1.5704261 1.5720634
4.1800165 4.1766415 4.178413
3.4097576 3.406182 3.4078863
13.462657 13.459047 13.460718
18.417912 18.414402 18.41604
3.598396 3.5949206 3.5964913
1.7597327 1.7562573 1.7578279
26.520735 26.517094 26.518831
25.269741 25.266098 25.268036
22.553017 22.54924 22.55168
24.787601 24.783792 24.786432
26.423058 26.419415 26.422155
24.01731 24.013767 24.016375
19.157293 19.153818 19.156157
21.945564 21.94209 21.944227
2.2738178 2.2704093 2.2723475
6.9089723 6.905497 6.9072013
1.3040267 1.3005848 1.3022556
