0.0011328843 0.0011328843 0.0011328843
0.0033067972 0.002541335 0.0022045316
21.260778 21.165983 19.259338
4.8134418 7.099418 18.112156
18.968248 10.572351 35.01892
5.205144E-4 5.205144E-4 5.205144E-4
1.427526 2.2864053 7.0924983
1.3613901 2.730649 6.9398346
88.62667 60.54856 59.75888
94.068436 86.43824 81.42679
74.267456 77.8522 85.147644
50.43313 50.25101 57.222748
81.69195 77.503365 78.87039
72.382515 65.80714 73.1587
61.229668 59.68518 61.09002
73.479546 69.71497 71.09743
98.897736 81.82939 73.77272
42.19988 38.59752 36.322506
103.36191 104.488914 114.300735
75.38644 76.07866 78.417175
93.377525 85.756615 94.364914
59.15487 58.589558 56.892376
81.42449 80.29706 78.85352
77.68123 72.642685 65.94167
45.41537 45.38601 44.35205
65.68016 63.87538 48.237232
63.433773 62.44611 53.30894
63.85888 58.95147 54.99602
60.447796 61.606705 54.253063
82.346016 80.53671 77.039986
75.645134 75.25523 72.51883
103.09639 99.97725 96.917786
103.87891 100.203735 83.34994
142.59454 131.73543 124.24158
148.30275 137.16273 129.64783
113.42201 95.521675 88.52146
92.109276 78.50906 70.34556
64.01485 57.877556 50.784904
98.90609 83.90931 75.54143
103.91307 82.541885 71.70018
95.22364 82.01127 70.951195
99.987076 97.54103 93.48166
29.442469 31.335947 15.535946
72.25129 70.173546 64.34801
53.436832 48.2891 47.73616
56.091366 42.34614 30.392805
48.137722 44.999542 40.12468
93.78484 77.71938 73.83888
63.004868 62.66522 59.034233
59.759644 51.244762 44.08304
57.934875 49.883404 41.503613
55.215614 50.524677 44.728996
77.471405 66.84274 49.311085
59.75934 55.83123 47.061756
63.187447 56.842194 50.65732
83.54173 75.11433 70.31332
76.913506 78.52976 78.48038
83.72523 79.57104 77.91763
68.57198 55.67471 53.41332
35.42563 28.772352 19.821157
72.12517 59.387814 53.486588
78.86414 69.140114 57.570484
60.508266 47.660717 36.707745
64.55086 53.85037 45.609615
90.1519 78.352875 65.48794
60.65655 49.59455 47.544827
71.71978 65.14847 57.432945
75.22296 69.210686 55.533222
113.84084 98.366104 90.991425
109.52783 104.85459 118.17119
111.19838 96.96776 91.53613
124.38705 112.30646 115.33518
74.08932 71.176025 67.739006
130.18665 121.50808 118.16629
113.88087 101.7041 85.548164
59.123363 47.403122 39.568462
101.92814 67.97814 49.867054
109.413475 90.02915 86.27587
68.830986 63.134262 59.326607
85.23631 66.256004 55.156002
88.96834 58.84305 45.842007
89.8399 70.653915 53.76577
59.125443 52.651897 50.93659
99.74676 73.34259 54.11136
75.34189 63.272903 51.168278
62.1436 51.64945 41.57342
43.485855 30.18518 21.93074
82.87419 50.08616 35.248898
102.456184 87.42826 55.738945
102.03898 87.94572 56.34351
109.36758 94.12211 60.02128
67.07107 44.204533 25.534477
85.64121 34.521156 30.692652
104.16577 60.819473 35.34247
52.745712 33.913994 20.544367
37.54057 31.571892 22.25294
75.15701 44.591824 36.48025
83.42949 47.885944 35.23016
65.54994 53.726852 59.269413
38.99057 27.659002 18.901224
64.363625 43.614635 32.378628
72.15662 52.31929 54.461143
63.491272 41.659492 33.496296
65.89813 48.972046 34.697796
63.796173 47.46338 36.502815
72.03604 49.540386 39.84455
75.77731 62.14164 19.47578
48.06332 28.119167 18.2109
90.72961 68.23414 53.592865
74.88901 61.3098 47.51375
75.28405 51.539253 26.547215
84.27943 65.77829 84.5384
39.64265 39.60897 38.61234
35.530804 33.364635 34.289497
30.716564 13.936528 8.121035
81.61607 68.74317 69.50585
71.802605 56.419872 57.9064
62.339806 40.688183 38.634445
68.45924 57.906124 62.186436
112.84997 79.39308 105.50753
87.40285 63.852543 73.07995
36.213566 28.300674 24.698622
23.245745 21.309093 18.561941
84.125656 56.72835 76.87547
92.74602 68.38423 84.31173
51.250214 43.86874 43.689804
87.82107 65.83249 74.57676
71.66515 58.883312 58.10692
96.80227 58.777557 75.7041
69.31721 42.16963 52.908787
70.17685 56.467636 57.331814
63.458942 43.509003 44.210472
80.81047 61.394917 59.391426
179.5824 191.36203 230.60738
72.09525 54.90061 63.027435
77.84837 60.47737 68.07064
55.348866 33.978077 21.430649
51.307777 46.949417 46.2609
55.776546 53.397827 55.14213
57.786343 56.98319 61.76445
30.783619 29.242529 29.305542
72.3635 62.94902 54.44158
115.85716 112.43414 116.638214
110.81779 100.77832 92.46424
153.9072 148.37468 145.27498
152.50249 138.98087 136.10028
153.29112 148.3012 147.59286
164.19734 150.70055 153.11794
158.34837 146.13298 147.89131
125.061455 118.47918 115.94311
138.88791 123.987816 117.43944
141.4587 125.2267 118.330925
119.28334 97.65395 79.47107
34.84593 40.313107 39.974953
43.585487 42.725353 47.519108
9.366534 14.203735 9.13365
33.59345 23.23365 17.47024
38.470177 30.429638 24.677526
29.199572 21.909002 20.225842
60.77278 48.620026 35.01583
34.263565 42.792408 15.205205
35.641888 29.00248 15.125321
50.539192 35.334507 23.806337
29.949389 22.085333 12.235915
36.62618 29.435488 20.424189
43.724525 32.45404 18.620453
35.197674 26.479883 16.699234
62.595623 41.1094 31.571922
43.885395 34.413532 26.143019
60.107105 41.990295 28.930283
43.73613 30.785242 18.48757
47.056828 34.211143 25.03123
73.15153 51.242653 39.84767
53.58616 33.121067 16.042713
61.767452 39.26136 20.777496
124.535545 123.45894 130.75223
110.24207 114.30805 97.53793
133.03035 127.340935 134.94666
125.44694 105.31561 95.35588
115.78561 101.135826 88.861176
112.57621 97.597916 83.998314
102.861725 86.6301 77.94792
96.86047 92.24856 76.03714
114.031815 102.463165 95.56228
111.17878 91.962524 76.70297
80.71917 87.62199 42.36528
67.52388 65.45989 49.26396
63.909122 59.107807 48.316994
57.126026 57.291183 38.654594
61.745407 66.230865 44.798073
67.0004 62.278507 44.43426
78.902664 79.13815 55.004868
74.49329 73.31041 54.551563
141.15437 115.63181 97.56776
120.49287 109.17281 100.0579
78.69158 110.44694 67.556305
95.910194 88.88151 76.67621
129.7379 114.39048 96.05202
104.281296 108.333954 86.41589
100.56185 96.43594 73.3804
134.28352 134.69716 115.99948
149.71834 141.67857 125.631935
146.45622 140.354 123.34391
135.34563 132.21143 123.95098
135.36717 124.74412 103.89651
140.90099 131.44182 109.733986
169.50606 156.45976 138.69257
122.349724 118.86384 111.193756
94.47404 87.88995 81.40417
90.87428 90.61779 79.67762
44.847153 49.54308 44.154533
62.65309 60.394245 62.495895
84.507225 95.842865 89.93647
45.018646 50.855236 37.01681
40.385548 46.953705 32.15242
63.733376 64.96105 51.40928
82.18469 92.12217 75.45165
55.1451 61.43316 42.32229
60.261086 64.2579 41.427097
69.336006 69.77734 51.90214
63.871586 53.29063 38.44718
70.781075 51.246967 40.625996
92.489685 72.51935 48.098286
73.79715 53.69991 38.496754
78.617455 54.547794 43.163136
82.03671 63.90554 46.466076
65.10199 55.81295 38.444214
79.97939 77.48472 53.87789
83.71436 67.29339 54.542286
85.43185 69.1973 46.687202
106.924065 89.43527 46.81424
102.56479 82.95778 37.79507
89.84253 69.959526 45.490417
96.85759 64.880035 35.7387
90.18276 70.61142 44.074463
85.38356 64.0462 50.459858
101.688675 83.07045 43.86087
47.234417 36.948406 22.872505
50.26298 39.841915 27.388824
64.677895 48.79351 32.756676
64.73365 42.96632 5.3265157
45.88328 41.8823 21.646938
40.900124 37.043633 13.643937
65.938675 61.832886 39.838703
56.253307 59.600918 18.162828
66.109825 56.99856 30.762308
51.472473 41.417545 13.573913
19.650703 20.092989 12.274862
36.756554 36.079792 12.013258
30.960442 37.47232 16.286098
20.653797 14.687324 6.9078994
41.145775 40.14409 34.510532
41.866627 41.379578 28.967453
8.220514 11.97924 9.999908
191.32661 169.41779 147.33371
51.93714 46.097794 27.337385
66.60006 57.785946 36.918034
26.745008 22.902174 15.858145
68.83543 52.242958 28.382977
88.93395 67.13521 39.731415
91.28258 67.40417 38.21822
76.45462 57.380497 31.681261
79.45009 64.339005 33.07575
58.420635 53.255142 30.405235
96.54957 100.1462 84.40615
63.12085 65.227036 47.718002
57.459644 65.562614 34.09764
70.97988 71.44311 46.000767
73.92064 77.08053 50.279453
54.392773 64.98441 46.664757
61.224556 75.78365 53.368034
80.92146 85.876976 67.74238
141.59229 133.65033 129.03358
85.32388 80.24874 79.09997
113.74605 106.008545 93.63567
116.50625 117.27152 84.90306
105.311424 98.96516 81.05683
139.89125 137.12775 124.48053
132.18735 122.357315 116.235306
137.81068 142.2977 147.72676
93.77753 99.818214 56.867516
150.59436 145.15616 138.783
120.7627 125.31304 104.17578
98.356186 104.005325 144.69675
91.82376 89.721375 84.783775
125.97186 122.07483 115.8018
131.77051 117.295685 108.51004
119.212036 108.32119 102.038216
121.37073 98.94057 91.9259
118.52192 100.90435 92.21748
128.95346 110.87838 100.7094
128.38 109.39427 96.68833
129.3495 110.38114 100.53365
142.10448 124.58888 112.462616
137.81482 107.28334 93.94029
131.53488 98.80649 82.46182
85.75021 67.5245 42.784077
54.03901 58.21353 68.38683
53.23218 38.68267 22.173454
34.999817 28.812645 13.076515
36.856064 30.657747 14.020637
29.386406 25.234354 11.691703
58.174156 39.716778 21.371372
29.387691 26.267729 14.507869
62.248806 47.896202 19.09856
59.969933 50.33745 19.97624
60.602573 40.42563 19.446815
75.04749 57.292286 16.287844
74.62734 56.757347 16.399786
55.76543 39.885426 15.0736065
68.54143 47.27174 25.090324
71.02912 51.54418 26.040295
46.04948 36.47122 20.293447
48.572384 39.431843 22.149296
51.906124 40.495346 23.347551
49.77581 38.395958 22.97477
61.22422 46.093815 24.002848
66.53331 49.2718 25.365738
64.93687 43.321095 16.758053
62.86038 49.537323 15.352235
58.77627 41.148376 20.927036
60.1684 41.86782 21.25294
18.378107 24.010471 11.686956
42.46975 45.449818 27.462431
31.453644 26.488886 9.728965
21.638702 14.839222 8.134446
32.92973 24.368616 8.334722
37.784782 32.235764 16.54807
85.92272 67.00575 50.70257
65.14948 70.30863 32.256554
105.35912 108.68748 95.205635
111.73307 97.73497 95.43405
85.18206 78.462036 67.90484
117.70043 115.671616 82.04106
91.184296 82.43638 61.104195
117.91556 121.03291 71.51711
106.167885 94.351715 66.202354
118.8842 115.17973 102.11476
85.34253 72.97183 55.740845
127.65631 107.46151 83.77903
127.24883 107.276115 83.8673
130.70067 111.9143 98.91298
102.31307 92.97572 79.30481
89.91445 78.48325 73.1462
103.47119 99.485916 83.79709
93.54082 95.73129 92.70646
112.87033 107.292496 92.28527
102.99519 93.30058 73.92921
96.57808 88.455666 72.1947
101.068405 79.27961 56.474068
116.07936 91.128784 66.00049
79.09455 63.476974 53.601223
79.563225 72.87021 66.76332
75.92884 66.72422 60.391426
82.90698 75.64731 71.759796
84.91335 61.33408 18.429333
97.63478 74.55058 27.11041
118.796295 116.28644 101.82569
85.414604 74.863014 69.47122
81.50958 81.9158 59.844734
86.84216 87.99366 55.890263
136.03714 125.36005 121.81981
134.09195 129.29918 126.32694
147.50003 142.18929 138.95027
129.52187 125.640816 113.381966
146.80746 140.58916 135.6105
159.85266 150.01494 145.86635
127.32446 125.954285 140.06145
129.4134 113.811325 101.38184
95.81923 100.83389 83.232574
150.68497 140.7673 132.74644
113.91062 112.992836 101.92449
118.03163 106.49749 87.396324
105.41234 97.27263 72.39051
116.76399 103.345955 71.77351
102.08316 97.39489 78.47382
100.31065 105.62903 96.14118
115.609764 111.04611 98.58059
95.25318 91.1109 70.8008
113.63589 118.64486 107.0824
104.9876 101.757744 95.59936
116.89378 116.40221 105.11706
120.05466 116.14862 108.72881
125.25514 128.92867 119.034294
142.21353 138.25021 132.06825
164.88052 162.21185 159.15598
111.87851 110.03463 76.777466
120.32581 103.44336 76.29988
129.90508 137.20763 129.9339
106.78334 104.92425 93.912766
105.45962 104.71157 97.65453
130.86803 133.24088 128.78894
129.40802 146.5129 137.96414
78.640236 93.67052 42.026608
97.022415 98.47771 102.22238
160.55055 161.36732 166.60278
43.08653 37.147797 26.89256
56.318954 61.67985 37.45049
72.00392 121.84779 148.04292
140.45888 137.33273 121.91724
77.738 68.94072 55.99752
39.096264 42.65689 28.498562
31.814207 22.242346 11.06681
35.636803 30.481262 13.9769745
38.35986 32.33901 17.025291
41.945103 44.67639 25.32829
50.25496 42.38824 15.755878
51.211666 43.468372 19.315279
51.439377 40.223667 21.736467
64.72713 54.89893 29.455788
52.047764 49.579395 22.965096
63.8504 52.18867 27.719902
71.3887 58.33053 32.07122
67.78442 64.21078 50.52269
174.71097 169.36723 170.28647
60.814144 88.698135 51.21782
160.50092 158.78558 150.18439
171.35536 165.0873 157.86552
60.187996 78.20769 36.41286
101.96803 109.03218 81.86237
166.38046 159.60646 162.86014
187.15906 175.17918 176.27744
167.40346 162.22752 165.26007
164.62204 165.24094 167.22113
176.4311 169.2173 168.31847
102.952324 123.50487 83.776886
169.44287 169.09094 169.02838
189.42511 193.6665 198.1508
82.51816 106.37333 57.323177
79.67642 91.04917 64.983315
84.50677 87.9428 78.1883
102.01956 101.49746 100.80913
134.45328 135.01292 131.82018
104.41237 103.25698 92.9658
85.14648 84.95043 59.410625
91.081505 103.669044 81.851654
113.039986 120.78445 103.413475
119.43561 123.43839 108.77226
19.984293 19.186253 10.471647
123.65621 106.170364 86.1391
133.8247 123.679115 118.74991
112.77811 107.69382 91.703125
66.975815 62.059246 45.012768
75.20551 98.41228 49.264084
92.74859 103.393295 70.75395
77.58576 99.67505 65.66944
93.30585 108.363655 78.00557
109.196236 113.88744 92.07869
121.881386 121.600395 132.60919
92.176056 102.66559 70.26965
158.0428 155.09666 151.85652
80.21712 78.39672 63.56133
22.238396 18.637018 6.9173303
51.04259 48.461082 19.300888
49.85646 34.52486 17.931261
60.29317 44.113808 19.690203
64.24124 46.07526 19.91087
41.08555 31.165953 17.638702
38.23123 27.136896 6.561788
69.00882 77.44017 46.030647
50.16286 38.752296 25.40003
88.671555 78.6564 51.469414
67.225075 72.52064 53.063564
68.25098 74.52012 57.410255
58.39106 61.884384 43.15741
81.87413 79.238976 56.78169
197.35043 177.15881 148.61118
61.125076 51.720024 23.009277
55.123394 48.760258 29.405052
99.37569 95.66565 100.39066
94.762985 91.99066 85.49608
67.33123 54.78301 46.423454
137.77232 104.240845 82.720146
28.897306 26.979761 24.524618
76.24682 66.132484 56.016903
123.456764 120.66993 110.55279
153.26228 153.67155 152.50137
111.187416 105.57131 105.94504
52.970146 73.0864 40.901623
67.327896 83.66534 58.356247
111.91675 128.37392 86.21776
103.15744 128.57909 70.17976
117.48925 135.9124 93.88487
118.244736 134.6658 90.14409
95.45845 91.6097 58.08745
83.047676 76.325386 55.346386
140.32352 142.46463 140.26767
93.728905 76.50569 58.380127
117.57131 109.96531 91.87529
91.079025 76.70456 40.35732
88.15563 59.764145 21.030619
98.303246 74.088974 52.875996
104.245224 83.56938 64.97361
71.10275 56.128384 33.64192
103.600426 79.077866 77.18515
91.01007 84.52079 85.004074
104.2853 91.41252 88.84207
110.7373 103.11457 102.074524
77.02502 95.068985 64.493965
118.17449 117.016014 77.40563
100.266685 103.63785 85.27771
80.624954 91.36139 50.04002
77.19599 80.61399 48.80894
81.176636 73.307045 55.390385
75.26433 84.61461 42.189285
67.555695 79.568375 47.35141
113.256584 120.29305 88.123055
72.340355 81.75306 56.8902
80.8515 98.67327 61.30536
86.29908 103.09881 57.98212
120.27517 131.87627 127.186035
53.759735 58.51972 30.391426
90.317116 101.75067 53.13665
109.370514 88.13206 80.05582
98.17306 117.518524 72.51231
170.60074 157.86412 154.59798
155.28206 146.77682 134.61948
119.590324 85.89541 48.06929
67.21996 68.58687 63.54504
120.25557 101.615616 73.589096
165.60652 165.34932 170.11002
60.9876 78.55674 59.28221
108.261055 130.40823 91.01212
67.315094 69.682304 47.480343
99.08803 114.44437 89.328476
94.63986 93.06001 76.181625
96.04293 103.454994 74.07627
95.57691 100.463104 89.49072
106.98518 98.46154 85.45673
99.97872 94.8447 73.42082
111.11954 124.753525 81.48038
110.68656 124.31341 93.419014
98.017296 107.68411 79.45631
80.13068 76.620026 74.92137
110.29195 96.55389 92.774216
150.77011 161.31552 146.5459
117.77232 108.939926 108.98794
85.85316 91.34492 65.99801
114.685425 112.16996 76.503525
104.58815 103.584045 80.51941
118.767426 124.34256 126.40432
162.47557 159.15163 153.76167
175.53386 196.06853 189.62688
137.84639 140.95073 122.016136
187.57173 181.49437 177.16151
191.28497 192.29274 190.96228
162.24304 145.99072 136.3177
122.99002 162.44804 113.48129
92.18144 116.85848 86.727005
43.126854 48.004837 36.055206
72.95113 67.04991 51.382977
68.74372 66.0816 43.511055
58.61286 61.396294 33.260136
74.99287 72.22875 46.85297
80.478386 77.99752 44.82774
60.809677 53.85196 39.669502
86.67018 99.03426 71.26277
92.52462 100.27373 70.82119
75.00254 83.18845 52.465187
79.23251 70.538765 57.148193
89.04388 81.65738 60.76791
97.70049 91.583466 94.44026
55.36675 58.66926 45.80787
116.816475 114.93757 107.62106
98.554344 88.98362 75.54871
62.628872 41.798622 23.14654
89.3331 75.69458 59.71378
83.109985 77.56362 77.64112
83.01522 72.6368 58.24467
109.529274 90.091675 65.129974
72.96993 67.40867 53.005604
77.00961 69.2154 50.92982
77.25395 62.42024 47.19795
67.09376 58.26972 61.794918
68.86889 63.67658 58.266624
59.690876 55.076393 45.630985
70.93001 70.2373 51.73451
104.28215 95.612465 82.3865
107.690414 101.60104 86.94522
95.24752 80.23377 69.270546
135.03215 113.21782 90.39844
103.194336 84.43591 55.065464
113.88552 102.76179 92.334816
67.77248 61.853275 59.89896
90.66751 71.111725 54.20744
93.842865 78.49238 78.27924
123.659584 120.59152 107.93328
130.77531 124.079636 109.88527
157.3402 134.53915 116.44657
109.39976 113.76598 82.83041
121.50263 124.58628 117.07498
109.92452 121.76176 100.497826
104.509705 102.28319 82.55398
161.0775 150.37244 139.2624
131.75888 123.33117 114.74232
127.02575 118.79746 97.82832
120.416595 114.51513 88.43898
108.11975 100.2417 69.50588
23.708971 23.706858 23.704838
35.215065 35.21292 35.21093
18.351255 18.318861 18.283068
15.515891 15.513901 15.511758
33.43607 33.434048 33.431843
33.58748 33.554867 33.519043
26.570362 26.56834 26.566105
31.946663 31.944641 31.942162
36.321434 36.28913 36.253033
35.538456 35.536404 35.533833
37.323822 37.3218 37.31923
29.135517 29.10343 29.068462
28.6034 28.601469 28.598837
28.555174 28.522413 28.4876
23.63665 23.604225 23.570086
29.64458 29.642775 29.640202
28.418003 28.385855 28.351103
15.365677 15.333466 15.298776
