0 0 0
0 0 0
0 0 0
178.82 180.34 178.61
75.072 86.202 94.234
68.565 77.566 85.498
39.489 53.235 58.361
54.875 66.354 69.982
1.2977 1.9903 2.2381
7.1862 8.5586 8.9002
38.446 43.628 47.705
69.505 74.178 72.288
69.79 73.257 73.228
21.266 22.234 20.232
75.323 99.333 103.77
50.56 57.981 62.811
41.707 59.231 61.243
127.01 125.03 132.8
134.68 137.73 138.09
209.27 239.76 237.94
117.73 123.99 124.25
71.87 76.364 75.49
40.121 43.224 44.468
48.834 52.569 52.695
54.899 58.607 59.717
60.287 65.272 65.764
60.839 67.357 67.187
93.196 96.789 94.366
27.318 25.653 25.252
114.89 130.6 117.42
62.214 72.819 62.326
116.93 114.1 104.86
135.25 130.67 119.94
47.816 51.883 53.018
40.12 45.056 47.881
32.295 34.654 35.934
35.87 38.513 40.896
48.625 54.943 57.087
52.907 55.271 53.916
81.618 80.332 79.22
97.115 92.038 81.945
87.818 83.315 73.792
123.89 118.19 109.71
125.13 120.02 110.07
61.618 71.608 76.055
34.488 35.862 37.376
24.491 26.371 28.056
47.465 55.91 57.989
26.294 30.175 32.675
109.89 102.28 89.941
39.979 45.424 47.86
75.485 111.26 120.17
30.173 28.959 28.708
34.443 33.169 32.867
34.185 34.423 37.327
56.821 56.037 55.269
28.895 30.995 31.674
40.508 40.894 42.318
164.06 167.29 159.63
109.89 122.16 125.15
118.33 112.7 101.63
92.631 87.805 82.245
50.381 50.36 48.752
87.388 102.61 106.1
129.42 128.45 127.52
93.483 90.238 81.794
83.234 81.723 78.085
69.206 92.405 99.076
70.393 77.783 76.18
62.871 68.46 71.66
94.879 103.76 106.83
70.482 83.191 78.804
72.457 83.159 79.893
85.11 96.953 93.406
70.295 76.989 77.458
84.214 99.81 102.68
60.584 69.805 69.178
41.025 44.989 45.468
48.606 45.538 44.29
126.62 125.54 120.5
92.184 89.369 85.311
96.335 98.33 92.339
60.915 63.58 60.955
78.59 74.461 73.287
25.097 26.587 25.156
110.18 109.01 106.74
42.358 39.584 36.042
148.62 146.97 143.67
23.642 27.579 33.974
83.581 119.41 126.59
85.738 123.44 130.07
120.36 156.78 160.36
68.096 85.45 106.84
80.199 60.451 74.725
65.819 67.034 65.12
115.71 118.67 131.6
27.856 44.486 60.198
58.209 66.551 72.029
56.225 72.008 76.373
15.247 31.004 46.227
19.462 36.646 48.598
20.361 38.463 50.809
19.216 35.22 45.572
20.709 24.606 27.598
14.919 27.779 41.497
62.724 85.862 98.828
30.799 43.416 53.004
65.369 82.089 89.289
72.626 81.863 86.138
109.87 122.15 123.03
94.549 97.325 96.625
51.542 56.694 59.486
58.864 68.177 69.991
34.962 46.832 51.389
14.34 18.837 21.907
41.258 50.395 52.489
37.408 41.544 44.662
51.043 56.708 56.402
89.739 90.763 87.255
50.479 56.029 55.999
39.35 46.407 51.875
48.606 59.098 63.667
38.991 43.592 44.23
48.66 56.556 59.817
48.96 55.742 58.995
46.446 49.708 52.084
83.45 88.997 90.357
65.526 73.233 75.407
96.168 89.433 87.555
47.435 54.971 59.656
186.35 190.33 190.79
143.39 150.97 159.41
62.043 65.978 69.275
76.456 83.572 83.855
81.207 86.511 89.864
95.571 101.03 105.22
52.339 55.746 55.785
49.094 57.097 61.328
50.594 57.927 62.211
76.318 85.749 87.838
69.836 74.306 76.422
70.659 77.606 80.909
49.843 56.822 61.404
75.032 85.172 87.456
94.083 108.26 113.95
82.471 97.666 104.84
20.814 24.074 29.267
48.003 50.94 52.036
123.05 132.37 135.52
48.805 54.898 59.268
58.563 67.63 73.018
144.61 169.9 173.44
52.517 62.1 65.638
74.483 95.74 109.36
64.179 73.235 79.106
71.794 81.417 88.911
31.33 40.594 46.114
57.274 72.305 84.243
62.019 82.152 89.402
50.257 60.725 65.387
33.482 39.911 44.607
17.422 20.439 24.522
24.944 30.609 35.74
23.896 28.472 32.423
25.612 31.256 36.834
23.807 27.852 30.257
17.562 21.447 24.326
17.04 21.338 24.874
25.154 32.939 37.207
40.348 50.014 54.263
18.894 20.057 21.229
50.746 65.423 70.295
14.64 16.855 20.037
21.356 27.132 30.216
68.111 80.278 84.947
54.515 68.077 72.224
84.89 85.626 88.124
27.169 32.407 37.355
16.922 33.001 42.791
60.035 72.415 77.625
89.881 106.7 113.33
91.966 109.6 116.36
119.65 124.96 129.84
43.801 48.261 47.567
47.729 53.592 54.48
35.323 39.603 41.809
58.135 52.007 49.098
57.918 60.144 62.835
81.695 85.586 83.181
48.394 50.514 47.105
63.12 66.743 64.034
112.83 117.59 114.18
106.15 109.96 105.3
105.76 110.68 105.69
119.08 119.5 117.55
130.71 132.88 130.63
57.603 60.687 58.241
53.835 55.662 54.165
83.13 81.657 77.742
57.253 60.481 58.1
56.335 59.652 57.322
81.594 89.795 90.004
52.039 58.01 53.728
54.863 57.971 54.261
52.301 54.504 51.641
84.226 81.166 74.714
98.098 100.76 95.487
73.898 81.221 82.261
73.425 80.687 81.759
67.965 71.339 70.597
53.763 56.564 59.622
53.753 56.517 59.037
80.601 83.765 84.989
50.635 52.378 55.195
56.051 58.601 60.93
79.119 81.389 82.578
41.835 42.418 44.426
86.436 89.502 89.529
37.519 36.226 38.904
86.789 88.354 88.124
38.113 49.799 53.525
61.024 78.01 82.094
37.883 45.683 45.938
58.042 65.702 65.996
64.435 72.779 73.385
64.514 72.227 72.368
96.482 109.13 114.68
77.25 91.477 93.208
18.268 27.113 33.471
120.16 123.28 127.63
41.849 47.114 51.001
23.541 26.224 29.814
62.604 66.093 67.068
45.716 49.345 50.789
52.317 56.344 57.165
69.785 72.943 73.208
45.661 50.196 52.476
74.288 79.727 83.781
54.25 53.705 53.145
48.317 48.633 49.076
65.794 66.898 68.017
120.19 140.31 148.66
77.262 80.014 82.089
48.613 49.325 50.609
39.766 48.01 51.405
34.069 38.277 38.854
63.902 67.491 68.903
49.271 51.284 53.059
28.862 33.178 35.604
34.159 40.646 43.03
41.395 44.717 45.721
106.72 114.61 120.4
51.611 58.316 62.34
21.179 25.591 28.913
105.78 104.1 102.97
46.284 32.868 32.703
67.715 45.627 43.664
63.466 46.073 43.021
59.072 40.178 38.888
90.679 105.03 112.35
68.029 72.302 73.588
101.75 96.115 95.691
132.98 139.26 141.94
66.428 67.497 66.112
153.68 158.57 159.63
57.21 64.709 66.467
158.62 160.97 162.06
48.257 51.572 51.118
110.08 116.04 117.81
78.421 86.383 90.052
175.75 182.28 184.95
108.88 117.95 121.86
120.19 130.82 133.64
101.42 88.708 77.851
85.158 87.75 89.709
85.904 87.971 89.849
85.608 86.876 86.557
68.539 70.358 70.072
77.57 80.088 80.864
46.89 46.072 46.445
100.14 104.7 105.95
93.994 96.095 98.703
140.67 134.37 133.25
157.95 167.11 172.21
68.624 72.566 78.519
30.69 36.437 39.176
42.878 53.562 54.62
67.074 70.77 71.51
54.128 57.73 58.876
42.832 45.216 46.93
34.102 37.157 39.538
34.949 42.685 46.942
67.291 83.631 93.36
35.823 45.49 53.134
79.005 91.673 99.754
29.829 43.646 50.995
25.707 32.594 35.169
21.463 34.702 45.02
86.982 83.073 70.279
37.007 48.184 53.51
34.047 47.426 59.849
62.024 76.473 82.637
40.243 57.306 66.679
166.79 180.32 185.67
61.2 69.079 72.767
51.729 64.271 70.026
49.476 66.106 75.192
70.713 86.333 94.747
68.369 62.609 55.505
48.345 48.231 45.559
45.865 47.083 47.03
80.754 66.385 57.056
36.146 37.753 36.775
81.212 93.816 100.69
84.683 94.35 98.119
151.44 169.62 182.88
83.165 100.1 109.01
54.752 64.122 67.054
106.82 128.57 144.97
98.246 115.1 126.71
87.715 103.02 110.37
94.547 101.91 101.15
48.41 62.516 72.064
62.464 79.455 89.952
105.41 114.91 121.23
69.656 75.11 68.239
120.58 157.83 178.01
39.594 58.474 69.576
55.778 73.359 81.218
65.415 81.334 90.363
47.909 64.163 75.965
123.92 146.21 159.83
39.796 60.825 76.065
55.678 67.543 75.477
63.341 76.997 83.041
119.28 118.74 109.4
48.435 42.597 42.695
68.264 80.752 79.339
97.625 104.19 104.06
39.342 38.969 32.789
63.924 71.236 64.437
69.133 75.061 75.003
83.824 92.107 85.249
84.597 92.425 85.49
93.417 103.65 100.08
114.85 122.32 117.41
66.527 71.135 69.35
91.672 106.7 110.25
80.802 96.853 98.072
61.616 70.577 70.766
75.519 83.087 83.2
95.877 100.41 98.183
94.771 100.61 98.962
54.46 62.622 62.022
79.404 84.96 83.726
120.58 128.46 130.53
140.19 148.62 151.28
121.36 125.02 125.38
72.477 78.025 78.321
79.979 89.76 85.62
67.35 75.194 74.957
76.323 83.358 80.888
119.99 124.93 117.19
118.07 123.5 115.3
69.168 75.407 77.704
73.183 77.215 79.349
111.67 115.74 113.23
106.24 110.83 109.46
92.447 92.215 87.377
141 147.78 139.16
95.544 103.31 100.01
99.687 107.58 104.59
94.902 102.18 98.758
102.02 109.66 104.96
80.746 80.895 79.707
108.3 114.07 115.96
87.275 90.063 91.036
101.55 106.42 102.11
97.517 104.29 99.349
80.471 86.69 83.334
95.998 101.83 99.516
67.635 74.249 76.81
120.57 122.51 121.35
88.519 91.016 89.408
101.25 106.5 106.95
75.655 84.613 87.465
120.87 126.29 123.8
83.856 88.044 81.823
78.879 82.22 81.362
101.27 102.92 100.25
108.33 108.57 105.39
97.218 96.833 92.187
70.282 67.77 61.086
61.589 62.038 58.393
102.11 107.74 101.4
60.339 62.087 56.194
91.39 83.605 72.788
57.501 51.464 40.312
76.424 64.463 48.926
82.219 71.254 53.359
77.592 66.298 50.805
77.855 78.083 66.882
95.614 98.379 86.17
70.01 67.068 54.145
80.195 70.069 54.709
42.464 38.396 27.013
70.277 64.459 47.556
63.804 57.192 41.427
68.148 55.626 40.276
62.547 53.159 40.349
63.832 53.903 40.89
59.276 49.266 37.018
68.769 54.975 40.604
86.184 76.611 64.393
79.374 69.975 55.812
66.86 56.604 44.367
78.598 71.447 61.452
74.431 63.073 47.951
62.283 57.064 48.28
60.513 57.098 47.492
56.887 52.288 43.553
76.223 77.007 76.834
106.32 108.05 105.6
113.99 117.88 114.31
109.42 113.11 109.57
106.5 110.54 107.48
136.58 142.99 138.48
137.58 143.95 139.55
18.559 17.881 17.391
33.893 35.308 35.682
69.594 68.675 66.769
48.865 50.42 52.45
54.989 50.454 38.534
61.869 48.626 36.399
73.717 67.116 52.903
41.139 32.969 24.687
99.623 94.922 85.883
85.694 77.422 66.383
52.307 44.548 35.296
83.442 78.888 68.586
39.876 33.298 26.025
79.719 69.041 54.608
67.981 51.433 34.801
126.22 115.5 95.184
87.106 70.495 46.516
59.615 51.81 42.072
67.031 81.54 97.522
112.5 124 113.66
130.34 120.46 103.63
55.227 61.349 53.891
111.4 103.03 89.086
136.31 140.66 124.05
125.11 137.91 128.64
112.02 107.33 93.835
66.721 56.653 48.773
120.05 161.07 157.29
91.428 69.768 62.606
59.861 67.083 73.361
40.554 37.906 28.901
22.904 25.894 18.627
114.54 100.33 77.191
123.92 113.83 88.111
88.057 85.656 69.744
30.688 29.811 23.386
35.8 38.827 40.542
25.268 31.883 39.07
55.329 60.718 60.67
74.722 78.589 70.931
69.491 71.509 57.217
61.984 81.832 87.932
71.479 71.818 69.308
26.955 26.14 22.915
59.637 61.259 54.626
52.002 49.665 36.123
60.169 89.659 92.007
44.795 57.76 50.724
116.19 105.13 91.185
118.06 120.25 109.35
105.34 96.508 75.678
83.666 107.51 106.74
18.113 21.309 18.87
38.084 51.212 53.74
46.832 48.566 47.417
50.135 50.542 44.882
68.342 69.27 61.921
35.801 40.371 39.429
42.371 45.372 44.648
49.939 56.106 56.123
34.049 62.075 78.003
17.58 36.892 56.062
33.335 29.996 26.872
36.109 41.876 42.667
32.79 48.591 51.932
59.413 66.591 70.076
50.714 55.558 60.659
115.22 119.28 125
45.556 65.726 76.632
79.973 82.091 80.594
97.697 99.102 96.639
108.17 113.83 111.55
81.398 84.129 82.072
114.55 124.03 124.2
94.833 101.97 102.61
109.88 121.24 125.79
126.92 138.09 143.52
77.152 82.474 84.842
46.828 49.209 46.347
82.719 96.714 100.14
68.747 77.823 84.428
104.33 113.4 111.44
90.716 97.818 97.079
30.089 34.591 38.085
9.3527 14.521 18.955
37.663 46.278 51.702
34.57 46.004 54.454
30.245 35.178 38.197
79.329 81.818 83.774
86.323 89.629 91.367
98.456 98.623 98.971
102.93 131.37 140.73
151.98 174.65 184.19
27.358 34.979 39.186
80.33 88.607 90.296
18.535 26.955 33.697
45.426 57.841 63.489
51.834 67.56 79.73
51.162 60.248 68.027
57.991 63.236 66.103
46.988 52.575 56.576
24.791 29.331 32.032
28.801 33.589 34.899
74.22 70.132 65.771
66.035 60.447 55.618
91.449 86.699 81.671
62.297 55.995 51.004
128.5 134.84 137.83
174.97 173.84 174.98
133.5 130.49 129.23
132.14 129.21 127.83
69.794 75.243 77.964
81.929 88.797 90.914
68.152 73.188 74.307
98.15 104.68 102.36
142.83 118.54 77.55
34.078 34.079 42.302
51.457 47.367 44.78
45.281 49.536 57.363
63.16 71.043 81.847
80.5 83.345 89.088
73.372 78.156 73.865
51.851 51.954 50.589
41.991 42.36 41.66
82.373 84.234 85.289
41.249 47.023 49.74
39.344 44.378 47.44
37.064 37.21 36.301
107.61 125.16 132.19
62.081 64.908 70.69
35.892 41.405 44.157
16.377 23.445 35.5
105.43 110.82 114.65
59.729 71.467 82.415
50.06 47.97 50.669
22.411 25.829 28.467
57.281 59.343 62.78
18.247 28.92 37.908
22.399 24.002 25.214
27.204 27.95 29.016
77.492 93.745 97.314
33.424 38.686 40.517
32.736 44.57 53.874
20.72 26.532 32.303
34.08 36.742 38.358
35.099 33.533 32.764
58.82 51.556 50.238
43.058 47.794 50.304
106.12 121.77 127.11
112.7 118.43 121.75
89.308 95.056 98.86
72.483 80.911 88.369
83.263 86.11 88.547
130.67 130.37 130.71
100.84 108.74 110.87
124.68 124.62 127.06
99.544 110.94 117.5
132.14 132.91 134.67
72.533 87.637 98.85
108.02 115.42 118.86
105.49 112.72 115.37
32.227 41.079 48.344
32.877 44.634 53.091
25.864 37.005 45.896
14.958 24.312 37.305
41.842 61.383 72.557
68.656 92.269 99.253
51.79 64.394 73.897
65.692 87.106 88.029
57.844 87.36 92.229
79.812 78.383 76.633
53.37 57.146 56.861
61.253 68.003 66.373
70.424 44.752 45.204
25.527 27.164 26.46
34.404 39.295 40.328
37.169 42.2 43.459
44.572 40.55 36.071
72.823 85.449 88.656
87.884 85.662 77.911
43.172 42.111 39.37
112.01 110.94 111.11
39.833 38.726 38.399
52.815 53.972 51.441
112.87 117.29 114.41
89.285 98.67 100.17
66.634 61.697 59.677
99.062 123.41 127.74
111.17 133.62 138.55
122.43 132.4 132.98
58.661 61.3 60.138
59.133 64.469 67.046
64.238 65.298 64.327
83.228 80.621 74.456
94.354 99.663 99.596
89.254 93.504 92.983
86.412 89.754 88.684
40.367 41.703 39.326
21.067 22.44 21.351
57.642 59.782 59.611
59.919 63.272 64.223
84.23 91.015 90.514
118.12 125.19 125.2
105.59 116 116.52
46.173 44.344 45.968
45.848 48.294 49.611
48.985 46.705 48.159
40.252 38.449 40.306
73.176 77.538 78.021
58.21 60.039 61.503
111.12 116.27 116.36
108.36 114.41 114.97
55.973 57.53 58.32
61.816 57.73 56.828
67.466 68.706 68.923
63.779 64.93 65.748
71.798 74.488 75.672
95.937 97.222 94.83
148.29 153.23 151.44
65.69 67.116 68.467
102.06 104.56 101.99
122.52 128.31 128.98
72.146 74.173 73.182
36.855 34.92 34.192
54.131 54.243 49.559
71.227 67.671 63.961
45.508 47.245 47.701
69.003 81.25 83.243
64.683 71.177 70.934
54.59 63.493 65.673
86.751 93.248 93.545
93.555 100.15 99.998
139.31 143.49 138.43
78.523 99.274 104.42
40.131 47.611 49.333
41.318 49.779 52.019
69.156 84.397 88.345
80.562 90.548 88.372
44.234 45.919 38.847
118.8 113.7 101.34
125.05 119.79 105.54
111.4 110.86 101.27
137.2 135.22 121.47
110.07 123.83 122.75
87.4 90.073 85.864
86.469 94.935 88.592
85.14 90.124 80.39
102.51 101.14 90.7
74.985 74.717 71.711
75.825 73.079 62.132
77.698 78.064 76.062
75.219 76.066 73.849
80.869 80.461 76.712
79.091 77.372 72.662
82.144 77.392 72.147
93.17 86.221 65.822
75.907 65.992 47.552
58.599 55.255 45.366
86.249 87.545 77.94
104.65 104.85 90.863
50.36 49.599 41.845
82.756 79.762 72.366
92.772 89.003 81.279
92.924 92.183 82.637
75.85 75.623 68.154
100.34 98.058 77.771
83.666 76.419 60.994
104.92 102.6 92.995
224.22 216.33 205.29
94.287 89.869 78.379
105.98 100.44 87.324
99.535 96.326 82.093
92.457 89.669 86.706
70.27 69.461 64.055
71.04 69.633 64.558
93.181 90.746 84.417
88.729 79.232 72.249
68.678 65.173 58.823
110.86 105.29 92.693
200.29 194.14 186.03
201.12 195.22 187.49
118.16 110.57 96.931
189.62 182.6 171.9
200.63 192.74 184.47
200.34 192.17 183.94
192.95 184.58 176.34
200.06 191.88 183.61
105.57 100.55 91.472
106.87 101.27 92.44
164.56 154.07 138.27
96.709 92.207 83.149
137.01 123.95 112.38
170.53 162.63 151.45
85.959 76.836 65.825
92.497 82.159 74.454
151.29 153.65 152.76
83.094 82.955 78.633
79.859 78.426 73.642
104.61 103.39 96.649
134.19 127.75 120.99
62.445 60.559 56.737
85.607 110.15 118.32
89.54 115.48 124.25
74.497 104.74 109.73
64.628 67.911 64.113
114.29 115.38 111.18
142.01 154.22 140.29
71.86 71.083 67.013
96.522 93.936 89.924
60.115 61.135 56.622
59.84 60.702 56.641
74.662 71.477 67.275
72.861 70.296 66.912
56.491 55.246 52.207
61.34 60.555 56.599
70.029 69.183 65.636
53.732 51.631 48.304
31.249 29.807 28.567
40.951 38.126 35.597
87.009 84.658 75.386
63.072 60.803 58.833
50.374 49.129 48.477
73.744 70.705 69.351
70.231 67.521 66.008
71.214 68.956 66.517
77.472 76.077 72.001
66.282 62.794 57.333
61.07 60.292 56.545
59.96 59.266 55.56
93.112 91.683 91.113
63.915 62.995 58.859
48.119 47.513 45.735
37.508 41.122 36.792
64.264 59.332 50.268
43.49 38.7 32.411
58.879 50.902 38.543
61.446 52.877 41.589
58.431 47.49 37.313
61.232 51.809 40.93
94.455 84.515 67.877
67.527 60.058 48.129
57.36 52.09 42.495
55.094 43.075 32.974
52.224 42.091 32.216
43.683 34.959 26.767
85.993 99.988 104.28
75.545 67.521 58.917
80.211 100.97 104.87
67.984 78.213 82.944
67.081 52.422 39.03
76.245 63.606 50.502
41.15 46.421 46.962
74.012 64.469 53.305
55.53 44.455 34.551
71.144 64.206 57.016
67.964 58.454 44.997
111.43 106.09 88.952
53.627 49.2 43.774
86.008 82.252 71.531
58.15 49.195 39.388
62.956 52.119 41.112
71.155 55.773 43.588
96.688 90.307 84.076
89.231 69.133 51.854
53.354 46.185 37.703
82.686 69.798 50.601
39.892 44.557 50.3
84.587 77.669 73.896
102.22 116.98 123.73
96.677 93.878 88.383
112.93 111.31 102.11
71.258 87.164 84.36
163.81 185.28 190.38
29.571 31.128 35.418
54.028 53.508 53.802
41.695 39.351 34.883
27.213 45.209 57.314
44.407 45.247 41.161
25.405 39.448 49.887
19.618 22.449 30.239
30.886 27.232 23.232
20.119 22.417 26.32
28.503 30.033 28.907
33.255 33.041 28.394
27.985 25.092 20.911
42.707 41.396 37.625
29.491 25.617 23.061
30.796 30.271 27.821
15.077 13.909 12.586
85.9 95.676 97.74
101.17 101.65 93.984
66.197 95.259 107.56
55.712 69.679 71.101
44.758 48.676 45.182
48.828 49.403 44.14
32.58 28.692 22.801
86.702 75.829 54.876
21.468 14.016 10.093
67.538 52.508 36.619
111.46 83.462 59.128
155.27 127.32 99.653
147.51 119.82 92.475
127.97 101.93 76.519
138.06 110.54 82.108
144.71 114.97 86.143
148.68 117.69 87.117
145.32 114.12 83.624
151.84 118.17 85.76
162.18 126.21 90.526
168.38 131.6 95.774
169.15 132.2 95.877
3.7801 3.7844 3.7809
2.2145 2.2154 2.2138
3.6742 3.6742 3.6742
15.841 15.841 15.841
18.123 18.122 18.122
21.776 21.774 21.788
16.055 16.055 16.057
20.089 20.088 20.096
18.866 18.853 18.86
16.31 16.31 16.31
15.082 15.08 15.095
1.6738 1.6738 1.6737
19.947 19.941 19.943
15.356 15.355 15.371
15.422 15.409 15.414
10.424 10.424 10.425
13.262 13.258 13.258
14.756 14.755 14.758
12.275 12.275 12.276
16.586 16.569 16.596
26.437 26.434 26.435
16.827 16.826 16.826
15.577 15.568 15.571
15.003 14.998 15.002
9.9787 9.976 9.9769
11.912 11.911 11.912
13.161 13.161 13.163
15.019 15.019 15.019
31.97 31.968 31.97
8.9092 8.9073 8.92
13.99 13.986 13.994
14.723 14.721 14.726
7.85 7.8501 7.8501
19.694 19.559 19.671
1.2358 1.2358 1.2365
