0.002786544 0.0027529711 0.0028872625
0.0030886994 0.0029879808 0.003525146
74.24874 69.19244 106.96213
36.7896 33.687435 32.20795
32.25693 33.168266 31.07386
42.66481 48.042706 48.695965
45.126637 60.96572 81.595985
32.947628 55.89381 84.71372
26.68455 40.63352 57.71258
43.97509 66.29208 89.85302
26.509031 41.442657 57.735615
50.143253 44.508965 44.062916
37.192036 52.509098 72.808365
47.18519 43.571377 38.77889
40.61539 56.094307 77.86964
57.45555 24.68888 39.43947
56.18183 53.177635 53.98674
89.45558 69.717384 85.08779
87.63308 64.67102 79.088196
75.445175 62.533707 68.582756
106.69049 107.453636 119.39361
103.141075 105.93084 114.47586
97.23021 99.67267 106.60099
198.5373 205.30423 216.75667
56.77174 45.614483 47.019707
40.924026 41.646446 55.471092
30.083328 27.999094 27.395454
34.519104 32.228966 31.653965
58.443565 52.31196 54.020176
33.83079 33.009804 34.862015
29.271235 28.380312 30.850534
49.632812 47.32307 51.551197
27.637413 28.906702 35.392467
37.189014 46.0044 47.81592
64.041466 59.86833 64.425064
55.807495 60.82163 66.16954
56.60663 61.03854 63.91842
55.039246 49.13644 51.42265
54.045593 47.32821 51.410393
102.0002 93.432884 84.18062
149.21645 124.754616 96.98466
49.011448 43.950043 40.54603
69.19775 63.082623 60.94239
85.68505 64.18263 60.379707
71.91469 63.185085 60.59632
66.75646 56.448566 54.905293
47.623447 44.0937 38.789097
78.89341 67.77845 66.934296
47.60515 42.792286 38.236958
77.52558 67.11902 64.70761
78.74126 68.402435 66.22675
75.15118 64.4166 60.96965
69.18603 62.904118 60.848587
74.47559 67.58182 66.34583
83.04807 71.18401 69.614044
56.416203 57.742195 80.04623
67.90056 63.04707 75.08007
87.58766 78.11371 91.203384
78.80084 68.84264 69.007385
67.67951 60.030853 61.43084
51.581547 38.370342 39.53072
88.67951 86.848724 94.55976
89.86803 86.624954 93.719765
78.6021 61.416775 68.158394
72.641174 55.985428 51.026924
54.537334 42.059223 39.001545
34.202812 33.857216 33.665077
24.878534 23.98177 25.97707
59.845127 62.42916 79.324814
58.065502 38.96579 38.039448
54.805847 59.587223 68.54035
27.64621 31.446417 35.994358
58.168804 47.050728 39.39465
83.948296 61.17119 50.82693
62.71802 46.89166 38.68277
116.05821 86.26965 67.07242
58.484993 42.36386 32.999462
98.059425 72.65111 50.61593
33.34298 35.821495 43.789364
105.39723 70.720474 41.593735
86.94635 61.76526 40.229336
26.83744 43.451183 66.08531
21.605284 25.600986 30.588968
113.00165 80.29652 54.08833
98.74723 67.07339 43.9112
96.86722 65.95575 43.630196
28.424562 32.6633 36.74065
44.312496 42.61821 44.40989
70.47533 60.622105 55.02209
55.438595 61.926105 54.259888
114.73179 85.90875 65.98704
34.371517 32.11935 33.128887
22.195427 17.628283 18.570536
47.329952 61.02884 86.32593
53.79826 63.638523 91.19036
77.11586 69.61119 69.38441
79.67834 73.470184 70.488754
87.88723 77.575676 72.749886
87.48614 74.71312 69.37246
56.560566 53.791313 60.998894
52.194153 42.296516 34.25146
30.1823 22.885214 21.85641
31.360237 23.389378 17.21077
79.54653 69.73639 70.85533
81.682365 65.56046 56.091385
58.34956 20.023064 21.759619
52.025414 18.95021 20.368462
76.62758 77.34523 107.38159
37.43104 34.39737 42.246994
35.5749 33.968544 41.790134
41.80961 41.070873 47.55224
48.29742 42.173973 46.15081
61.893238 54.31847 50.01709
91.42758 46.61163 62.098637
82.02937 65.17512 65.67186
77.65575 61.618042 62.606125
56.572987 42.69593 32.731148
56.36786 51.66921 65.917946
64.2573 52.98731 42.997414
68.06705 59.518497 60.185925
44.091755 34.198246 32.095146
45.88716 43.141106 39.845463
58.940643 48.05694 42.67431
23.849829 24.309307 20.946888
47.773014 47.284832 47.985733
37.94702 42.570805 64.68848
43.22719 47.382027 74.65004
61.796986 51.7523 52.793056
63.678505 51.878735 53.264587
43.927216 48.838013 59.8926
34.5702 35.075607 39.282246
67.71208 69.53532 64.31709
50.789665 81.78466 121.286674
47.153427 75.598434 115.603806
36.533474 42.746426 51.89277
30.170181 35.143055 44.657993
58.011047 64.54227 72.17374
40.443867 47.466293 59.910294
21.336803 44.144295 83.63617
30.963238 30.157356 31.502249
35.76291 34.027565 35.358894
32.958134 54.71809 92.60075
28.50178 44.97858 76.84167
21.653025 25.076881 27.553514
56.9583 50.887566 63.65437
42.278183 62.305714 111.7197
44.30192 57.300476 85.66242
47.314274 52.55402 64.97667
26.595615 36.172867 53.01306
45.456623 35.630363 34.698383
46.613308 37.80793 43.06896
41.97472 40.296246 43.869064
37.25012 37.821125 35.224434
29.404049 42.665146 58.122677
32.74142 39.985867 46.76412
35.66323 43.764183 52.235847
36.62049 36.59283 39.534077
50.244106 51.544384 61.739845
48.5563 47.154736 54.604748
65.725136 55.59746 59.08353
29.222118 32.378265 39.083496
52.540188 46.528133 49.39616
50.302055 42.516617 41.39119
43.79893 42.305244 49.4253
46.454777 51.855568 60.37004
49.18559 53.806587 66.483986
52.9297 49.595985 48.043106
56.68888 52.85644 49.877056
63.837273 59.02444 58.698013
79.071175 85.663536 88.44192
78.71252 84.18955 87.213524
58.896328 53.395153 53.037533
60.729874 56.249146 58.168903
61.100952 55.237526 55.68791
63.013832 57.757236 57.43826
76.98362 73.85594 80.244545
58.15467 46.148357 47.817734
68.72295 58.56567 56.8883
61.703117 56.981503 60.09659
59.650845 55.04005 54.968105
64.93309 75.4438 83.88931
65.9912 77.23162 82.99305
62.252098 71.23669 77.51397
86.56896 85.9019 88.571815
99.59414 88.88807 93.836266
65.32176 57.571712 58.64591
89.81972 90.08084 89.09548
61.91882 57.609684 55.249413
57.12761 51.32616 44.531727
69.658165 63.532497 66.09508
83.35876 78.13869 82.60236
40.526558 33.74058 32.34798
91.13818 106.564865 115.43014
78.84533 84.322365 93.65923
151.29765 164.03552 175.85435
0.6755187 1.5506613 4.7601895
29.966528 33.128784 35.24179
46.91926 41.77849 32.25354
63.532127 56.21705 42.802895
58.34788 54.21876 45.890553
16.603807 21.53985 26.395992
39.509098 40.59605 34.967434
49.088463 46.666355 44.524944
92.390854 96.02434 102.42043
135.34567 138.15497 140.4769
148.4706 127.511246 131.7097
48.4063 39.998825 30.980293
70.588394 56.32858 43.508293
48.788223 37.87665 30.063385
86.34241 69.51088 59.24488
87.24165 71.994026 60.99416
92.81699 74.958405 65.945946
89.18449 72.99516 61.524372
91.88243 73.326324 60.49483
83.62543 71.28779 65.56614
135.39072 133.4402 142.91718
79.96502 65.762505 60.466293
83.65642 146.9997 174.79832
91.46408 76.241455 63.22205
90.68116 75.57 63.602264
91.46442 75.73196 63.41412
64.071106 56.672195 54.440712
88.540016 70.98003 59.603973
81.113106 70.92762 65.49842
69.6965 55.871147 50.031456
86.39968 77.69113 73.07564
40.1076 36.375343 34.37998
79.500305 73.84828 69.295845
46.706474 40.79249 41.374104
61.969616 54.63372 48.955482
72.966156 62.743237 56.558586
70.08007 58.393406 50.309006
98.137276 82.943596 69.66618
75.58575 61.259853 51.06795
91.43084 73.89193 61.962635
77.781136 65.16632 55.970287
66.73397 62.487812 54.350197
86.7946 76.59464 65.1588
76.47281 60.525078 54.427517
81.77157 66.86873 60.900524
87.58151 66.57477 52.75794
63.654903 53.257336 47.38951
74.98379 62.697712 56.37521
75.18831 65.26919 60.96186
72.000305 60.31733 50.6453
62.222755 58.08138 50.74753
65.08 55.13463 46.54358
75.00954 64.25713 53.158966
71.464615 59.812965 50.853455
59.124756 48.912006 38.771133
157.43088 176.64984 188.1828
76.69445 81.64477 86.71312
81.93856 88.88075 100.00211
57.06661 62.80474 74.48821
40.375916 43.984726 48.226013
40.69882 40.84617 44.282852
17.143457 15.953771 16.446888
17.287148 16.630901 17.945242
107.90116 95.17814 94.241356
85.72782 77.53495 72.67505
107.58316 98.65299 92.27849
65.45438 60.764755 58.647083
65.69533 60.47368 58.18398
65.32871 60.469112 58.21849
90.10471 82.521484 80.37628
89.77197 73.59652 69.12627
93.98711 78.6492 75.34389
75.747734 67.049385 65.07014
87.44088 77.4627 74.85275
86.412575 76.977135 73.02807
100.93957 89.75207 81.44333
95.184654 84.53471 81.97311
95.11536 84.122475 81.61281
95.91026 84.702614 82.39643
92.575035 80.410934 77.28315
74.23779 65.62647 61.228596
54.68391 51.596992 48.596287
53.929195 46.35359 41.42772
81.74323 75.69439 72.96794
135.58041 130.59027 118.842545
115.51961 110.12183 102.54945
93.34758 95.502716 98.040924
115.8781 101.87081 94.81653
119.14393 102.304405 93.13288
105.34684 92.916435 82.33962
110.897835 99.4026 91.10284
115.10797 109.207886 103.623245
128.11253 117.66699 114.27583
113.5847 97.197945 91.86793
92.11193 69.37179 67.18347
136.11768 128.0978 126.361946
111.69382 98.66561 94.8129
89.720604 90.46636 95.19311
46.429665 38.598167 39.343216
39.561035 31.518667 32.064594
35.548042 28.645672 29.466394
43.197777 36.008694 34.96005
44.630936 37.911335 39.18502
40.641743 33.6963 31.042503
77.7428 61.98073 50.67928
86.4205 76.171555 68.39509
91.23242 82.431076 73.60351
59.539112 53.818573 48.100952
60.58655 54.43809 48.88904
58.690826 53.57554 47.544853
61.747196 40.075405 51.806217
46.16028 51.681152 51.384617
45.21604 42.863358 44.84137
121.21326 122.77016 126.71937
65.5098 72.87783 91.623886
65.78638 74.40099 86.75042
71.873764 72.85513 79.65239
73.633286 73.85319 80.49678
67.73189 71.08091 75.45797
64.27667 67.35218 81.21618
55.83509 58.91207 65.73397
58.42775 61.998924 69.502014
68.995834 73.571846 83.18922
61.145573 60.50638 64.47119
81.80383 80.65309 83.23014
71.81008 68.92242 70.41039
66.29369 75.257065 87.23074
78.025986 80.62415 86.09041
69.35053 78.36014 91.41768
71.75794 74.73018 83.70456
146.0788 141.32039 142.85544
112.91308 117.5612 123.15021
105.5091 107.670784 112.983215
142.52293 142.75659 146.09024
146.66162 147.45018 150.7391
160.1016 161.23558 162.64604
201.55627 202.28806 204.83379
70.78104 73.252335 79.723595
162.78946 163.98515 165.2628
101.155846 90.68277 94.0467
104.51061 102.730515 105.770195
61.409622 70.08021 53.566372
128.47015 135.36342 131.09972
94.25455 97.40929 105.72004
121.25975 121.44414 118.146515
65.5974 79.82505 89.648224
66.83962 117.0787 156.20193
126.67703 131.98506 134.60797
96.26506 101.846 109.5979
148.95712 149.98224 154.59726
44.883 64.07775 53.441315
62.655342 75.98452 65.45612
171.4202 175.29387 180.4553
147.55952 148.39052 151.74937
110.76808 110.96985 113.24726
111.18193 109.86611 112.480156
91.08457 81.19502 73.066376
106.95102 106.95021 109.60129
140.67455 137.34274 139.34187
96.881355 88.94578 84.24659
76.819275 84.816086 96.244446
37.486237 44.603336 51.499126
57.712215 82.22192 101.46018
38.24132 51.071342 61.4017
12.375949 19.849157 26.300276
78.088165 82.45162 86.15088
27.889244 37.319077 40.62573
20.763647 31.59491 41.43084
165.13211 169.8377 172.74274
40.14107 32.047 36.07507
63.23642 20.308735 24.282448
138.89427 127.83586 139.05684
163.25723 167.03307 171.4567
79.084335 26.165178 27.112972
22.175014 20.850567 21.763178
59.070972 79.90959 70.34862
113.65611 113.6592 138.789
189.70752 189.62355 191.76862
171.43188 171.88156 173.61536
52.122574 54.666386 60.84879
24.651716 21.588766 20.578493
24.338045 22.10901 22.462801
30.201136 59.399483 65.27073
187.9904 192.52129 195.8607
45.213623 39.079533 39.67233
92.471596 101.27614 109.846405
100.86856 105.3742 112.700165
182.24582 183.51357 184.94974
96.25975 95.838615 98.86343
189.44897 184.1363 184.13936
84.55617 91.384575 107.29312
172.99356 173.83492 176.02638
180.71675 177.49356 178.14114
136.24106 137.96965 141.32314
149.26042 150.7713 152.11972
150.69841 153.63896 154.53172
151.5284 152.09639 157.90834
199.34087 199.28786 202.47743
196.84157 196.80168 199.99077
162.65138 163.31975 167.82307
187.23897 189.04489 190.50896
139.81757 141.87401 145.37753
93.54173 97.5006 103.95491
208.49026 210.95108 212.72067
162.11116 154.87323 157.4866
35.338013 29.002182 36.809708
57.611866 135.81155 172.9725
107.421745 138.21443 179.06026
103.66125 137.79779 179.34467
178.3835 179.0687 180.56067
211.03864 211.95636 212.62976
193.31609 194.63239 198.48534
65.589775 84.920166 87.86144
163.93964 152.50685 153.15349
27.90566 30.979486 49.47284
165.803 154.42657 152.94406
182.66951 184.33815 188.35013
74.92846 85.20157 95.06839
185.76714 185.1538 190.37555
194.57936 194.5422 198.592
96.65034 92.00484 102.43776
180.70187 183.57756 187.15819
177.50809 179.24045 183.22884
176.31226 174.70087 178.5737
43.962467 36.54603 38.640903
32.4766 36.72732 46.340027
67.323944 74.8595 84.9064
33.55835 37.51393 47.074734
137.61748 136.47894 141.90184
79.89552 80.98778 98.11636
105.24867 109.54962 114.185356
162.43692 161.0692 168.20906
135.7292 140.28741 146.86185
186.63591 184.38162 186.6781
159.80965 204.20802 210.51085
42.248642 46.70983 60.43621
67.3172 68.46656 72.645706
124.83428 112.86232 98.18039
111.56678 73.2054 62.778755
98.08716 76.965355 70.32874
62.16011 52.749245 50.45649
44.108875 48.654335 53.31542
45.31884 51.115055 59.84056
49.57846 42.955215 39.149734
46.07591 38.18458 33.31481
129.38387 122.218025 128.60425
35.36114 28.800444 28.133419
40.089134 32.94182 27.661686
42.449776 36.234238 30.876518
43.555428 37.934834 33.9863
34.231083 29.39035 26.303934
30.00527 24.540018 21.286175
32.580845 23.990936 18.564796
71.17082 52.289734 41.63775
77.12049 57.966595 45.458908
90.98167 68.64114 57.784565
52.034145 42.066036 39.074966
45.771873 36.01702 31.86742
42.196804 33.470924 30.40771
62.08541 59.548412 54.554554
63.518936 60.291916 56.39747
45.36044 31.205265 22.733364
73.3599 54.37279 46.281036
98.76442 77.501915 72.747765
54.165077 45.00077 44.84946
56.575336 47.744846 47.328377
41.478413 36.83986 36.79017
40.096756 33.316055 31.731853
27.745619 23.606794 20.215336
62.300777 47.654602 38.656113
86.79369 70.514534 64.775734
77.53166 65.25565 60.197742
47.50517 48.715 52.363693
79.501915 66.35664 60.254517
76.89505 66.61351 60.787853
46.87316 35.87511 23.885248
45.288624 35.862854 28.352884
44.992783 35.05063 28.29101
43.402805 53.027126 72.291985
91.11596 98.45911 106.81888
114.280334 126.44081 137.0697
61.7104 56.251797 56.695866
48.672596 47.80595 48.711678
52.45179 54.35725 58.318302
102.92765 104.90684 109.887695
49.343113 47.41335 49.404285
112.084335 112.86067 116.66434
115.714294 110.37605 107.44789
93.83825 103.06983 110.87716
113.357216 119.45793 121.12667
90.20134 76.51524 77.64188
65.839386 68.28372 70.92846
69.727455 72.16444 75.59551
95.289665 102.42611 112.002014
82.51175 80.974014 85.911705
70.36299 76.536026 81.14819
72.40915 68.17401 65.66538
61.77899 55.25146 52.90284
70.93309 63.66028 61.66182
31.715 31.869267 32.83989
82.74078 65.38021 59.449
62.347378 88.44655 135.13681
36.654335 75.92691 133.37178
76.64379 62.75435 56.911266
28.449944 47.250687 86.438866
133.07751 107.86057 106.48526
49.891224 49.218727 50.031357
47.247498 44.21171 45.285168
52.274223 54.221817 67.40569
88.19385 79.42708 87.86873
26.727724 32.536964 45.201
53.313637 54.937183 73.18912
90.97613 78.359566 79.890755
62.173504 69.129456 71.72487
61.397873 68.34782 70.68797
62.615425 69.55032 71.63744
63.289433 70.08645 72.71087
71.95572 68.99705 66.00359
77.604744 72.97505 74.9434
75.896866 72.84039 73.24898
80.16091 81.941414 86.69053
81.84694 85.92902 94.08957
63.449036 69.10471 70.826195
69.09958 75.72923 78.30981
66.086784 70.185555 71.002686
79.77382 81.29245 78.07671
67.75364 72.5794 74.915596
81.84778 80.14983 76.718925
125.288795 130.13977 145.65514
42.77305 33.347546 31.316154
59.16632 47.642483 34.55979
45.807358 42.328007 35.896965
49.33835 37.92379 32.087524
41.28134 34.238335 29.974752
39.242397 34.490566 31.535017
23.12187 18.662157 14.600248
139.11868 147.14859 151.90509
143.16084 150.94853 157.4302
142.88873 146.79332 151.98026
158.67068 157.06996 161.3087
85.91973 89.65608 95.78513
106.43151 111.11106 121.27147
121.51628 143.04073 190.89041
92.074295 77.30024 86.794235
91.48003 79.89562 87.12543
82.998795 72.944336 82.390015
60.943867 70.92463 79.68035
98.4295 100.00238 112.454475
105.3321 101.49235 108.82532
47.242092 67.82646 84.852646
100.65044 90.4671 99.79282
111.30729 99.42755 107.991776
88.32267 73.64228 77.99624
87.25284 101.97516 115.24827
115.18734 103.01007 111.87235
147.97902 139.34563 136.71301
97.73148 73.655945 78.75488
105.2292 76.82401 85.67025
96.057076 72.25639 76.4913
105.86138 90.67716 98.00319
95.01179 99.25408 112.1453
93.4855 85.652756 89.96358
111.47109 115.787285 126.801384
77.44376 95.624084 136.39941
78.90667 72.14547 76.82317
102.87857 96.845665 101.567314
146.14095 147.0794 151.43365
133.99306 131.03175 136.61687
26.40885 28.960417 32.893337
28.74451 26.809172 24.94484
17.395588 19.902403 19.506346
26.004868 26.337105 29.941853
45.489426 47.455616 52.885483
55.11717 54.711376 56.349155
35.263245 34.550426 37.660713
29.946115 35.236015 39.7149
31.279964 33.207077 32.79151
66.19828 77.37541 84.397705
47.252502 41.85134 40.712048
63.464546 75.918755 79.36581
34.734203 29.758577 27.669945
62.543274 74.38884 81.12775
48.128887 43.21772 42.066742
28.547773 27.897535 27.596756
58.152588 55.14913 56.871952
43.460453 37.77805 36.137817
49.271973 46.619923 50.611866
72.385216 59.856308 61.382027
33.010574 30.672731 31.659403
51.003693 51.510406 55.386726
19.74347 21.305546 21.768448
18.62479 17.132277 17.702982
38.14547 40.310246 41.342915
24.665983 23.521889 25.448769
44.560097 48.37293 53.009567
96.00722 95.68505 97.13792
51.452057 48.20228 56.915363
80.44333 86.9808 74.2339
110.760155 109.536964 113.320854
148.389 172.61743 170.2795
120.23941 132.08517 134.4125
73.38122 91.89344 81.67804
106.2618 93.30078 83.9019
46.409187 44.845398 50.141106
51.49003 48.11116 54.787754
200.73726 211.26918 213.3918
98.3 108.83103 110.0746
75.55882 69.92705 78.97375
83.57594 71.18643 77.07806
99.6113 110.824715 127.9909
41.474083 44.29403 46.465755
56.946484 66.603905 75.03458
91.558784 118.04925 132.84053
19.625193 23.399382 26.82052
27.485867 31.750957 38.19721
37.10391 41.136677 45.671925
35.593063 48.76116 61.132915
47.61435 51.125664 57.302155
28.74243 36.78577 61.148357
48.98647 39.54576 38.80363
37.955414 45.09434 51.057747
54.269894 52.21198 62.427685
41.909924 36.1213 42.442726
123.30779 89.298996 84.065735
142.64581 85.51155 51.291447
47.00799 35.13832 32.283924
98.25274 84.393745 84.96834
92.691734 76.95256 77.19267
96.487946 60.306385 35.759384
66.96042 29.95743 17.292587
65.351974 29.923286 16.963003
39.888103 40.87551 66.68519
62.089035 52.28849 55.51914
72.33892 61.522526 62.456055
103.340225 87.34049 88.97015
95.66088 80.108376 79.73192
98.0001 85.01064 87.80186
94.07829 82.45414 85.80182
98.20869 82.05674 82.61495
107.38085 64.417244 35.929127
53.33093 46.910496 48.01034
49.15655 42.595882 45.56258
0.006714564 0.0060095345 0.0059759617
11.573793 11.573088 11.573054
20.512321 20.51128 20.51128
40.89082 40.890118 40.890083
42.715034 42.71433 42.71423
43.81035 43.809643 43.809475
46.757637 46.75693 46.756763
48.70711 48.70607 48.706
50.316826 50.315784 50.315685
37.11851 37.11784 37.117607
38.393642 38.39297 38.39277
34.169006 34.1683 34.1681
33.788826 33.78812 33.78792
12.541194 12.540187 12.540086
52.399246 52.398308 52.39821
42.48563 42.48516 42.48496
42.71235 42.71191 42.71171
42.8319 42.8316 42.831398
30.37907 30.378702 30.378567
35.1496 35.14923 35.149097
34.10515 34.104847 34.104645
37.399582 37.39928 37.39908
56.827168 56.826866 56.826664
13.430135 13.429867 13.429631
29.107836 29.107433 29.107367
