0 0 0
0 0 0
0 0 0
103.71 132.23 151.58
70.442 109.62 137.63
11.407 13.365 16.313
35.006 63.013 68.599
41.637 68.004 71.76
41.039 66.787 70.171
41.048 66.466 69.945
41.341 66.221 69.689
40.352 65.881 69.083
85.126 101.94 102.95
49.384 61.718 58.165
41.469 66.665 60.495
54.564 70.717 60.066
61.892 95.724 95.314
68.633 111.04 109.79
6.0956 25.946 33.789
54.941 37.74 17.283
68.895 48.101 24.081
99.66 76.365 46.871
93.857 73.98 50.621
85.951 65.44 43.728
97.987 77.183 53.842
83.931 63.104 45.304
95.034 73.874 55.342
73.532 55.74 35.923
90.058 67.805 49.073
72.446 56.851 34.488
69.885 58.438 48.95
41.463 34.879 26.908
37.113 39.854 40.412
41.164 49.026 50.338
45.275 48.532 43.293
34.99 41.232 36.892
22.357 23.145 22.623
8.6126 8.3149 7.9665
62.452 60.155 44.16
63.065 58.786 35.65
40.588 22.076 16.126
28.98 32.826 36.551
41.964 42.853 48.43
46.816 33.214 30.94
93.997 70.427 58.832
42.853 41.799 45.621
42.592 41.895 45.1
41.412 40.739 44.634
36.864 27.42 25.54
56.548 54.98 63.979
77.909 52.007 32.096
70.521 44.991 23.068
72.892 48.07 27.851
39.588 31.678 27.513
17.228 15.416 16.595
39.028 50.024 66.712
43.76 34.526 27.951
42.437 31.639 26.848
24.341 19.068 17.336
35.553 38.003 42.881
23.549 24.336 26.365
42.424 33.466 27.686
48.444 38.88 40.539
22.364 18.77 17.829
34.173 26.787 23.874
34.828 25.352 21.967
49.204 33.754 29.665
39.68 40.872 45.561
22.669 17.984 15.929
25.208 28.665 27.684
16.513 20.009 17.646
27.189 41.402 41.141
21.507 15.193 11.035
39.92 31.009 20.805
23.532 15.826 11.261
44.088 34.388 22.722
149.63 174.68 168.96
58.13 50.731 42.595
55.48 49.557 42.205
44.938 38.038 29.119
46.468 39.421 30.967
37.015 31.522 23.591
38.681 32.075 23.173
61.111 56.803 49.99
35.213 32.018 28.296
71.196 73.934 77.66
55.465 70.688 78.041
48.18 66.328 69.243
56.974 69.691 74.902
42.487 55.194 56.708
76.454 72.46 70.566
103.67 96.081 80.383
104.13 96.071 80.415
66.235 63.113 51.199
40.285 40.296 41.101
70.163 72.017 72.169
64.117 56.787 47.486
107.67 102.37 84.868
79.454 89.067 84.922
106 100.24 83.319
105.75 100.31 83.493
103.25 85.857 68.827
111.93 106.14 89.465
131.94 127.65 109.37
146.99 144.9 128.8
130.66 125.21 112.21
81.681 81.506 64.838
80.128 78.536 62.775
81.379 78.315 62.69
84.438 79.991 63.8
84.977 78.916 62.684
81.353 75.196 60.26
83.454 67.929 47.777
111.22 138.94 131
99.121 100.01 90.367
82.803 76.727 71.481
148.7 132.73 121.98
94.39 96.636 96.976
110.62 116.6 116.01
146.8 148.68 146.58
131.79 126.72 117.23
84.523 94.633 92.299
49.574 48.833 46.72
44.184 43.963 42.313
70.263 68.492 62.649
83.834 86.243 66.251
118.23 100.4 74.449
90.579 72.26 46.053
133.62 119.38 101.2
118.05 101.29 81.046
53.847 53.726 57.457
39.175 31.144 22.465
43.036 36.357 32.858
54.516 36.292 22.873
60.911 44.487 40.88
53.57 42.032 35.508
54.04 44.622 30.776
32.864 15.726 17.82
44.664 22.693 21.318
47.681 25.969 23.949
16.649 22.352 30.315
47.016 25.797 24.042
111.94 103.96 95.361
87.43 86.591 76.971
91.249 91.494 77.027
59.535 50.669 44.042
101.38 91.951 79.427
99.147 89.525 76.457
99.826 89.717 76.869
115.17 116.27 97.411
115.1 96.652 87.69
114.67 95.632 86.885
65.584 74.565 69.863
92.52 78.498 70.514
108.7 93.128 82.505
85.008 79.312 54.863
74.35 73.46 71.552
109.21 88.1 77.083
39.732 27.425 23.947
59.609 45.099 33.877
57.731 61.821 58.902
81.428 69.94 57.785
117.89 96.652 83.717
67.506 64.831 56.534
60.627 64.398 53.956
47.682 48.425 44.189
29.888 31.163 29.933
70.266 87.793 92.844
55.058 63.313 60.518
67.094 70.903 67.613
73.248 75.76 71.183
71.359 77.885 73.443
25.153 24.334 20.035
21.294 30.865 36.687
26.221 31.057 33.356
47.574 36.749 41.088
25.069 41.65 59.339
77.948 56.061 37.23
33.267 41.31 39.682
64.726 58.486 45.703
44.013 35.875 26.259
45.229 40.808 30.039
46.265 41.516 30.252
73.655 84.469 79.888
38.865 37.189 30.203
23.829 25.561 19.622
47.389 59.631 54.542
75.047 61.414 49.263
62.305 52.306 39.718
74.26 67.618 58.27
47.09 47.425 42.065
56.688 64.657 63.25
57.775 68.204 67.388
56.053 62.432 62.364
57.314 47.315 34.857
57.282 46.649 35.149
59.137 47.952 36.248
54.229 47.745 40.736
63.914 48.88 35.918
47.229 59.988 59.775
95.06 84.262 64.103
70.649 55.685 41.471
62.916 49.772 36.223
72.809 51.076 33.658
63.776 48.554 34.601
46.334 36.618 22.596
82.281 74.4 64.486
93.949 75.751 65.803
42.525 25.004 21.491
40.168 24.343 16.625
77.708 59.934 47.673
75.161 80.525 69.944
78.197 50.709 23.613
80.697 52.77 28.588
55.175 29.113 35.022
42.626 24.861 17.019
48.847 37.102 29.064
81.012 53.513 32.03
109.96 65.632 36.648
48.036 47.711 53.571
122.55 82.612 43.129
92.506 73.662 51.23
144.43 126.41 101.55
62.481 69.665 74.465
10.537 67.498 116.1
59.973 42.447 23.386
10.455 38.294 74.088
9.5182 25.908 55.016
82.157 59.733 39.615
108.17 91.12 65.594
127.97 55.374 23.813
125.98 105.67 74.241
87.116 61.038 39.579
40.948 83.066 91.899
106.48 89.976 69.204
84 50.794 38.581
81.483 43.237 37.05
91.788 64.975 42.802
53.283 57.791 50.111
80.466 63.953 44.85
48.719 43.563 33.326
142.6 108.2 92.019
94.458 68.493 53.214
87.334 63.59 50.132
127.56 81.851 66.647
128.82 81.906 67.336
126.67 80.02 65.111
87.671 62.979 49.72
85.67 62.283 49.428
86.385 61.879 47.852
136.79 121.83 106.95
114.68 89.834 62.488
96.345 75.237 56.156
99.138 78.527 59.379
70.274 56.973 37.975
167.13 155.78 129.13
43.083 32.193 30.691
111.37 94 62.859
89.735 75.105 63.428
49.679 38.699 30.498
73.398 57.014 38.166
103.26 78.919 50.573
61.874 44.272 20.345
87.776 62.073 31.005
106.92 79.319 33.609
88.834 63.771 31.126
87.47 71.903 53.728
85.015 69.978 52.184
91.589 74.881 55.489
97.681 78.515 52.778
96.472 78.994 54.057
105.98 56.634 29.605
82.052 58.123 30.073
73.241 74.648 65.893
98.302 91.709 74.414
28.816 23.038 19.636
28.144 25.284 16.813
51.931 42.575 24.904
39.356 30.011 16.316
41.217 30.742 15.784
43.095 32.12 16.501
42.378 31.487 16.041
42.782 31.587 16.528
72.119 55.036 35.822
103.59 79.865 64.797
135.95 124.72 113.26
80.683 58.12 39.611
96.98 74.424 50.929
93.295 67.196 51.185
76.882 54.66 31.801
81.975 57.436 33.213
56.995 37.932 22.522
94.464 64.324 34.415
89.508 60.804 32.893
41.841 29.297 21.783
96.708 76.736 62.362
89.938 62.83 39.416
47.95 29.88 19.559
11.052 11.557 10.931
48.587 39.721 34.036
49.194 32.045 21.372
46.394 30.111 20.364
38.294 26.364 18.846
58.251 47.382 41.861
55.17 45.642 38.46
40.087 27.631 19.081
41.149 28.306 19.737
51.881 32.657 21.052
52.717 33.322 21.27
38.101 32.211 26.195
49.041 35.089 20.853
38.563 27.917 18.722
41.194 29.792 19.879
58.757 40.883 23.884
41.167 29.57 20.003
33.99 23.606 14.804
30.988 23.149 17.111
34.622 23.514 13.942
36.003 24.324 14.447
35.319 23.819 14.02
64.555 44.955 25.242
68.378 47.618 27.271
54.011 34.079 23.195
68.194 47.549 27.268
57.104 37.025 25.774
44.311 35.34 23.773
68.293 47.712 28.365
45.337 32.685 19.516
55.68 37.128 20.343
74.684 61.175 39.922
99.544 82.022 58.832
121.63 107.04 94.257
112.57 76.209 51.178
80.2 58.315 42.309
95.563 76.403 45.501
68.168 50.814 34.233
44.329 34.661 21.213
120.02 112.02 91.361
115.32 121.88 114.95
93.496 100.43 94.18
66.796 75.849 63.847
31.656 21.256 16.667
25.196 19.038 12.143
27.306 22.377 13.809
26.478 23.032 16.946
30.899 37.304 28.613
49.858 43.35 30.23
44.125 36.045 21.859
50.174 43.419 30.377
50.324 35.226 25.644
50.025 35.039 25.755
49.869 43.671 30.926
42.858 35.527 21.815
42.498 35.302 21.707
20.649 25.982 21.783
18.642 28.912 25.234
34.092 46.649 42.091
16.683 17.292 13.244
25.782 35.424 24.864
20.99 23.48 14.383
33.524 38.396 28.477
36.663 40.092 29.528
57.202 44.528 26.997
44.088 51.594 41.932
44.398 43.63 30.59
43.561 42.984 29.023
41.601 60.115 49.315
28.395 40.097 30.823
10.715 15.01 12.84
14.84 18.333 15.188
69.06 76.38 60.68
40.435 49.464 44.825
50.807 33.652 15.951
147.02 124.9 88.405
61.356 41.647 25.759
79.964 58.165 35.399
64.5 46.017 25.004
75.865 52.922 28.016
49.906 29.803 14.104
79.696 58.331 32.74
59.439 41.76 24.139
73.398 61.102 48.437
48.536 28.753 13.691
72.81 51.218 27.4
57.992 45.734 25.635
52.118 40.898 23.128
33.645 24.342 12.778
49.171 38.103 22.924
50.216 39.447 23.62
94.594 71.698 43.786
86.77 61.455 26.275
88.175 67.534 34.695
59.645 43.081 22.138
60.963 44.313 23.445
38.339 26.133 14.77
69.239 46.478 19.471
50.627 46.441 36.748
40.473 29.757 19.554
58.47 50.185 32.202
29.659 29.021 22.039
37.005 32.834 16.854
24.29 21.534 15.815
67.294 47.453 18.662
56.955 38.028 13.39
69.644 46.692 18.027
88.129 63.019 29.664
59.446 41.336 19.656
100.36 68.529 31.088
89.075 91.29 80.377
76.618 75.344 64.397
76.611 80.087 69.558
127 130.18 120.53
128.27 130.72 121.66
85.669 87.182 77.114
27.723 28.61 23.87
39.367 37.723 32.547
113.28 85.919 34.111
153.87 107.16 32.541
116.47 82.897 40.496
151.23 113.1 64.671
76.865 49.914 20.951
82.98 55.809 28.095
48.177 55.073 51.739
64.424 39.589 18.296
139.9 108.98 76.697
102.87 77.784 43.129
105.15 72.739 35.375
90.343 70.166 33.667
79.091 50.779 13.04
76.617 45.404 21.964
108.37 74.66 29.421
128.69 80.652 24.367
95.329 59.279 25.769
69.33 46.374 24.311
78.727 56.137 31.246
115.34 78.157 36.402
63.536 37.781 21.227
85.723 57.832 28.228
86.013 60.496 30.531
87.126 61.054 30.287
88.288 61.829 29.541
108.22 76.101 35.303
75.518 52.414 27.555
84.103 67.022 49.11
83.602 66.374 48.083
88.305 60.664 44.712
76.601 56.304 34.494
76.18 52.291 36.444
88.694 61.676 45.167
83.324 63.068 45.507
88.759 63.417 41.482
116.33 76.1 26.823
58.841 38.1 21.9
47.525 29.729 17.078
64.818 45.414 24.994
106.92 68.287 23.678
73.187 88.379 82.68
48.674 38.926 28.849
85.575 60.921 32.621
22.819 30.035 40.36
50.407 41.313 22.148
113.89 105.66 66.963
96.694 90.325 60.483
101.22 95.254 62.684
119.3 110.25 63.455
109.95 104.99 69.213
12.636 10.188 9.7815
12.446 10.043 9.6037
35.083 19.008 17.228
84.709 79.388 57.992
30.98 32.42 27.745
34.413 38.435 32.899
58.942 66.749 59.478
52.252 61.711 64.992
45.354 35.816 27.606
77.734 79.228 62.347
79.275 73.672 58.656
76.495 77.662 62.272
60.114 41.717 24.052
116.54 63.704 34.943
22.267 58.92 62.864
71.354 88.705 74.65
45.012 59.829 53.478
68.622 83.763 72.934
85.688 79.962 69.301
70.397 81.124 78.397
43.909 28.853 21.734
85.521 47.699 20.01
105.78 77.927 38.501
25.291 31.445 27.607
21.334 23.668 19.531
39 34.504 27.642
84.124 73.196 45.85
105.66 96.665 65.604
105.79 96.911 65.19
24.303 21.341 19.335
64.556 79.936 75.12
41.629 45.439 39.404
33.923 40.356 35.258
50.44 38.883 22.419
54.89 54.839 32.782
71.293 95.604 43.212
91.077 84.195 75.508
48.809 39.372 23.415
25.081 33.687 24.071
25.113 19.86 8.8414
6.3897 6.8841 6.7016
6.6392 8.5104 8.6476
7.9579 17.267 13.908
78.993 65.698 47.783
64.998 52.69 46.058
25.069 16.032 16.509
89.464 56.778 29.505
73.171 40.846 15.963
36.306 41.677 38.55
50.354 59.314 53.351
43.587 68.891 66.336
19.732 29.477 32.426
32.88 47.846 45.132
52.701 77.976 75.245
19.763 24.359 21.746
41.759 51.456 48.871
70.691 78.634 73.789
71.469 92.574 83.04
93.943 106.53 96.147
52.707 60.364 53.089
60.712 62.642 55.705
39.67 45.751 42.494
43.8 27.952 21.026
76.504 83.524 73.606
44.839 58.468 50.577
46.963 29.194 21.371
58.168 64.506 52.13
27.02 40.033 39.475
51.814 55.002 47.84
40.617 52.955 50.642
40.279 56.175 53.909
46.439 68.823 66.277
61.531 87.578 83.171
68.896 95.667 86.971
37.589 73.519 64.412
59.647 37.903 27.013
58.494 36.009 20.468
25.595 30.611 28.278
27.045 39.422 37.214
28.706 29.643 26.362
69.186 73.546 67.183
73.189 90.25 84.837
23.092 62.79 73.461
33.251 30.501 22.565
91.915 58.348 24.63
83.33 72.64 51.96
67.081 61.98 42.597
56.145 53.854 40.194
81.487 74.159 55.76
71.378 47.045 19.377
61.009 56.129 51.039
62.317 43.673 20.394
88.072 60.168 28.164
52.139 52.654 49.598
65.558 65.006 51.863
61.527 41.585 20.112
62.199 55.773 49.585
89.785 60.995 27.014
55.76 71.52 57.296
84.33 59.196 28.976
76.606 68.224 52.465
62.898 57.596 35.275
86.92 75.111 45.292
57.097 54.927 52.977
77.41 71.389 58.526
55.883 56.598 54.072
24.993 45.384 65.326
35.711 72.537 100.94
94.204 62.312 28.429
46.395 39.74 23.832
48.466 42.612 36.688
26.83 28.918 25.859
67.074 57.293 51.038
39.089 51.822 56.942
60.43 44.511 35.522
24.812 62.039 81.678
64.018 112.78 126.41
57.325 47.248 39.776
57.425 44.221 26.664
34.691 43.228 37.191
44.382 39.745 24.486
239.66 237.99 233.98
58.658 39.616 17.714
44.248 52.256 41.612
35.681 41.948 32.945
28.568 31.751 24.346
28.379 24.321 15.18
15.693 18.885 18.841
25.753 23.569 17.783
75.692 86.999 78.226
151.89 109.69 46.235
92.829 96.541 80.088
39.682 38.556 29.48
24.486 59.93 76.426
51.002 56.803 50.414
41.989 43.273 36.772
47.265 49.648 42.36
63.13 52.262 25.488
19.928 103.8 113.46
29.146 65.018 59.437
8.5139 11.971 12.637
213.42 207.93 184.79
15.398 19.804 13.374
33.307 31.42 25.744
60.092 61.695 53.274
121.79 130.31 99.392
39.256 35.383 31.39
33.365 37.422 33.255
34.992 33.876 27.448
31.36 30.363 23.377
31.613 35.063 31.223
31.04 34.379 31.258
30.023 29.307 25.464
59.434 40.781 23.118
48.87 34.481 12.321
62.099 41.2 20.253
47.306 50.906 49.515
62.208 40.881 20.389
61.972 40.395 19.709
79.013 71.635 56.352
76.094 68.362 53.479
94.571 90.493 62.68
96.359 69.014 16.543
84.947 59.978 26.478
79.528 61.806 35.451
82.712 54.233 15.77
77.268 53.58 26.409
4.8853 6.8779 5.8834
47.885 40.519 27.497
20.761 15.32 6.3355
19.607 22.081 14.953
19.367 25.35 20.257
77.39 50.387 17.85
77.132 51.719 20.211
77.66 58.623 42.24
30.688 28.117 18.583
62.554 39.792 19.244
91.392 59.667 31.941
53.684 40.793 24.874
81.549 57.726 28.653
131.18 144.2 139.86
37.164 34.717 28.072
35.09 31.412 24.417
49.321 43.376 29.463
54.885 45.811 28.705
30.57 29.973 28.115
40.244 40.628 36.105
153.09 174.42 176.23
108.61 122.61 123.6
33.432 33.434 25.857
20.611 17.614 14.829
123.4 122.95 125.08
0.69299 0.69357 0.80225
142.36 139.92 133.67
146.25 145.15 140.3
147.01 146.22 141.77
143.04 142.39 137.9
72.931 90.41 75.599
83.984 98.356 84.276
89.261 91.142 81.061
109.87 105.85 102.68
88.981 80.744 70.547
87.294 78.238 69.867
138.27 141.13 133.54
31.345 28.79 17.998
118.29 119.87 105.1
3.0373 2.9949 3.0496
10.292 10.153 10.351
2.7102 2.6646 2.7264
2.0709 2.0337 2.0888
1.1856 1.1715 1.1926
2.6009 2.5457 2.6223
1.4758 1.449 1.477
3.1739 3.1216 3.1986
3.1426 3.0657 3.1367
21.742 21.138 21.764
23.912 23.317 23.918
20.758 20.29 20.759
13.217 12.907 13.209
21.02 20.459 21.009
19.96 19.483 19.956
17.973 17.551 17.97
23.958 23.323 23.924
22.288 21.771 22.261
21.199 20.702 21.203
10.43 10.175 10.404
20.071 19.57 20.083
21.522 21.014 21.486
5.7154 5.5842 5.6945
32.052 31.281 31.98
28.154 27.501 28.093
29.754 29.001 29.688
12.692 12.362 12.641
16.354 15.951 16.272
5.579 5.4448 5.5552
20.319 12.314 10.245
