0 0 0
0 0 0
0 0 0
97.541 0.98446 46.061
38.926 91.948 17.324
22.858 23.543 19.831
10.364 14.561 17.764
19.509 23.869 23.961
8.735 10.861 12.901
33.472 39.633 39.754
20.971 23.708 24.722
12.843 18.778 18.61
8.3057 12.57 12.582
15.816 18.668 19.976
69.364 29.506 9.6562
75.819 38.535 12.1
69.34 29.519 9.7786
72.449 31.596 9.2355
55.595 24.635 12.033
27.419 33.254 41.77
27.42 33.137 41.878
80.152 76.561 67.071
81.705 73.684 60.257
78.47 69.936 57.495
71.809 63.954 52.833
73.095 65.017 53.619
85.785 76.858 64.704
92.973 80.837 63.82
136.26 112.92 97.473
134.13 109.86 93.052
133.33 109.2 92.744
90.715 78.768 61.714
161.9 138.42 89.773
84.399 73.703 53.539
33.767 27.01 21.241
41.581 34.31 26.676
102.44 95.748 79.397
113.09 104.56 89.973
87.529 79.007 66.169
82.487 70.658 61.484
90.572 86.995 76.212
81.598 74.482 62.71
79.26 70.28 63.817
74.291 64.758 56.743
44.496 44.601 44.349
53.252 47.977 41.241
30.91 27.273 22.709
62.383 63.442 50.472
68.301 59.59 52.887
70.077 60.649 53.28
84.08 72.787 63.848
118.9 111.3 104.96
26.83 17.96 14.996
14.549 10.574 10.73
33.372 22.829 17.723
26.202 19.476 18.036
32.216 24.156 22.04
35.118 26.035 23.34
32.178 20.234 15.245
30.972 21.901 17.938
24.352 16.964 14.103
26.92 18.206 14.501
75.101 77.969 79.591
80.129 81.992 85.918
153.35 142.92 136.62
89.059 84.743 85.129
48.848 53.841 59.3
176 177.51 152.65
113.85 111.11 95.771
98.293 75.474 35.679
49.156 40.27 22.064
74.753 63.914 33.756
74.294 64.415 34.607
15.011 13.12 9.049
25.369 20.058 12.849
36.687 28.568 18.173
39.785 30.72 18.506
52.313 56.964 51.052
51.601 56.149 50.329
48.145 52.802 46.777
58.089 42.594 30.489
53.904 39.503 27.686
54.999 40.424 28.119
65.962 45.545 32.706
31.888 21.88 12.231
14.493 14.651 8.0021
27.903 30.094 17.083
39.264 37.731 21.497
41.208 38.586 17.437
76.564 44.762 28.015
68.523 48.452 28.757
30.837 18.687 33.965
40.905 36.85 37.593
24.311 16.178 10.857
102.45 101.51 94.286
145.21 145.1 134.87
147.68 150.48 144.14
131.68 130.25 121.48
104.48 104.18 96.286
144.65 143.86 140.41
20.613 22.927 19.546
107.28 93.819 82.418
82.007 75.94 57.291
33.961 31.685 27.127
54.836 52.087 46.977
53.198 50.479 43.496
62.109 56.795 51.214
57.3 37.585 29.612
26.403 25.273 19.305
49.657 46.437 37.833
33.35 29.78 21.222
41.059 36.177 29.093
77.645 75.903 61.365
33.972 32.457 23.878
33.437 28.935 21.692
49.894 46.587 40.295
75.415 74.497 60.809
46.313 40.829 31.937
29.499 27.647 20.664
46.105 40.208 35.302
41.116 38.101 29.646
47.6 44.689 38.703
31.189 30.065 20.825
62.669 57.12 46.74
33.769 31.454 28.027
24.963 21.271 17.783
19.045 15.371 13.019
14.881 12.378 10.436
37.581 33.652 29.45
35.055 30.356 26.323
34.337 30.118 26.023
18.052 15.54 12.752
19.452 16.145 13.455
29.285 26.162 22.467
40.776 35.976 31.187
24.637 20.299 15.781
73.592 74.97 61.345
37.178 34.012 27.624
72.663 61.938 40.311
57.839 48.434 36.358
111.27 97.785 77.303
69.543 59.192 45.605
55.16 47.068 24.638
31.951 26.533 16.419
33.456 27.843 16.97
24.115 12.287 7.7267
73.261 40.427 19.694
30.682 12.686 6.2548
49.433 47.876 46.581
55.136 48.836 46.079
39.193 24.574 19.929
89.497 58.953 52.046
47.033 17.406 13.293
48.898 16.713 12.165
42.267 16.295 9.9083
45.418 15.776 11.157
45.762 16.246 11.914
87.707 57.514 50.968
45.429 17.814 10.635
42.83 16.608 9.9162
86.21 57.808 50.497
86.98 57.204 50.194
42.591 17.711 9.9026
31.872 23.197 14.379
81.16 71.614 59.796
73.199 63.666 55.09
71.773 63.022 53.089
57.401 47.174 39.92
68.78 56.705 49.7
82.227 72.111 60.921
66.046 39.161 26.678
66.89 42.367 20.041
84.25 60.721 38.539
72.228 46.727 23.677
73.87 57.335 34.479
84.484 53.808 27.575
76.581 50.299 28.49
115.76 83.956 39.297
65.744 43.304 18.08
94.452 72.495 41.678
80.278 56.569 35.288
106.68 69.594 28.641
107.43 70.544 32.28
91.33 61.608 29.477
100.65 67.466 31.406
99.425 67.722 32.678
118.34 84.477 50.707
101.31 69.049 31.423
105.42 84.518 51.505
32.214 34.789 29.177
103.42 99.758 91.594
84.148 79.74 78.876
65.293 65.012 65.4
96.093 66.554 40.332
90.792 62.025 37.834
91.472 62.457 38.287
91.476 62.329 37.74
87.658 58.26 36.905
21.332 22.794 23.103
32.627 32.142 31.938
35.691 34.883 31.579
55.436 52.477 43.674
32.721 35.743 29.872
23.949 26.714 23.862
24.598 27.422 24.56
28.732 30.754 26.025
76.489 55.4 31.576
27.94 19.961 11.877
41.628 32.738 18.261
16.514 11.618 9.6557
25.738 15.296 9.8591
18.679 18.264 14.842
20.338 21.419 17.579
12.397 8.9214 6.3296
10.732 13.734 12.308
36.51 52.882 9.0281
92.558 106.81 29.833
22.637 20.728 14.366
19.881 13.566 9.1281
8.2396 7.5164 6.9076
10.067 7.967 7.5008
142.37 141.32 127.44
154.25 117.48 82.452
129.99 98.339 68.799
158.16 120.79 75.097
175.13 131.62 78.047
158.15 117.98 71.203
172.32 130.86 80.843
158.37 119.23 73.362
163.62 119.13 72.745
93.494 66.014 42.659
60.331 60.038 46.14
74.859 66.828 53.529
44.631 31.414 26.046
11.856 7.2818 5.3711
17.382 14.617 13.277
9.1771 9.1446 6.8578
17.97 15.167 18.984
36.506 24.19 19.147
39.403 20.335 14.843
84.43 43.324 27.072
97.079 102.39 106.54
182.15 166.5 154.24
130.65 123.01 108.96
95.382 87.847 82.137
76.628 63.655 50.152
103.44 92.188 83.96
22.363 3.4455 3.7038
37.737 31.902 19.346
32.852 20.067 13.183
41.519 22.901 19.052
54.233 30.196 25.634
19.426 12.931 10.468
36.36 40.63 23.252
21.059 9.696 5.101
7.4848 7.2401 4.6309
22.436 5.1173 6.5674
29.106 18.371 18.036
29.548 18.201 17.234
9.8377 6.1528 3.5147
19.63 11.77 6.7161
20.552 13.067 7.8281
21.605 14.922 8.4284
22.586 17.399 9.7173
18.698 13.237 6.7121
8.2099 5.4412 3.1572
60.747 40.962 25.239
65.504 46.102 26.964
81.119 47 30.174
113.21 82.251 42.906
159.57 131.32 89.428
93.117 66.621 41.599
69.783 83.796 80.761
75.373 74.284 65.396
36.431 24.83 20.519
39.57 36.97 44.371
52.579 55.982 53.164
76.82 75.974 70.602
55.855 58.543 55.71
55.742 59.049 56.012
45.635 50.243 47.549
42.414 46.982 44.494
79.425 80.45 68.779
38.592 45.499 34.373
127.55 85.258 48.193
121.28 82.538 48.064
90.631 53.404 30.55
89.76 57.414 30.699
122.5 89.256 53.638
95.218 63.256 33.742
69.459 36.154 15.797
106.98 70.59 37.818
74.251 40.118 17.013
23.206 12.325 6.6602
73.459 42.827 20.117
58.873 36.203 19.958
75.382 45.949 28.158
80.383 49.236 26.226
81.906 49.634 26.646
82.675 53.259 29.216
95.119 57.716 30.139
93.59 58.493 31.125
92.641 49.804 26.125
105.95 67.125 34.512
115.66 71.467 33.727
106.71 63.998 30.116
122.49 81.856 45.521
126.2 86.175 55.923
121.09 90.755 62.068
111.09 72.482 45.725
110.52 70.558 40.475
105.81 61.909 37.486
98.033 91.175 81.654
110.86 103.91 87.881
59.348 37.9 28.496
56.988 36.622 26.138
57.73 37.329 24.926
117.05 99.43 70.156
83.294 70.314 46.949
32.843 24.306 17.47
59.778 58.019 53.372
44.421 35.743 31.479
40.37 32.752 28.819
46.221 40.788 36.413
44.538 39.38 35.568
43.777 38.669 34.665
45.611 40.328 36.13
46.562 40.701 36.275
49.914 44.119 39.144
49.179 43.587 38.739
57.681 48.706 44.834
57.659 49.221 45.222
62.302 53.726 49.708
68.142 62.955 61.396
83.269 76.918 73.724
21.902 34.74 40.184
67.141 95.482 97.394
76.848 104.85 110.05
83.971 103.97 105.98
82.539 105.01 108.03
78.787 67.892 52.936
105.5 91.023 72.164
101.66 83.548 69.281
101.45 82.135 68.147
83.746 67.588 62.195
70.369 35.839 16.032
50.481 25.856 13.254
58.082 48.771 35.338
40.24 37.332 35.358
10.02 37.05 56.949
151.85 140.51 129.18
60.73 43.75 32.313
99.905 62.28 34.464
79.031 52.718 44.792
65.061 39.343 23.634
116.14 121.07 101.56
74.031 59.415 38.104
109.86 93.041 65.086
84.396 71.969 36.393
113.98 89.811 60.657
136.84 138.68 115.72
142.83 144.14 130.16
129.52 104.47 79.772
98.165 86.812 64.225
96.084 82.856 60.001
96.706 83.817 60.777
135.2 130.57 115.15
98.877 86.174 62.816
84.807 68.06 44.514
91.419 75.879 50.505
70.444 67.915 61.76
54.593 53.514 52.073
39.216 39.497 38.099
85.273 83.673 80.014
139.45 132.86 125.15
88.062 91.261 88.861
9.9471 12.787 3.7589
10.39 11.655 2.7771
56.005 57.059 17.356
108.98 98.408 95.906
43.78 44.788 12.309
49.929 49.549 11.794
51.187 47.65 8.0818
80.167 82.521 73.792
96.686 100.81 96.363
96.576 107.57 107.82
78.308 91.056 90.091
47.854 46.864 41.798
72.622 68.323 60.801
87.166 61.173 18.767
119.6 96.375 55.262
114.87 109.86 90.853
100.95 77.093 52.851
56.531 47.964 29.831
94.229 91.604 84.651
42.766 43.979 38.453
94.143 91.624 84.646
94.737 92.668 86.568
127.23 126.21 135.56
57.924 35.853 19.793
44.033 39.452 26.736
134.48 88.683 42.469
81.967 54.533 30.866
125.09 139.12 156.54
126.63 136.28 149.42
110.49 118.2 120.46
111.08 116.2 114.28
64.125 70.19 65.594
82.727 88.673 74.846
100.73 101.59 89.041
110.47 111.14 94.769
105.42 100.66 92.818
62.844 60.491 57.436
64.069 65.2 58.161
37.842 43.797 44.221
83.413 79.241 73.554
61.846 63.954 57.734
113.19 117 108.7
81.535 76.558 70.794
63.972 61.224 56.051
108.61 110.47 101.45
101.01 106.11 99.923
94.329 62.914 32.862
80.627 59.776 41.953
106.98 80.354 63.995
75.064 44.216 23.494
71.819 41.152 24.374
76.528 63.644 48.744
63.595 52.913 40.337
74.736 58.716 34.66
76.108 62.01 46.289
63.187 45.819 22.439
63.069 44.395 21.63
50.213 36.191 18.812
50.389 36.738 20.506
69.009 49.484 25.739
48.498 38.253 24.103
36.6 26.069 15.034
138.04 120.77 98.218
73.969 57.94 41.48
78.862 65.499 55.157
127.45 103.73 90.503
49.249 45.257 40.238
21.642 24.719 23.43
56.653 32.912 16.29
46.866 21.313 13.2
42.781 24.458 16.409
29.34 12.899 8.8808
38.754 13.828 9.0731
36.551 28.48 23.648
30.114 17.104 13.264
56.423 21.065 10.212
72.53 29.899 10.115
49.192 26.736 10.602
55.306 29.061 11.024
39.643 39.114 49.476
20.871 13.672 8.5795
25.38 16.577 9.6101
50.384 36.254 18.193
136.94 100.81 63.134
132.06 99.483 62.774
132.81 98.852 62.367
38.579 29.364 17.498
56.335 40.5 26.432
56.655 40.857 26.561
55.113 40.082 26.307
56.517 40.774 26.425
181.73 206.45 197.75
91.771 105.55 97.412
80.207 52.331 30.56
66.441 65.327 59.009
55.371 51.74 43.391
83.529 65.664 55.756
60.359 49.364 39.184
62.086 56.099 51.531
75.65 54.025 41.337
99.063 93.643 80.271
122.46 108.21 99.275
82.397 69.328 60.91
68.573 58.067 55.688
135.89 125.68 109.79
148.54 125.44 101.66
111.84 114.93 103.46
39.933 54.031 62.173
103.57 89.05 69.274
77.484 79.933 78.447
96.765 89.925 82.731
95.591 89.034 82.351
95.633 89.133 82.86
95.826 89.449 83.315
94.725 88.461 82.685
99.081 89.058 84.593
87.185 92.025 90.568
88.941 95.141 95.46
135.59 149.26 136.02
137.23 135.19 118.81
158.74 152.58 136.92
125.72 119.98 108.09
100.54 129.05 135.39
160.49 183.2 186.48
83.097 83.074 78.657
73.817 70.11 64.54
25.009 24.206 23.401
72.248 73.013 74.29
65.775 70.235 72.412
82.386 80.537 80.182
82.988 95.274 90.055
108.07 104.62 100.72
112.53 109.84 107.45
119.87 121.42 118.34
102.18 95.968 88.631
115.29 109.85 103.13
111.19 106.1 99.117
75.848 72.41 64.315
72.043 67.049 62.405
98.185 104 107.88
94.676 79.785 62.385
84.411 61.709 33.876
135.49 117.01 96.231
98.272 68.232 42.079
110.51 77.138 41.483
134.75 106.36 73.754
124.43 89.123 48.33
113.04 81.689 50.964
128.51 95.741 60.438
110.95 78.025 39.411
106 74.103 40.638
144.72 109.39 66.925
121.1 84.3 42.039
105.38 78.142 43.624
128.01 95.524 56.767
130.86 91.741 48.548
145.69 111.21 74.106
149.12 111.78 73.251
143.19 106.51 62.629
114.69 82.868 51.774
114.52 83.877 49.82
125.34 94.33 54.906
137.09 103.77 64.186
119.85 95.713 57.483
155.53 115.8 74.129
149.48 115.74 79.367
140.06 101.7 64.286
135.95 93.574 53.919
156.23 114.28 60.742
166.52 118.1 77.968
84.097 75.189 61.854
83.714 74.678 61.779
87.629 81.186 65.154
82.139 42.532 19.454
130.02 105.6 79.292
55.319 24.018 11.344
75.863 59.156 42.824
98.066 57.062 42.802
121.11 74.744 58.814
85.428 66.541 49.262
102.04 76.992 44.978
104.41 80.046 49.138
104.05 67.253 43.757
41.42 20.482 9.3402
125.69 89.589 54.872
124.1 83.757 49.725
124.31 106.51 76.812
97.966 73.103 48.698
97.689 70.113 44.893
102.83 73.542 46.842
87.818 65.019 43.669
83.12 49.641 38.327
78.218 42.315 40.164
85.625 63.205 44.604
108.62 73.884 36.864
66.331 42.081 24.538
97.844 62.611 45.114
53.501 36.993 24.921
53.452 42.133 31.457
108.36 97.53 78.589
87.904 83.096 74.848
63.315 62.938 53.012
70.695 66.324 54.18
95.776 82.443 64.664
73.253 60.831 43.869
42.073 33.756 26.001
33.734 27.506 24.579
52.788 37.787 29.342
57.703 58.273 45.587
79.253 75.028 60.823
76.083 73.008 58.488
69.06 64.64 50.898
72.906 69.089 55.399
60.126 61.434 49.095
54.395 58.878 39.502
43.977 47.876 36.176
96.005 92.309 68.94
93.149 89.891 70.251
99.708 109.98 100.93
109.94 119.07 116.82
150.5 172.46 161.4
59.891 61.836 51.759
59.237 56.394 46.737
75.342 80.347 79.831
64.672 71.435 72.641
85.396 90.561 89.261
67.618 70.934 70.269
37.403 46.725 50.701
88.829 96.053 96.542
69.047 57.614 69.33
56.198 49.498 58.858
74.454 68.643 75.966
41.188 39.027 48.719
62.992 53.112 61.614
31.61 28.01 37.877
12.729 14.98 15.691
76.512 78.206 80.905
144.97 150.04 144.14
144.38 149.94 147.24
126.29 130.33 126.51
125.95 130.08 126.27
126.52 130.8 126.77
130.97 133.95 129.7
131.91 134.88 130.49
139.63 142.22 138.02
83.685 84.264 79.322
120.93 119.32 115.18
120.14 119.03 115.26
44.436 60.375 63.737
82.91 103.03 106.95
74.422 110.83 119.63
2.9756 6.1831 10.962
20.431 34.916 57.875
55.151 73.377 80.959
34.971 56.826 81.091
25.547 53.636 93.043
40.684 43.629 47.814
44.436 46.784 50.324
33.965 42.095 64.691
43.515 45.398 48.22
43.779 46.965 51.309
37.408 43.264 62.001
40.817 29.974 16.286
18.078 13.892 7.8824
23.526 21.443 14.841
21.642 20.197 12.985
22.445 20.902 13.38
42.952 47.147 49.685
49.676 33.986 17.815
16.26 8.2826 2.8066
30.9 19.283 9.7021
37.366 20.149 8.2904
39.608 20.908 7.9329
39.608 22.462 7.211
27.223 18.922 6.8462
34.336 22.293 6.7316
37.72 24.19 10.539
43.399 25.245 9.1863
43.689 25.568 11.064
26.33 40.659 67.341
40.148 51.426 73.22
34.443 38.465 58.64
38.205 40.854 57.198
19.354 29.378 54.432
30.675 37.385 58.871
25.207 32.038 55.555
120.22 117.49 112.03
110.87 111.42 106.13
69.34 71.989 69.657
127.13 122.81 115.25
85.282 82.259 77.013
100.91 99.328 94.505
71.647 69.586 68.814
62.955 60.518 59.27
74.627 73.451 70.109
70.744 65.675 56.671
43.056 39.406 35.127
66.773 66.265 60.714
34.409 36.561 31.73
75.236 74.725 69.553
100.7 88.054 78.307
61.871 58.98 59.339
91.64 97.677 101.51
35.999 41.451 40.258
78.401 80.779 76.176
33.383 33.725 38.776
20.828 29.366 52.694
37.648 41.342 45.683
23.129 31.659 51.919
38.488 40.445 56.14
16.969 25.824 34.9
17.355 25.775 33.974
129.8 111 68.7
170.42 149.31 115.78
162.5 140.98 115.05
87.532 74.64 50.7
97.401 79.276 49.805
91.473 76.087 52.647
85.736 72.598 50.62
84.763 71.637 49.999
131.82 125.98 100.1
125.57 117.49 92.77
116.72 96.412 66.093
115.57 101.09 73.872
210.67 183.22 143.6
82.241 60.924 38.86
80.798 89.268 73.018
58.052 43.994 29.668
76.542 81.004 66.074
72.462 74.815 60.499
78.986 84.245 71.638
100.45 79.456 55.901
40.725 25.066 18.183
35.28 24.812 12.933
34.391 13.983 12.259
67.663 43.841 27.456
67.747 45.878 25.163
25.524 14.344 10.203
134.65 79.946 68.439
44.189 26.049 15.855
83.716 57.445 29.271
138.81 98.642 84.953
93.804 68.513 60.855
58.789 38.65 27.523
55.17 34.99 21.657
69.439 52.875 38.146
117.96 98.559 84.64
86.646 59.076 47.23
77.52 55.275 40.662
1.354 1.3054 1.2532
12.137 11.561 11.086
18.352 17.507 16.729
21.637 20.606 19.715
9.6341 9.225 8.7816
17.615 16.864 16.055
17.317 16.537 15.817
16.951 16.378 15.448
19.111 18.32 17.44
18.88 18.076 17.221
19.721 18.81 17.98
19.229 18.492 17.482
19.423 18.709 17.682
19.301 18.566 17.572
19.228 18.417 17.498
23.238 22.091 21.186
20.987 20.182 19.125
3.177 3.0528 2.9105
16.133 15.344 14.699
6.3696 6.088 5.8368
16.401 15.681 14.915
8.8736 8.508 8.1082
20.003 19.185 18.272
23.724 22.601 21.67
16.576 15.797 15.188
21.812 20.881 19.921
15.866 15.144 14.418
14.506 13.912 13.208
72.803 46.77 24.113
121.58 98.244 94.773
