5.6871405E-4 5.6871405E-4 5.6871405E-4
0.002877024 0.003311923 0.0030777466
11.144453 8.629666 19.277767
15.049411 25.045565 25.257694
15.089389 27.424395 28.34551
0.0068580224 0.007828182 0.0072260136
36.838116 49.90188 41.115414
16.973537 21.507627 17.214973
44.06875 54.905495 46.988926
17.941288 19.153286 17.256088
6.1728554 5.199384 5.3094473
33.158405 42.44072 35.668472
84.114845 102.28834 88.879295
44.54262 56.136726 47.257225
35.787403 47.85431 39.228622
87.68135 108.65349 96.86254
53.71126 70.10558 59.669743
8.176201 9.366887 8.131206
11.737053 29.199083 31.14084
14.131842 27.265757 28.464405
1.8403921 4.906463 5.7390604
0.21818547 0.6774053 0.20155895
24.951057 96.214905 106.465775
14.450623 63.17346 59.201157
28.441256 73.808945 84.95815
11.6587715 73.306206 84.926605
19.633982 93.54145 102.580154
18.95748 80.18965 83.403755
30.126122 80.273315 94.59735
19.08668 73.06614 78.19604
10.132243 27.295866 33.959824
24.371103 79.96638 91.30175
30.632946 91.39994 106.54667
3.8711696 18.36167 24.29135
49.06821 65.79734 30.852402
88.647865 104.46454 19.479794
96.38402 89.13245 55.09802
46.357887 45.03476 28.18627
106.541046 100.838684 73.27476
88.22224 73.526665 39.584404
98.43818 99.02191 40.293423
100.482 107.54259 47.268936
21.66272 29.831293 24.102201
55.968987 61.9728 45.325005
65.1761 69.89395 54.512043
86.06249 84.47956 62.04352
68.88622 75.07899 56.241035
52.024353 63.36903 46.19283
44.97471 60.416065 47.464573
61.50766 85.888596 68.643486
116.5565 130.45811 107.99756
8.480396 30.697042 7.0659375
8.037936 29.861803 6.459454
38.91516 49.353573 28.687342
33.844807 50.272312 31.381807
68.52817 78.11786 55.743877
83.01937 95.7591 77.76331
106.8791 106.609726 74.84929
103.77904 111.14201 81.59969
39.08641 53.771244 40.059315
90.77372 84.63201 40.06065
80.22033 90.46511 65.76181
119.7963 106.11411 63.03061
54.381207 61.671318 37.4161
102.124115 98.75589 75.26121
125.748024 125.32594 86.820854
63.269737 63.32199 44.076042
96.692726 90.28663 60.248394
34.407032 49.52934 42.528805
131.06413 114.6755 73.80202
72.02295 79.92985 64.38127
93.46661 87.284454 59.17212
99.50398 110.106346 90.31868
91.85986 103.53211 90.6295
103.13445 116.04566 97.71159
42.94266 52.4914 38.16098
89.92741 104.830154 87.97458
131.52463 119.387695 83.27542
94.09812 111.664024 89.74916
48.237957 63.94092 51.55212
72.20544 79.82975 66.25843
75.85133 80.78653 63.924896
46.719055 47.24194 30.16379
159.3742 148.02238 101.867325
129.52505 141.23926 128.05968
135.19955 142.2318 128.57945
208.90773 209.41211 189.23227
101.94888 98.91279 59.57798
96.09578 73.72715 35.126823
98.42436 104.78489 84.76121
91.2591 62.33845 24.195772
28.37465 12.518935 2.051385
65.230125 32.06008 5.854543
42.510704 29.964205 8.120299
64.795494 54.055332 23.922956
57.31269 47.116016 21.486853
71.640205 59.82634 26.768566
76.33611 65.87793 21.219389
81.268364 68.448746 19.580389
70.45731 60.14753 17.908302
74.22719 64.18356 18.6757
64.65954 53.5376 21.587048
54.83765 47.3056 19.206142
44.80637 40.686874 17.150843
75.438644 61.91108 20.448347
103.074905 90.64094 51.24077
96.90991 88.39753 59.209354
111.64409 98.93848 45.408638
112.70604 101.37796 67.38131
182.59404 180.28737 137.17271
93.32714 88.3148 53.69992
117.28971 109.88545 77.35859
96.30001 85.98377 67.60006
121.20644 118.1854 85.85749
77.306 66.86274 47.148804
129.56447 123.099556 97.43825
20.91593 44.898266 41.58825
97.00993 95.67613 68.88646
25.240265 55.347687 54.592133
38.062492 57.912018 53.38599
12.49545 42.3705 38.268967
12.337983 41.13395 36.507626
46.478153 42.41439 24.786633
27.203264 24.06547 3.078449
55.481567 45.777065 30.940853
55.06818 41.51318 28.906631
104.69932 91.251274 53.70099
179.53883 152.51529 90.08718
197.20677 174.02351 128.6093
73.78081 70.867226 48.940853
98.136154 86.57018 55.50709
109.153755 112.0909 81.2112
140.88225 127.20243 81.83126
139.33638 124.11789 84.98739
157.34421 151.43878 104.83791
160.79791 148.47972 107.08661
103.14141 92.90342 55.06443
175.6017 163.63362 132.97652
115.666 105.7873 69.558945
92.136696 79.3074 56.8615
109.8051 98.708954 62.68443
73.42992 61.667637 42.616016
134.56668 129.62111 97.897934
185.71675 182.17094 167.4412
102.93985 96.101166 80.44905
128.39622 122.27981 86.98899
140.43279 138.1958 101.30229
144.74066 147.43892 95.69437
136.74615 139.16109 91.60999
111.391045 109.78713 70.1027
66.784355 70.6302 51.61789
70.919945 72.68912 49.987858
95.53978 90.145454 66.220024
110.20587 107.30824 74.1666
115.71287 115.972466 80.34384
109.39499 104.67814 69.514755
105.30256 102.54343 67.57684
92.952095 82.64847 54.507763
93.86468 97.8346 86.27566
159.803 160.68517 134.68413
137.5274 127.15061 86.40031
105.1033 104.5101 70.02499
96.23806 100.72936 61.83243
103.14616 89.79774 61.715275
99.20544 93.470695 66.78027
113.44574 107.90469 74.80851
103.496284 104.19888 71.85749
141.85307 124.44855 79.902885
115.726585 112.0646 73.72618
119.212234 112.47447 74.01445
122.50676 115.49388 73.50171
148.8359 130.84538 89.86806
130.02827 128.55319 81.147026
117.0658 116.073395 77.4451
135.83253 125.05165 85.19477
107.03921 106.23889 71.96531
103.43627 102.99237 70.21233
137.75241 138.22862 92.32129
122.841064 111.850525 68.1949
114.78469 106.18922 73.31841
119.640274 106.571556 60.959286
65.06664 66.15231 48.093838
127.6926 115.35602 72.70169
115.76512 116.68878 67.436035
86.27824 71.23126 43.602135
90.423225 75.85016 43.664627
130.89516 130.4658 87.00565
82.20005 89.55092 65.46113
26.059013 48.86789 33.38395
24.651411 48.119396 37.793255
14.828416 29.176435 19.098354
21.09658 36.633045 27.750568
32.180183 51.705006 38.429447
40.520844 53.034355 37.515324
44.98889 63.647396 48.84745
38.04613 56.68433 43.7496
32.707947 41.0739 30.651846
26.544594 42.340828 30.822495
55.071423 70.2692 51.98595
28.604979 44.9541 31.630337
25.960358 36.92366 27.983139
19.133581 31.620167 22.191422
24.30851 34.081997 24.741236
28.561321 39.480164 26.749397
32.642113 34.69102 19.737823
29.271679 37.636993 20.88746
120.913124 107.27914 58.398502
124.94333 121.453735 95.20193
139.06313 134.65288 104.25288
109.50288 96.38325 59.21942
109.74896 101.002174 63.062023
104.37107 97.67406 60.31945
115.63636 108.370705 64.30276
86.15502 80.6841 54.225647
102.36368 97.922424 62.513718
65.32738 54.324936 27.208117
26.013716 40.699654 36.976917
51.23936 59.3336 67.65844
37.63318 64.45541 74.932724
42.25184 93.95243 107.670044
30.703867 61.767563 67.19253
77.35675 59.81791 25.842064
34.293022 57.7586 55.701527
25.129198 82.10923 95.09407
16.189215 54.188545 64.55677
27.35528 50.439785 60.764484
24.434933 39.593002 43.55028
24.878128 42.02656 36.28081
34.87893 33.05985 18.749765
11.927204 38.132442 41.81818
24.41583 33.69631 22.328985
31.47608 18.803827 11.9979925
34.039375 43.501205 40.10548
33.213936 46.07226 42.276226
44.067177 49.612137 46.19457
36.687675 40.52593 38.4072
32.503143 46.46688 42.308075
61.553425 50.11431 21.65342
42.706207 40.294895 23.75746
63.6203 51.978622 22.691189
43.548443 40.47006 31.405159
43.406395 34.465843 15.649773
42.893284 38.74254 29.563328
40.36963 36.562893 27.92871
64.97976 52.244915 23.756859
62.16118 49.624516 23.038572
11.663823 25.35481 32.32236
32.28506 62.04359 73.783356
36.033554 63.021442 71.8247
58.955875 49.97832 15.431754
52.599125 48.509068 14.38348
79.630035 70.24361 43.189617
125.28001 113.944466 65.66637
111.457214 106.33153 65.379196
118.68536 97.04576 63.152782
135.12218 134.54034 90.38084
94.415596 82.23802 58.016827
76.39746 72.3335 43.76736
128.46426 132.11337 83.71872
81.526665 78.84805 44.507057
138.46704 132.24753 103.47561
92.33073 86.178375 44.260136
122.76348 115.60069 79.545
92.868965 85.87689 46.19654
101.73197 92.709724 64.090294
75.27041 65.21417 30.011541
79.7041 64.6032 26.944132
74.95026 61.228558 25.522247
73.68282 60.879635 26.031513
75.07979 63.381943 28.817577
36.338585 31.472801 10.274655
34.499264 26.22899 9.919911
23.574234 13.7627125 9.120367
96.26174 94.38897 69.096176
133.70859 133.63623 109.364075
103.91506 106.96407 75.423256
86.10063 83.32858 60.292152
120.853004 117.69731 91.692726
80.445305 76.88214 55.978825
68.54315 66.65616 43.66031
71.548874 67.42031 44.326073
109.043625 106.217514 75.864914
87.73779 78.67376 53.43299
113.729256 101.7486 73.70671
74.78322 72.86923 48.59223
120.06537 107.66322 77.219925
78.800385 79.95567 61.365383
87.99582 76.29228 49.19594
27.872675 36.893784 18.394285
104.74237 104.93142 77.538574
97.01967 97.615616 74.17195
79.672554 77.13542 53.70932
98.7782 95.93423 70.87572
102.08404 96.576675 69.84421
85.35836 81.289276 52.026764
116.003914 109.81527 80.048775
112.4091 106.63137 79.36642
122.9371 114.57785 83.23254
88.845345 82.322395 56.05048
93.2036 84.826004 58.09367
84.952225 86.942894 68.613976
98.12535 88.85873 60.203064
116.2584 108.285095 83.366516
102.62622 97.903885 73.164696
99.83976 99.29185 69.7213
168.8982 155.42767 109.517265
118.59661 109.601295 78.22642
104.306335 99.68958 71.81165
108.298676 110.48649 81.349525
118.79604 112.115326 82.25512
102.698044 98.7226 72.56169
112.31426 104.01107 80.30952
110.937744 101.09856 74.16844
71.91202 74.653755 56.239494
69.69553 74.86873 57.852036
143.87823 142.15268 120.8231
147.95946 145.41179 123.377525
87.074066 79.97963 52.7403
83.27004 77.32718 55.601032
96.41095 89.58286 63.672653
97.5938 72.13716 19.704536
56.752777 46.36856 14.1692095
91.79336 70.225075 36.007126
35.79339 32.741337 6.5838017
16.569717 15.018902 15.358825
141.68881 139.38177 111.702126
138.94841 131.1093 106.124344
105.280045 98.54148 78.38194
89.33996 87.24428 72.709854
98.49421 99.3161 82.80413
103.00833 114.50793 93.22879
100.03961 105.18697 79.63405
58.995987 72.28723 57.67918
26.349993 40.43841 35.213802
16.895958 35.791885 28.887863
25.006021 45.53255 41.703934
14.981333 41.623177 42.592464
23.695839 45.698814 38.89609
12.83069 42.11953 35.971897
18.325104 20.203667 20.881372
17.777666 39.493744 37.38706
50.365448 39.290882 18.886793
65.52964 53.720963 31.058945
50.390675 44.335308 25.848354
52.625183 55.144688 42.803093
22.618961 44.13542 35.47297
42.025726 72.66035 61.574467
30.866486 57.680317 54.47956
15.183728 50.840057 49.198414
27.069952 52.617355 61.275124
35.09374 61.121536 69.1932
26.892914 50.344406 56.962532
30.449118 54.17038 49.24582
22.132677 49.57527 44.907936
27.887629 50.424126 46.729294
17.186304 48.23642 46.954605
53.012478 69.35003 80.14492
13.208919 38.301018 49.508766
5.4621305 43.328182 53.911648
11.207179 67.02556 76.82899
18.23518 72.08634 85.77459
18.32099 69.239426 83.06774
69.19306 57.005287 22.94092
63.773785 26.302256 12.014485
50.271877 26.866419 14.174093
36.404655 20.594038 9.307574
53.637695 27.77295 8.078416
62.22745 36.816307 11.728087
48.352737 24.020641 7.2538805
28.07273 26.66931 15.784424
42.404423 33.02074 14.2474575
35.411346 31.961027 17.463503
45.626087 35.458984 15.6761675
30.586979 27.625586 16.062223
13.392513 20.634483 15.851867
42.972034 45.07624 27.032719
85.18466 83.9811 55.09976
50.202965 53.324837 29.21173
42.97936 58.560852 31.602034
82.565605 92.116516 47.992374
37.974106 49.698013 29.083902
17.516426 27.401178 21.083567
42.858154 51.639603 45.46554
34.13853 22.531279 13.444533
59.10983 41.240265 21.307173
58.68868 25.24575 12.084604
78.12495 42.40392 18.045431
93.99167 40.650005 16.191824
58.875217 31.015823 8.431821
107.30229 61.204437 18.707949
72.11073 41.185635 19.04021
91.914925 57.73682 30.80376
97.05105 62.136524 27.406631
104.96865 69.35337 28.9445
93.95775 51.879936 23.230095
95.36612 52.336212 23.14064
103.47578 71.06099 17.989796
70.431854 48.59966 24.938211
104.44634 72.02278 17.92928
84.50529 56.14964 21.573431
79.83404 52.778835 23.459888
65.545265 46.635857 21.82982
77.26271 52.88512 19.549644
101.40459 71.495186 14.000301
55.7493 43.817978 20.051752
61.821625 44.387295 20.383314
77.953804 50.2037 12.338151
71.225845 43.253277 10.412017
82.2872 51.855545 12.050214
90.175934 63.14964 24.324266
81.00024 57.3607 22.45835
37.453835 28.49913 12.663957
73.14342 52.61525 14.476114
67.59889 47.04677 13.996755
64.22036 42.821827 17.254349
74.2402 52.867424 9.419276
72.68707 57.94925 9.852302
65.64555 29.631573 9.807608
94.58313 43.579086 11.369966
133.76389 70.28235 16.17262
81.17884 41.881676 10.501573
92.459656 43.156197 8.7332735
149.17961 99.60759 45.69868
63.30985 40.7869 12.46474
69.882675 45.436707 14.5001
60.557007 39.34698 14.734243
69.436035 50.740498 5.491603
80.38806 59.08293 9.450556
66.776794 34.549747 19.448816
100.21638 73.97795 10.183995
162.08936 135.98515 47.45852
70.482 52.08206 9.0596485
88.35732 64.52325 14.619698
95.12234 74.493645 8.13716
93.983475 70.28245 7.0895224
139.871 110.69681 28.742607
58.029472 38.827915 13.602034
100.18456 76.293625 9.330657
209.99054 184.93788 12.832028
185.35832 147.78487 27.041985
72.36478 55.452328 5.947812
61.47374 46.30329 6.080122
82.76693 62.01134 20.804564
116.42982 112.02295 67.14837
97.05928 94.675964 62.342834
71.02258 66.1857 38.888363
86.927605 85.28001 50.517063
95.73879 73.9246 36.359627
52.1571 53.847885 40.065468
101.81052 90.28489 59.75599
130.36147 122.23903 87.14094
88.97588 75.98997 47.988125
107.29894 91.39211 57.778336
94.72531 80.49883 51.327347
131.4709 124.17473 86.90282
133.45775 125.537766 88.04607
128.9524 128.71863 89.55908
93.2508 88.02382 60.72424
104.423454 96.88706 68.19724
49.69731 42.114178 25.63746
74.871735 62.542652 31.099592
40.33735 36.623344 16.523952
22.26773 26.42145 19.624582
163.13579 162.09193 140.21039
98.421715 91.47394 56.975143
156.44568 154.46883 134.12495
131.19513 134.18222 95.57477
135.47032 131.10883 99.736015
102.93477 96.65432 77.44176
79.530075 68.97377 51.220795
90.03563 84.0452 63.18764
80.5574 72.49331 55.095844
95.459854 92.43169 75.69303
68.208084 65.11388 47.6755
108.931755 101.24481 78.878395
76.70524 66.68202 51.788136
107.54901 99.82263 75.34377
76.980064 64.29218 53.359295
64.49589 53.642345 42.486317
85.284225 82.24087 69.12472
105.03288 96.778435 74.44651
195.92131 204.59628 203.44762
125.21678 117.07902 90.94125
113.69173 114.809814 88.92306
108.83209 98.349655 69.26261
77.96615 57.95835 49.00181
47.608322 44.981064 27.37485
122.46792 117.98518 81.880936
116.514114 109.66148 75.63963
120.241936 116.23645 82.06631
126.51863 117.876755 83.20233
93.52901 91.787605 61.967384
163.42343 152.87053 113.64967
114.67145 108.913925 70.32146
99.416664 95.27238 72.51997
125.23812 116.07574 81.90867
141.93051 131.98544 93.89683
141.17921 133.80222 94.81955
118.39268 114.08965 82.91439
105.44581 100.73923 74.24555
136.8249 132.41808 95.29336
77.60344 75.52566 45.628296
88.21775 82.68199 55.420246
118.00746 110.148735 63.726215
103.675964 98.68122 72.813965
102.95424 97.0101 70.16814
112.93871 106.26027 75.88305
112.5932 109.24722 83.461395
123.08527 112.11184 71.2868
95.546936 79.321655 45.837315
123.64479 121.984375 102.439514
162.39322 149.30446 114.07105
156.3758 140.88596 105.1022
95.32651 94.90141 81.89659
97.752075 93.07888 72.20009
102.83678 88.10494 62.335175
143.67363 140.46143 117.26592
91.55346 90.85899 63.304363
132.83444 118.90693 84.91874
145.23695 138.86497 102.73421
109.05774 103.32805 78.51469
119.54684 111.91914 76.03078
130.00595 129.11626 94.44212
87.28456 91.60086 68.128426
125.63994 112.32878 72.89917
137.71063 129.28395 87.95343
125.35665 121.01292 82.70768
102.20477 87.69908 55.596615
94.664894 82.9076 54.971096
120.963036 110.65154 76.158806
114.488556 102.90844 76.25338
108.774826 99.521645 74.02178
101.82025 91.01773 68.2588
105.65088 94.57507 71.5179
92.9443 90.31627 71.49435
81.58972 77.243675 58.62592
101.54292 90.00331 71.90593
81.54249 74.03489 54.110664
82.98344 76.01007 56.23675
135.16743 117.98621 84.01917
129.75047 112.43627 78.17132
78.130806 75.07721 52.947445
92.826775 92.284996 70.07383
100.44775 90.45989 71.792885
75.93379 72.415794 46.582497
98.44048 93.1468 64.77222
185.22276 169.86736 121.56948
120.78814 115.21079 84.052055
128.61809 124.27683 103.52546
120.36016 118.13197 95.33919
117.34223 118.28904 98.49582
94.975914 88.69587 59.062157
31.047537 57.74458 55.21591
123.52539 115.9815 85.38107
98.88211 94.95674 69.599724
97.76405 81.80447 51.51181
105.63646 86.22715 47.396393
108.17911 94.32979 63.8792
91.50345 77.2671 44.696106
14.0030775 0.00950087 15.003512
135.96173 132.41502 112.42362
14.005855 0.012110264 15.006156
29.542654 33.628395 22.110565
56.999664 56.029976 29.421719
40.864647 42.079823 25.072996
71.55751 66.282585 30.51482
38.523586 39.747623 24.525526
50.596447 49.99331 26.600494
23.950521 27.9262 18.817543
22.79436 10.341931 23.443163
21.697779 9.062926 22.387762
21.910177 9.336277 22.691858
20.624582 7.670815 21.405325
21.170948 8.345845 21.883213
21.38368 8.536498 22.124449
22.77218 10.454838 23.339222
21.13813 8.44527 21.779373
22.285427 9.717182 22.911983
24.353172 12.007794 24.867624
23.599993 11.316172 24.312792
23.9816 11.597818 24.493544
23.962767 11.688478 24.567945
25.7774 13.512144 26.59106
24.128328 11.901044 24.76987
24.114546 11.962297 24.7408
22.589155 10.081225 23.313864
