1.2725748 1.2725748 1.2725748
1.272936 1.2728844 1.2727813
29.503225 24.768137 8.089628
8.087693 35.962204 47.30183
36.65271 63.540688 84.38867
59.20846 49.975853 50.206062
12.285113 7.2488904 4.5982714
137.04135 67.93638 9.891769
166.48335 104.57792 14.031115
120.67577 122.1647 102.06014
110.63168 111.15026 90.695076
53.11388 40.15805 27.774664
53.855804 48.3097 24.538828
77.78798 61.52392 39.406837
84.9266 69.06739 46.50111
115.445694 93.680084 63.95689
146.87268 133.56633 103.29306
126.68369 105.98465 88.37064
140.77678 118.61432 104.721565
94.04938 70.20431 61.668526
84.29159 62.640995 41.775696
91.05802 76.11109 64.473274
74.38643 60.51019 43.391537
86.81153 78.01145 67.38917
100.5853 86.97967 75.74113
70.95547 58.336224 46.759544
161.9095 148.07462 143.41272
61.639008 52.45312 44.141872
104.6815 92.50523 85.87358
73.45026 61.340996 58.169247
91.608826 80.75374 76.38844
112.03444 96.05441 89.94907
115.39701 95.33847 72.9259
125.577065 101.41432 72.530495
138.90865 105.17915 88.14995
119.91801 96.15464 73.08627
30.08114 25.728947 18.500723
84.74946 58.74804 31.85485
74.14737 57.043964 37.879745
96.581116 74.089035 53.87781
128.25647 99.81375 53.95952
107.183205 81.5935 56.952168
114.638954 84.868164 56.564217
119.17304 88.24004 54.104336
119.639915 87.86641 53.467518
134.86963 117.70748 92.02392
30.167416 11.251109 8.463055
32.818344 26.079025 10.822394
47.89061 31.951109 12.460939
35.956165 32.671593 17.411404
49.745846 39.357586 22.87353
47.651188 35.5162 13.216176
43.985603 32.216434 13.490558
45.72322 36.40129 21.661507
45.459415 38.66174 18.61535
40.564526 34.600853 14.187616
41.30294 36.253326 15.466073
60.180187 46.40823 22.07131
44.48816 39.30191 17.76357
45.122677 35.408203 21.334984
62.34866 48.667313 32.454697
39.474407 32.28968 21.841616
59.434235 46.538082 32.27322
26.702658 23.118912 12.784752
27.67869 23.365816 14.108359
25.15836 26.111069 10.594195
39.821 25.294428 4.4291797
29.103045 23.919092 6.5178275
57.930264 40.03176 16.597885
51.350388 38.482456 21.97544
71.50439 48.093422 33.80152
57.023193 40.616226 31.274588
55.73883 41.174587 38.50281
57.900105 42.76615 29.334984
63.95449 38.438263 22.680082
73.78085 47.67683 27.19982
143.43336 104.7475 75.0363
98.676575 75.268036 43.64213
98.18377 70.93922 39.26437
88.036095 63.776806 35.0653
113.23842 81.42918 51.731064
101.98741 70.822365 38.1105
79.74126 57.915813 27.933876
124.86197 92.56207 55.963337
1.3031218 1.3030702 1.3029928
41.768757 18.26099 6.7393446
36.851162 24.72923 6.239164
41.383667 23.034237 8.519453
31.646544 24.910913 10.582947
28.812925 19.934261 10.307173
22.763828 15.530521 13.793318
27.676497 17.23199 17.244738
28.472446 17.216461 7.614216
33.36285 25.44275 12.060913
33.867157 9.895356 2.2952785
32.648632 20.763674 8.52887
45.330265 27.729282 12.575903
37.469067 24.980417 12.98808
32.953457 20.877296 6.508591
16.056011 12.515222 7.906837
49.65877 37.504257 26.024046
46.434494 35.09061 24.023556
43.549458 31.772936 19.595407
45.192337 34.318214 22.88452
39.099613 30.544918 7.887616
43.61682 32.642284 17.251497
52.11992 46.192413 19.240765
45.086456 34.11994 17.130005
41.94422 36.507896 17.697214
39.983566 35.0766 17.75253
43.307095 37.109135 18.265223
42.638493 37.012203 18.598581
47.677708 41.55898 20.171234
50.73844 42.83994 22.19306
41.021183 31.592234 11.373865
24.807043 15.769453 8.22838
20.66904 11.673761 3.7491229
24.054592 15.187745 7.4345717
25.539886 16.799175 7.879463
31.139524 19.654696 9.052038
53.47892 34.7161 7.568963
52.53514 35.522522 7.8303404
57.573944 39.16868 5.50209
77.33142 61.05379 38.796955
32.34912 22.409468 10.144143
91.96097 54.572964 9.742724
59.003304 35.49115 4.624897
28.072445 15.212126 6.4286637
32.480858 17.641796 8.538442
29.142519 14.690763 5.0878997
39.38016 23.74311 9.539861
31.441357 16.213726 6.1919503
60.062695 42.38006 20.689835
38.02376 20.81419 9.386223
53.47216 42.39226 14.822497
37.815224 24.635242 6.6172857
35.18367 25.225155 7.6594944
55.691666 42.21664 7.490583
40.32562 24.464525 7.750103
36.823376 27.359495 7.4135966
43.232662 34.03914 7.1491227
43.506554 32.229694 8.171079
54.445587 37.916794 17.075903
59.587795 37.098118 13.266951
39.762745 22.359777 7.4043603
41.880882 22.64515 9.344066
63.452477 37.52242 6.421388
60.697987 34.81055 7.1571465
42.133205 21.502167 5.4330754
62.94141 33.66819 8.170666
62.380444 39.07949 8.292673
55.26339 37.750465 10.127219
68.7257 43.301136 12.069943
49.09009 32.55041 18.427502
74.96852 52.350903 17.760914
89.96249 68.58026 27.213675
61.998528 42.80663 18.226393
66.558846 48.03377 13.733927
73.78767 58.15315 20.43305
72.00831 56.188313 14.549355
71.317314 57.360035 16.34466
83.1428 62.84546 15.859933
29.83305 23.279514 5.846362
40.959415 28.835423 6.172343
46.851624 33.273632 7.8676987
80.77786 67.48039 26.240583
45.03537 37.895252 19.173737
118.80733 102.101494 76.663284
129.17519 109.59159 72.850105
21.277735 16.938984 11.60467
46.766407 22.772703 2.420227
63.063366 39.971542 8.790583
59.492725 33.646336 3.9972394
74.26875 49.238983 4.156166
63.171646 43.546 7.683772
62.386196 58.367104 3.2777865
41.037926 48.098892 3.8571208
66.16399 43.036583 2.9428792
47.1758 49.254463 2.3642416
62.81548 46.27087 3.1725233
58.583797 36.269016 3.1558566
62.99982 58.8919 9.675619
75.53568 52.26282 1.9511352
54.751472 36.76277 5.143266
40.338493 24.392132 3.547033
63.43862 60.407326 6.4360166
65.8323 43.866665 3.151032
51.28537 36.25227 6.5143447
55.49693 37.20862 3.3706656
88.96631 65.39948 4.8961816
55.00534 38.250618 5.698117
49.964268 33.868755 5.3992777
67.52422 48.223736 7.9488134
44.007095 29.257946 5.3612485
59.35485 47.61112 35.51055
59.551624 48.48042 35.043705
89.14972 74.04987 56.76117
74.435295 65.24675 42.12335
79.83702 65.96922 44.297367
46.078846 43.587357 23.245872
47.108772 45.22892 23.299896
73.48723 67.50217 56.462513
58.93127 52.335888 47.274227
79.339806 77.443085 65.173965
87.26755 79.73434 64.43702
88.70679 89.017624 72.19546
108.73741 102.214035 89.37087
116.89696 109.36693 95.471
125.38581 121.1571 108.62446
74.45191 69.14569 54.51223
81.05374 71.63852 54.483746
86.25635 79.215195 65.45397
89.94151 81.656425 67.88615
79.20929 81.01481 65.19461
81.840195 73.6894 63.07802
41.540066 35.44853 27.268757
92.631966 79.573425 69.304
139.45888 128.34827 114.82779
78.62771 67.54974 59.89329
79.89889 68.03836 60.734802
71.23715 65.58968 53.739292
72.06099 61.96344 45.22717
83.86006 82.81011 66.94742
85.09373 78.13034 68.49432
128.02214 115.870125 115.56086
106.50624 98.06986 89.13176
89.908356 80.59982 68.105934
85.18952 71.769455 59.940506
93.42103 74.09012 62.016872
99.62748 91.81177 80.428665
95.2773 85.551704 69.912384
104.24992 100.42921 81.94239
66.17237 58.84136 45.408978
74.71646 62.778122 55.675594
65.35619 59.485657 49.35676
120.938934 109.05219 100.75653
60.651833 65.849174 52.19066
57.945408 56.120358 46.48439
78.07593 76.46215 76.71368
51.672344 52.324123 51.431423
78.23968 75.25523 69.56151
74.856064 69.976135 63.316616
94.69355 86.22423 74.83163
135.04977 126.90021 119.639786
124.3378 113.65839 108.9921
74.36703 67.937355 62.57348
62.465298 47.12193 17.300903
62.091022 46.729103 14.622962
43.847885 30.452013 17.955935
60.039036 42.082687 15.333127
73.49035 48.605003 18.976547
68.63947 43.594093 9.109211
54.89329 37.843964 6.9879775
55.42077 42.741924 16.024355
51.48643 40.09159 17.084932
53.996956 36.600025 11.037461
71.00687 52.231167 19.450825
46.626804 35.382896 10.374251
31.937641 21.655546 7.689345
34.596 23.769093 7.8061404
39.880314 25.34711 11.756141
55.674484 41.51432 15.865789
47.112873 30.946413 10.262436
53.379772 35.324898 12.477657
38.44427 24.142698 8.005572
55.22407 36.22833 16.121439
26.152992 18.879824 6.0897317
42.461273 30.859829 11.797008
83.17546 69.68692 25.580444
77.98325 64.18403 23.304232
67.02108 48.7904 23.12967
37.94298 25.69484 10.296956
68.54082 46.822964 9.260681
44.340996 29.760784 13.7023735
65.07549 40.78839 20.163958
46.714962 35.872547 15.296569
64.627525 45.824535 21.2887
74.35253 57.05054 33.123608
32.437283 21.973219 12.539706
41.385708 30.578766 14.794814
39.99257 25.955315 12.472961
43.162075 30.537075 12.894685
49.501812 32.208706 13.416761
30.124588 20.447626 8.338622
66.224976 48.879955 22.167131
69.67041 46.627865 20.83145
69.278534 48.61842 21.992828
40.38078 27.115221 10.137255
28.767622 18.688183 8.5574045
38.92972 28.847498 11.24244
57.65991 42.68439 17.915325
41.137848 30.541487 10.652348
55.06811 39.36401 14.503612
77.534775 56.550076 19.244892
48.44987 35.057713 14.047678
41.845432 30.468266 13.4798765
70.67232 52.482586 19.007328
46.590816 34.445614 12.000361
54.777504 40.731915 13.635011
67.30985 51.201084 20.531837
45.957455 36.472137 18.512436
41.61045 30.511816 15.338287
50.523502 38.898323 11.312461
63.396492 49.26945 20.690197
68.32729 50.391304 19.295485
79.570564 54.70325 14.96277
43.846104 35.381992 11.666899
59.378483 45.313805 13.225568
74.18034 53.582096 17.73261
86.10963 58.220898 19.087332
89.566154 68.94874 18.851858
92.534134 66.17915 22.193523
43.636326 30.585474 12.916744
36.81602 37.258926 12.288157
40.04912 31.788055 11.858231
38.83798 32.718163 13.15147
26.054308 22.3 11.753844
59.217827 40.370667 14.894943
49.17247 40.392982 15.078844
47.04605 46.825798 15.117131
37.993294 33.82802 16.147085
114.41324 81.7227 33.794815
5.819969 11.369969 2.694969
77.07871 48.6218 23.034494
114.30209 93.97621 41.43594
84.37369 60.59564 33.356606
28.973116 22.67291 3.7446852
64.16231 46.936428 32.049355
80.32758 63.53661 37.691486
42.806087 35.029644 23.398453
44.370125 33.004025 17.164267
43.197575 36.37616 22.991821
38.55934 31.912151 6.4807534
76.51602 61.422962 30.644014
47.14556 46.422703 26.995949
13.252399 20.687151 1.7061145
24.365042 19.401213 10.970356
23.240274 18.201805 6.8977556
90.205574 84.533104 60.41695
88.31747 81.47624 59.42536
89.471825 82.454796 57.472496
53.841667 42.63813 4.539422
44.850567 36.319427 9.001599
43.99043 36.10849 9.884288
51.731888 38.531864 5.938158
44.030132 32.421955 7.7215686
25.078999 17.770073 3.9300826
77.07402 63.83865 5.7165637
29.345278 21.899845 8.416563
28.727167 22.864086 9.613803
26.786919 23.960087 6.10596
77.37967 50.286686 3.6290247
77.11174 46.912434 3.148323
23.125877 20.667957 2.228354
61.09783 40.87175 2.1107843
27.987307 27.63514 2.0400412
52.094246 33.882225 2.111223
52.626366 34.252476 2.0794117
50.30178 33.830494 2.214706
25.322807 20.55178 2.3131063
34.526443 28.92518 3.0803921
53.503147 45.44102 4.662745
65.4437 32.30031 4.0437307
97.29528 70.904076 18.921852
64.833206 41.242905 5.1448402
87.80632 48.878845 15.764112
61.003998 46.763157 25.723633
36.070305 29.493267 9.855367
90.39713 85.02889 81.37356
118.60067 117.42706 111.29848
95.87969 90.88537 82.16429
132.37108 132.94652 126.916046
105.611374 103.28599 91.08697
77.331245 80.08576 74.24484
67.85748 69.37595 67.36788
95.678276 97.0749 98.60586
55.445847 61.903587 49.64644
130.00488 131.2258 142.32722
109.3426 107.27789 111.90114
53.682636 52.66538 45.560966
65.92843 66.72983 65.97113
113.196075 112.40906 107.9871
81.479385 80.55307 75.11747
115.50204 115.632095 119.202194
127.99443 125.11352 124.57025
80.323296 78.1348 79.59025
136.9414 125.952194 129.77107
137.75188 115.808876 121.05307
84.21824 87.110115 73.6218
99.972984 97.054306 92.21517
95.63135 91.45725 81.58194
140.66388 136.15668 134.41515
113.54074 108.433205 98.50353
86.99881 78.806915 62.32797
103.0057 101.70209 100.66455
126.76045 131.67838 133.20088
173.38957 172.95732 167.8418
130.68196 126.53006 124.55096
83.54848 82.20705 75.18171
93.87087 91.263954 86.01205
79.97139 74.34533 66.823944
71.96228 67.20139 62.257534
77.71034 75.03638 69.70583
122.91716 115.27593 118.311844
150.27742 149.22028 154.50421
22.118162 63.82794 71.4177
38.10823 76.618576 86.35224
30.257147 58.676678 65.04675
51.046078 80.68083 91.433975
30.031631 73.96548 88.03576
30.845665 67.429825 79.072525
23.658566 64.354 74.825645
135.61453 139.54085 143.42078
136.10748 136.42851 141.05078
24.837564 23.441332 21.37247
55.10119 43.307922 29.239164
89.06192 81.32533 74.856705
61.654026 44.81597 25.764576
55.106476 45.058254 26.88599
55.327065 43.70565 25.300026
56.43594 43.56099 29.681244
77.03578 79.50498 71.016846
63.437977 67.116356 63.016384
44.55429 31.228096 14.469786
47.291203 34.225567 16.68932
15.782043 11.664835 6.679128
43.976444 31.989346 19.796001
39.50578 28.476728 14.539758
56.162666 45.72549 22.112848
58.41352 47.019917 23.31499
58.514397 47.429874 23.504282
25.0355 17.034185 3.3550053
27.0137 19.455341 5.166847
54.28942 34.687695 18.652813
62.329155 41.00614 22.98501
59.326447 32.945126 9.266615
55.243988 32.216408 4.8473682
47.791565 30.004025 6.3729877
48.249046 29.764448 5.86339
67.444115 47.77647 10.847627
58.235035 34.465736 11.214087
52.46076 43.81589 18.633076
83.555984 60.44298 20.963984
114.189606 64.340096 6.6798506
53.27616 34.15766 11.919763
50.2468 36.819168 2.7502837
51.57139 28.00578 5.4721103
90.50758 58.40823 3.9090557
76.205444 51.001884 4.3657894
55.351265 43.02882 4.2353973
75.566025 44.730907 3.9988132
47.582146 30.346748 9.250439
83.979 59.675747 4.1932664
58.953663 44.689217 3.6741228
55.966743 36.595303 14.083591
83.59724 53.086998 14.812925
33.405495 23.82389 6.08532
66.24012 45.19399 4.989293
82.14409 48.772602 12.802657
57.73114 33.329334 7.162745
130.84033 130.01665 109.3661
108.80449 94.3702 73.07438
93.60812 73.0364 53.312332
86.953896 76.31894 62.749947
100.576164 82.15286 66.497475
98.55818 80.11047 64.89089
100.93782 82.35132 69.454384
60.227734 46.442078 28.489603
116.635574 103.0428 91.176834
89.59732 78.05531 54.322987
139.3027 136.0853 118.94582
63.65121 52.45818 32.553432
94.3378 84.60407 64.80735
80.35702 71.23563 54.133926
109.66171 102.80542 90.20083
91.007484 84.1798 67.78761
70.74363 59.051056 48.331036
107.94662 104.80869 102.76739
72.50674 68.77779 67.68403
116.56853 111.498764 107.36703
120.84221 120.87229 110.07722
112.19592 108.31332 104.9671
71.63266 68.10059 69.78749
107.6999 99.99105 99.55113
106.00338 106.295456 104.00857
73.35039 65.179054 64.50872
131.57697 127.22322 128.96101
102.97598 92.992905 95.780365
92.49634 81.44585 80.59714
73.97528 66.89203 63.272034
103.8766 98.23779 101.385735
99.814705 96.109085 90.45619
109.21999 103.315735 94.53496
105.9555 93.0042 94.706116
138.53601 138.35095 141.11256
114.18173 112.04616 107.2227
83.204384 76.13042 49.63158
95.16881 90.46385 63.50214
98.29784 91.728226 67.217674
104.13516 96.821594 71.756065
63.442104 56.42113 37.86458
44.60823 32.14324 14.325361
28.46677 21.742311 10.343963
41.93114 31.40405 7.87162
20.062384 22.65632 2.259649
38.94623 28.190403 7.610965
26.348324 23.476187 7.177967
29.477245 19.17941 7.301909
32.76615 23.519375 7.9
32.629875 25.219866 7.241667
36.059494 23.81793 7.337487
16.544065 10.923864 1.9684985
21.768291 15.424536 8.099562
33.4009 22.200825 8.347858
39.852528 26.852142 8.242414
71.86187 39.749485 10.020485
15.616228 13.76032 2.9235551
40.693058 35.238907 14.221698
20.205935 16.332533 2.7909186
19.33029 14.391873 2.903741
78.594246 62.31081 19.050825
54.44876 43.479153 22.240196
46.8597 36.784443 11.317518
50.734417 38.290066 11.564603
27.29907 19.740583 10.045976
73.78197 52.687153 13.3017025
29.539835 23.753174 8.150232
67.551704 49.505753 9.95565
56.742958 48.8936 15.614938
54.978817 44.230392 8.994324
72.695045 49.639008 10.312178
31.917028 23.712255 7.192802
66.00586 49.244297 12.231527
75.140686 55.167854 13.953096
81.72363 68.15273 10.4761095
63.802914 59.002037 10.03483
75.81721 63.791435 7.387487
84.12903 68.224434 7.8459496
66.37853 55.566692 24.185629
82.09863 65.392235 29.872189
85.78421 66.814964 28.781347
44.77536 31.948452 23.058205
45.074173 33.99778 21.96819
30.960682 29.9855 23.451754
33.05253 28.61161 21.205624
36.603767 31.031734 21.70031
86.94316 65.706116 13.495794
84.78419 65.01076 10.712333
85.38292 65.747856 19.649433
83.1798 62.21762 13.110346
93.37918 73.116 26.314835
98.98037 77.01303 26.981966
96.718185 78.053665 29.125826
89.32361 66.653275 28.335604
105.8258 79.903946 35.10276
104.19151 78.1911 33.423477
110.34876 82.10655 36.38684
85.94463 61.04265 25.295511
104.62931 78.59275 36.724228
102.41274 78.748604 21.98101
108.780235 86.06824 24.371157
142.36697 107.118805 52.169067
109.35818 86.62864 45.682713
67.554306 56.827427 29.536455
105.00246 74.307686 41.28314
124.16659 98.50536 56.96971
82.269714 61.941822 35.293343
108.88174 84.30684 43.66058
109.38555 80.52753 39.021828
107.149635 80.50893 32.50436
95.6846 71.59146 29.161068
106.357376 81.301575 42.835964
90.47111 68.59417 37.62838
81.11169 62.14889 32.969505
101.52306 79.983826 33.072678
101.29639 80.8975 44.254875
95.49585 72.81873 37.46352
104.07729 76.266 43.49182
87.65439 61.616306 33.066643
88.09737 63.286095 27.18932
70.43047 57.300953 13.191899
107.369095 84.6483 29.518318
113.769455 92.14267 55.04138
67.48826 54.336998 30.056114
54.69835 44.10307 24.04404
68.402504 53.145073 34.16161
72.539116 54.110863 27.740686
82.98421 62.36512 40.10348
64.72918 46.399357 27.334003
62.17216 44.363853 24.808876
58.66553 41.696594 24.307457
58.771725 42.77157 24.006708
71.42562 54.79742 38.571594
65.073784 48.21073 33.928173
69.51357 48.85996 24.844324
35.28558 24.76321 21.416048
96.29958 66.30096 44.276005
119.1039 84.41847 56.203224
2.3272188 2.7279153 0.96483487
29.760784 19.04373 13.075877
63.37358 41.552658 24.119375
101.42146 81.09185 71.12356
100.925255 89.8353 62.25312
89.09275 94.986015 80.604515
111.48663 103.78057 88.9823
95.975365 85.2799 71.17239
2.9251032 2.698839 2.7529929
18.064913 16.367905 16.681786
18.808746 17.026754 17.343576
11.237823 10.148916 10.341409
16.162357 14.55983 14.972368
19.85872 17.88759 18.31388
19.971285 18.104025 18.445847
18.181038 16.540144 16.914965
20.982792 18.965145 19.361635
17.414036 15.750722 16.081373
18.172884 16.499537 16.798737
11.755444 10.635242 10.774845
13.242596 11.974665 12.076755
12.609211 11.424071 11.461997
11.962745 10.768757 10.926445
21.332224 19.336378 19.578638
15.001032 13.579128 13.782095
7.439964 6.9816566 7.2406607
18.42144 16.724045 17.154722
19.776728 17.924871 18.323685
14.826986 13.357766 13.623065
9.499433 8.724149 8.870769
1.823065 1.7011352 1.6946852
11.613158 9.953483 10.155986
