8.15439E-4 8.15439E-4 8.15439E-4
0.0 0.0 0.0
124.95794 127.20546 164.16272
0.11450122 3.236885 1.7219013
51.47112 112.1795 154.835
2.9772696 2.9772696 2.7367492
44.598022 2.43045 3.1695094
121.58698 109.84204 99.40504
105.70892 87.897255 84.29366
92.98349 80.44628 76.72125
97.03642 79.634544 69.161354
69.428955 64.84592 60.305927
79.1056 66.650246 59.743103
58.82417 54.447403 51.817207
93.70386 73.4457 65.69717
106.18864 88.12184 86.53836
69.13479 72.421585 76.74636
124.52371 136.23022 149.64874
28.933338 27.595747 26.171955
52.75659 49.753498 52.535606
63.404015 57.830627 57.632
59.53418 53.07288 53.1303
60.22282 56.589462 59.514065
52.468945 45.32101 46.977917
53.980156 47.188164 47.80246
60.73566 53.5828 54.27069
47.195263 41.516003 41.516376
65.377754 54.050694 50.29716
60.57621 51.647594 49.890697
63.778404 55.984642 55.38594
63.06768 50.375305 49.221256
52.42206 47.679565 49.698967
49.32818 43.38047 43.302223
50.55005 44.544136 46.1691
53.21718 48.00846 48.88363
54.530716 42.9137 40.40796
57.883835 49.282448 47.84024
47.332836 36.762943 35.44703
54.972004 43.707596 41.63054
56.604717 45.815098 42.38842
57.83688 47.259514 44.34296
50.9189 43.777657 40.76811
103.300964 102.68092 101.747246
135.23848 123.00846 120.25544
80.34938 70.84863 68.67668
99.56326 88.482605 88.48668
97.639305 98.26522 104.57761
80.14651 74.59867 70.87079
103.549095 93.96351 91.11583
88.23651 72.916115 68.26461
70.30685 70.95348 71.60431
84.81772 95.34653 109.521576
73.9595 78.40833 77.13706
122.78951 120.01903 120.86813
86.759476 91.17515 92.8786
71.37629 74.85298 77.36518
83.05501 90.2571 95.32614
91.46412 94.682045 95.29926
97.14141 89.12745 91.00445
97.93653 89.83905 91.99745
72.29961 70.58909 74.75781
80.143005 79.22683 82.00496
108.67362 103.92793 107.97143
133.13095 131.65045 136.14494
100.25177 94.4492 91.28622
118.56955 106.800964 107.12303
140.84619 136.42471 137.41403
110.80739 101.13251 98.84221
93.74395 91.31082 86.16907
107.04559 103.23111 103.45977
82.524055 79.69472 73.1356
62.14858 61.00666 61.3873
61.75027 61.755573 60.5281
65.443596 65.56245 63.470066
65.819855 63.874424 61.807693
64.53204 60.51094 60.235764
61.599857 57.798687 58.356617
56.76077 54.078896 55.339188
80.1852 70.01964 64.88101
49.580967 48.702366 48.044136
71.58151 64.84381 61.69336
88.3079 76.10373 72.84694
88.81931 76.65735 73.10992
54.43133 48.80912 48.114197
87.361885 74.72849 71.43185
67.58114 66.74986 63.695026
56.56639 52.045086 48.58141
55.691494 63.72632 66.64199
69.51515 72.37432 69.673454
37.23393 49.15276 56.606686
25.11766 36.763386 44.487362
40.414516 52.980564 64.55375
34.434155 41.362667 50.748947
39.85672 56.049675 70.95229
49.901432 66.28534 81.11831
45.0016 62.765934 78.25238
29.07553 38.41611 45.96008
166.46588 149.37395 161.30392
104.01366 94.192444 87.20488
81.9438 72.225975 68.434326
87.50302 78.87025 76.19309
82.87147 77.60268 75.19217
96.63068 81.12785 74.800934
82.253395 67.71409 61.24246
104.86633 85.99983 81.83226
81.281296 66.17661 63.127956
87.319176 70.38033 63.098057
85.53656 73.529495 69.17036
92.70416 75.33185 69.5704
84.013115 74.951004 75.27837
70.29142 62.438976 60.278404
66.9437 59.508698 56.629757
96.79944 92.00425 96.670425
26.872316 27.797907 27.48624
29.590105 28.870108 28.90089
63.27348 58.86423 57.374287
34.24579 30.743103 28.696384
48.465855 38.402115 32.05161
31.641342 28.62663 26.95182
37.83936 31.282618 27.654661
40.63655 33.298283 28.556877
38.8063 32.13421 28.153982
39.19146 28.240963 24.390154
39.929123 28.602983 23.601522
74.48366 64.831955 56.624863
58.7534 50.812042 45.957054
44.95376 37.08844 30.4437
50.723293 42.959873 35.919304
82.65619 74.24715 69.25204
62.840275 49.912952 43.418354
64.579575 53.75921 47.452435
60.827366 50.98206 44.974415
72.93035 63.794544 60.727337
73.96715 63.363518 59.24147
108.75353 88.18106 80.970406
53.693295 49.613277 48.276264
47.6055 43.256218 39.3011
52.949783 43.6832 37.024464
51.267567 41.75659 35.719013
49.07081 39.813297 34.54716
53.148853 40.500237 35.722004
51.415703 42.579674 38.642906
74.17274 54.82414 43.92284
57.448696 46.57417 40.54716
63.426575 50.613583 43.596764
56.138523 43.035778 38.332462
64.780785 53.817646 49.482536
62.04604 50.11331 44.94995
50.036354 38.57288 31.706985
50.234337 41.543728 35.324
51.68167 42.624115 35.902996
50.101116 40.056538 32.93079
50.058407 41.60278 36.129757
52.099995 40.763523 37.477203
96.36576 81.4012 78.66767
109.31041 88.7728 79.261215
106.308334 89.2905 83.8363
124.086334 108.817375 111.07617
115.07682 98.99582 95.47112
111.36664 95.238754 89.65534
103.60509 79.46847 72.73267
99.157616 76.789444 71.21996
56.10298 47.567852 50.860287
31.852915 27.945196 27.729172
128.7477 128.67314 136.31844
64.00622 56.226116 55.750816
28.119598 32.35927 36.281055
29.528948 31.957903 34.84537
40.89304 40.339256 44.09116
76.64644 65.02205 66.5407
52.337116 47.86773 47.29478
57.466637 45.952637 40.451855
35.572304 33.617966 33.298756
63.70668 50.85431 44.139305
58.179905 46.6812 40.67773
47.279118 37.906803 33.941425
42.66091 38.05698 36.39121
42.55878 36.485867 34.939625
41.23053 34.63482 30.023512
45.370754 35.359913 33.385704
43.754723 35.21334 32.59476
54.757915 41.703827 33.748302
54.575157 41.763386 33.45189
93.86355 75.82549 72.2287
116.85961 98.513016 94.29767
94.138214 78.02946 72.03734
81.783295 68.09683 64.51199
114.7499 101.61134 100.48359
122.324715 108.05776 105.68103
118.84395 95.86953 84.641785
134.25174 111.52426 100.54084
66.90976 57.650517 53.724213
64.66947 55.7148 52.072304
63.859406 54.639984 51.69309
86.5546 73.75849 74.41869
89.33416 75.27817 76.257576
107.852135 89.11277 80.60458
91.00965 76.010666 70.02875
96.42559 79.82822 74.13961
82.50438 64.36576 52.449543
55.209637 53.23118 48.62629
55.261143 53.306366 49.230633
102.33797 85.2816 77.73882
113.57736 96.395355 89.19078
119.12925 101.349754 92.99039
125.68477 106.49409 98.53075
79.906975 68.15055 67.42022
88.64498 77.09337 71.94839
65.394844 60.303444 57.12004
62.240963 57.013626 54.25275
86.07135 75.406296 69.36321
87.665565 77.37191 71.33861
71.70573 58.661083 51.799675
78.756424 65.52453 61.57563
118.31214 109.54169 110.48675
105.145355 94.556946 90.1373
104.27908 93.754585 89.400276
91.29624 78.584366 74.089905
70.43833 58.324375 52.092995
98.354546 85.32451 79.15959
98.48641 81.56394 76.910065
136.12888 118.9787 114.214325
134.97142 115.288155 108.840614
137.14172 116.70226 110.050896
136.04556 119.32743 115.07121
126.780106 110.15745 105.40785
131.33267 112.53911 105.1761
98.5372 91.18463 91.87687
115.41074 98.852234 92.02202
143.12904 125.67875 118.097206
130.88628 118.02198 113.46796
108.28622 92.36406 92.21765
119.906975 107.62758 109.50054
102.370926 87.56194 82.79876
115.44775 97.29427 97.8116
115.50231 98.80776 98.413155
97.72431 84.359505 84.04152
73.02148 64.51655 64.45654
85.44771 78.41947 79.84204
136.59123 115.1286 107.006355
125.465515 109.97485 102.61528
137.4877 110.52647 99.94092
100.41448 85.75656 82.05498
103.51515 91.47737 85.67494
117.00245 98.13737 92.760735
136.89076 116.25557 111.959366
96.64651 81.6512 78.16203
121.82556 102.83222 94.18551
89.82437 90.45794 101.82998
129.70345 110.29634 113.84364
131.63649 109.68718 107.268486
116.308334 98.96626 92.2234
96.746635 81.5528 80.86229
135.68724 112.48413 103.48784
105.01359 87.82077 88.61824
134.2803 100.02324 90.73801
229.96198 222.9402 238.34259
125.11977 110.72061 109.009
103.735054 81.50781 77.68113
142.82448 119.33858 114.04559
126.89066 106.29037 103.28619
146.79604 126.718094 124.33362
81.718506 75.43351 75.963745
89.986275 76.167915 74.76152
146.68887 114.863754 106.37038
114.01335 85.51947 86.516815
82.62157 67.9578 68.40432
106.04631 86.36719 84.74657
63.23855 53.521404 52.405647
59.93932 52.315063 50.19533
136.90561 112.05844 103.43657
105.880066 89.6056 85.25183
115.623474 100.307526 104.977715
144.0827 128.80501 139.86725
89.610085 79.68405 88.66703
187.99704 162.2382 152.87823
100.708206 83.04138 82.21259
142.7731 126.67304 132.5709
119.31574 96.21283 93.59867
110.35903 91.69659 92.73254
92.71317 77.475845 77.27824
94.89406 83.88 85.29285
115.58053 104.08538 108.68307
113.95906 100.39851 106.248604
89.10838 76.73301 78.6954
105.65806 92.06989 97.98162
87.84388 78.08233 83.42365
102.19434 87.05769 95.54764
88.54087 74.51057 77.62154
85.7885 71.99891 75.545395
107.997314 85.89997 85.29192
107.266136 88.97485 93.843025
92.349655 73.39994 75.014946
98.06316 80.679634 84.587456
95.878296 78.405304 80.692474
48.166588 42.67824 37.454845
39.887096 30.68677 25.446623
23.355497 42.475197 55.65371
24.031801 35.05219 45.618374
24.643042 34.459396 43.892532
68.93001 86.4594 116.52212
26.363924 39.13533 51.534794
37.914074 45.296448 49.970814
19.824986 31.593878 41.362904
47.93259 49.90116 58.922092
25.075563 35.283024 43.436226
19.486954 32.915195 40.664616
32.618988 44.060715 57.15184
26.898308 34.15252 38.643993
39.849586 40.3379 43.909622
22.465208 27.089325 26.62731
29.725843 29.580967 26.374456
33.41217 37.97438 40.246468
25.770794 36.01002 40.5371
24.010124 34.38835 39.365215
32.518517 37.25907 37.412987
21.228935 29.63081 29.254723
24.359133 25.66037 26.262163
20.772322 28.163088 29.309052
21.344625 27.71412 27.620718
32.487495 30.759888 29.548042
31.998064 30.801882 25.752277
27.536287 30.600027 32.51913
78.828354 73.24898 71.691864
59.894943 59.35186 63.136654
32.14688 41.64148 49.253193
51.78136 44.862156 47.616573
16.324001 19.577127 19.761179
30.189623 31.760159 35.10587
26.503567 37.730057 43.778812
23.17464 31.17746 30.840242
42.587593 44.10329 49.754925
39.35458 37.407413 42.195602
27.695501 29.114807 33.970337
44.57033 54.57716 68.41754
36.96558 56.84636 75.96381
24.774803 46.82234 68.89861
10.160438 16.671446 16.679567
31.127005 35.130367 40.639133
24.373438 28.537443 30.477406
46.454403 45.514984 45.447304
24.236954 23.475843 22.959465
23.821215 27.113821 28.296175
17.569857 18.75394 17.924402
92.61783 93.5285 98.792946
33.185513 30.429703 32.95223
25.235697 23.62687 21.526842
77.44574 76.60427 85.52817
38.97608 29.235798 25.860697
38.059902 34.161083 35.93113
31.836573 27.853697 28.071453
36.64389 29.40157 27.485798
53.11141 38.945503 33.46558
39.598293 32.26709 30.140085
54.12782 43.08776 36.7853
43.916416 28.64046 26.951618
31.894264 22.215786 22.377853
54.722206 46.470203 42.842724
50.285267 39.757473 36.927086
64.37802 53.782482 53.055824
33.49701 30.286932 29.5845
42.436836 33.828453 32.584805
50.501358 41.121807 37.112972
43.189556 40.164207 38.83776
192.16835 161.59761 143.80327
72.99249 58.375 55.84184
104.00581 73.61729 56.27582
36.57529 34.831 32.23597
125.92916 96.17152 83.327126
68.227066 55.4613 50.20495
67.09799 51.347446 43.622486
161.49062 118.2727 91.60329
49.190166 43.33331 43.66805
142.2607 106.553 88.9118
80.19285 60.890427 52.51512
34.288326 30.612259 29.809765
21.396778 20.531496 20.004179
41.81211 46.79706 54.246468
18.80416 19.27837 23.618238
26.638998 30.874456 37.93028
25.974041 38.68677 53.35152
56.20019 64.41781 81.31177
31.27025 36.826855 43.415398
27.071384 32.343502 39.49001
45.047737 63.89936 86.00122
38.84884 46.448357 55.59449
112.157616 80.269775 63.676678
41.01529 43.551678 52.12673
45.161526 43.25788 47.647392
38.39311 40.507442 51.967144
21.791145 24.928072 28.076141
20.630062 21.133493 23.817715
40.600536 47.14875 58.651432
22.26495 27.103561 30.679873
52.732605 49.103085 48.64542
39.743988 33.89267 33.51179
53.394707 40.0263 33.89202
61.368713 45.43232 42.014374
36.945843 25.941866 24.74623
34.710213 24.683304 24.459194
34.12167 27.398037 25.18541
29.632202 25.727304 23.985832
32.702026 26.741642 26.114332
26.241573 23.231075 21.751732
28.377073 25.886211 24.301476
33.857536 26.347784 22.049198
34.741337 22.629282 21.730906
29.951685 18.325903 17.42216
27.40456 18.326414 15.632169
37.91577 29.849823 28.825157
35.420494 28.210995 25.51325
40.85696 27.795597 24.86321
42.114162 29.782312 27.462591
31.05766 22.864876 21.774326
55.86117 33.260567 21.734438
33.311123 22.376461 20.325327
33.657856 26.026808 26.11304
68.83229 41.05562 31.537714
44.69581 29.597683 26.037613
35.16917 28.932081 26.991608
27.746704 17.541893 16.48009
117.45651 93.06167 93.1831
68.39304 53.172703 50.407925
111.97064 94.194855 95.74021
137.31384 116.583855 124.651436
86.00581 88.70899 95.34398
126.99643 100.34075 96.656425
82.009445 61.31561 53.876663
97.25034 70.79736 62.83936
133.9666 106.26417 98.259
80.41213 59.19084 54.405144
40.36124 31.862429 28.72146
151.47931 133.46469 134.04668
39.015766 30.911491 29.772152
111.53462 89.46657 91.0176
45.512943 41.164482 38.62602
102.65456 76.09106 63.33365
45.997826 34.47907 30.198084
60.074646 42.80572 36.701107
53.68755 39.74392 35.58467
46.901196 35.712048 32.43609
51.373367 38.71589 32.23522
64.56544 45.72965 37.478867
124.86338 106.090614 109.098976
81.24263 69.49348 64.63499
126.79743 102.92117 94.778404
74.188705 58.41686 51.957497
100.34306 82.24531 84.260666
73.58521 61.172398 56.09211
116.18375 96.040436 91.12612
85.02983 79.29828 84.550385
109.75561 88.410164 82.748604
80.26097 66.74313 67.01029
103.368614 86.7572 86.12704
83.91937 75.31289 74.4225
133.51468 124.12266 128.34401
101.86844 97.9136 111.01288
92.58171 84.591705 92.739975
152.53072 127.72129 123.38652
113.91954 94.71086 98.81717
96.33107 85.14529 90.49803
83.276505 60.859848 59.902794
96.57298 82.47394 85.13903
158.13306 144.29787 139.34976
177.00482 168.08583 168.05446
129.93333 124.660675 126.89821
89.30314 75.41692 72.29131
112.012436 97.52443 97.18378
110.505745 96.28941 94.72214
97.382614 81.63805 76.576416
110.84316 92.38169 84.797806
102.76396 87.812584 87.656906
107.33643 89.64403 89.53235
139.31816 118.20074 113.14627
123.891884 110.629585 110.068054
106.34704 74.89454 63.901196
188.0723 153.0303 130.66254
105.83885 89.275345 86.18347
85.215546 66.89518 63.43079
188.97737 161.30714 144.8948
140.12392 135.85811 148.2149
35.30151 34.04825 30.139032
33.78965 33.434593 29.73454
33.92447 37.220745 41.5915
29.030817 29.866337 34.177258
29.96616 27.44635 25.923553
26.30766 26.666214 25.113924
33.9313 33.070976 31.18541
26.549946 25.444279 25.139542
22.099483 23.016241 22.439114
21.512436 21.236546 20.381863
41.60577 40.24001 39.357162
18.329573 20.500816 21.251326
207.6003 206.75407 203.28938
30.745209 28.726997 25.366982
38.99847 44.210587 53.892056
33.42865 40.86406 48.070602
39.602882 42.053684 44.700054
23.285982 20.557896 20.731516
156.47629 129.57404 128.39185
32.896915 29.349348 29.945944
30.093945 27.876461 29.357367
43.53384 44.622112 49.924232
61.128365 56.30025 62.085144
48.59313 46.77144 51.598194
33.9454 37.56748 39.67899
139.20926 124.638145 120.29159
101.17376 84.34775 83.609474
70.643005 64.823524 62.846867
93.796104 63.16465 52.819687
60.762672 43.967484 40.62986
125.42016 122.47112 127.52042
75.841736 73.6074 77.87602
118.51723 130.83324 146.76917
78.75911 84.74857 94.83956
103.671646 98.49531 99.727165
83.96079 61.657856 55.337013
82.21222 78.35601 86.345474
107.356415 91.2061 83.099724
108.238174 89.32121 82.72054
88.0882 106.438126 123.409966
80.966805 74.973564 73.50713
136.23587 119.88339 113.05739
81.08766 73.89732 72.789314
114.99538 102.139885 95.973564
67.11813 58.633324 60.275787
67.099045 58.637505 60.819687
80.916145 73.67488 74.16808
72.53336 63.746704 62.897083
93.207085 83.20077 80.26842
81.741 64.334465 61.356346
84.035645 73.7871 71.16394
178.37718 162.58725 152.82155
124.06697 110.41785 108.0017
117.826614 104.09439 100.094826
144.1974 128.05711 123.56116
81.94373 63.623062 59.24385
75.169846 62.783092 61.168354
109.879585 97.2885 88.71269
145.39026 139.02344 135.62494
220.24167 153.3059 107.87198
127.21959 120.664314 117.64029
88.601524 81.985596 77.605835
120.236275 109.76536 106.37058
187.12758 121.38522 80.99313
113.02993 104.660675 109.50452
96.23855 86.5951 88.268654
81.08382 68.70379 67.2429
104.56578 94.0898 88.306366
82.0845 80.48753 87.06116
82.00163 73.40259 79.55994
111.733795 97.77623 96.26383
94.19217 81.56962 75.00605
108.80685 107.6866 114.50445
40.81262 35.274055 31.292912
35.412918 23.176746 17.226488
83.36063 77.738686 79.202774
81.712456 83.59126 85.86851
30.643654 20.974009 18.136585
104.328926 84.67746 78.661766
17.57288 19.87201 19.232944
28.789005 21.137436 16.330593
91.35162 87.7817 93.71395
147.04778 156.35204 162.82129
90.686874 78.04458 73.57237
51.368 41.988483 37.179058
26.660675 19.3715 13.956476
30.842756 18.232332 11.238618
90.10162 83.68113 86.071625
95.17264 77.00897 75.74144
93.61719 83.199684 79.917336
98.08056 89.7903 86.913765
92.10115 80.91516 76.94146
85.672264 70.12972 62.02562
89.75795 71.47931 66.16302
83.86481 66.81697 60.03177
103.54944 85.87585 77.32791
104.68606 96.86093 96.0986
90.4242 82.0863 79.67059
75.21902 63.36426 61.481857
87.18745 74.91282 73.84432
87.588066 75.74409 74.89281
18.11739 18.11739 19.14029
36.477474 36.477474 37.31527
9.464698 9.464698 9.755708
18.492083 18.491642 19.735289
15.524599 15.524599 16.021507
23.638184 23.638184 24.815506
24.002888 24.002888 25.183338
23.752106 23.752106 24.963816
26.354715 26.354715 27.096596
25.26923 25.26923 26.151672
22.014032 22.014032 22.819075
24.891954 24.891954 25.7465
18.51325 18.51325 19.720917
25.032753 25.032753 25.761723
21.659723 21.659214 22.792742
7.261144 7.261144 7.555212
15.973533 15.973533 16.605532
24.04648 24.04648 24.947779
29.562517 29.562517 30.332834
24.492456 24.492456 25.562008
18.190134 18.190134 18.837456
11.423518 11.423518 11.582801
28.329777 28.329233 29.27025
18.644367 18.644367 18.973635
25.69241 25.69241 26.011314
16.957088 16.957088 17.222784
3.0025144 3.0025144 3.0474653
