9.5153134E-4 9.5153134E-4 9.5153134E-4
5.0550106E-4 5.0550106E-4 5.0550106E-4
5.0550106E-4 5.0550106E-4 1.6009516
20.055159 12.048349 12.81799
43.506126 30.766756 26.498632
68.653496 61.31766 54.830658
83.02617 69.25326 65.82444
77.0873 65.20059 61.510822
70.65409 61.748024 56.527355
100.33417 111.2705 119.68451
110.69349 115.33431 119.13919
113.909096 116.3168 122.24948
114.02935 116.93714 123.976654
109.6909 114.23286 119.47767
104.233215 110.986916 119.40726
102.82754 105.67368 115.52352
105.69072 94.79162 100.1044
78.355995 75.27838 65.9584
76.71389 77.72983 83.48858
76.130714 79.77987 86.97781
73.9722 76.61523 82.53794
72.87341 75.687096 81.4997
75.25564 77.70687 83.972855
66.21466 75.82792 88.89518
76.85227 81.68127 93.57657
78.30913 79.39985 84.57547
83.44942 85.649536 93.48207
72.054924 79.01561 82.12251
79.83039 86.54446 94.582695
80.23708 88.473236 98.582275
44.035595 43.8033 42.58757
49.341393 49.289772 49.84609
93.69994 99.13051 108.00669
88.83842 98.64112 105.74981
83.45302 87.38383 91.68867
80.568954 88.7959 93.07704
88.46283 93.394 96.16045
107.8738 108.009964 110.187454
112.18478 111.73467 113.33702
99.18008 112.44808 122.96363
78.24398 77.596375 78.40494
86.13872 93.14716 103.951355
92.44276 88.73021 88.57027
75.655754 82.50809 87.95058
56.05489 55.197266 52.086323
64.710526 62.37303 61.19643
66.91047 74.075615 77.638504
86.45727 95.8551 107.48329
73.45492 80.00948 87.77247
68.44127 75.07478 76.87844
75.21181 79.88828 83.20833
57.19465 61.062206 56.8763
79.743 87.71739 93.98043
67.58638 73.17202 79.33265
79.16646 87.25816 95.75459
57.120724 47.133064 41.886917
57.487362 49.89893 44.137466
80.81032 83.88439 87.712906
83.91983 86.51166 89.82236
83.78329 88.07243 90.80494
79.49557 82.14743 84.94746
63.813293 64.64198 65.75034
77.685165 73.80693 71.32867
78.43747 74.61463 73.306694
89.42114 88.38228 88.303566
79.534584 71.239845 67.78816
67.46554 65.209335 63.318584
44.375973 42.715523 37.32831
73.84553 68.572525 63.083824
72.67672 67.203064 62.701397
87.10868 83.651535 79.179306
49.516148 45.125393 44.339043
82.73875 74.12402 72.81927
82.773476 73.900894 70.6504
75.17354 66.61103 62.96521
69.34909 61.600357 56.760838
76.429886 70.21612 65.78418
73.50461 67.366875 63.52813
82.73952 79.96592 80.34279
63.44356 59.293903 56.425453
61.722538 57.222065 54.73476
66.240204 59.31353 56.81469
62.752247 55.56866 52.107136
59.89744 51.70791 46.96271
56.02682 48.352333 42.868065
93.30057 96.25492 100.6383
85.974815 87.6609 92.248825
89.69233 90.853676 95.656586
90.595 96.59393 103.47651
103.524086 113.352486 130.16539
84.23681 92.82679 102.12929
82.61118 90.91662 100.477905
88.5058 76.71466 74.06438
64.863396 49.420994 40.139816
109.5154 99.703476 94.15956
109.95287 99.88701 94.58311
64.89212 54.121857 48.57749
69.522804 55.42474 49.961403
101.62465 96.62379 93.648026
80.79111 78.53101 76.20277
59.628487 52.98873 49.133335
83.214066 78.72403 77.576035
61.276688 56.147457 52.15715
88.1262 80.94009 78.30496
112.4325 104.2052 107.49298
69.87916 66.150696 67.277725
68.23738 66.43583 64.27535
77.741806 75.88531 77.34056
79.70791 85.8526 91.41561
103.84094 93.054924 95.91008
97.501755 105.33048 111.21124
82.88543 89.32522 94.82447
79.66628 81.72141 85.00425
63.547398 64.647514 66.85064
46.833035 48.05361 44.384388
58.363457 61.88082 64.25727
64.92581 70.81442 71.7603
45.524055 49.703182 47.364616
57.605263 57.01692 54.609516
59.21344 58.38231 57.01234
69.99539 67.66649 67.898155
51.927624 52.08873 48.185253
63.260124 67.89063 69.53973
46.399612 49.797977 53.235355
66.42355 71.19028 76.34431
51.08522 50.471245 53.12667
84.82751 89.11002 92.06149
46.668392 51.02807 51.402172
46.00223 46.422302 42.991375
45.78314 43.11133 42.945316
59.202824 56.20889 55.953644
55.833096 50.95504 49.75406
42.497383 39.254444 38.863693
61.67434 60.73821 60.18992
67.30128 74.488525 82.25397
45.05748 44.37847 40.342907
46.171158 46.499405 46.31484
85.83904 88.46717 95.76025
70.074875 65.49406 63.815315
40.86402 45.363632 44.16149
50.102467 54.13381 58.21142
61.234463 59.508564 57.11121
43.63131 44.5639 44.50669
26.845495 33.042908 29.646238
48.72049 49.964138 46.776897
50.288166 48.648678 48.665684
41.015404 43.411686 37.59102
43.898216 45.96652 42.855576
29.077787 33.929855 32.660896
22.624443 25.750877 23.963545
44.084034 44.25156 36.589027
22.791822 28.311388 23.67651
23.306482 29.072287 26.717901
38.039963 38.417336 33.082336
45.255875 48.413975 43.975883
35.35183 40.10886 31.62135
51.92352 56.46604 47.39857
94.30012 100.60208 101.359795
57.284924 58.25742 57.056824
77.8675 76.92929 78.00743
23.082903 24.673714 25.004015
75.33854 77.728966 77.357956
60.164406 55.499348 55.99798
66.05123 65.99123 63.282337
78.45689 78.8959 84.89319
62.2113 61.07892 60.225693
70.70515 70.03087 65.85572
79.622154 81.94532 86.30312
69.50238 63.645348 63.249153
42.029705 37.886948 36.422123
149.98975 150.45274 153.00758
27.640024 30.095064 24.185995
38.50675 39.585846 27.191437
39.488583 40.337704 32.69991
45.137497 43.874577 38.411625
40.610733 39.079006 33.32358
43.209187 42.069016 36.39459
74.99268 73.66396 74.20866
53.17511 55.073742 52.247902
52.632946 53.66402 46.29117
67.51418 67.86628 70.25108
48.881622 44.801277 45.451324
66.61537 63.379128 65.303894
75.614365 75.46913 76.35802
82.45727 84.23027 81.73292
76.26691 75.928635 74.45073
58.188435 57.427357 53.49631
61.91044 59.58876 55.88766
62.833424 58.445198 52.781357
67.27847 63.021408 57.302586
50.634495 54.339725 45.459084
60.807076 61.44686 58.20458
75.35055 76.22331 76.436844
85.24621 88.2298 83.25721
95.74787 97.22546 93.70015
115.993164 119.158195 119.54701
115.60523 118.14317 119.47767
86.60595 87.86789 89.48558
84.246895 85.13339 87.47811
78.8223 79.48715 81.739105
79.419655 80.86001 83.41796
77.8397 78.57535 81.08594
74.823105 74.50354 74.10098
60.671482 59.850075 56.878143
38.371334 32.543472 26.52932
33.251144 27.491823 23.376509
36.69786 32.260838 27.167084
39.873356 43.072433 43.21805
45.66872 51.163216 55.428577
35.868393 39.584507 37.187035
31.379393 34.035503 31.925692
28.770443 32.17303 27.269878
35.09221 39.318405 40.83476
31.709932 34.355396 29.323818
127.82655 110.140976 93.82323
33.61903 34.937557 23.386946
16.643444 18.866608 12.962176
21.477402 23.700535 12.833928
26.091644 28.652126 18.61677
26.270473 26.658073 21.10904
24.035295 24.32117 16.456379
22.542135 23.284359 14.689444
21.615017 22.421082 14.972138
32.02694 32.19429 29.64725
28.748201 29.163961 27.891079
29.087036 31.830717 26.703062
28.279037 31.479809 25.258371
24.659025 26.65052 22.31469
32.02712 34.504875 31.781683
28.495749 34.5485 28.199018
25.287035 29.74924 25.217484
37.03345 39.34038 35.763485
14.5861435 20.136574 14.695718
24.737616 31.475588 22.791288
34.86845 38.534256 31.006006
20.071781 24.936516 18.02483
16.93824 17.319803 12.347131
32.642166 35.94844 28.137733
39.386086 42.315403 38.218258
29.01808 31.697294 27.480019
33.121914 35.516117 29.22355
44.14154 47.504192 43.467113
25.850431 28.59991 19.54056
50.55837 48.68094 45.325455
45.84814 46.245792 43.59563
44.633423 46.428783 35.024323
185.09676 197.95793 186.8377
23.373594 22.83033 20.031013
20.331995 18.21683 16.740232
37.874905 40.695927 29.39991
33.93803 37.54362 26.705887
36.8215 38.820965 28.304222
45.64725 43.51763 33.419357
41.39325 40.362324 29.4383
34.696075 37.50455 25.355545
107.18816 116.76533 121.21374
59.996014 63.82254 60.22727
77.427055 76.30877 73.41605
56.568184 55.623222 52.625156
53.97306 52.058964 47.832146
58.81918 51.251442 42.055515
60.0008 52.265152 43.0416
138.28035 145.456 149.80348
60.071632 65.2298 56.274548
76.083496 74.1997 72.34478
76.538956 74.84719 74.410645
66.81799 62.608265 55.729347
72.15745 68.367676 63.4248
63.074993 58.550312 52.549362
63.17651 58.518524 52.334435
69.71032 66.38867 61.410973
76.91174 74.04344 74.22691
105.59456 102.99025 104.25456
49.20559 44.146893 39.487778
71.84294 67.08918 66.40675
55.1653 46.65183 39.748856
54.87202 47.661404 45.087185
43.331104 40.041836 36.825928
43.149597 39.60125 36.05706
68.01849 65.257065 66.685486
63.161045 60.064793 55.692596
22.9909 25.14386 22.8956
37.07288 38.596966 27.7058
34.48439 39.779095 26.155844
37.520725 33.689205 25.31252
38.176838 39.593605 25.925097
58.01897 52.63072 48.794735
66.07199 60.232887 57.874218
66.471634 60.22679 57.5628
59.470383 53.211803 47.530895
60.019062 54.16717 49.258133
61.693398 52.92355 47.33259
72.28513 74.063515 73.01992
11.068808 9.389117 7.2013383
37.310913 22.273922 15.368213
30.432352 19.23595 13.490098
84.1518 49.276688 36.08097
53.872196 59.70431 68.653854
53.516205 46.188343 42.601456
44.174812 39.609158 38.235325
42.964256 38.56634 37.67996
43.34517 38.949005 38.29435
47.90565 41.78879 38.410973
57.461494 39.15962 30.910675
22.404728 11.2378235 3.7963128
28.599018 16.513798 10.641956
40.297028 34.360065 30.440916
23.454268 13.551799 7.046982
37.989532 31.297503 26.803034
34.15623 28.604372 24.606007
24.543028 13.874071 7.2351174
38.084774 31.296907 26.562979
20.892834 12.056735 11.49102
49.44053 41.730717 38.307106
20.34945 12.526643 10.282694
50.33185 41.570145 38.9248
53.34481 44.083885 39.432945
19.355099 15.195242 12.439191
19.702618 15.74151 12.777728
33.336067 28.420368 22.437109
20.44166 12.275111 9.22581
19.465775 12.046447 9.497146
74.381355 62.271126 57.11106
70.43868 57.577698 50.979603
35.917572 28.291466 24.326464
56.364616 54.915016 59.183556
69.958786 68.08647 71.38201
55.796402 53.62376 52.441006
72.841064 72.21249 81.83
74.78394 74.06381 83.009636
51.827682 59.53399 50.970978
52.905857 51.387836 45.30654
90.56961 86.80062 87.53756
52.216293 56.532143 47.25504
55.74939 56.913143 50.624798
37.64502 38.792686 30.336308
41.405262 45.764435 31.939428
44.859383 47.24924 35.307316
42.949093 43.245674 45.98885
48.648884 49.089386 37.202618
27.100327 25.909903 26.635563
54.13018 53.239517 47.15629
52.681446 51.60889 45.817604
51.771038 51.244396 44.862713
52.81573 50.117336 46.238358
51.124382 50.13039 44.257122
35.867825 36.842907 33.42456
25.698631 25.175081 23.855814
48.719803 47.136574 42.3573
49.791615 47.50904 39.22596
120.45049 81.869194 62.652958
62.945614 59.55272 52.13488
102.01951 104.58412 113.84264
60.196342 61.124058 66.63211
36.720192 39.386856 40.238655
106.765236 107.65923 116.58531
51.58112 51.34404 47.11808
49.403927 51.027298 47.241123
46.81356 47.72828 41.716057
47.789772 47.992683 41.23256
49.048885 51.236874 45.62037
46.67731 49.143295 42.007107
8.722897 10.233393 9.496758
10.164585 10.782456 9.920369
65.60042 37.316414 25.829676
106.14781 62.32022 41.59985
63.043026 57.41772 49.326733
45.50152 44.225365 44.87612
62.16203 56.605206 56.310257
58.264645 52.77416 50.209217
111.28965 64.888374 49.73131
85.80541 43.610435 37.28326
71.036156 64.21841 61.29438
63.37416 56.931698 54.529648
61.040768 31.727833 25.321022
33.297623 33.746002 29.99432
55.380165 62.646744 52.244514
49.64814 49.073418 47.251858
33.407997 18.307344 16.284449
82.42644 42.260452 29.802795
62.71567 33.115284 22.792685
45.690186 22.778263 18.816414
37.752125 19.58983 17.161879
70.40996 63.168182 55.869553
80.27529 70.998215 61.46402
98.98602 54.194973 35.19295
60.038628 27.504251 18.80003
24.055456 11.308712 8.665002
36.637318 18.453257 13.833333
117.04053 66.47975 39.06518
79.1498 44.864197 27.878828
84.26863 43.208355 24.448261
80.75677 38.188404 22.469254
35.728188 14.861701 12.1978
123.45763 72.75323 47.459976
102.68932 56.963158 38.66295
9.971959 6.630568 6.9583406
40.370472 28.540024 21.367826
63.944424 46.598988 38.599552
61.98403 44.588314 36.82786
52.833927 36.654087 29.763515
52.5733 35.71659 28.211685
56.6606 41.674545 33.30574
54.654476 37.28504 25.611418
41.782845 31.118673 23.399137
50.27413 30.73262 20.186708
52.70675 40.53369 32.01127
53.36411 41.24172 32.964912
66.357834 47.800507 38.87681
56.17187 41.89111 31.519447
73.7545 37.040142 22.803747
45.51585 21.381445 14.107107
11.539905 8.367915 8.100297
19.548737 12.756319 12.643741
30.35953 21.969254 20.6515
35.26869 39.25876 28.002468
40.478115 44.572166 33.53149
39.945942 40.997414 28.917425
47.51701 49.344482 46.28311
166.5404 177.91914 190.47424
38.51701 36.673534 32.57749
30.706959 30.530151 26.803896
37.812607 37.734997 34.83128
48.071156 49.79756 47.030777
66.99682 72.11311 75.041214
58.865597 53.376747 48.477997
68.983765 61.23574 56.45382
71.69206 64.956795 59.783646
43.19643 48.579067 43.06747
64.29102 67.18085 66.22322
59.33054 66.79444 64.579544
59.379303 68.7579 69.991615
115.66066 124.20791 132.98311
32.036484 31.783258 30.518673
18.199732 18.499315 19.563633
71.71912 76.57196 80.588936
57.92135 63.561047 67.77175
27.831638 23.641867 22.019863
39.63134 35.846596 34.649033
67.68656 78.018135 86.5584
74.92953 85.503624 94.02605
60.109188 72.070564 81.98201
9.491228 7.8005056 5.9307165
9.773952 7.863931 6.184835
25.08876 25.837437 23.176271
31.866608 32.556557 26.743265
41.058907 33.38109 27.034315
141.21118 101.28885 77.40386
114.39256 72.694496 53.945644
79.42798 67.56815 58.6722
74.6868 61.815193 53.227
37.834194 36.608116 33.138626
99.76009 63.383022 44.85959
201.58647 168.60934 145.07538
73.03214 58.736515 47.805145
79.115555 68.74666 57.408833
72.32207 60.524204 50.00898
40.87068 39.14071 29.96179
68.14574 59.64175 49.367855
73.19557 56.83601 45.175407
72.65679 55.710823 44.2752
56.017128 45.906067 37.376778
37.43928 35.33036 33.95941
82.74368 73.17036 65.93286
88.47663 78.576004 70.97226
49.265923 37.61823 30.636723
83.4967 73.546295 66.28742
55.81552 60.435028 59.863277
127.542404 74.12147 50.213856
69.09967 58.72147 47.002766
81.19141 71.59179 59.994263
88.5507 81.97145 68.972466
24.861374 20.523373 18.299257
36.722717 34.35052 32.56726
48.098335 44.88085 41.825214
48.753674 45.606335 42.503956
60.041927 61.60086 62.763187
14.868124 14.392626 14.834136
45.74457 49.26521 53.7124
47.18061 38.742344 32.408443
41.96417 45.14722 45.110527
57.071423 39.96771 32.12373
43.908295 33.86616 28.125185
54.17178 39.22673 31.093815
49.48754 34.853703 25.814243
45.643948 33.598633 26.970741
40.28754 28.908237 21.928427
32.560246 22.37627 16.285875
39.94823 28.015491 20.825691
194.62866 141.85501 118.82632
30.847666 24.73925 20.526108
37.554356 33.336067 29.148022
61.7573 41.09973 33.944008
25.744009 20.915016 17.690277
23.208296 20.131104 14.382694
72.340675 59.957893 53.56164
64.513176 61.290543 60.120605
42.411327 38.070206 35.25504
35.587273 31.404728 29.745049
32.386738 28.55394 26.519745
26.498781 23.256735 22.06283
19.407969 17.886322 14.97868
20.87178 21.072048 18.985163
16.302528 16.355457 13.915433
49.976925 41.173626 33.588463
16.883467 14.820042 13.22703
19.146149 13.7236395 9.817842
33.734554 27.266012 23.08748
27.332203 18.957924 12.757835
57.435833 49.090187 48.410496
42.081146 38.312103 35.137676
45.207138 36.689148 32.91555
49.49352 44.486977 40.865803
67.754654 60.10113 60.250046
41.02501 37.268185 36.405827
23.605501 21.352512 21.060095
20.995687 19.436901 19.453316
50.502083 50.181652 50.753643
44.752483 42.750164 42.25138
20.389534 19.035444 18.524858
42.171482 38.476776 36.059174
20.546803 17.028545 15.554445
47.798275 39.36616 34.87291
20.585102 17.343443 15.590485
48.06197 39.2303 35.2992
20.404995 14.827595 14.900565
20.642403 15.276925 14.7474575
19.69099 14.336872 14.167083
47.578236 38.039577 33.52447
20.506273 15.12694 14.647428
47.288464 38.003925 33.47386
19.622896 14.750074 14.510259
46.84017 38.001873 33.95852
46.848885 37.80868 33.43122
14.109574 12.856379 12.17407
16.65394 15.38873 14.317217
16.857746 14.649123 13.189712
54.71802 49.88073 47.97077
53.07972 48.782368 47.416115
46.841896 36.383766 34.87517
31.56643 27.880285 26.332739
43.8292 38.907463 36.20366
55.412876 50.726612 45.405502
57.581295 52.27285 45.906334
53.212994 49.04243 45.457893
50.451233 47.929886 46.1022
50.77196 47.742104 45.91011
57.12007 52.37764 47.41439
58.0884 53.271275 47.72709
54.82052 50.671246 46.59988
56.8565 52.36045 47.419003
56.74716 51.918407 48.182068
59.725185 54.558014 47.752365
56.532055 51.839577 47.597263
55.845345 51.21546 47.604282
54.727474 50.05266 46.911625
54.385075 50.452957 46.78299
61.956676 56.863632 49.63568
51.562294 48.466816 46.370056
