0 0 0
0 0 0
0 0 0
177.51 154.97 106.25
2.0565 0.84281 0.25548
3.8645 1.6068 0.51664
26.954 21.038 20.144
32.107 25.48 24.466
59.934 47.159 46.466
80.91 65.804 65.505
16.579 13.496 12.366
79.785 61.251 60.27
59.799 48.542 50.015
39.858 30.91 30.084
28.957 24.062 19.901
77.341 65.289 72.367
66.421 54.913 53.6
67.78 49.724 49.699
60.924 48.177 46.123
58.173 45.16 43.621
54.988 42.534 40.867
57.129 46.371 48.377
57.981 47.474 49.26
44.32 38.211 38.229
69.817 60.123 66.596
43.515 36.507 37.544
5.7942 6.9616 6.2961
55.272 44.794 39.993
55.28 45.26 40.431
60.78 48.566 46.579
54.187 44.617 42.661
77.708 65.965 72.436
60.308 48.718 47.137
74.517 62.491 68.557
73.253 61.583 59.495
72.149 60.862 67.406
69.809 56.333 59.857
68.084 55.722 59.188
64.284 50.929 53.099
56.905 45.737 45.63
70.205 56.356 60.392
44.976 35.092 34.423
46.888 36.442 36.372
58.362 45.277 47.239
45.052 37.554 36.094
52.942 44.924 43.552
52.936 44.892 43.278
71.623 60.811 63.079
56.335 47.831 47.295
22.428 25.378 17.083
1.7826 1.3685 0.74441
81.882 54.125 54.689
57.29 39.442 37.893
45.735 26.605 22.501
50.825 31.956 27.112
92.34 68.846 69.33
93.589 70.339 69.921
7.4326 3.998 1.1474
3.3353 1.9723 0.77542
2.268 1.8334 0.63486
3.4635 2.1393 0.75171
7.652 4.4961 1.0805
49.846 37.628 35.893
72.266 56.167 53.044
68.561 52.204 49.395
66.795 52.697 49.63
60.377 45.137 45.005
82.665 65.722 64.454
55.357 38.769 37.35
81.345 59.633 52.421
84.028 69.174 69.286
73.11 69.147 72.56
38.418 36.049 34.225
38.975 36.418 34.876
13.681 13.1 10.622
39.952 36.942 35.129
35.18 32.372 30.975
39.174 37.463 36.488
48.972 37.111 35.223
57.358 42.666 39.512
49.296 37.12 34.125
49.922 37.98 38.25
34.281 24.764 24.306
45.014 30.577 28.123
41.493 32.476 28.333
48.709 37.012 32.804
50.437 37.41 35.804
50.306 37.045 35.227
48.968 37.285 35.341
41.104 32.262 30.061
50.379 38.948 37.744
46.611 37.051 35.367
49.861 37.325 36.284
48.255 35.858 35.36
44.638 34.628 33.306
49.102 45.239 43.557
62.006 57.275 55.449
61.389 56.747 55.717
15.644 13.955 11.391
52.088 50.657 45.447
47.767 47.328 42.29
43.68 36.016 34.798
38.987 32.878 29.521
42.79 34.988 32.002
57.901 55.138 52.868
55.888 52.656 48.397
56.674 53.689 50.691
56.911 53.474 50.174
57.679 54.103 49.994
71.56 62.906 57.934
73.465 65.803 60.424
71.072 63.421 56.67
72.137 64.414 57.589
69.522 62.756 57.224
70.096 62.251 54.974
71.915 64.251 57.793
69.716 62.294 55.34
70.516 62.563 55.349
59.432 49.273 46.39
60.629 50.215 47.729
60.59 50.336 47.421
62.609 52.623 49.441
63.982 53.357 51.121
62.552 52.371 49.942
60.951 51.248 48.379
61.762 52.164 48.913
79.762 55.49 56.963
82.358 72.705 79.601
83.862 79.325 81.533
128.91 122.09 132.85
91.135 84.817 90.99
98.103 93.075 93.782
110.38 94.348 95.117
62.14 53.786 46.862
75.315 66.078 60.744
65.057 55.061 46.46
65.73 55.761 48.028
64.57 61.466 60.923
71.89 61.656 55.702
68.637 58.943 52.356
67.179 57.241 50.6
25.544 18.966 22.859
68.693 54.712 56.068
73.036 62.8 57.304
73.258 63.628 54.42
59.929 49.915 43.523
60.954 52.139 45.022
57.456 48.049 41.54
82.694 76.058 66.889
65.435 55.754 48.724
59.178 48.524 42.698
64.709 53.038 44.162
61.134 50.99 43.836
56.712 46.195 38.179
53.687 44.001 36.626
77.957 68.032 57.669
76.232 66.181 56.267
78.997 68.546 58.264
57.524 51.001 43.411
59.361 51.868 46.311
62.712 54.604 49.451
82.7 71.914 60.681
84.81 74.662 63.424
41.137 18.446 18.609
51.891 24.594 24.717
56.117 31.431 31.711
4.5879 4.3451 4.2958
54.336 35.165 35.482
58.074 41.254 34.632
52.755 34.256 34.514
54.301 35.118 35.493
78.904 58.397 50.372
57.678 36.798 33.174
57.262 37.161 34.464
51.288 46.594 47.518
51.704 47.618 47.786
50.172 48.371 43.812
51.76 49.783 45.781
56.427 51.559 46.934
54.029 49.736 46.607
58.431 55.472 55.95
58.22 54.96 56.834
53.235 48.807 47.638
57.285 50.156 49.764
56.283 48.436 46.654
55.331 48.324 46.557
55.596 48.187 45.733
42.74 41.73 38.812
45.727 44.766 42.321
44.259 42.886 39.191
56.376 50.311 49.452
58.258 51.768 48.906
60.64 53.184 51.998
45.438 44.568 40.915
45.361 42.989 39.345
45.179 42.049 37.509
43.303 40.838 37.024
41.64 37.846 34.318
60.759 59.734 58.803
47.874 46.702 40.27
54.68 53.845 49.181
43.673 40.77 37.813
56.239 53.305 49.543
57.26 54.61 51.809
56.366 53.534 49.982
57.277 54.248 51.232
55.769 53.04 49.187
55.846 53.489 50.44
56.231 53.197 48.861
47.374 42.979 37.684
61.893 57.897 54.283
49.296 44.763 39.07
65.059 60.316 57.298
46.1 44.431 39.145
43.691 45.284 37.404
49.022 44.813 39.756
41.879 38.618 29.694
48.129 43.873 39.218
50.143 45.469 41.44
48.87 43.765 38.728
41.983 38.379 32.186
46.381 43.136 37.421
41.708 39.429 32.994
38.762 37.024 30.11
40.279 37.792 32.175
53.051 53.022 43.779
53.868 45.732 40.868
66.085 58.673 52.767
75.365 66.859 62.426
48.492 39.55 35.098
93.253 91.115 100.93
38.642 23.631 20.822
38.281 23.461 20.787
37.812 24.431 19.225
33.957 25.041 22.781
62.156 58.063 58.036
76.422 72.671 72.115
60.656 35.784 33.156
58.147 32.949 29.786
46.378 38.762 38.478
43.962 29.621 29.428
62.386 52.09 52.357
37.081 20.362 16.862
35.508 20.492 16.497
39.5 24.225 19.849
38.141 23.394 19.11
37.593 22.914 19.629
37.419 22.72 19.1
79.013 71.959 80.831
35.092 20.672 18.966
37.374 21.984 20.659
48.067 35.376 36.302
34.258 21.477 19.612
48.668 33.84 32.961
54.133 40.254 40.728
53.365 28.035 22.991
57.924 45.461 43.034
59.593 34.81 32.511
54.712 28.867 24.751
58.374 33.04 28.776
58.191 32.714 27.571
57.135 44.362 42.475
56.893 43.866 42.089
57.086 44.146 42.048
55.246 31.322 29.405
52.307 39.899 38.643
52.748 40.218 39.72
52.737 40.914 39.53
54.641 42.605 41.924
58.391 33.697 29.35
62.66 53.956 55.775
57.108 33.675 28.948
81.602 68.083 70.005
81.428 67.827 69.962
84.533 71.348 73.658
87.946 76.688 81.022
55.363 29.442 25.454
0 0 0
0 0 0
0 0 0
56.566 51.148 54.746
52.856 50.554 52.371
50.06 45.795 42.836
51.035 46.488 45.404
58.31 53.872 54.186
63.94 59.023 57.611
63.049 57.703 65.022
44.662 40.714 39.323
59.267 55.572 53.821
62.62 58.901 55.431
63.429 59.173 56.829
62.193 55.945 53.183
61.641 56.165 52.134
59.265 53.793 50.082
61.107 55.817 51.217
58.326 56.073 56.594
60.27 59.338 64.749
53.66 54.55 49.041
59.08 59.79 61.374
49.575 47.009 44.11
48.461 46.729 44.989
40.711 40.098 37.051
43.178 43.426 42.918
52.066 51.38 50.188
49.939 50.056 43.972
52.827 52.146 50.552
53.163 53.403 52.965
52.113 51.957 48.638
55.224 53.896 50.046
52.519 52.623 51.923
53.977 52.806 49.412
52.645 52.401 46.223
63.773 62.101 60.379
66.224 63.085 61.495
48.403 46.856 44.275
52.192 50.761 48.711
53.416 52.092 50.304
58.482 55.167 52.47
55.985 53.115 49.541
55.653 53.642 50.296
68.938 69.776 69.007
56.423 55.607 47.618
45.907 42.996 36.902
32.823 29.66 26.107
52.648 51.519 44.452
53.872 53.35 45.752
39.073 35.807 30.691
58.624 57.092 48.263
52.155 51.377 43.164
62.273 61.859 52.267
57.584 55.743 47.923
56.545 56.444 48.238
51.933 51.038 42.775
53.258 53.081 44.268
27.463 29.58 28.047
43.445 43.68 33.825
40.113 39.41 32.398
61.578 60.264 52.548
71.177 66.323 61.724
67.508 66.853 62.225
56.821 55.285 48.95
57.532 55.092 47.532
78.13 74.104 77.222
40.058 40.33 29.184
60.355 58.997 53.38
63.542 61.008 59.129
53.267 54.719 48.854
49.28 51.609 44.773
51.523 53.504 39.223
80.567 77.56 75.203
75.858 72.644 67.826
82.125 79.315 78.939
45.131 46.965 45.221
44.126 43.424 27.76
57.286 55.483 42.059
59.8 60.236 46.634
64.493 61.545 49.43
44.551 46.219 37.892
49.808 50.932 43.5
31.744 31.565 26.273
60.825 56.597 50.331
67.251 66.623 58.841
75.466 67.674 64.414
55.27 52.18 41.754
56.618 53.993 42.605
58.392 56.644 47.861
51.164 46.439 35.177
48.569 41.385 32.347
37.785 30.469 24.678
39.738 32.253 26.042
35.324 23.432 19.62
34.465 23.012 18.904
34.102 22.128 17.16
36.292 24.274 19.264
33.259 21.729 17.083
32.975 23.543 18.048
60.884 54.115 48.985
55.955 47.122 38.555
48.819 40.776 31.579
47.819 39.521 30.679
55.073 47.718 42.196
34.84 25.717 19.991
61.123 56.609 53.403
40.877 30.191 24.599
58.504 55.999 45.685
58.557 55.517 45.295
59.628 57.236 47.901
34.337 25.612 25.857
32.246 17.992 15.509
25.165 15.436 11.965
35.252 22.533 16.543
30.061 19.698 19.989
31.759 20.514 16.309
31.847 20.078 15.572
33.92 21.78 21.6
32.089 20.567 20.267
32.215 20.318 19.934
30.382 20.482 20.392
29.236 19.871 19.73
31.743 20.607 15.203
32.215 20.917 15.582
33.488 19.24 18.007
25.9 16.121 14.608
106.64 108.25 115.96
124.82 129.04 142.13
124.63 128.5 141.8
123.59 128.69 143.62
122.68 128.13 143.61
125.39 129.24 144.55
108.65 111 122.23
107.88 109.24 120.42
114.15 113.39 128.05
102.72 104.27 112.63
103.21 104.21 111.03
79.869 76.204 76.925
81.838 78.346 79.121
80.777 77.071 77.967
90.329 84.321 86.02
80.195 76.956 78.164
83.052 78.952 80.664
95.305 82.995 81.854
98.552 85.632 93.396
99.855 83.611 90.991
22.822 5.4274 3.7892
17.04 4.7637 3.0593
17.627 3.5155 2.8565
30.099 7.9785 8.005
26.449 4.3914 4.5305
25.222 4.659 4.8108
24.67 3.8845 3.4678
51.464 45.597 38.949
76.465 71.181 70.995
99.499 97.95 99.837
27.077 7.6157 8.4352
96.234 93.491 90.507
63.386 61.367 64.076
96.79 95.579 96.047
91.148 89.216 90.107
76.829 69.59 64.888
75.236 67.282 62.147
80.066 71.66 67.198
110.56 105.41 110.99
53.31 50.609 50.477
85.434 84.799 87.649
89.735 80.222 79.608
83.814 76.049 79.988
115.12 117.01 117.65
34.921 10.913 12.197
37.844 12.187 14.912
24.899 15.077 13.382
42.351 32.066 28.743
85.268 70.574 69.029
54.188 53.988 62.37
61.443 52.571 55.966
50.598 48.838 53.474
49.678 49.636 57
57.548 54.074 56.082
35.585 24.03 18.947
55.336 51.416 52.711
65.129 59.393 60.424
62.294 56.282 57.737
54.483 49.258 49.054
89.514 84.179 90.475
67.213 64.602 69.251
61.739 52.397 54.941
61.85 52.066 54.903
54.403 41.936 38.489
54.587 41.414 38.768
49.556 37.184 33.489
61.028 53.058 57.196
62.143 52.549 55.945
61.912 52.962 53.65
64.914 56.005 57.338
51.924 42.664 41.658
43.965 36.171 35.868
50.323 41.809 40.483
55.135 49.088 49.706
57.603 51.896 52.989
59.735 50.464 52.498
58.444 48.151 48.808
56.763 48.348 50.245
59.03 50.895 53.967
57.822 48.82 51.232
59.729 43.93 49.664
72.094 61.798 71.165
56.695 49.1 43.55
65.011 55.117 59.779
57.543 50.125 45.498
59.569 48.634 54.987
67.789 54.315 63.401
65.481 54.408 62.418
61.489 49.676 55.683
69.158 56.301 60.103
48.692 44.074 47.159
53.783 46.768 41.637
59.022 47.288 50.634
53.858 47.313 41.979
62.824 49.962 54.336
64.709 51.155 59.631
47.666 41.013 44.87
56.393 48.055 45.395
71.632 73.422 83.669
83.289 79.477 85.103
41.926 41.861 50.758
51.05 43.413 48.649
51.246 43.067 47.917
50.155 43.301 48.649
50.62 42.959 48.973
48.777 41.025 46.706
50.063 43.012 48.925
47.957 41.668 46.979
47.022 40.661 46.519
60.817 54.585 69.269
58.51 61.009 70.741
83.779 79.724 80.586
68.041 61.588 66.065
33.665 31.436 32.59
72.927 74.597 81.967
104.87 104.36 119.31
70.962 70.84 83.077
35.314 34.894 35.132
57.915 56.191 59.902
79.251 70.114 79.517
50.876 37.37 39.2
53.282 40.921 43.826
40.974 30.434 32.508
53.236 50.407 50.044
51.341 48.971 50.674
35.894 29.835 30.785
52.711 47.909 50.361
58.284 54.808 57.637
58.438 54.483 58.802
33.043 20.019 20.536
61.301 61.767 65.461
50.758 46.095 47.156
54.903 50.52 51.988
62.912 63.211 68.095
62.603 63.234 67.809
61.262 62.842 70.462
60.457 61.905 69.36
59.948 57.141 63.878
63.348 59.869 67.804
64.104 57.998 62.082
61.264 54.497 56.763
55.912 46.64 46.978
33.325 17.698 18.953
63.27 55.704 61.924
62.274 55.234 61.514
46.8 41.51 41.394
42.446 37.377 37.213
53.252 47.326 49.227
51.804 49.21 46.706
53.62 45.541 45.172
85.092 81.146 85.807
59.927 51.751 54.835
71.917 64.599 71.453
53.349 48.967 52.54
56.601 51.588 57.967
55.54 52.043 57.698
48.178 44.021 44.286
46.571 40.967 46.888
67.996 58.482 73.024
58.72 50.594 52.794
58.076 50.131 53.144
48.976 44.515 48.183
42.648 38.114 41.463
49.815 44.535 47.58
46.87 43.752 46.953
47.878 42.741 46.359
47.838 42.059 44.742
46.31 42.006 45.057
47.767 42.19 45.722
47.896 43.223 45.88
46.002 40.372 41.966
47.017 41.759 40.574
58.363 56.281 51.222
2.0273 1.1855 0.6047
11.574 5.7303 2.1179
15.781 7.7326 2.6477
14.423 7.1966 2.3917
14.559 7.1924 2.5973
15.459 7.6211 2.7939
13.611 6.6791 2.2553
15.43 7.698 2.4658
11.022 5.4986 1.924
12.382 6.1099 2.0713
12.347 6.1848 2.2192
11.038 5.521 2.0577
16.344 8.0545 2.6911
9.8411 5.0112 1.7438
16.118 7.7952 2.4942
16.131 7.8096 2.6983
17.039 8.2963 2.8273
17.504 8.6152 2.8364
14.947 7.3361 2.5279
8.5652 4.5706 1.1988
7.9927 4.3291 1.1747
5.6459 2.8243 1.2441
3.2986 1.9451 0.68127
