2.7542518E-4 2.7542518E-4 2.7542518E-4
0.0 0.0 0.0
31.78689 23.39878 42.620567
173.53174 175.0754 177.92804
113.275635 120.035774 89.43982
136.58095 129.73738 109.674995
132.77863 118.816635 101.13393
103.88942 111.96809 112.2936
109.22943 109.06803 99.38687
87.2642 82.173485 70.44075
114.34518 108.196 111.769745
109.61158 94.72368 87.91152
116.59371 104.31836 102.877914
98.41975 50.668148 60.944397
78.040695 70.914856 69.9875
120.714386 110.11895 101.26957
92.22027 95.02861 87.031364
96.25459 100.875786 80.09489
63.85499 57.576363 53.458755
78.68842 62.52389 62.562763
61.131927 57.108345 60.875645
73.79102 69.60944 69.381226
117.37805 69.61881 71.01174
99.952354 90.947395 86.2265
73.824554 59.7705 54.417477
74.9382 61.94602 58.82156
51.900364 46.869896 48.574398
55.526096 44.25635 46.55333
69.116745 55.914482 51.830856
70.06896 55.43479 55.623184
64.53556 53.704193 54.662983
64.544586 53.70936 54.63296
94.4339 75.04665 77.32025
94.79367 70.05739 75.22695
90.63785 52.69228 52.853783
74.877884 64.07302 62.888313
118.24344 111.74733 115.563866
73.62632 64.28324 73.155685
68.440956 62.0419 63.041485
76.27477 69.102905 73.45834
76.89227 68.49456 75.50578
51.644424 49.596985 55.314053
90.32362 65.935135 66.31984
70.10659 64.086136 65.64415
66.786026 58.399227 58.870342
76.09037 66.41844 64.19356
71.985435 63.320217 62.35158
72.51508 62.36921 60.242065
68.62532 58.840736 54.737656
64.40759 55.37778 51.942608
64.328926 57.08793 54.842663
60.91417 55.698788 53.835228
67.440475 61.254425 57.416924
61.20681 51.750122 51.10263
65.63258 55.32204 50.586586
68.787025 54.40701 52.46602
73.37461 57.628418 51.292812
107.15926 97.02221 97.23132
63.55185 56.731598 57.571472
50.615093 45.189697 42.06958
66.581116 58.233597 59.501823
83.26936 79.082664 82.0577
140.6428 130.22124 130.35916
96.31688 81.64983 78.36542
89.96929 81.77246 73.36246
119.503784 97.57991 94.846245
109.90904 87.06049 85.31306
93.137474 81.36435 77.865524
97.61984 81.059525 74.4801
87.49129 68.95022 62.68133
125.04382 96.62449 81.47346
114.85551 116.06321 104.25153
126.067444 117.08882 92.607796
105.31526 92.97955 82.70282
157.37221 160.47794 108.81061
92.11554 65.9487 67.44016
97.76427 76.53219 74.05415
106.39582 110.54899 114.399506
78.09227 92.54703 72.22206
68.95518 78.986984 66.17287
88.824486 95.810646 87.0588
87.1447 94.36707 84.60181
84.03853 88.626625 77.821556
68.199646 73.765236 64.61192
59.001514 55.739723 53.487778
53.4644 57.793983 50.254665
115.846695 100.680855 93.234695
129.16196 104.75108 104.82858
95.14835 92.21187 92.92271
92.84869 77.958374 69.72182
106.306786 121.56858 115.25501
107.805824 111.69204 99.1741
85.82021 91.17899 79.762
101.84473 89.49783 86.23115
84.41803 95.816086 103.79419
81.80603 87.90102 83.368004
59.00196 54.813435 57.96003
134.35086 131.32555 142.71439
71.27928 66.39692 71.728226
92.017624 83.73927 87.36928
110.18061 100.13857 104.7494
100.34397 91.378746 88.18605
89.02228 85.778625 83.71214
81.98619 82.81998 78.371925
114.925224 99.16243 94.16573
128.92374 112.428665 114.13234
115.05292 98.863976 93.97073
122.41514 108.89496 108.17142
121.53987 109.338875 108.60759
104.68388 93.963646 96.00833
114.47132 96.022514 97.10903
85.679474 67.18949 73.70189
118.542175 97.96888 95.092094
120.0463 132.77487 136.37816
103.872925 95.158745 89.02875
98.72302 83.86143 80.72709
103.607864 93.43975 92.01966
102.6413 94.108826 91.80662
117.57172 102.687355 95.92529
99.88439 79.14016 81.33134
110.376335 82.29615 86.71029
79.72299 70.199715 59.784378
57.921814 53.989155 48.495285
57.6918 54.876404 49.497692
74.99663 65.94629 59.55794
65.39985 58.402122 51.95738
70.76379 64.56493 56.96612
89.72306 81.249535 83.67958
69.02661 59.608654 56.025063
91.52513 80.71091 78.90195
98.56004 87.5473 82.52131
85.34917 69.78279 66.72657
80.62074 68.40067 72.33815
78.30947 64.585556 66.59623
65.56462 57.113922 56.10618
113.42553 99.418884 98.86852
103.69104 97.15585 100.917404
120.52806 96.42956 87.52451
49.66925 39.660503 39.84015
84.80128 70.18839 62.27195
66.751015 61.730843 61.652344
118.756905 106.57561 90.41462
131.69717 133.92357 141.72949
134.71848 133.40433 115.74117
129.84982 115.64422 91.20374
92.333954 86.7262 85.411415
81.17217 62.265854 62.04593
70.620155 67.12821 64.35912
99.17665 99.250084 94.329475
73.4275 66.33364 66.73483
83.44553 69.31632 68.36459
76.377335 75.35062 83.58917
105.12914 91.56628 88.774734
110.13461 93.088066 88.737656
101.64615 87.19331 90.526306
114.09785 86.9108 81.99319
109.6909 82.79591 80.122086
110.18571 85.0326 72.1762
104.65293 109.77243 91.98974
96.018456 74.02351 70.867455
98.681915 81.60184 76.37606
106.61829 95.310715 92.34862
100.37916 78.69448 73.621666
101.235695 75.79426 72.18216
82.95373 68.04985 67.15093
141.85829 78.339806 80.05574
111.57681 108.64759 109.46361
95.4905 86.502205 88.43979
96.702675 81.37647 84.04279
122.21369 105.509674 99.4789
83.563965 77.85895 77.32049
138.85648 45.51477 69.38921
97.72719 87.11055 84.73576
34.088413 30.806238 31.473593
39.233044 37.712593 40.220238
109.08569 80.13971 71.84415
43.697445 33.080112 27.457241
109.27997 104.66787 105.65289
106.78242 84.457726 81.3019
86.55966 71.45104 65.88136
90.92553 72.77284 67.93982
77.2161 62.461338 58.55398
25.217035 27.082317 21.626627
70.397095 66.12897 73.99652
66.18453 63.36952 63.282
102.26599 99.323555 105.16422
49.859604 46.116848 50.791573
52.132343 48.472355 51.10542
108.546616 102.00706 115.117676
86.96416 74.338844 77.6584
90.78135 86.81839 93.56352
66.61661 63.11754 64.73487
69.49635 61.07798 65.30307
35.850616 30.793741 30.374784
69.126076 69.659096 74.52765
62.272602 62.237934 66.92361
108.94013 119.81667 126.216
110.7748 129.21304 137.15689
133.0492 128.27708 112.606316
119.98058 121.751396 110.6059
118.84325 116.27384 101.37582
80.99504 77.36817 70.01677
108.21635 127.33175 105.26527
147.89406 112.95142 107.644806
101.09671 96.84225 95.59929
91.773254 88.62308 95.45335
80.39441 79.03801 66.16994
81.35933 82.73487 73.58545
138.21732 139.78413 120.36084
111.16047 115.141365 95.22354
64.22516 42.19538 40.057873
66.98757 49.592476 42.06421
66.033806 50.89854 41.99945
143.24365 148.27577 139.6034
130.41263 128.83647 104.05336
76.2755 80.93731 63.581078
125.01336 129.06934 115.74737
117.00902 113.43731 81.4097
132.55215 130.89737 104.051605
132.12291 143.14432 129.418
152.03539 161.07843 165.41151
107.388626 115.4056 86.88301
94.51243 107.93294 78.67761
117.36043 134.25662 107.893585
117.041245 130.80328 114.4288
128.13464 130.80627 126.006096
118.845245 123.32734 116.36521
94.494316 92.006165 91.09364
91.10026 88.05181 86.47356
118.41844 123.68212 117.36628
164.91545 171.94281 152.96323
108.875854 105.56014 93.41965
88.55626 82.06827 69.5304
73.820145 63.273567 51.071815
73.70278 77.84504 68.03508
89.585724 78.09426 59.106106
97.26231 90.8669 78.23101
111.61227 103.91847 91.08931
50.766544 51.545788 43.560833
30.47535 30.56586 24.219135
59.09392 53.492737 47.000137
73.31705 67.01532 59.2757
77.23807 77.557976 79.344696
149.44725 141.87407 128.06456
86.01959 79.564415 86.91407
162.94511 151.06427 133.9204
80.25993 71.18443 80.77043
79.12738 71.74592 78.02472
67.88139 64.91183 70.65041
49.110413 48.07089 53.166977
109.75429 96.85974 83.59612
102.32373 93.85843 105.70612
103.152245 98.50703 102.16729
90.16884 85.52617 98.54259
88.798805 84.48933 97.0064
83.36266 77.81288 82.45018
88.492905 81.37024 90.48654
76.811714 74.485435 81.87158
76.77973 74.73157 85.128654
90.312294 87.68202 93.26847
89.74423 86.834435 88.977005
80.74589 73.547066 68.70226
95.57165 87.027885 89.88405
101.49105 93.76799 82.75525
96.21087 91.98034 87.536354
71.67207 64.783585 74.55863
74.64556 68.85303 86.54552
85.42732 78.03846 89.4789
69.240036 65.62797 68.07908
96.938065 95.1949 92.38931
98.93534 91.56469 91.64119
81.42309 79.27587 73.52258
95.98881 93.06528 88.069405
91.85881 69.03164 63.370792
91.9088 91.53302 91.79529
106.654305 100.395134 100.34621
118.12993 110.75707 112.2252
148.39348 144.10973 147.55829
69.52727 64.23686 69.32961
147.3049 142.41965 145.84264
126.77794 124.680504 127.89578
143.38528 132.6994 135.18547
124.507195 124.43982 117.68123
96.48386 83.82665 84.8668
130.48701 109.43445 106.55563
74.27054 70.169075 76.3248
129.02083 112.817635 107.37561
117.0188 74.12945 70.61609
131.00296 115.896614 124.4779
66.46592 56.779007 52.434242
128.05333 104.37276 96.12039
124.12656 99.55415 93.07409
129.29398 125.04176 123.32614
76.83619 61.491463 56.089237
116.86191 93.15937 81.91517
119.24878 93.58094 91.53219
133.14374 99.93971 87.03632
86.26262 61.275116 56.166355
135.75722 122.217445 115.28837
117.568855 111.63816 100.78348
117.66425 103.518074 90.214455
121.25381 104.4698 92.85165
123.85554 108.035255 98.80933
105.36639 94.870995 91.27043
105.026855 95.7987 89.05044
130.41527 116.68674 105.83956
125.388794 109.27161 101.11251
110.56438 98.33051 93.31099
116.72409 109.236626 102.11681
125.74619 123.25618 119.79312
111.145256 96.18123 97.490326
118.00117 109.32232 106.40863
110.366455 97.73642 96.07147
92.61661 81.767815 82.39689
87.83702 78.58576 74.90952
116.377815 103.43941 95.19789
131.76509 110.901436 114.16391
119.477486 119.52469 112.26158
124.00823 108.97962 115.88287
109.07061 98.70836 108.13258
108.9371 98.615746 106.88897
100.92291 88.14236 91.31144
43.096054 37.059113 34.04789
48.45273 46.64174 43.645596
56.83619 53.87988 52.57994
95.424675 88.659744 91.95548
86.04878 85.29619 90.00936
70.16911 57.19404 55.095745
71.46592 65.60053 65.37672
80.02124 70.94653 72.36683
40.16925 31.665497 33.729393
56.760242 61.977898 55.048508
97.84074 84.27009 77.37599
77.705574 67.154274 70.93772
71.71862 59.98492 62.40374
87.40102 78.32772 78.76589
105.840805 92.22051 96.09785
57.038284 57.95311 58.802143
59.08349 54.098328 55.815636
55.704536 48.91765 47.066517
105.82583 99.59464 95.000244
96.293915 92.64484 84.93934
119.82665 113.5084 108.617195
107.43176 100.26396 99.90525
127.15334 117.802414 120.517975
80.652794 68.47476 67.808304
97.84597 95.093956 94.80658
69.53464 62.30641 59.74406
75.67641 71.140396 66.42502
75.623566 70.94881 66.638985
64.51742 62.072025 55.705296
60.47225 53.49893 44.64711
108.086624 96.24282 98.23869
115.911415 100.973045 99.41417
134.03436 116.960304 112.92609
126.63654 111.81037 115.317085
109.82565 106.54107 105.071304
142.51212 129.5692 115.12804
148.98265 135.83185 138.52072
156.97668 74.60136 86.542656
143.7288 121.97256 123.391106
132.0604 129.58035 131.54256
125.32679 115.434 111.328445
136.51299 129.98454 127.79026
149.27876 133.14374 131.2977
94.21125 95.91055 95.80403
130.9664 120.47728 115.54686
97.07942 98.56011 95.06631
133.80675 128.4666 127.38212
140.87093 134.93758 133.62993
133.46771 139.90666 145.92715
155.63792 170.68205 190.35757
154.74461 158.79398 174.6909
100.37912 102.27938 104.87509
123.49511 124.6299 123.96306
109.53164 110.84301 104.8606
37.87117 37.38212 35.228535
48.299835 41.40357 39.32989
36.586483 31.3061 31.25432
20.23573 23.319838 30.35912
85.911415 69.98616 70.32975
17.069855 19.550507 25.389898
29.812298 30.170523 38.368484
111.46929 108.781624 111.78927
153.27429 153.85818 157.49315
158.2094 172.10773 200.00902
89.24034 83.122154 86.43001
119.58972 116.19363 117.38109
134.02538 146.59802 157.0373
144.10353 152.38249 155.74306
148.35698 160.35873 170.91351
159.5001 177.08125 207.97594
132.90392 139.36525 152.32883
129.41891 139.78569 146.14632
126.73652 99.873886 90.528404
144.02817 122.661156 110.47793
157.9676 165.04851 181.39781
156.65279 156.90746 160.86986
158.26796 156.35689 153.91045
148.26698 158.50586 164.76909
148.81699 172.52864 205.13943
117.524994 122.77828 128.3229
131.93744 136.94333 139.71176
119.41517 113.44357 106.38184
92.01336 77.22309 74.205574
121.315125 113.56714 110.5304
109.959274 110.1352 102.826515
115.72323 102.46041 92.05839
135.6183 134.01003 132.89073
138.93231 132.98068 123.32724
110.274086 103.75697 96.0566
154.62907 124.22261 98.56462
143.30545 147.91338 177.0555
107.525444 99.962166 97.80403
141.68413 141.99783 169.56714
144.29106 131.00688 118.97118
126.02551 119.29274 110.17899
116.48213 103.68526 88.50134
72.02231 62.613544 53.056118
78.663124 72.600876 65.51057
91.54259 84.358086 74.760345
102.729225 103.37854 99.02517
87.12724 81.19703 79.09557
137.77632 132.97308 134.76678
117.31309 114.95914 112.23666
103.821075 92.88979 78.977516
154.43352 123.3785 117.36666
145.97717 127.42088 120.3188
146.93776 115.92777 106.238
148.11124 110.08173 109.138954
127.62724 109.865486 110.60349
121.66157 110.26654 114.16233
112.77105 102.15995 97.818665
121.482445 105.04885 100.54758
119.84459 108.60174 99.39127
124.56345 116.5943 105.66577
122.972595 115.385284 104.93638
88.30748 79.42261 83.92956
82.218 83.1959 83.4476
81.93968 83.49563 80.07313
76.39056 75.322044 83.74675
63.58731 68.3019 65.283585
65.79408 65.78727 67.84094
40.21638 41.863976 42.744785
69.706154 68.067856 66.92825
65.95074 67.81085 71.098495
72.95548 72.49119 76.44137
70.91441 68.12924 70.053604
72.447495 73.35065 73.27312
68.56799 63.448772 64.63678
84.45273 79.45307 76.05285
106.16846 99.24675 95.64181
94.9194 82.379364 79.75814
84.5806 82.754974 78.29467
88.38401 77.14363 72.96643
90.220474 81.07257 77.829926
95.35348 86.64966 85.19004
99.8575 89.11861 87.78992
73.41252 69.214935 67.50778
79.342735 73.49608 71.21328
72.14201 68.7305 67.86859
55.451077 53.340668 50.456036
61.267403 63.77033 60.550507
74.972664 75.155136 73.03501
43.326965 44.91734 43.596985
68.07295 63.563763 58.89162
73.46192 68.930695 56.890896
57.438854 55.494286 56.716965
81.610855 75.6594 70.030266
78.39682 74.84811 74.09151
77.87926 76.62597 77.56813
55.80073 55.24871 57.23046
90.17703 94.00874 103.79016
63.696514 67.37007 79.75346
64.07223 67.28021 74.003
51.1887 55.15424 62.408524
82.08321 85.1081 93.750565
73.892654 74.09426 83.984436
106.04768 97.39727 90.6731
87.74393 78.8847 78.32035
61.20278 57.86432 54.607483
99.129005 96.396164 97.005165
100.74589 97.6154 87.68598
107.74709 134.21346 102.536766
112.64715 141.82834 107.68075
107.510155 105.32593 96.58968
163.69742 107.36962 94.62401
117.72495 49.47893 49.07402
113.10556 105.714966 101.04665
97.50809 101.126526 93.22688
138.15018 118.51002 113.78049
130.02527 112.60693 87.273735
107.135994 97.03808 85.44402
109.12883 110.25322 106.99766
101.659096 101.177956 97.13544
96.023636 86.16234 82.337234
118.86491 102.080215 87.52827
123.67779 104.553505 94.00207
135.5009 122.4517 101.845245
93.012184 77.33368 70.41169
86.04241 83.867485 80.276695
120.45669 101.3416 95.351166
87.76858 90.34108 79.15592
132.66698 122.60156 114.747055
96.43342 86.94075 76.91307
109.36188 90.79016 79.52276
100.83709 96.96664 94.48557
114.70089 111.53302 108.02355
89.01318 91.53697 87.60862
123.78761 116.505714 115.542725
119.61771 108.32225 83.85526
142.49928 129.74982 111.982376
118.20602 109.517044 96.77539
103.887146 85.97321 80.007744
137.45541 140.35985 140.59868
99.024994 100.35943 93.79553
92.256004 87.952866 74.8606
117.828445 117.80431 101.14408
93.50685 94.42388 82.320564
86.92732 82.578186 82.04899
101.34077 77.52045 80.48482
102.109726 99.88845 99.541214
118.71118 102.357155 98.27901
117.3469 116.9497 110.29729
131.93713 134.38808 129.8711
113.15803 100.831924 94.64859
113.975105 104.229256 98.3785
154.0911 91.663124 87.18409
80.82841 71.261795 62.870102
84.64722 76.38264 72.10473
82.00496 85.17703 83.96898
119.51395 130.07446 135.42921
102.8628 92.5125 84.194695
119.68516 116.47597 110.68116
157.70227 173.91104 172.44456
88.27129 82.47143 81.55939
144.21362 137.97583 125.18822
146.75102 140.29832 129.93993
121.99852 124.10528 120.67569
144.87827 139.7074 127.992905
119.43469 124.84838 117.69049
148.08649 143.798 128.1038
174.09055 163.7622 153.58049
164.3843 164.29301 151.58693
138.79189 132.3122 125.80817
147.85031 146.88597 135.48254
130.2086 129.14478 120.48103
116.02066 109.432144 102.66729
133.94453 137.63264 140.49797
121.024826 129.63385 128.75328
124.22874 135.5683 136.068
101.088615 111.39571 102.405045
101.80459 96.04555 92.21273
96.298904 100.79949 98.88783
136.70847 142.99146 141.93338
86.03253 90.94278 87.370415
120.679955 129.06259 126.11695
129.87196 139.47493 141.38866
120.888214 127.11513 123.316605
107.052505 105.983406 102.833336
98.84518 100.82834 96.706604
123.13035 132.29065 130.37805
111.71091 113.72475 109.09344
117.77309 117.72447 111.73094
112.05171 107.31846 108.25814
124.92839 126.001656 129.01869
114.60366 112.68164 113.2736
122.665565 122.808685 122.65585
111.02506 102.000206 100.65403
157.74179 151.07988 138.53075
125.73019 133.94743 129.90295
126.11079 126.79963 117.699
125.73859 124.882805 120.29949
159.50296 162.69737 162.48833
141.85922 141.57515 145.24533
133.302 136.46031 122.03508
102.09843 100.83109 97.48816
129.08194 118.99666 107.602905
123.495384 126.00785 119.52758
165.07465 171.0376 170.30534
115.3491 103.79949 94.10566
131.75366 115.2892 104.24378
