0.003902279 0.0033448106 0.003541564
0.01160846 0.008525988 0.01000164
72.84617 71.8325 110.9234
0.6299393 1.1500574 0.6876865
27.363142 34.973175 57.93058
17.48877 35.149338 53.413017
12.735957 17.011116 40.415184
20.19531 27.942778 91.763504
57.311855 39.28913 196.81958
75.487 11.953337 88.53579
32.71038 33.739105 208.16943
27.716085 38.24958 174.84476
51.524677 18.919725 81.16829
44.176224 27.868732 152.0085
29.619183 6.3422527 25.366749
17.206034 9.984784 195.0161
41.989178 48.839745 198.26332
29.477291 26.424004 79.77298
48.6345 11.667388 110.368385
85.74504 78.66696 75.45381
42.84227 32.747303 27.111002
32.72881 29.832432 25.684834
57.467617 46.235744 41.045254
51.812363 37.820595 33.441547
54.556847 41.634037 37.65611
25.870241 14.861256 13.03758
53.585835 32.026035 24.690966
64.15225 55.6323 46.444992
70.071556 59.27995 61.770653
53.991867 43.77616 37.34658
73.51313 56.081554 46.700146
63.939365 51.50828 43.62102
63.812725 51.677456 43.137794
79.62935 50.98449 44.94996
48.19216 37.728676 29.115068
90.03817 71.38823 68.93058
64.11618 50.353302 38.404396
41.3252 29.887686 21.975275
40.26073 29.733105 22.028366
56.484505 39.481228 32.98426
49.703426 37.694214 29.118576
35.760094 27.546352 22.568748
58.269913 36.224068 28.802164
56.205544 37.03745 30.605541
35.487194 27.804033 21.833973
54.852467 34.79574 28.197933
66.7091 46.666763 39.649746
45.871815 28.274996 23.683653
58.500015 42.8889 37.688736
111.077065 84.41987 70.8686
77.24204 51.202625 45.208984
71.37747 56.3818 51.100018
37.901756 29.596426 30.197771
48.08047 35.18826 28.606329
41.89054 34.320873 33.77796
49.572617 39.16019 37.617447
68.030495 32.55629 29.760191
74.324745 67.72812 73.52035
59.016724 48.804035 50.47867
74.50028 65.43709 49.75668
51.386654 60.226856 70.33418
69.686966 43.479553 39.111233
54.334972 35.265488 34.86788
51.176422 46.37793 57.705753
60.64578 47.9031 45.372486
53.741104 40.18521 38.593998
37.123856 29.94658 31.505098
36.36806 28.394655 28.146385
18.72648 18.420233 18.854467
49.48152 55.06329 75.58557
66.91477 67.375404 69.64938
83.69136 74.94511 73.910645
63.74304 53.059715 52.73743
98.55537 91.65047 84.856766
49.299755 47.012955 46.606724
43.311558 35.91274 37.41056
54.657516 48.452534 59.16186
75.44529 76.2951 88.83305
98.11887 90.24998 87.80069
37.739464 33.925465 28.975668
64.23695 61.759205 60.94796
100.718315 102.05726 114.12084
5.351402 5.4003935 5.925332
74.56596 78.86336 88.297195
45.455616 51.974686 66.407906
87.615875 64.62925 46.28093
32.863518 28.596195 27.790491
44.212887 35.28441 29.372849
31.889555 23.049417 21.21397
38.731956 28.015347 26.228628
49.289227 39.855385 37.528774
33.03302 29.77416 25.261223
70.61649 67.19042 67.81643
97.978424 93.744286 96.051056
91.14491 78.99679 77.45132
14.514576 15.977799 9.7764225
68.1415 59.210297 67.64509
67.952415 59.07811 57.0484
48.268665 59.28316 55.623547
102.503555 127.91307 120.81987
99.72966 108.86519 104.35078
56.84683 68.72471 59.86329
48.741432 59.845287 52.322315
62.859222 55.287292 49.43735
71.682045 76.24798 71.304245
84.139496 99.50972 95.80774
118.10959 105.60836 103.54783
127.87208 116.32195 116.39321
124.54632 119.5255 122.77193
124.40043 116.59721 117.297134
128.57079 113.284836 113.285164
90.05214 78.28992 80.57147
95.751305 81.39026 82.929855
103.07083 94.853874 94.917854
89.80089 77.709526 80.695
86.23564 75.25099 77.82355
118.18826 109.52871 112.196526
96.85293 83.07942 83.22548
115.62033 108.41253 113.912476
125.92766 120.22197 127.30543
100.12674 95.5109 95.708015
75.264435 66.62558 63.311363
63.217052 66.16298 67.20256
136.3676 116.15449 105.66201
82.98744 64.59262 48.278244
117.46637 114.09683 101.68932
115.11294 104.312645 109.676735
78.713036 73.13845 74.23227
94.73281 89.170784 89.1714
105.54452 91.444695 99.900314
101.19256 95.56475 99.22495
68.049614 54.123825 53.14471
100.092964 92.884766 97.70402
70.80613 61.02099 57.964878
77.98315 70.830795 66.91048
136.06404 127.851616 129.82478
76.34881 65.83207 61.437187
72.40505 49.57701 45.872437
100.37406 57.603836 42.55983
67.9415 36.124775 25.605017
81.078964 46.892082 25.30828
82.74183 45.665813 23.652304
70.66759 76.19807 91.40974
88.20289 90.25279 97.10418
101.11684 100.08011 119.20931
26.208984 20.31615 21.052795
10.086309 10.448467 11.018364
12.644696 13.6606655 17.83158
20.09313 21.260927 25.066536
33.0426 31.397345 38.367634
29.23148 26.216888 26.888048
63.37639 51.19295 51.070667
57.238136 54.30487 54.6424
77.72976 58.941563 47.31087
70.86513 51.33117 43.285423
102.58022 87.25834 82.966125
75.018295 68.17157 68.33517
74.5759 67.01633 66.72668
73.33245 67.335495 66.281525
63.580784 57.736317 59.688965
82.706116 70.73487 73.22699
93.53065 78.598785 81.76783
81.72796 70.07745 71.85463
75.14422 65.58944 64.76298
63.995735 46.32694 46.19649
56.02141 34.703426 29.16747
53.66729 31.34822 27.005772
68.35898 47.427544 40.250664
63.567307 40.849846 33.55373
60.060307 36.155304 27.921955
63.640465 55.663517 72.03427
60.497097 57.18557 66.151764
69.55147 64.30113 80.056076
92.92159 87.420006 99.5841
65.54366 60.134876 70.45732
74.26342 70.602264 84.0386
65.775536 66.134186 73.77773
74.62899 51.97331 44.580326
56.956516 35.877586 31.292768
44.699295 30.969471 27.316084
86.26536 39.25506 33.76698
104.29992 48.73038 39.04178
95.20302 60.01115 52.727234
80.83355 54.52094 47.318676
72.262535 50.21853 41.94222
66.92146 59.20869 67.45768
57.294113 49.468536 54.520382
59.49664 54.635414 61.922447
61.086407 56.3313 64.20981
67.01882 61.77075 68.67788
65.642075 58.401115 65.8081
65.26322 58.19754 67.05739
58.773045 51.871357 61.107166
67.7353 60.987865 68.97931
71.839874 45.429646 43.03876
73.93937 48.17616 47.392162
70.73809 51.71684 51.43994
48.165077 35.78308 29.584423
49.817707 36.20846 30.76911
52.68031 40.934612 31.93143
82.76793 43.061386 37.586063
84.62437 42.872013 37.26024
82.12756 42.973896 37.720707
97.130775 97.985306 108.41112
73.4143 69.579506 65.19764
77.446075 73.59115 69.5214
88.595314 82.066666 81.88602
87.66483 80.95541 81.04188
73.04516 66.63053 67.834625
60.10133 55.98039 57.177307
44.880768 35.599934 34.9455
66.85237 56.824036 57.03322
47.743137 32.382225 32.066895
73.189766 62.999573 62.7717
46.085064 36.51333 37.099392
47.88716 37.28316 38.172882
79.04282 76.798096 80.72655
97.22253 98.39813 106.255486
111.81069 110.12996 117.60194
93.42997 85.05358 88.6347
105.05653 102.97098 104.45899
89.72684 89.392914 88.330284
109.13514 116.81095 133.51765
100.41922 112.96484 122.21318
101.910576 109.03597 124.812004
41.821182 40.95737 45.7677
52.214725 49.125923 49.14504
35.32389 30.767076 33.511364
51.186623 45.171207 43.363995
55.84581 49.660404 47.46903
48.359173 37.22348 23.939367
75.31933 54.96747 55.57708
55.058205 47.549828 44.50628
89.75114 77.87434 67.89064
105.05624 103.62745 105.75186
98.200035 92.11546 91.339134
79.1494 78.85243 72.735954
106.6082 107.30179 115.7718
91.544945 89.89159 93.38406
107.43158 112.58285 124.50254
91.07113 94.50333 99.24433
112.95885 115.24089 126.30405
86.69205 84.67408 92.375305
83.32248 80.28779 85.976524
84.31159 79.744316 83.32185
86.345894 83.00964 87.68936
73.256996 56.47916 60.336483
68.283455 52.60915 56.296345
81.24594 78.02951 81.74245
134.24948 137.63565 136.9799
135.1236 134.77489 131.16403
96.41082 93.03128 99.032074
89.825806 87.30838 97.430595
80.49706 56.55386 57.525463
106.58862 99.848305 103.19469
61.477062 43.631054 46.26788
98.57672 82.94124 88.155304
88.83686 86.98606 90.80019
114.893654 110.78331 109.88211
109.08221 94.832954 90.650566
97.88923 93.66106 95.85122
87.07126 76.506905 79.2544
92.588455 78.4021 76.21967
92.95354 86.4486 87.30035
141.86224 134.83417 137.5776
106.21538 95.82472 92.946846
57.898605 47.9941 51.839615
73.6686 72.86457 74.19794
86.59223 80.78183 80.95514
94.442726 92.09543 93.95173
98.99846 96.75314 88.71254
108.07745 101.47693 99.72297
94.28729 91.94212 97.97678
59.913757 54.750484 59.729465
78.83499 76.392395 84.67516
58.037086 44.000526 39.623905
58.87683 48.046467 43.185505
68.125755 50.13212 47.61384
82.63119 49.09264 49.831284
72.418564 38.085228 34.198887
121.30861 91.20692 63.06837
63.69946 46.818005 43.098736
101.89742 70.46988 64.97691
95.368225 68.82492 58.325626
70.4507 45.086735 43.18131
113.17967 80.73822 63.807938
52.33212 31.60846 29.07798
83.0747 69.52701 56.86588
77.8929 62.576424 50.976227
80.593346 67.21626 55.065353
78.62597 57.824265 42.026333
85.86991 65.78311 51.016953
83.34107 63.09441 48.663944
79.31146 58.23279 47.05414
80.170815 58.430202 45.58147
90.16045 66.73504 51.728577
90.68516 89.363304 84.73894
78.163635 74.01082 68.71976
88.11478 78.82171 77.35052
88.18085 79.19459 76.00623
64.22374 46.398132 46.13871
73.18501 60.127365 58.07611
100.32799 90.628624 91.32268
89.74409 71.33746 61.282932
83.05936 65.79072 57.97111
75.8887 60.998425 53.964157
89.44145 72.58439 59.059814
30.04568 27.16747 22.31451
42.65745 39.054565 41.120445
41.957306 31.667093 34.273617
42.687458 32.780323 32.420265
38.086376 26.701197 22.017708
41.59157 30.712019 23.079948
28.18239 17.894377 15.112019
33.13835 22.916445 17.021545
21.827381 17.486113 13.719593
23.724611 17.020626 16.117002
24.810198 17.239712 15.309133
25.437712 17.30546 13.925922
23.699263 17.79272 15.595409
78.83325 59.909626 54.541595
81.03145 59.401344 52.73517
51.232758 40.660534 33.00505
76.25768 57.971634 47.998558
68.76452 45.464764 37.576717
85.79561 59.841087 55.96537
76.34304 50.285587 46.6281
62.792686 43.58341 41.622135
69.99469 39.26542 40.45775
147.07976 151.63446 158.78531
80.36383 65.34688 59.536713
71.3653 64.28966 67.92651
124.09015 120.09241 123.31064
129.7703 127.22555 132.06287
78.785805 75.68634 79.02764
121.059456 116.82305 122.39282
109.74973 98.66863 107.69369
148.33238 145.12569 152.96564
83.22004 75.82122 83.38111
125.426956 121.181175 128.9385
109.7071 109.14947 110.910446
78.075554 77.862305 79.55078
92.04315 84.62427 80.94793
78.5619 76.49215 72.13022
90.312805 86.014725 81.449776
114.15189 114.71438 115.2078
81.52123 78.00728 81.4145
78.63568 76.28621 80.4768
68.39282 72.97649 72.08195
80.915855 81.380714 84.808395
81.08654 79.62611 86.42223
104.995346 101.31015 102.70366
121.81322 126.063255 122.88034
61.618332 64.492836 66.29844
42.983704 39.50264 37.492245
56.262405 51.588917 48.420036
69.657616 70.11451 75.44499
44.97934 42.610363 49.085293
23.06201 21.895622 19.469193
35.00518 31.21807 27.89808
21.64509 21.263552 18.429743
18.637186 17.952288 15.84404
12.392425 11.681521 12.777636
21.70487 19.568748 17.276964
34.27129 34.815838 36.164387
81.94311 62.426464 49.603836
82.01371 63.990063 52.90592
73.839516 58.476307 45.341564
73.27752 57.275227 45.41928
62.617775 53.288868 50.727627
69.744514 53.274864 43.577896
66.97121 50.51041 41.595245
25.38098 28.071455 23.217937
13.653025 17.105658 14.612855
13.479194 18.224627 20.854862
28.129498 22.082375 24.89854
48.041153 44.398064 35.760715
68.27736 61.762123 65.441185
43.706345 36.571438 29.367897
98.59505 97.3532 95.66388
36.059258 36.535103 36.211315
135.72195 140.33563 143.39331
71.90621 71.84525 71.88001
78.63676 75.69369 96.55632
59.31966 52.40551 61.097164
55.916214 55.079357 58.53127
119.13356 111.80226 118.08506
69.49251 67.685394 83.43007
88.18718 79.61679 86.761894
72.02574 66.35147 72.07657
69.123886 62.257256 67.117004
94.54458 91.82961 97.17033
95.65942 88.97514 95.6466
73.36193 68.77239 76.886505
100.57111 96.73982 107.57069
66.427185 61.013214 61.57442
122.76403 136.88647 185.08267
105.77265 104.759766 117.4929
92.05515 90.13963 95.58216
93.57744 88.042435 90.79501
94.11556 88.898964 92.06581
98.39465 91.54737 96.28451
126.725494 126.64119 129.66496
115.933334 118.477425 125.09241
83.73284 84.60866 84.844666
85.63377 82.69277 84.11402
84.32202 80.50084 81.66565
107.9313 111.34488 114.754776
78.99091 76.58357 70.29677
91.07096 94.32946 84.536545
100.81502 94.75166 89.34537
66.233215 68.16432 69.092766
86.55488 85.25506 87.03516
89.33602 95.4001 102.07581
98.41354 101.999084 112.61269
73.98947 76.27696 78.91694
89.786125 93.2766 96.858826
131.22942 137.36343 152.4376
121.11392 124.66932 124.48496
123.75029 125.06398 134.28893
54.152515 54.4384 72.88493
65.1333 58.911167 61.111
38.889458 42.740646 44.543728
78.13232 72.366615 72.366745
71.14724 68.99298 69.096085
130.57153 138.39357 149.93848
84.15298 84.676796 92.175964
92.54094 89.38134 98.34189
85.195114 84.779274 94.862236
89.29054 96.56701 117.94849
101.15199 106.32114 130.8429
31.167372 27.13658 23.460632
84.21439 72.82886 63.219315
101.843285 69.29018 57.049515
88.33839 64.8427 53.91743
99.00449 106.36209 119.6466
104.48749 106.284836 121.597275
103.63433 106.93402 116.250206
94.63253 97.65148 110.22528
135.31831 138.48012 141.60612
88.902245 85.3271 90.16612
117.59443 118.037186 124.00833
101.63886 102.4284 101.22896
49.97665 47.598 47.47867
85.58531 86.27592 98.75796
74.8162 71.62732 75.248665
74.3659 70.89234 75.604004
53.99495 45.285686 40.061684
69.90654 56.613968 50.64509
50.359993 37.471783 38.484474
67.976654 51.3858 33.70569
47.260464 40.39183 38.674873
84.04391 69.18718 55.25145
81.485 66.9398 53.402294
45.839123 38.118904 35.07365
51.922382 43.591965 40.037285
31.001017 23.899622 20.571995
47.469814 44.207935 35.568226
35.604362 23.597868 18.039154
75.55294 60.679127 48.55996
38.31025 33.02948 25.947992
54.870865 42.391148 37.909428
37.52625 33.275192 31.424955
29.360092 25.192818 25.857584
28.85742 19.144745 18.424791
42.18016 31.138056 28.176062
28.583277 24.145466 24.446926
40.477848 32.52707 31.82138
61.29546 46.33507 42.499886
61.909428 46.497787 42.8465
53.157665 39.497097 38.60584
49.14281 37.27014 37.704247
96.0265 89.34602 88.988815
66.01849 51.819054 34.39715
70.957924 56.8808 35.88552
85.15458 76.04663 73.876144
54.580093 41.653614 32.286243
38.887325 31.927856 35.647385
95.3818 71.35878 56.171307
29.2686 20.550877 15.709985
53.506935 49.85978 50.344975
34.634106 31.358355 30.12848
36.5314 29.05673 25.2949
42.853516 40.36465 38.830856
61.36675 47.36714 32.344845
66.13543 50.09979 53.269485
73.290634 61.91061 74.65148
77.88857 64.926414 72.545044
61.8585 59.09267 56.00292
73.50959 70.52051 74.82345
74.15786 73.57642 76.4746
44.491096 45.562912 45.930676
62.718906 44.46165 33.0384
75.974556 56.568813 42.87024
44.486374 42.11861 37.268898
57.30677 49.618168 32.571964
37.481228 31.666634 33.522316
86.092476 79.61003 77.90598
47.71697 46.432728 44.09946
25.765371 21.984129 19.243547
57.660896 43.39262 38.473488
55.831085 50.016724 47.907066
33.28277 25.770716 24.460043
30.069979 19.748745 17.393047
20.400787 16.028103 14.922643
33.503723 20.62266 18.417086
53.228695 48.726807 48.67411
64.23184 60.078964 62.611378
43.407936 27.79259 30.336973
45.523167 38.8042 30.254042
31.231907 28.770815 27.065027
27.608002 20.923168 21.055256
59.0929 57.96544 59.51569
40.354027 33.578358 31.28431
36.048763 28.8687 27.001148
52.001606 47.841778 50.246334
42.783176 41.02699 43.695194
21.301098 20.25706 20.864666
17.642532 18.673882 18.23817
17.368553 13.360617 11.372783
45.678734 45.056206 48.914413
72.19213 68.59249 77.584816
111.00033 111.46309 151.68925
58.438564 52.660667 52.623184
79.52038 76.72671 86.89903
22.54304 21.63663 16.132185
58.68962 60.038826 64.61063
35.070602 33.160976 32.682636
57.11782 57.27457 66.8204
55.607838 48.867355 52.222168
78.20987 79.06719 98.8385
49.43876 45.20384 51.358387
48.30874 43.18285 47.56688
56.341564 54.544384 57.58849
65.36665 64.4869 75.62151
22.642761 20.86283 23.350418
64.94173 61.78298 72.267715
48.54681 41.959206 43.683685
35.35114 30.404951 34.051712
74.39997 72.1958 74.61344
57.557175 55.34153 56.76521
73.58347 68.538284 69.267715
73.14707 68.624794 69.576294
76.39272 72.57124 75.16626
86.844666 81.37157 84.05418
94.34855 90.19921 94.33746
79.99941 74.480865 79.59957
92.548775 87.829285 94.89546
70.32979 61.980293 65.65732
119.10192 112.69129 117.94415
67.23345 57.213215 46.920937
72.18869 68.692215 68.701035
78.70834 71.77183 65.364716
87.23414 81.69772 82.90661
86.97629 77.86788 72.953926
103.1616 98.73163 101.671
80.45712 75.617775 73.3252
76.36951 72.15225 72.50031
69.068565 64.83909 68.42348
86.511 79.58898 75.14045
72.95026 67.73953 69.05257
85.70753 81.085686 82.48936
89.827675 95.19908 101.44952
67.61138 63.136776 67.49477
87.97213 86.67552 95.427086
68.91861 64.23591 79.83227
74.184685 67.53409 76.52687
95.117294 90.93546 101.44781
105.96688 101.288864 108.898735
118.71474 124.76282 136.58226
95.739235 103.50946 112.46056
66.84742 70.93182 72.115135
69.9192 78.498344 83.649025
135.33838 141.3656 153.74573
15.955796 15.934382 16.88126
15.877652 15.875717 15.878013
18.000721 17.998623 18.000689
5.4869323 5.4845057 5.486473
18.59623 18.593704 18.59567
22.980194 22.977602 22.979538
19.0768 19.074242 19.076078
15.246467 15.24404 15.245384
21.994064 21.99167 21.992819
16.635513 16.63312 16.634367
15.102082 15.099689 15.100967
13.486243 13.483785 13.485096
21.900541 21.897852 21.899097
8.097819 8.094999 8.096278
7.431382 7.4283 7.429185
30.589638 30.586391 30.587736
23.418068 23.414724 23.416035
17.920708 17.917461 17.918674
25.602886 25.599606 25.600918
3.9874077 3.9842596 3.9856699
16.409346 16.406363 16.407837
