0.0013256446 0.0013256446 0.0013256446
0.0016239146 0.0014913501 0.0014250679
67.614006 33.0346 40.625374
21.213032 19.117252 29.631935
149.83644 149.33788 135.0936
4.2075295 4.038013 3.885398
5.5837474 5.583582 5.5835485
5.0007625 5.00063 5.0005636
8.88742 8.886955 8.814907
35.925034 27.906641 10.035892
32.275204 25.52416 16.25976
49.017963 40.497547 34.182278
85.889404 67.2816 54.73779
92.35895 70.30274 57.910652
80.26251 68.20352 60.823856
131.90889 92.338005 58.72486
34.24163 32.90545 24.852125
46.66329 35.993702 18.850698
30.089613 23.603731 16.621264
39.61192 35.013885 22.692583
38.301716 27.921223 14.049016
45.787037 37.82906 23.58262
37.33562 27.5747 14.40167
30.499071 25.983463 14.821005
38.837242 29.061079 17.012428
36.698383 31.398457 20.55866
30.129051 24.262909 14.783555
29.322596 23.34268 11.575595
45.61086 39.393417 24.0344
37.1151 27.651653 13.955657
25.661829 23.54126 17.626732
30.563168 23.842646 13.976403
30.422915 24.307848 14.538841
42.953568 31.076921 18.618977
45.582058 37.92636 22.03208
44.45546 32.430603 19.405615
39.856796 35.413235 23.904884
38.007988 27.5058 14.55677
35.886723 29.993074 17.8277
24.27653 20.208225 11.841486
44.40926 38.044773 22.855406
126.15169 125.73381 111.95314
133.46265 134.76257 119.09051
76.81968 65.7014 53.14652
91.47438 77.06393 63.03788
134.0332 133.0229 121.76314
110.57265 93.98664 82.00305
96.55588 85.80039 75.25383
156.12163 142.40529 127.46179
157.73347 142.38205 125.73066
166.47017 152.84048 135.35103
51.339035 46.63157 32.2758
121.636475 118.17741 94.96517
74.89703 66.7016 49.1208
70.75704 64.16368 46.52774
72.2926 69.79482 54.972626
112.51985 99.30732 76.21051
80.71953 74.39226 65.79707
139.86624 133.70522 107.94833
160.3958 157.54576 145.71873
136.46869 119.81925 95.470436
128.63647 119.13028 98.61182
187.4554 163.83609 128.7257
165.85252 148.14122 106.217674
86.85985 76.41334 62.5057
180.94879 170.3525 145.05534
149.65765 144.7125 133.55717
148.66603 134.62749 118.87933
157.71237 154.22552 142.18684
160.92746 158.55627 144.43352
126.51743 120.61251 104.56194
72.08478 61.991947 56.306126
156.7768 146.47746 134.43015
121.24269 115.72247 101.75903
111.79095 106.430405 94.02204
95.66799 87.557365 72.03887
90.65954 79.81415 62.84586
114.14811 113.554184 100.32422
115.583084 110.173294 96.909325
112.62123 110.11563 98.71459
99.57417 95.757706 84.36114
116.26649 112.20892 97.973854
79.31295 79.38099 63.818455
92.62276 87.55823 77.419235
117.631905 122.41953 111.89653
103.58832 99.869026 84.55445
139.67188 155.36906 147.99165
17.934647 16.874296 15.65921
45.148174 36.177338 26.743422
53.25131 38.886856 26.450056
50.238647 40.436832 23.398323
50.93773 40.76354 23.527773
50.951878 41.025417 24.121925
52.603832 42.22824 24.130178
51.769337 42.137604 24.496487
38.62007 31.939154 20.93216
46.24395 38.980083 25.737886
64.6779 55.08915 34.08073
54.21936 43.874893 25.607244
25.18052 22.47531 14.995891
58.206768 39.493107 26.10466
44.73792 35.258633 21.109398
52.4428 41.239178 22.91158
44.2931 36.803703 25.55518
44.812454 37.733646 26.915125
33.186253 30.854345 26.241499
69.553024 47.321503 21.102472
31.204382 26.025187 19.062803
42.910088 33.020977 14.904355
40.441273 34.88318 24.25648
33.637634 25.974018 18.031916
65.74869 48.181713 25.613508
41.420162 34.326706 20.681879
16.696394 13.908431 9.956088
34.540234 28.914894 20.12524
90.76244 71.05694 29.890171
90.40442 70.63936 29.767714
101.58345 78.585335 31.550806
35.736164 35.59419 25.816961
36.694805 39.891464 37.10307
32.699577 29.760357 20.200205
51.286373 38.576157 18.124577
41.738914 35.159676 23.750513
30.982965 22.65636 14.164347
34.435574 32.569164 22.071983
44.430305 36.117188 19.959734
40.2645 35.871048 24.57997
30.18907 22.26397 13.996752
40.35292 31.302511 14.564692
32.050343 23.229702 13.844634
32.505104 23.833334 13.838736
38.150593 29.486511 13.711175
32.640717 23.83214 13.743455
33.293564 24.431498 13.734705
45.86273 37.577053 20.745443
33.4711 27.871578 20.461391
78.693146 74.758896 59.618744
125.58215 125.718636 103.55309
152.03354 144.76396 105.998146
108.329094 101.37178 78.20173
114.07709 109.19361 76.48992
126.946014 119.241264 98.49765
134.40009 123.918175 99.59574
95.45218 83.98797 60.694637
31.754457 25.26251 12.432691
42.592396 29.643103 19.396202
46.767944 37.728443 24.661232
50.218765 29.893583 20.12862
58.39879 31.700405 18.406012
50.031815 26.888878 19.213097
41.029263 32.375156 22.98638
39.82339 30.268707 19.203552
47.38311 32.08799 21.0115
59.56227 41.651554 27.599258
69.29751 45.93511 28.578247
66.4252 44.036785 26.987175
52.979053 40.632828 21.514051
62.003017 37.22894 17.487606
35.810764 23.963577 8.508882
46.905415 29.069033 12.705807
46.087524 28.372473 12.146451
33.395374 26.292372 16.381752
50.479355 42.001987 27.52257
43.965797 34.48883 20.606018
18.780474 15.912507 11.480413
30.297243 25.643038 18.356863
22.886293 19.961191 20.057467
48.487606 36.49798 28.495195
34.570194 28.526943 20.320044
33.69941 28.115265 20.425167
33.428715 28.086 23.039934
24.241566 20.98734 20.703287
34.96666 28.080963 22.275469
28.150063 22.933586 17.691324
35.966496 30.215782 24.003479
35.78488 30.125307 24.742725
34.631603 26.96053 22.570093
35.517963 28.620136 23.688473
34.49178 26.916683 18.997282
19.422848 22.369259 27.38646
32.162987 31.257175 34.31454
21.667595 23.118048 25.493902
18.603102 20.515112 20.578312
44.25459 34.0408 21.648771
27.475143 26.292171 25.311327
45.57765 31.161861 20.144428
61.860176 41.894646 26.680883
30.26841 20.340723 18.260954
39.009876 33.104393 26.694372
19.079803 21.686882 22.038113
22.676708 26.792934 31.497381
23.409292 27.321072 31.930635
50.928547 37.623055 25.889574
60.524292 41.982567 31.015974
46.519653 32.475807 21.317625
51.136177 31.116457 20.685093
36.519287 27.35494 10.218267
30.72927 23.50537 13.69308
33.766785 26.073408 10.955524
33.235867 25.738451 10.736163
29.017134 23.93955 15.596109
30.765892 23.998112 14.01899
31.065653 24.192848 14.118579
32.031483 24.717306 14.202889
45.20153 39.14201 27.053722
13.294227 15.907768 16.65066
131.34477 131.237 118.35627
24.23106 27.055147 25.30629
18.587128 22.651522 17.65573
18.870352 22.45675 21.500463
20.194937 23.490156 22.833399
19.024656 22.132664 21.254623
20.3046 23.537813 23.69149
19.238781 21.314508 20.882946
23.02542 26.751244 26.947603
26.043648 33.404453 27.422947
19.951746 21.564692 21.690893
18.121231 20.919268 20.055943
13.389673 13.821999 12.908862
50.94227 39.662094 25.71797
123.2417 92.28587 64.05869
28.841518 31.773846 26.422813
33.549778 36.456352 34.01385
121.71393 99.981636 80.03715
146.75552 117.21999 117.78402
19.56519 20.495295 18.52416
25.693047 20.38974 21.760057
22.356466 17.972492 19.312288
24.429111 25.878803 33.185257
34.174255 25.382647 19.239742
162.45662 124.95307 94.80192
94.07115 64.0349 38.24889
200.4251 183.12756 174.32068
113.20631 74.86614 38.995956
88.66604 62.959866 50.84636
191.59428 152.14258 143.70584
84.61457 50.40757 31.13896
98.47067 77.632065 56.963478
122.73955 92.297874 64.45662
60.571983 49.934216 34.83254
47.797276 33.960728 18.25817
63.54822 50.14761 32.24435
83.226715 59.45642 34.59137
83.009575 59.25078 34.401836
42.464405 30.753132 21.027342
147.6323 137.48512 104.192055
112.6905 105.76824 84.12338
115.547424 104.21147 85.081856
116.964935 113.19911 92.24239
144.11821 133.48807 112.518425
77.309044 73.373535 50.1554
91.103165 84.63707 63.036587
110.774574 106.25605 73.88397
100.5346 97.809044 66.49781
101.234276 96.859184 81.60323
79.03798 74.686516 59.30808
81.610756 78.45218 56.854774
68.675186 63.616558 50.592396
79.6729 73.19603 56.45529
93.62666 88.14271 70.95436
101.42384 97.10933 79.672104
153.62845 150.71542 117.856895
173.06866 170.43388 146.1956
166.41022 163.60167 139.01167
121.80868 120.17585 87.57825
133.58388 138.61708 108.747765
136.54219 139.14702 107.80112
133.91429 136.69221 105.202065
119.00232 125.37672 96.20806
168.3327 163.28796 130.80699
135.7587 128.78754 98.77606
181.94807 180.99954 169.95877
147.32704 135.99718 109.275536
138.7699 124.808945 97.33857
183.38388 178.48854 162.68709
61.968117 45.16017 37.264698
38.622223 32.111156 25.313217
52.50789 47.22715 36.548187
50.87085 37.044178 20.045038
21.856533 20.607643 14.007623
33.08948 26.293133 15.599224
30.744184 24.535826 15.123153
34.590374 28.17651 14.196362
30.407867 22.682343 15.254226
35.663353 29.300491 15.337509
39.4771 29.659872 22.951647
41.741333 31.614271 22.759693
25.768278 18.25333 10.869325
19.594154 17.422813 8.748923
79.7069 54.57894 37.38404
29.189434 23.30596 13.308146
32.186485 24.028933 16.405813
29.64055 23.234274 11.448167
44.611984 30.70786 18.807384
43.759495 36.6552 24.944853
80.05985 54.13979 21.788095
57.09906 42.694275 23.972725
45.382946 39.695435 19.807615
54.43647 41.23885 16.930504
63.01972 45.60983 26.279778
63.680286 37.18725 13.923709
119.91864 91.48419 49.2474
47.072678 32.34016 18.200205
34.28667 29.161629 24.82876
27.357758 24.334858 14.946742
31.928083 28.254026 21.89829
29.35355 25.776363 15.57861
31.553822 26.887287 14.445317
27.79847 26.241167 19.589083
26.22937 22.912674 18.941904
18.8737 15.962253 9.143799
17.492079 16.577452 12.110724
24.792902 21.035461 15.989991
31.126831 25.352755 17.473785
53.95529 38.171604 19.21903
35.685257 28.944986 20.314377
51.3448 40.264366 30.950819
54.678764 39.48419 28.092794
32.316963 24.654669 14.698151
55.783257 41.06234 25.639292
54.96792 42.043118 27.079704
50.981674 37.57702 25.685457
60.357624 39.98704 27.157585
73.59399 43.208324 28.481308
50.926823 30.56731 16.166534
81.77467 62.539505 43.015675
93.2252 47.862267 28.94989
56.791378 37.409855 23.298138
84.87075 51.910286 31.480711
64.52035 36.862232 19.59664
54.859383 39.448795 25.716412
53.346226 41.655598 26.59432
48.69381 37.50514 27.534302
73.84298 53.53586 32.71555
34.683968 27.978027 13.289355
32.752735 24.64771 16.933453
33.008583 28.17936 16.374031
42.482834 30.593094 12.626798
28.884138 22.289455 10.89196
43.28803 32.82624 11.85176
37.63571 32.372475 17.258568
44.26407 33.41582 12.1951685
43.722343 35.255848 17.539604
35.31136 25.82273 11.799529
14.996322 17.771326 25.375523
13.726718 14.856101 14.14824
14.884205 14.529297 13.290582
14.412242 14.544774 13.190893
130.26418 129.05077 117.32505
52.03609 43.646317 23.930504
83.57109 71.052 50.358288
57.47773 49.00729 29.795353
85.65742 72.99536 52.016834
49.196526 39.251076 19.507656
53.946213 47.23275 26.228706
47.14771 39.88954 23.695633
58.15089 51.238483 33.46888
59.6728 50.55604 35.400112
115.473656 111.71591 101.116295
77.25635 72.381256 62.270596
66.56923 63.61384 49.5402
88.4545 82.74468 71.06436
91.27663 87.44843 71.85729
74.34858 68.155464 55.132862
119.50775 118.56234 96.40472
117.130745 112.21701 98.657555
54.660767 47.959003 39.0808
79.05349 76.443825 64.75621
44.415524 35.47183 16.738516
47.8507 40.4765 20.852655
129.72055 127.71376 116.030685
139.0332 142.5043 120.37386
141.66196 140.98662 116.153175
49.941605 42.567375 23.903128
60.248394 52.514217 43.22894
52.927155 46.914032 27.245808
108.05266 100.95251 84.0744
100.44088 97.699875 80.28667
173.08603 171.1997 148.2479
139.39554 144.63025 134.81905
148.94862 155.47429 140.6039
127.145424 116.97694 103.07003
170.77538 175.619 158.2468
43.927456 35.91148 19.43564
144.39424 139.37231 117.73354
69.08458 70.5 58.28995
155.21625 155.88295 130.41861
62.515377 53.200436 35.407005
162.69518 149.65341 127.89978
194.29498 191.61092 172.76718
97.80715 97.71018 82.766785
81.9479 74.75141 55.813316
180.61229 179.58885 162.13837
58.91337 72.25406 54.65212
144.37317 141.05757 124.25502
58.71227 47.32634 33.358257
148.28285 147.6281 132.72386
90.12905 85.34901 65.09697
146.621 136.34013 118.56121
42.208622 36.23169 20.412573
103.34855 98.69911 78.47309
121.02705 115.164444 99.38782
127.006 120.869225 104.54875
168.71042 175.00961 156.99202
103.197685 99.67184 84.90992
77.07013 66.8215 52.642574
124.412605 101.61268 81.38182
53.437893 40.23338 33.506264
170.25267 156.42667 142.45071
130.69861 136.55481 126.97514
159.80795 153.89992 138.71489
73.15583 58.998642 35.52502
145.06334 147.0899 135.4317
102.93902 95.65958 86.370155
110.18851 108.103004 96.82866
77.71207 59.764168 48.467655
89.81892 85.36382 72.06681
147.50543 144.08159 131.10098
138.5918 144.826 129.75694
116.53364 111.874596 97.060745
146.04248 136.98956 116.54871
168.08418 169.39285 158.35988
152.50394 150.5811 134.21571
137.51823 129.81557 109.37847
65.52008 61.873466 52.448
161.46361 153.41469 140.41751
95.756676 90.94671 72.35292
112.762245 102.61029 90.7986
184.83174 181.7643 165.94095
211.38722 213.06824 196.34842
137.68102 140.61436 125.90515
67.73573 51.676575 36.715614
58.204548 45.682144 35.59243
132.39153 134.52505 121.67164
51.338436 35.598362 18.097534
170.12364 168.18092 150.77725
67.64903 45.94956 21.866938
170.16176 166.8834 148.85934
98.33317 78.85017 66.78644
102.76182 93.72247 77.08
78.52214 70.667595 57.73424
100.716675 81.89992 69.11205
49.5572 71.49529 48.296017
82.75303 76.98012 67.645226
70.533905 64.49877 54.578777
41.69255 58.48913 39.732983
185.65752 185.44727 170.21936
68.655235 57.81222 55.813416
105.63177 93.93295 80.970375
92.179855 87.61251 77.02244
97.45834 91.688576 76.20915
69.11838 68.98197 56.999172
96.37035 86.45088 71.578674
106.35179 95.95108 73.673164
130.95407 128.84901 110.28071
115.47359 108.72745 91.401505
148.45207 147.95609 134.46805
101.41062 98.105156 80.83529
148.64711 136.60805 125.289955
140.46394 140.18008 133.58614
97.49493 90.85951 83.30656
132.362 128.94724 116.66388
75.6269 69.38046 60.34636
80.32833 73.7943 61.77176
155.91621 155.65341 146.0707
120.86333 116.97057 106.30944
125.96974 102.00195 91.93889
171.81537 164.83174 148.13667
168.90244 170.4843 159.08696
114.63913 107.53049 91.827736
120.66252 113.81166 92.279945
102.9079 85.71803 76.80642
122.9947 117.707695 102.46898
63.481407 54.755352 38.4538
102.45897 96.05495 75.881256
84.58378 83.1673 65.870155
69.41181 57.384834 40.384636
92.65958 84.13691 63.73053
194.74173 132.77885 73.44774
120.022606 110.311325 95.56654
68.77779 65.108406 54.684597
149.20961 149.94862 140.30907
117.28359 120.698845 112.78849
69.89647 67.918076 61.10032
106.56542 93.32919 78.26278
125.02996 125.079834 114.02257
155.25952 154.07997 144.39494
93.77689 84.14251 71.160965
102.88304 95.23391 80.435875
12.26619 12.799165 6.3304167
29.641712 25.472725 19.30904
39.27444 33.959732 26.152084
96.3343 94.31829 81.65742
16.146782 15.413435 13.089249
92.48084 92.61835 75.2997
70.075035 62.335423 48.484356
93.85083 85.971466 66.133064
94.2877 83.83562 71.79953
43.809967 42.23789 32.080666
104.46192 86.48204 79.0913
154.82896 150.2924 136.51756
138.38776 145.1885 131.76613
64.46023 43.80301 19.365911
38.933254 28.70859 21.25426
77.45758 51.544342 23.30841
110.899414 95.30318 80.95436
97.320206 74.266785 55.554287
97.94234 90.32054 80.68145
136.14363 119.90893 105.480446
234.94534 234.16667 228.5185
126.762344 131.18916 126.04269
104.090775 96.66786 74.326904
127.834526 117.18022 98.95897
101.87741 82.47007 70.44104
139.43494 131.30354 110.19914
45.056736 37.890503 23.683336
109.467094 107.71591 94.97594
86.92868 75.330055 68.77023
149.7757 145.51813 123.90638
134.16614 140.11583 120.273346
180.804 172.36107 153.5396
91.33416 79.5116 56.22612
170.85513 172.08772 155.862
91.15934 77.93206 67.58017
102.94701 86.04769 74.2414
157.0906 155.62398 137.86378
151.17326 149.63678 136.90863
159.41064 161.66501 145.21037
126.272385 125.96977 115.42202
79.58424 76.76576 65.94356
81.73676 77.39749 67.66809
92.76357 86.17055 74.72208
63.144993 61.684097 47.578346
58.194572 53.69974 45.47392
57.158215 51.40969 43.683636
164.59663 162.87761 144.76761
170.70992 163.42868 150.91205
61.126564 60.75956 51.912407
145.14307 132.54033 108.07364
204.81915 206.37082 189.87546
108.52174 101.36976 90.07977
90.47773 82.146484 68.93551
59.125607 48.564327 36.76125
148.02267 141.79031 125.47189
108.513916 105.46639 89.21529
43.365646 39.787266 32.228573
111.26476 106.86067 90.626
138.60777 136.72954 126.920395
110.67684 112.29293 92.544975
68.20399 57.28435 44.45874
58.03102 48.76175 36.48509
115.345695 108.16136 94.795815
93.439285 81.12706 46.394447
50.30682 39.945847 15.900179
45.715416 38.590374 21.472393
40.11722 37.64042 29.253164
61.66577 58.43524 48.399418
55.71144 50.848843 37.692318
56.8508 50.158813 35.46232
158.52449 155.8603 135.93422
84.95198 76.97862 57.998177
91.67548 86.05024 74.05902
92.42291 86.8966 75.597534
168.127 145.23364 115.0745
71.816765 73.784546 55.509247
159.98131 158.29724 141.87407
112.18807 96.748856 80.2353
107.77398 90.249886 65.750114
132.50195 125.48333 99.17452
72.113976 67.08222 54.48615
111.197784 96.3794 81.13803
163.86958 153.96977 139.2313
168.55574 159.2941 144.39879
85.67161 74.076294 55.701267
82.56811 71.927086 48.207794
88.96639 78.36425 52.596508
202.28773 202.24849 188.55661
145.16212 139.22437 128.39365
175.35109 179.41579 161.76161
104.647514 86.18678 70.25423
143.18025 146.71959 125.519554
81.5397 77.170906 65.39514
74.48565 68.667725 60.0401
90.58882 83.359116 58.673428
169.30612 164.35838 145.35574
148.51903 152.21764 135.39836
67.170906 61.840725 51.161663
219.58215 225.2033 210.55783
67.27378 60.884968 42.28826
60.07374 52.906773 35.343143
202.29814 142.22089 74.69285
152.94955 144.5474 122.82846
174.80103 181.19437 163.80785
46.106747 36.241764 23.70173
147.52121 147.56071 131.22855
150.31209 147.1037 133.724
83.25472 74.382645 51.124245
76.75449 57.882713 43.57258
140.75098 150.36714 127.46222
65.133125 61.56668 52.46265
142.06725 135.69116 118.600815
70.14887 86.63969 66.77043
32.68453 29.96908 21.488169
63.892956 49.321964 41.564526
46.417744 41.573208 33.290447
126.39494 117.89729 97.60834
126.860176 118.93478 102.19911
75.79214 58.153343 41.677273
145.56834 141.12773 126.54037
43.61437 38.673527 28.20067
80.592865 69.756516 54.78216
111.93349 104.39375 85.01554
130.00667 120.862595 108.348045
130.26189 121.11026 108.53307
106.89312 95.08437 81.54209
98.68947 85.94197 71.987045
129.0687 119.65974 102.10711
109.63489 100.823524 84.57361
142.126 133.21687 122.09803
153.0685 145.495 133.40787
163.5351 161.8794 149.67004
113.23302 103.03152 87.16676
146.1091 144.77861 133.16425
65.64612 57.52439 40.701897
184.91508 185.96191 170.0526
136.9493 129.5695 106.32508
96.62693 86.58093 77.99433
150.69815 143.54689 123.23838
107.7998 97.00742 82.686615
76.0747 70.85534 59.346622
93.82932 79.86886 62.57997
140.35802 136.38312 116.73865
103.047424 92.59226 80.36389
87.228676 77.28521 56.85189
83.87499 65.25996 56.498276
112.1326 94.71227 76.681015
87.15613 80.08215 71.92341
120.266785 96.51346 86.58772
100.792336 104.678696 89.32429
138.66063 129.4138 110.288994
111.93855 104.959404 92.022934
94.932396 88.762215 77.47256
86.73232 74.22871 56.646717
151.32309 133.68552 121.30732
85.40227 73.57251 62.094917
68.78422 58.248657 39.47448
51.300888 45.021774 35.641514
87.19394 80.74747 63.4252
76.3907 67.64797 55.74571
162.447 159.27945 145.05325
167.6083 169.81401 144.55594
162.98286 156.03436 146.27693
79.486145 71.42868 60.516205
76.834724 74.01574 63.725624
137.80055 128.68285 111.513756
126.63277 119.248825 105.64443
135.86972 127.799194 114.47445
104.41867 92.83884 63.258102
140.30954 131.67104 108.61672
142.46106 137.66139 113.56784
166.78918 160.73619 140.97322
132.34195 128.03493 114.46656
105.93219 101.00984 87.19043
91.00451 78.85551 68.29993
102.456085 88.01134 75.58653
131.17966 130.6962 115.57805
35.5806 26.548618 12.855537
106.69447 89.43021 71.067444
56.11795 52.186253 41.552
139.44177 138.40872 117.563866
92.35146 88.880295 76.84994
108.37966 81.74289 71.98992
101.31802 101.64721 89.744644
155.79483 158.04013 136.75267
75.85872 68.098495 54.188274
109.34765 101.955986 91.2072
162.43199 164.88208 148.67677
109.098564 105.00023 94.93352
90.563896 81.93193 71.40283
174.40363 174.3743 159.10254
123.26619 100.36203 82.564064
57.522934 52.79297 42.469177
97.81511 94.31978 77.81156
175.13919 174.91426 158.72566
221.51799 219.05336 198.77301
122.02976 111.619835 96.52887
16.502584 14.3505 6.710943
151.67094 147.83897 135.50769
177.18655 173.82634 155.94754
146.03365 136.13737 108.50577
159.70262 165.96632 147.63885
176.92477 174.11961 159.28906
109.60575 99.58103 82.19838
96.9545 87.3399 68.68705
96.28107 93.100716 76.175514
161.65152 157.73735 142.06403
152.33293 143.3724 119.93233
79.01193 67.70481 51.89017
74.86764 68.63837 56.6892
138.7139 136.20293 125.22871
83.97209 78.729996 64.478455
154.95187 149.54233 132.29008
151.40532 137.93484 102.10165
55.518295 48.745144 26.838139
37.453835 34.319744 19.917412
97.61549 91.85862 66.15119
61.640484 54.788757 28.964903
86.71943 76.34235 50.43249
87.167564 76.80324 50.746403
96.25061 84.65066 63.426094
92.34619 79.18234 53.919666
139.60248 132.30635 100.43315
138.40736 129.40916 87.813484
91.84496 79.31083 56.149567
119.251045 110.49738 89.146416
92.95728 80.363396 58.277622
172.76033 152.54288 107.04865
183.95218 167.00223 120.81554
160.59976 144.48157 100.4146
157.94551 141.25015 94.53818
175.61646 156.91112 102.07175
170.28098 140.7752 66.79658
170.95894 141.16455 68.00517
171.20819 140.83853 67.366806
145.06993 129.86008 95.54232
133.42732 121.2058 87.92417
156.20706 145.06026 100.481705
142.6973 126.368065 72.53331
173.41698 153.8683 98.77699
2.0032477 2.002585 2.0024855
140.34444 144.48442 137.99725
106.47882 116.02068 107.66716
98.827835 109.32279 99.233345
194.73607 200.90184 188.22804
38.805927 36.538048 22.220686
36.73646 36.15424 28.746935
166.38844 171.39395 163.46909
115.758766 113.86617 103.22221
46.07397 44.1555 39.03957
20.226055 20.752502 13.708159
27.05518 27.026314 15.7167425
21.85998 22.23328 14.000829
11.20405 11.007655 5.316564
20.294758 20.526447 12.964241
7.819613 7.771194 7.899947
10.562836 10.582621 10.547988
11.329455 11.329257 11.272652
9.262279 9.262047 9.261815
9.920826 9.920627 9.898687
9.207364 9.207132 9.194008
9.657984 9.657752 9.62302
10.845065 10.844867 10.844469
10.97942 10.97922 10.936899
10.718598 10.718533 10.712501
11.801883 11.79426 11.66902
11.730431 11.730065 11.710413
12.597667 12.597269 12.577219
15.016471 15.016107 14.897031
12.857659 12.849705 12.801485
12.550374 12.550109 12.459667
12.805694 12.8054285 12.762941
9.854179 9.853814 9.854179
12.537615 12.537383 12.467223
11.34775 11.347418 11.298104
16.643799 16.643501 16.501955
17.244715 17.24445 16.938192
13.339895 13.339697 13.200206
11.881554 11.881354 11.859913
22.12892 22.128687 21.882582
