0.0012290726 0.0012290726 0.0012290726
0.0030892903 0.0024581451 0.002258836
0.38114536 0.30079058 0.27145895
36.14583 26.53438 45.4612
169.39955 177.40646 183.56451
130.87337 145.16579 179.77351
92.77701 111.1553 114.29933
75.010826 87.91749 94.964554
92.38387 108.41914 117.50076
94.35128 105.569954 113.19336
99.9422 97.43715 92.64603
119.71482 104.872246 95.720436
127.544945 120.80189 118.53594
95.47186 86.69011 83.0672
149.63431 139.02286 134.14775
108.90466 102.87463 104.32365
90.05614 81.56384 81.61942
120.89227 107.513916 102.866165
104.89237 96.43008 89.39666
113.44582 104.54531 98.12387
114.179016 104.72598 99.30657
142.46223 138.04189 133.19502
129.05258 120.89237 114.208145
109.93688 96.868256 88.62517
100.75651 101.51455 96.66287
109.13407 102.691505 93.67277
113.31016 105.57441 97.754585
108.63712 101.09268 92.84032
110.89862 104.18688 95.518135
108.74718 100.289894 91.399086
133.03824 130.06491 123.768234
118.89789 113.79993 107.34161
153.884 132.6609 121.33145
116.29129 111.19017 93.31554
118.15742 109.05212 102.655365
35.63344 34.880745 31.081352
63.12301 57.896557 50.565407
50.38656 48.397522 40.6053
54.58421 50.817734 43.483524
54.68944 51.627224 44.00113
48.527905 41.255745 35.08776
46.346134 40.22625 36.375267
15.943296 18.931438 19.52043
71.456215 53.165062 41.56059
63.870483 48.169846 37.871014
75.59776 54.076035 44.086765
46.218544 35.036972 28.488771
56.530926 51.55192 44.82245
50.13128 43.696983 35.56471
74.62331 61.462994 58.447216
64.65174 53.95801 44.696884
51.42041 46.369087 36.98512
45.035244 39.294643 32.89244
58.09447 52.41775 47.872143
46.768402 40.153435 37.749435
63.03312 54.511593 49.986748
77.06744 58.618687 50.07424
44.779564 37.88782 36.22376
129.36642 113.07936 99.963196
30.217113 26.607162 21.909248
64.22313 51.631413 47.905426
32.321484 28.140413 24.7401
22.166822 18.745316 20.617094
32.373837 29.360218 28.374834
36.13437 32.242195 29.826468
34.07215 30.619286 28.257374
118.10749 97.64745 84.397156
40.61437 34.02282 27.75671
103.5659 89.05006 78.56072
107.58879 98.22944 96.84627
76.57557 63.26299 55.150646
95.51661 79.46506 65.54169
98.292984 88.036674 85.346664
88.74146 72.0969 66.27103
73.76551 54.077698 47.404232
102.39902 91.35111 83.48422
59.768105 44.977577 41.447914
89.09205 78.01349 65.53292
94.38184 80.24355 71.60683
120.66347 104.09922 95.760796
83.81023 74.81903 64.167854
92.17021 82.373634 70.83929
81.809 66.63872 62.07733
93.21296 73.608925 65.56803
90.96197 81.567764 73.55946
88.61597 78.64035 70.964455
68.877556 61.90267 54.270195
53.815407 44.968643 39.23203
66.18725 56.416157 50.669746
130.25717 122.17233 110.12198
103.37287 96.60098 94.190704
87.077995 77.619286 71.169014
78.298134 62.319492 60.270863
66.44841 58.15307 53.19024
79.86018 67.55454 60.710636
79.84982 67.26833 60.26043
107.54953 103.73113 105.25452
103.5683 98.015144 92.03857
104.1634 98.65685 92.25113
103.56019 98.91513 91.11188
105.09683 100.011795 94.553185
107.63825 116.25143 131.0171
131.23888 132.61497 148.95027
113.52554 102.0195 106.127594
121.43516 117.363304 122.231926
122.085335 118.736244 126.91739
105.6147 86.82222 84.89473
126.48309 104.886925 98.509796
123.68732 108.789696 96.91938
94.250565 100.93616 114.74402
95.665924 97.46266 106.06062
83.38855 97.61327 103.213
64.00206 61.29534 52.947746
71.496544 64.461 58.398087
70.955154 63.996746 57.742226
68.33537 61.23402 55.453426
96.26362 96.89171 85.77571
56.27724 46.961933 41.04096
78.54019 61.704224 58.616165
80.89865 63.145863 60.51488
94.923 81.35862 79.6052
94.66845 82.9622 81.16971
87.06474 78.02774 77.08969
77.114334 67.9422 63.925125
93.28003 82.54727 78.97714
91.29554 82.50933 77.00279
75.02611 67.098526 60.5574
36.971733 35.465187 25.343775
61.135963 61.489338 55.592777
66.7114 66.06896 60.19898
34.85404 44.424694 46.152107
39.397488 46.53757 51.83753
60.752125 59.853443 62.79335
60.2019 50.701702 49.59773
85.44639 82.53189 77.51468
71.17426 62.358425 61.836864
93.59942 80.81597 71.43466
55.07753 53.891544 50.833775
34.464157 37.234222 43.87809
53.160675 52.25259 56.527603
78.61862 55.235847 50.55946
53.274582 45.4416 43.302418
65.09078 56.403137 58.241863
68.269966 60.531624 60.050457
63.099953 54.096 52.483955
69.65822 52.53189 45.24156
94.17682 87.8567 89.32574
68.69582 71.4324 87.21187
58.293716 55.67144 61.52229
78.9723 73.39968 69.02252
91.091484 91.45164 86.71413
103.97293 98.41951 90.61474
113.70316 103.83128 93.64889
31.587563 28.765612 27.79212
62.069027 56.803413 53.330654
58.151543 62.03305 48.093475
64.68825 67.081116 48.609688
54.5572 47.83464 39.346333
41.600517 40.262093 32.569824
58.559196 60.626728 46.034283
100.3366 106.3167 103.9321
84.63516 84.213524 80.57258
87.30674 87.97213 79.97432
73.696915 66.33281 59.556835
94.21668 76.99761 65.49661
94.48621 96.30099 86.3658
111.67161 111.764946 97.81398
104.875534 85.474785 90.9315
67.986946 66.485214 64.27402
44.60985 41.55521 40.420544
67.86497 68.06657 67.30906
101.269165 102.91719 103.41011
49.926853 48.271458 44.30853
43.180176 40.738472 37.68034
35.528168 35.134003 35.31368
56.32597 56.936188 61.371147
35.085705 33.494884 32.459908
36.32434 34.96834 32.91828
57.422237 59.32786 56.894
62.72884 62.007904 64.150375
68.41141 68.143936 62.504517
147.2122 137.49884 99.312614
147.10806 137.07239 97.44456
146.27289 137.8462 98.58859
48.468742 57.203163 41.7886
38.546936 42.530197 30.814077
47.44469 49.10271 36.64892
75.509834 88.28069 68.9038
51.041557 43.78724 39.252026
49.51807 41.12098 38.464523
67.75728 55.17602 52.39812
77.33617 67.52252 59.44951
75.05305 65.73047 58.095337
39.863407 32.212097 29.334507
49.28036 39.332115 43.45698
90.2307 83.39985 88.94814
97.18077 90.60158 91.97904
94.44406 89.73681 89.04843
85.12075 77.83434 81.85291
92.223755 78.26199 76.89616
88.00166 76.01983 74.11464
67.74379 58.01013 56.994884
64.74791 56.871513 53.426254
71.83308 60.61643 59.591118
75.74272 61.929977 56.618557
76.9806 65.93493 63.949806
75.73419 66.065636 62.450172
95.15709 90.46183 77.27372
85.720566 80.984055 69.53292
147.11583 137.61009 114.83574
107.98665 98.30431 86.28923
109.34168 99.34384 87.24761
74.399086 71.49262 58.811687
69.70054 70.250534 56.438213
62.535145 63.77518 49.471333
69.42031 65.75761 58.913933
72.941666 67.636856 60.50299
44.874004 46.591316 36.705986
68.39397 62.11427 49.230965
54.73884 61.645462 51.94665
74.54338 70.81318 63.20904
71.52269 69.11464 66.30289
90.85726 89.76113 96.070885
83.16187 77.41941 76.615364
100.401306 91.39214 95.99857
109.21403 96.48246 94.89985
88.338425 90.47173 72.28644
77.99608 71.72007 64.631676
68.814674 62.376892 60.470436
76.810555 62.6725 61.579456
75.33424 67.4991 68.16383
55.727245 49.33424 48.30823
39.06763 35.065506 37.547535
40.88231 35.748703 31.463493
39.919544 36.496147 31.344805
39.09291 35.924892 30.99113
58.552517 50.02053 46.848194
41.54355 34.889484 33.441437
50.05006 44.70602 42.47439
79.60437 67.44516 65.2199
55.39533 46.41646 44.217644
57.57195 51.798466 48.441105
83.148186 67.46207 65.42941
69.86892 66.006645 58.571354
78.95589 76.553215 69.54784
66.23874 64.67802 58.553448
101.76548 91.44838 85.039825
80.32541 70.70964 67.82417
69.30441 69.533516 51.612442
111.61577 120.24442 157.16217
99.264015 91.90599 87.20456
102.27162 77.50784 82.129486
103.696884 102.10241 90.43971
173.8376 178.51854 190.41583
120.860985 119.0957 126.425156
176.32733 162.71808 161.25223
127.975586 124.207245 115.848755
109.23857 104.79335 95.914696
81.23452 83.17586 75.50342
44.764217 53.287136 41.63576
56.457912 58.28923 48.69589
77.60414 77.35155 66.669945
74.67061 62.263885 54.05953
100.536804 97.0371 79.28664
96.63194 95.66423 83.68369
101.18217 102.57105 96.55893
142.74635 135.75217 130.68726
103.19725 100.23492 96.49997
83.65692 85.78604 70.71369
79.100586 78.18207 67.71087
70.76734 68.32936 58.70389
99.763885 95.813614 87.69838
89.29465 95.587 81.1632
58.942036 63.456352 49.519
79.54541 83.673065 68.770096
53.866962 57.38998 46.514915
63.672832 64.31391 55.13689
103.58916 100.96207 83.95157
73.84939 76.77299 61.835403
100.23857 99.90427 88.10952
88.80448 96.99087 78.77784
93.13444 102.834145 81.79355
97.41602 93.19247 90.78292
85.76987 90.24272 77.48784
101.95277 103.12836 86.876366
55.693695 58.23615 47.51618
90.21246 99.0393 76.49488
88.617096 95.76674 75.204056
87.90211 95.0858 74.72392
34.29302 40.82245 34.923233
38.336765 42.457645 41.604404
59.420643 52.461666 40.07069
53.817234 59.20466 57.69612
64.90669 66.29424 66.086266
66.27561 65.25847 53.027306
62.386395 52.40762 46.573513
72.60952 69.87108 61.20788
61.15101 51.509666 43.411938
42.823746 41.047237 30.530626
39.44127 37.44044 30.025213
70.72299 69.31451 69.20044
64.630844 55.5769 47.5868
80.71094 72.15582 62.5097
52.534546 54.390347 60.630283
65.73867 60.820225 47.66918
56.80747 52.67669 52.38387
53.228176 46.638786 34.37623
103.70854 99.8577 100.54468
83.6553 81.474686 77.96379
81.9894 69.3176 59.94366
74.49525 64.748505 61.95708
68.92958 63.924763 55.15546
69.24575 63.819824 51.948776
55.87603 50.61261 48.45399
95.62271 76.50445 68.3077
54.610184 48.152905 48.250134
59.847862 50.17712 42.514717
66.07468 55.696617 52.128124
72.081985 61.714558 55.404366
59.523052 50.32218 44.615234
57.47482 48.484386 43.78707
72.31225 58.34394 52.97834
78.79039 64.69951 60.85281
93.11025 74.83175 65.281624
44.093643 37.309128 35.422203
148.58165 127.68931 114.07534
142.09407 120.55361 109.64493
118.90201 103.1238 93.40971
163.44359 139.76682 119.15775
163.31464 140.07434 119.52767
163.38078 139.57285 118.89483
162.99348 139.23177 118.61772
161.9505 138.11676 117.49339
157.19513 137.74345 120.9893
118.2105 102.429146 92.73336
117.02292 103.5082 92.92264
28.659048 29.2978 30.219505
46.551487 43.821617 44.101315
54.69363 47.05129 42.855602
51.15752 46.633736 46.068165
88.64171 69.112076 60.232727
55.184227 47.433266 54.023785
114.074875 105.17038 103.465454
72.52106 65.10816 57.667885
107.55292 92.98778 84.22794
110.02608 97.140915 84.17974
104.084404 93.769104 86.23943
80.900314 70.32444 62.672035
62.80282 57.058662 53.151905
62.322647 56.371677 51.20698
75.6058 66.008934 61.936554
80.83869 70.46655 68.84397
78.585075 72.64626 70.54033
98.775276 88.80305 84.85281
104.82561 77.55972 75.989334
94.266174 71.39483 70.17569
83.44659 69.03817 67.10417
87.29578 72.053116 70.178085
108.27166 92.42569 82.872406
99.36477 81.5681 65.275345
57.258835 39.120617 36.85972
48.84849 37.139515 35.99176
36.206882 30.829391 37.33464
65.28973 49.11357 43.552353
57.300194 45.392838 49.126328
53.738308 44.00741 47.652107
84.89463 65.87995 66.58746
91.866264 68.64792 68.3561
85.403366 66.00326 64.29468
91.98788 71.02039 69.95419
90.32613 69.4435 68.21203
98.36706 57.22731 64.64021
113.16091 67.023384 63.06863
74.13447 61.79923 60.17393
68.446815 49.89015 52.532787
59.001495 40.58009 44.332848
56.896893 41.03508 41.080555
57.46492 44.810623 42.336933
53.997875 42.343975 38.613007
57.472595 44.951138 41.310757
40.863506 32.586067 33.975086
51.292355 40.990864 40.5864
88.01588 69.90054 66.12424
69.373634 51.03269 46.712795
61.925858 48.41493 47.388687
71.30292 55.79637 53.949444
66.32481 51.60434 51.104073
70.96485 56.276176 54.655727
60.642273 53.90958 51.300922
77.53478 62.23638 60.562683
77.74093 61.831917 59.27684
63.889816 50.141045 50.37045
70.32258 56.224354 52.51541
71.01342 55.60015 50.006577
60.310226 51.060356 47.137688
77.59401 67.24097 65.50542
60.33484 49.124035 42.4617
84.285774 58.16672 55.41543
61.686153 49.677418 44.12284
118.489235 107.81707 108.50176
77.73455 64.76585 62.585037
44.110817 37.644566 37.11942
64.85049 50.644234 49.1159
57.970036 51.470768 48.975716
57.482494 51.140877 47.921406
61.239902 51.31152 47.543316
62.909546 52.35158 47.206818
57.713528 48.517273 43.894367
82.59006 70.173035 69.582085
22.537336 22.828295 22.904066
33.684727 32.123573 30.516874
34.767307 32.044613 30.713726
35.914795 33.20456 32.57886
35.23492 32.58753 31.280859
31.94778 31.095535 32.686188
51.751694 51.12905 51.97153
44.77538 41.41576 40.800556
49.78398 52.576004 42.977413
39.33869 35.538067 37.923332
38.414864 37.08002 35.78983
42.027737 35.28292 33.983856
45.4132 40.31408 38.357693
77.63025 75.807236 70.19409
94.2786 66.31803 60.22439
70.34092 62.672634 60.586334
90.61477 62.490036 51.984188
88.605965 60.340454 51.307766
88.35138 60.681072 51.099487
99.89573 88.23974 86.47618
89.99303 76.682205 74.169975
120.8162 107.80139 106.612976
92.78159 72.96074 69.06199
110.16447 97.541725 93.022156
121.32952 107.75395 104.41951
83.06491 70.7603 68.01229
79.36042 62.01279 55.30059
98.06348 85.686356 84.148384
139.1835 111.43775 115.22758
137.69556 111.149216 114.1263
128.54527 105.30664 108.776505
90.68273 80.511826 81.364174
91.98572 72.55232 68.1725
73.03481 67.624435 65.74213
118.26661 104.17164 102.68503
103.10673 90.07999 86.20871
80.08776 64.99678 58.603077
108.86643 98.19217 90.659546
88.19141 75.97306 71.038795
85.11968 74.01956 70.405464
126.51259 109.94296 113.06723
69.9903 52.792286 45.579193
92.15064 63.852345 66.34099
55.272423 45.08517 41.400845
87.073845 75.901245 71.18971
97.27574 83.79544 78.58178
76.09304 60.66835 51.454224
110.53342 97.43971 90.33919
85.96512 71.094475 62.981762
80.93825 69.766045 62.934494
102.06607 92.194626 85.110054
67.581215 53.288666 51.046406
74.29428 57.21034 57.234753
73.54973 55.609356 53.016644
101.68164 90.80962 82.2594
29.2694 27.594206 23.18436
81.53511 71.42775 68.24249
79.33474 65.99319 61.542454
93.977875 75.89493 67.21685
91.951935 80.12613 75.06544
89.71984 80.25213 76.44396
102.743454 94.69917 90.71067
102.14775 90.973495 89.06617
114.123436 108.09906 103.39523
84.75545 77.2879 74.43682
92.308395 75.92001 71.79358
82.64121 67.95483 63.553314
90.08281 76.981064 73.19711
88.762825 77.293785 73.867195
90.126564 78.6169 75.48864
83.997574 71.04129 65.801155
89.515114 70.35271 69.97545
55.006977 47.11666 47.44057
64.97897 54.869087 50.046604
65.98801 55.70037 52.273285
79.146095 68.336334 65.89786
65.28275 53.407253 49.63108
67.94273 59.06159 56.7981
66.76897 55.83218 52.18383
63.53139 51.665627 49.51857
92.23123 76.831154 70.224556
67.75063 55.165394 50.470966
65.51369 52.19582 47.751328
87.37726 73.09922 69.2404
83.51106 72.61038 68.73724
84.79016 73.45452 73.12188
69.35364 62.58424 58.027008
89.59932 81.5197 76.56185
136.23662 125.57314 125.44745
145.28113 140.13849 137.64526
88.99193 71.85344 61.152935
128.52837 120.63609 117.00073
95.0102 79.96522 76.73342
74.870415 52.02634 45.95851
113.5857 100.036674 90.15144
112.94141 97.66144 95.35052
101.35178 91.27907 86.931076
113.185455 97.87919 88.25495
93.42566 70.91344 60.999203
88.95645 75.55418 69.33886
72.97392 55.173134 38.73864
95.00342 82.400314 72.225784
93.54438 81.09092 72.76624
105.388756 93.65739 84.56082
112.58564 98.40164 88.40098
109.76634 95.34019 86.86131
84.426025 77.67891 63.298798
55.33534 46.311253 40.693527
72.3644 63.70748 61.40908
91.147255 80.91307 71.96702
90.907555 80.1438 70.97093
74.868324 62.89596 60.034615
