4.1863672E-4 4.1863672E-4 4.1863672E-4
0.0058855396 0.005466903 0.0048512607
6.9165926 3.260072 1.9166666
4.610471 25.699123 21.37798
37.48616 37.24621 13.73158
14.806738 13.112785 7.968873
15.883151 14.28647 9.6112585
0.0010589047 6.402679E-4 0.0012559101
31.014235 27.50399 16.52268
92.68403 104.18159 108.57543
96.08021 96.74352 95.184105
90.2271 100.52704 100.41482
89.87709 104.82777 103.90585
154.8902 156.6305 154.75352
88.75219 105.79083 104.521
135.18282 129.69833 123.74532
99.902725 94.4313 92.320625
96.006775 88.24256 83.19701
110.48628 96.90719 93.31775
70.19873 77.875046 67.984215
110.22141 101.26258 95.57122
122.72131 116.79364 115.58001
131.77657 119.36296 118.05484
80.85665 78.71821 80.421616
126.32464 121.76079 109.59772
68.451 51.912556 54.458138
66.117935 66.85234 56.12244
96.59441 88.54974 83.392334
89.502045 83.78984 77.05713
105.71442 103.82208 102.07614
96.93925 97.11291 91.937775
99.079765 108.2355 93.53992
114.55765 127.76879 105.78918
59.027237 57.734215 58.584293
74.94129 72.81366 73.90817
96.608894 102.86266 92.7828
78.3746 80.354706 84.32395
69.53051 80.32425 84.92472
106.80083 113.96821 92.17846
102.61904 91.826706 88.99133
100.86084 78.71865 55.567944
70.875984 73.311516 72.801765
93.662384 74.784424 60.45873
118.98434 111.88719 102.19649
85.65037 82.46981 77.83752
72.35306 77.76162 78.23776
73.81644 77.17452 77.267975
70.74182 78.498795 76.63557
71.378006 73.69895 74.12099
91.86515 93.16233 92.910706
83.999954 79.39426 79.13667
126.5919 121.9379 113.94366
81.340225 78.32552 75.8388
102.62776 99.03706 98.11599
97.00891 88.77026 88.059616
109.64135 103.766426 107.586876
105.5675 100.19575 92.57489
101.72651 103.62071 97.30925
109.15238 105.271965 106.216286
105.93353 97.61281 88.724884
83.96057 89.60589 84.288734
97.50618 83.05716 77.902824
132.43236 122.1661 115.191216
127.40822 118.57014 107.74131
103.78522 99.62064 92.29797
130.54149 125.195206 117.8965
85.829445 79.008865 77.47781
67.04669 64.57917 70.786026
86.38483 73.60729 65.93999
99.28637 86.7074 78.44868
81.62409 72.37559 72.666245
113.74842 90.91558 82.64921
124.07811 108.06452 106.02477
152.47821 115.96173 102.10577
125.23429 110.82706 99.78059
124.33873 105.208015 94.34828
120.50094 103.64066 97.520485
100.902115 91.84444 81.73525
102.959984 90.37463 87.23552
136.23549 114.70614 106.16201
119.84052 108.70257 95.653076
96.48003 86.1726 89.40364
119.1924 111.98574 103.39827
131.90417 97.43275 90.886475
118.58366 96.014656 89.694565
96.29184 96.3946 95.588776
92.04218 83.22744 81.58454
90.189026 81.19516 80.64379
131.71513 128.58746 124.18459
142.15509 125.16548 123.94252
146.21678 130.33356 128.2776
88.82925 90.19304 84.14507
45.00027 45.817646 55.113598
86.86306 66.6152 51.67398
86.42174 80.56033 70.65531
77.959564 51.056023 43.52401
93.70541 86.917725 83.413956
86.1613 87.84845 89.685356
80.02463 63.494877 58.35481
91.872635 68.61054 56.588257
95.34631 80.567154 72.16315
93.82213 75.69871 68.42731
84.46141 66.54194 62.602417
79.6747 60.206905 52.150757
78.7717 76.646545 71.703186
88.92307 72.22631 68.56262
55.664326 66.50337 72.63406
34.272827 18.654404 22.255295
79.648224 81.06501 68.752144
63.49948 63.647728 52.2368
76.89965 57.678562 50.94006
130.43301 104.770584 91.96572
105.43028 86.82102 89.03162
115.79938 95.32572 83.0907
116.08873 108.75761 111.9574
127.78893 115.16647 118.5283
64.996826 58.05563 52.351803
110.74059 101.17164 95.09094
84.92191 78.55903 79.30137
100.996574 101.30809 100.37431
93.864975 96.45981 84.274574
83.70385 71.56866 74.12064
120.75032 115.20016 118.47776
120.61739 114.238304 115.03305
81.19568 83.700775 94.12741
122.818214 123.43166 115.33942
97.535706 91.83158 91.83117
109.897804 110.88975 95.6514
92.43981 81.10008 76.84668
110.492905 106.66273 106.6662
120.72742 127.70784 126.76761
107.801834 101.435555 97.11609
64.32498 59.345524 57.996872
107.72902 96.26739 98.20144
79.63842 76.80031 70.02632
121.09882 118.47308 108.61599
115.24685 113.68437 106.04475
120.21235 109.017235 101.53627
135.95222 126.266846 123.65322
96.58215 83.009186 75.26302
99.10301 81.48781 77.24087
72.22589 59.6597 57.872585
95.57626 69.75345 65.46035
90.48395 83.454094 78.72892
84.52534 82.2863 78.43356
88.122314 85.95836 78.70387
59.345573 52.462395 45.398125
91.63305 86.92799 89.86695
98.19252 92.53625 92.60936
96.10934 92.81523 92.82993
86.33673 70.13182 66.81713
70.52068 61.876945 55.96774
71.44839 61.664375 57.471878
75.516304 62.183266 54.5
42.644848 38.7682 54.127464
87.53987 114.98441 123.76131
98.32964 93.16578 84.70927
117.61973 111.771545 103.14512
131.99768 112.51729 107.1514
133.416 114.09259 109.351456
147.6867 130.64162 128.83104
139.11769 124.61086 122.12323
153.07274 154.87933 153.6435
20.554447 28.316957 39.241062
55.683437 52.687378 60.55664
67.36872 46.63825 47.685432
67.15049 55.88911 61.02076
82.43553 72.52908 73.76009
95.045044 85.485275 87.36441
104.04265 95.90837 96.76443
132.75755 132.29164 115.107635
58.851753 64.740616 40.83705
48.54888 48.04152 44.975227
34.657997 31.518864 37.894035
69.73833 67.06388 65.82141
42.84151 38.16785 42.312477
45.585255 47.634876 43.04568
45.400265 39.890934 37.74547
82.98973 77.47456 80.89578
48.911175 48.75761 44.756897
56.10732 51.136402 55.153835
42.30191 37.403072 35.601433
37.990887 32.836536 31.428513
46.28226 46.490887 43.15987
38.182354 34.731014 34.549473
40.899624 33.540485 38.067818
62.40534 53.333874 54.983894
66.47134 55.99005 52.183117
106.787994 98.706856 97.15167
102.33141 86.900116 78.70186
95.72407 82.666245 72.63916
84.845474 66.51899 63.251232
89.41066 82.844315 73.58166
92.34476 84.80346 77.147606
90.33599 70.28103 62.356506
109.48882 106.43024 98.34816
109.473305 103.121185 106.80378
62.752316 55.05935 60.50394
100.224266 97.35966 95.22954
123.61471 102.815384 111.35875
112.70969 102.203705 100.934395
105.34457 92.21185 89.4605
105.67531 91.95405 90.107
90.669624 76.24887 79.432724
94.68644 87.003746 86.153244
96.55799 87.310356 87.18949
96.75192 85.06208 85.39416
103.26647 85.26362 79.638664
80.16401 72.64291 71.72375
94.42167 78.42657 74.731064
127.57626 122.384384 113.1677
107.342026 91.150955 87.94565
73.66893 70.889206 68.254234
88.79804 85.17302 93.61022
68.88832 55.057674 51.418808
121.334885 111.67307 101.61513
121.20124 108.3274 89.9014
91.915115 81.61254 66.83324
128.26472 112.96183 103.453064
110.111626 96.69651 84.84939
101.6676 86.66347 77.0497
101.20658 95.166695 89.15098
83.72304 76.167725 73.80598
123.34582 111.721825 105.85111
84.99552 76.387856 71.46941
90.51791 87.84072 91.15812
61.883545 61.262016 61.61431
92.47533 85.395294 76.825455
82.49958 104.7864 112.57989
92.440605 84.123795 82.523224
100.066315 88.88613 89.207275
95.27997 73.64426 64.49948
86.9724 76.156296 75.23163
73.54208 75.96915 87.81001
73.822426 77.93893 86.05147
76.05193 80.51551 90.374725
84.32233 77.59922 78.28556
99.843475 91.444374 91.89002
114.07772 100.145195 102.74254
64.737366 59.411247 61.589294
97.26411 89.82604 89.65859
131.51753 130.8714 136.97713
80.9506 80.78987 84.70136
74.79248 76.170654 76.037994
75.029945 72.86537 68.33912
93.93343 97.65342 94.834984
99.00335 91.9096 89.52618
105.4724 107.12153 102.41733
84.00443 82.54026 79.81178
65.49705 59.67413 58.366627
54.957005 49.541492 46.552208
92.55959 80.973404 79.86224
61.80691 66.40258 55.697647
89.80824 71.08222 67.49003
82.67725 73.73899 69.6579
85.424126 79.378525 72.660805
88.952156 79.53315 74.222664
94.74931 75.487564 73.066246
93.33181 78.39544 74.32516
66.50564 58.9754 57.312206
80.88359 74.208626 74.96971
115.23468 106.448875 108.52224
82.335724 68.04812 69.84858
71.23183 68.103874 70.614334
83.992294 71.865295 68.70543
99.22282 102.10518 105.326195
93.52413 94.73722 100.05462
113.07343 110.11106 116.583755
84.42238 93.4555 109.75409
60.497093 64.20168 73.34144
75.87731 90.14098 108.5628
77.621185 54.68319 58.24015
75.69035 69.06341 78.862045
112.483696 110.343285 125.190384
63.513226 53.916862 63.707054
130.87584 69.878075 33.13645
54.687523 62.594734 70.71959
144.24403 103.64354 66.0557
126.55997 78.82287 40.89231
54.89593 59.019012 67.64061
92.362885 72.01394 52.599216
66.75433 68.59124 70.06767
194.14671 155.23294 101.967766
54.920975 39.61771 35.317204
99.21912 93.80117 111.839714
116.405045 117.27603 126.95154
109.46028 104.66526 93.709465
84.76845 78.058586 76.58787
110.29942 93.32457 87.96626
113.67797 96.65785 84.994286
110.33053 84.73503 69.503746
126.39987 111.40489 101.42593
101.438705 99.87367 95.23981
60.811024 47.676 43.76034
143.5138 141.61157 146.66612
74.07538 58.099514 53.522285
92.487686 91.4294 82.51534
138.93951 123.47397 119.63948
103.75837 100.68257 103.866776
104.1723 108.11628 109.9441
99.64421 103.940186 106.79507
96.288956 99.48572 102.097145
95.80119 117.4983 126.44055
116.0129 101.970695 96.8419
85.79906 92.67007 91.02694
144.26512 138.68526 137.71803
108.78081 104.09045 89.64847
92.42462 80.164696 81.96035
97.28376 98.97946 83.41253
51.84865 64.517685 45.064125
109.54132 73.226234 70.003845
43.62195 38.94548 34.353405
69.16201 63.96491 66.31405
98.649254 92.72776 100.18592
63.839787 56.269554 49.987442
78.1463 56.990345 54.45481
151.45839 72.2139 67.540634
92.46464 68.386696 67.96427
92.54856 68.90404 67.04699
91.367935 66.64253 64.821465
106.36417 91.203606 85.3622
100.16955 81.653366 89.55085
86.764656 72.2714 73.06543
99.43969 77.236084 77.52958
78.43203 76.12618 75.16132
74.60129 78.486824 65.44843
99.53773 88.35089 84.13904
102.72336 86.60789 81.231285
61.94479 54.31612 55.59599
84.73101 74.56848 69.36722
103.1646 77.16216 72.24298
85.08703 82.17113 84.86104
100.75586 87.247116 78.32333
88.00894 78.94454 78.80849
61.073975 54.02485 58.349586
65.31954 55.394897 58.37239
48.234264 34.273495 39.293365
61.54814 58.90684 61.709736
92.89187 71.243744 57.42351
74.58784 59.372143 53.140217
80.875465 63.269062 54.810997
68.639725 48.1593 42.14549
90.334145 66.35966 47.4803
89.87106 68.329 51.35503
78.41408 54.350548 40.198902
73.16541 50.94543 38.69134
65.29292 47.503963 36.741455
89.9176 67.18602 45.685825
61.795654 46.34328 39.24323
72.79617 52.051666 42.227837
106.08978 84.862045 68.402214
78.9359 57.730915 44.724537
77.40167 53.960747 40.71055
76.70277 51.647163 41.03391
78.723305 55.446835 43.189518
72.45553 53.294228 40.505688
38.928905 25.261845 21.932526
72.483055 51.047676 33.27711
79.64061 49.161423 33.213333
96.44853 83.29642 72.287704
87.39108 63.990692 49.036125
80.835846 55.00559 41.724957
63.909206 40.466286 29.46885
86.61463 61.63788 44.242737
73.41413 51.40923 35.38832
30.948114 25.13182 29.774872
36.088505 22.289598 21.18159
47.96587 36.18186 35.547775
36.913883 39.654106 42.444862
65.09048 56.501453 56.843678
70.31469 63.352543 58.345253
68.11722 56.58385 59.841557
67.45553 55.08417 48.807846
54.299694 47.793686 47.578136
52.786472 49.841114 53.66034
61.59247 52.343037 51.33907
77.17841 59.64155 54.040363
73.47318 53.393444 46.27091
75.54268 50.09705 43.775562
70.160164 48.003372 43.479313
70.40465 55.11372 49.473896
75.532036 57.07262 53.409107
75.64032 59.189125 52.27837
81.46326 61.91189 61.602516
69.85646 50.54142 47.46055
70.61 50.917725 53.26396
68.53416 57.76613 53.098305
57.85525 50.988377 57.02709
90.5856 78.4176 77.49978
71.08296 62.247982 62.00409
69.46646 63.08848 67.13002
83.09488 70.74296 69.96016
79.41923 63.887684 60.11463
80.55578 59.74584 56.512386
65.54371 46.924274 48.31851
74.34545 55.838528 60.46848
49.88475 42.718037 46.89162
69.4359 55.189594 54.946808
50.80179 38.6005 42.847492
67.93117 44.384335 43.66726
33.445084 10.918834 19.953114
68.633865 51.168613 49.933487
66.975845 44.622585 42.515762
67.92657 44.224438 41.553436
76.29459 56.564938 48.485275
76.88234 56.36446 48.547306
57.95597 44.066048 42.890316
61.57267 47.502193 42.54802
54.440086 43.04812 40.18671
66.428535 56.04605 54.76778
58.921886 45.95784 46.08348
63.58757 46.394604 44.666126
61.415905 43.082275 42.092297
58.257633 50.983524 49.808807
59.425976 46.9194 45.05452
60.023766 45.401104 43.417725
64.293 48.17477 51.78115
57.299915 46.92312 45.056293
57.445183 47.06974 42.949516
56.24084 41.25091 39.91041
69.091805 39.933266 35.845844
62.37096 48.834343 48.18829
50.01662 37.841953 42.01426
62.84705 39.276176 36.04886
43.30275 34.02155 36.16364
42.69937 31.18617 37.88192
58.40972 37.21614 35.764923
54.183807 44.68984 34.10456
63.258495 44.1939 36.09104
32.61168 19.979166 17.504358
25.292677 19.220572 21.448507
40.52135 32.05425 44.37276
41.978577 31.93068 31.473478
46.659843 34.11372 32.35791
42.716877 26.580378 29.138594
33.86367 20.721975 25.723946
45.433018 36.340473 34.867317
46.02928 37.799545 37.073605
68.60877 56.823902 61.99025
69.05117 46.44331 47.821117
62.33075 43.609215 46.526524
77.94875 72.51968 70.68637
64.29162 47.710403 45.907948
63.022285 48.85808 52.68777
62.75342 56.037186 58.753548
65.31139 70.12409 85.18127
61.229584 57.43083 60.9903
48.883865 50.20523 60.0245
42.942596 35.00751 38.165558
42.20885 35.151745 43.528664
50.939644 45.99739 51.064888
45.291718 31.34865 43.4079
55.30228 43.737564 49.043858
64.93947 57.827152 59.6694
56.466286 51.263668 47.04861
50.90625 48.532406 45.38911
84.505516 87.15039 86.531395
40.463455 26.986948 13.524405
96.51682 83.35288 73.81186
70.04437 65.98301 61.432354
64.51131 53.20592 55.430138
84.221756 74.209564 70.33338
74.42893 63.53839 64.16871
97.97998 85.58021 99.66223
86.55654 71.24084 60.14672
84.87231 78.400604 73.67875
103.56969 89.65288 84.94186
64.9869 63.941414 73.659996
79.04122 63.478306 47.629604
76.94947 63.682945 66.779106
99.5771 78.62394 80.38453
63.978992 55.926888 57.364437
82.14692 61.63145 51.331707
101.41307 78.45814 71.73729
80.20856 59.91061 53.269848
77.27194 68.06982 68.493324
87.22633 67.926735 58.89209
86.87392 71.2289 63.605965
95.18299 80.4408 83.19472
66.32307 55.2418 51.371723
93.474464 74.81794 65.398224
114.343796 88.478134 83.04391
72.85653 60.245888 57.563854
75.450035 62.04568 65.36493
105.333084 86.07516 81.85677
124.35432 100.08715 100.74399
96.422554 84.09156 80.84646
126.64428 112.504776 109.020805
96.01424 79.86722 72.280365
58.04669 48.16364 50.60042
50.196785 47.706314 40.676247
66.069244 63.4342 65.44405
54.349464 44.69447 47.484905
54.863106 52.454983 57.46609
70.643814 34.021473 34.7157
62.05649 49.765045 48.56356
57.096188 46.915188 49.919647
74.46845 60.60776 54.33242
67.34439 52.483894 49.860867
109.49872 92.97417 80.9443
70.23875 62.015934 66.90199
77.164276 69.2991 77.31168
73.03455 67.00303 76.53049
84.61618 75.52894 73.90876
75.26308 71.72712 74.30602
76.451385 67.34173 81.78095
83.270836 81.409355 80.396225
85.99077 93.44695 107.85444
87.305405 92.088036 108.01478
110.48279 91.487885 79.482124
73.81617 84.455055 107.41443
85.19186 82.023224 79.93489
111.60394 93.85234 86.81718
74.42154 91.77142 123.48766
89.26217 92.4309 88.27559
69.25443 53.24946 63.111702
72.98094 67.632385 77.40034
66.9225 67.096115 83.29475
9.452521 20.4046 8.201438
86.86704 103.29497 111.11453
102.95898 112.5556 111.75335
95.62458 105.952644 114.78869
106.76485 113.7926 110.47471
99.53292 102.29844 104.348526
110.15733 127.78187 140.26637
108.61978 117.810356 116.038315
118.86547 123.10013 118.269356
95.68866 108.94651 99.37032
111.87847 112.75261 113.097
103.364876 101.72594 97.32407
105.87241 106.29038 101.725395
102.735794 103.593796 108.44578
111.17216 115.7418 116.71636
81.90019 85.89903 78.114265
117.66905 123.11828 130.80391
165.71461 85.362885 103.493225
170.39354 76.8556 87.183655
6.3890615 6.388667 6.388618
11.74212 11.741701 11.741652
7.978428 7.9779844 7.9779105
13.449517 13.449074 13.448951
11.873301 11.871478 11.871036
12.587298 12.586781 12.586682
11.242588 11.24207 11.241972
11.809446 11.808905 11.808782
15.307624 15.307107 15.306984
11.306442 11.304349 11.3039055
13.129064 13.128522 13.128423
11.725103 11.724537 11.724439
11.424768 11.424202 11.424104
12.262904 12.2623625 12.262263
15.313239 15.312697 15.312573
15.421394 15.420853 15.42073
