0.2642079 0.2642079 0.2642079
0.26626915 0.26590106 0.26565567
3.242344 2.877184 2.2548587
39.79638 39.853504 38.30678
0.26629367 0.26595014 0.26568022
0.26631823 0.26595014 0.26568022
66.86023 60.02692 23.230541
98.051384 91.07271 51.762638
109.23893 118.36835 60.598522
119.21861 116.02851 65.666595
91.78629 78.058105 37.689465
102.869354 84.2435 49.85559
94.599335 106.72436 109.627846
128.91797 106.77628 74.734024
66.46609 63.07683 45.071457
73.5254 63.97323 46.24681
196.55928 182.11908 150.7976
114.71783 101.35041 65.785065
131.65509 124.84101 94.56508
90.78762 73.55786 51.130203
167.90251 152.92383 123.58873
89.006256 69.88842 40.235203
120.72264 102.03055 75.5504
142.82774 145.33151 136.01839
92.66743 87.58328 50.557346
81.49225 57.842266 27.511827
11.023729 9.631945 5.9181147
44.257584 32.137466 15.228602
21.055973 41.20247 53.32057
33.521152 75.25552 94.41932
111.96518 98.073296 58.85868
39.429695 47.228405 42.896103
42.70497 31.712702 15.078327
49.131527 37.4374 16.998281
82.06208 67.04942 45.362633
47.448273 36.70799 17.07077
48.723644 36.85954 15.463437
50.52876 38.793827 16.845137
36.54422 32.37728 21.744625
57.739597 45.788574 24.442923
46.727375 35.075974 16.224382
86.75381 91.8696 86.525986
101.16446 88.349335 69.18448
86.122154 64.31107 43.638275
48.440517 40.29871 18.283716
77.86911 75.02397 50.67381
50.37976 41.416912 19.858706
50.935513 40.831223 19.724333
159.85449 150.94334 131.69562
71.74357 72.01789 49.28158
41.971264 36.92005 14.026035
40.43409 51.310535 39.943954
62.92226 80.820595 66.39998
64.04947 96.75179 80.164604
38.810635 50.43399 55.57195
38.47215 52.313065 62.839787
24.18907 37.321873 43.500393
115.585175 115.07067 93.45299
26.94577 32.405647 30.823345
133.7669 133.96133 128.18738
70.65462 70.98412 55.9109
119.2247 119.20414 115.90589
97.1131 91.34175 72.034645
86.529274 91.3325 78.59936
131.32431 141.55653 124.246124
38.811592 35.442062 31.019508
42.995632 45.893085 50.839592
104.60795 88.45188 43.996983
28.311714 30.187622 29.707695
41.833015 40.31152 20.457523
87.767204 76.19099 43.271152
92.78509 90.10694 43.854168
67.947266 72.17985 43.26222
109.729195 105.932594 69.86732
51.02432 57.02098 30.534231
76.185074 83.68153 45.609516
43.903145 57.58311 32.181854
112.01818 114.849724 73.52601
68.102425 71.41061 37.33105
89.944 106.83731 50.826954
68.77685 66.859146 37.716675
78.46022 81.7845 38.32087
96.987366 106.51249 57.602596
72.00503 70.782364 28.625908
84.64404 90.11742 45.937523
126.23189 118.94749 68.00591
14.112755 31.286097 38.24303
59.4242 81.446335 80.68949
78.887665 108.17768 117.43127
98.95674 124.64822 125.85473
119.42879 117.47613 85.08775
29.859959 48.541027 42.050747
54.189537 80.52689 85.46899
130.55008 154.49644 162.50974
130.46397 111.245384 70.74244
138.3802 117.70652 80.54351
84.75194 104.861824 104.48267
150.00253 129.16296 97.803665
92.26971 110.35485 109.5372
61.630203 76.66178 82.90705
58.932495 73.81145 81.224846
63.044685 75.22841 74.46486
65.76529 75.10529 69.85294
52.271988 63.726025 69.376274
48.534206 63.79422 70.79314
43.21265 59.743595 68.96432
51.324474 64.5853 71.433914
66.59295 78.305756 78.58299
61.81228 77.287025 84.85252
44.46334 63.792233 72.00942
56.136215 65.04765 69.64765
56.54768 65.50525 70.05175
40.872177 57.36425 64.0811
66.26038 73.56518 65.29969
80.647354 93.96542 99.30074
80.245316 92.65712 97.34185
56.525127 69.98866 74.28519
3.958407 3.9835591 5.136116
21.152998 31.812721 37.00314
16.351099 29.543999 39.26465
136.30072 114.62316 66.92489
114.84408 107.76806 72.61268
53.874435 58.881012 28.67182
88.94957 84.75044 48.83105
102.85022 111.4707 71.13604
28.17501 43.892227 53.039654
119.21832 104.76656 79.16301
62.8125 56.39706 38.260845
64.51035 57.370953 38.071407
56.788353 43.79596 21.566156
65.77049 54.519115 28.41998
39.30217 31.661905 18.14868
64.64909 53.670544 28.505325
57.31925 47.87397 26.218199
45.74509 39.265854 22.050034
57.453964 47.471413 24.534771
51.379047 40.71876 22.67999
61.88312 51.27297 27.398018
53.36823 42.90214 24.26281
60.71994 50.400276 27.665365
93.67781 84.913475 41.821114
185.2941 188.37225 189.1645
183.97845 187.57158 189.15796
168.19542 170.48369 170.6426
179.16539 180.9109 181.2767
92.828575 80.28347 48.43848
154.58885 160.47725 160.30386
91.477646 80.48277 55.5637
172.72072 175.25467 175.15752
80.94869 72.21726 55.184284
63.55119 53.870068 35.990723
136.70113 135.10648 125.73015
108.76872 97.987854 76.26735
79.38084 91.35053 89.11381
77.872665 89.206055 86.91122
79.18139 93.41446 91.39009
79.46094 93.40611 91.035484
194.2989 202.99846 204.41505
74.27277 92.450165 98.76735
88.87289 101.49453 105.203865
80.32366 90.69334 93.02645
98.03877 105.70836 109.53524
106.48086 97.9121 85.18986
48.602547 72.61229 76.88609
128.69899 122.83976 107.76376
184.23636 172.79071 157.34119
185.11588 174.55229 160.14807
51.274906 74.680016 78.12056
100.760506 100.50272 80.7684
94.98123 94.55207 75.2564
139.67914 138.71434 127.304306
98.797554 97.69319 80.1116
77.94327 86.07636 86.165
72.37439 94.344894 105.19575
58.094032 75.615036 82.19184
32.278316 51.190224 59.326046
43.98952 60.52368 69.875984
59.006405 80.01109 88.295006
57.71751 78.06819 86.76914
65.83245 87.893036 103.01943
29.295078 44.673317 57.802784
70.92879 78.03781 64.81498
72.21248 79.71903 69.355
72.317505 79.72745 71.06674
98.67511 98.176384 80.80018
65.81787 74.408325 65.72585
98.49887 97.8732 80.38226
99.75825 99.31304 82.69155
98.83324 97.91053 80.17229
63.969254 75.71516 68.43772
88.71135 93.78892 78.51983
39.656116 32.93414 11.538795
10.524563 15.021324 16.559114
58.450996 76.48906 87.70277
33.02913 41.61332 49.65847
28.316525 40.497227 51.355515
47.67361 55.3736 58.14971
20.627134 32.2699 39.270954
42.06758 52.624043 54.785484
35.877625 46.388447 47.87814
45.443855 56.60662 59.101246
40.79721 51.166054 53.277435
35.890118 45.872375 47.351738
40.95426 51.473377 53.841015
36.12846 45.648335 46.82104
33.954308 40.485966 39.379147
34.240234 44.766956 46.103554
39.86646 49.592167 50.1795
54.04611 50.619675 43.866707
31.2327 32.43144 21.58721
43.648262 31.608265 16.705389
49.25113 41.336056 24.455414
42.228405 30.436567 15.739988
55.26779 46.53126 27.971756
41.220432 29.718567 15.399686
52.67496 43.763863 25.90749
51.701584 43.25547 25.481596
49.724087 41.67943 24.476786
40.448 29.32229 15.488418
48.970432 41.237904 23.784502
47.23022 34.853996 18.726467
54.226788 45.543434 27.704922
58.20939 48.035557 28.88722
44.228333 32.379025 17.11732
44.961082 36.748013 21.230614
44.506676 36.070107 20.658201
18.145123 13.264993 5.6691203
58.534893 48.351246 28.8976
77.952934 71.8539 52.46307
50.544563 41.914337 24.529078
51.625687 43.0094 25.263226
59.595997 55.233067 38.595676
10.029127 24.871883 33.68311
16.684923 32.701168 41.619354
1.2543924 1.8924224 0.4513889
91.70136 91.47951 79.55806
64.00628 51.07509 35.322144
55.116364 42.492493 27.675034
132.08542 138.31847 134.26831
31.905771 31.383661 19.774023
79.22706 89.84563 78.11425
99.510475 86.437325 63.839886
78.99438 80.28158 61.7248
85.00115 81.30389 66.41966
41.492195 34.25569 21.454725
69.202225 53.718567 27.567554
51.950138 40.979218 21.590155
76.466774 58.31265 28.92582
100.72553 75.83979 46.036587
102.04942 102.037766 88.963585
112.97932 120.20652 103.41161
104.35454 110.69621 93.503044
101.34502 106.58711 90.83525
103.31809 109.045105 107.30921
106.36722 101.935684 77.92781
116.69199 108.83353 82.41279
105.2963 108.61526 89.70487
68.68836 75.58491 69.5119
140.74806 155.61697 152.35664
131.89272 137.28131 113.83083
84.89568 90.90528 79.78369
155.0082 156.61337 129.78053
80.19844 74.443245 60.70237
101.77562 96.63567 75.01021
127.80293 113.768524 82.70154
139.17601 119.65084 92.37787
37.90106 32.475758 30.112411
93.63047 82.55271 65.006874
143.91405 135.53276 116.812744
131.73672 116.997795 88.85323
134.62358 119.80212 85.87007
71.966286 67.475685 47.331543
94.04346 87.72713 61.683083
65.37431 61.01308 41.62377
77.3381 71.91922 47.84391
132.98282 135.62996 110.28416
145.73685 141.38318 108.68826
98.15879 97.097145 55.87046
41.613342 38.615505 29.53006
51.44218 46.779774 36.146152
41.373726 46.087826 38.307274
41.91875 47.167084 39.626102
54.343567 53.18043 43.600903
40.93264 44.880104 38.858585
46.654865 49.500023 41.855762
47.070156 49.56952 41.97355
47.657906 50.53752 42.954994
35.032246 50.48292 49.768085
91.838264 107.94688 89.167915
103.72932 96.67574 69.56532
37.056072 50.650078 48.726223
69.525986 72.369255 43.649857
91.98235 116.76717 114.071625
111.91186 132.2203 122.8657
75.19341 70.66529 48.438824
99.19415 96.46621 65.72178
81.47966 79.43296 52.22119
84.752625 88.71815 57.937523
82.26448 87.35652 57.40187
84.711914 85.32281 60.20561
69.74006 71.048615 47.815937
58.061935 59.2526 28.457474
91.262856 86.27203 57.04169
54.668606 47.688213 29.536858
57.129982 82.54122 95.4773
118.289215 132.63988 111.33193
73.33233 73.32799 46.63663
57.253117 59.14694 31.127674
65.23277 68.75368 39.996662
69.5598 84.111336 75.663795
19.380938 21.396889 9.718541
71.31098 55.487217 34.085712
71.3565 58.09067 33.262196
49.47009 36.021275 16.956566
57.462505 41.644558 20.813923
71.18777 57.710663 33.46086
102.8364 81.849236 57.71167
65.244286 51.448887 28.298317
88.6993 66.419586 39.948174
79.75795 65.68338 39.46962
77.66225 63.102276 37.99838
85.51195 67.44874 33.261066
96.48729 107.78421 113.83353
68.484344 78.985176 82.82874
78.33233 61.142494 29.467634
64.21619 75.095116 43.64959
53.922997 45.720383 21.066942
82.444595 92.90086 52.641884
98.36334 98.12674 56.876915
150.81721 149.62129 120.218956
120.01828 119.34399 111.56336
103.278564 112.996956 78.50059
51.8072 44.748405 20.62819
102.6809 97.32006 60.047974
101.282295 109.72242 68.952545
71.320526 86.11877 55.38052
89.95772 93.41301 73.5183
141.74794 154.9611 129.35223
105.86592 116.17334 102.95058
99.21312 108.704506 95.72794
44.698788 50.20215 33.75076
62.968174 78.60554 43.655746
120.77469 133.90152 98.26249
66.991264 71.64124 46.335445
61.819126 60.48714 46.477203
47.499043 67.52272 73.07499
43.583138 63.272503 69.294
44.22097 64.87282 71.09639
63.937893 52.70291 43.804523
98.21857 92.86945 63.12375
83.478775 78.843956 60.251423
96.196754 95.39284 66.51939
91.496735 90.87775 61.338512
91.38489 89.18845 63.36585
91.41382 89.04765 62.860203
99.8474 102.555756 65.90256
88.36364 82.40972 61.436005
102.68691 104.7059 69.230736
91.4217 85.78671 63.61781
63.020317 59.62733 40.31937
94.82921 89.29194 66.58498
88.859955 87.22838 59.159355
87.50783 81.77851 57.085762
54.635258 73.046104 36.927513
57.911095 56.894287 34.45561
89.53551 88.71201 70.25844
54.890976 52.625416 32.936493
72.35031 75.43696 48.88349
74.03222 77.06191 50.94457
71.88592 71.05134 50.696335
57.63111 59.89576 32.45296
56.380547 54.373013 31.521742
78.689514 86.07013 53.549496
75.941154 84.043236 49.84138
74.062256 80.32386 45.36408
75.27375 80.99391 44.896667
56.75552 55.364548 31.051874
77.83525 86.515976 49.625687
38.211082 64.182175 17.62019
71.61756 69.35392 45.02439
87.81505 87.34094 56.77454
57.822044 71.21056 40.41296
49.763004 56.99639 25.692972
64.69938 68.23473 41.463142
63.334904 63.148655 47.955757
63.006256 65.88263 44.91343
68.19945 79.1543 49.211742
48.36646 56.420128 35.49664
75.70939 83.54915 56.873993
77.946335 72.117836 43.626007
79.741264 76.29297 31.539581
75.22841 78.582275 50.470825
48.684456 53.87721 21.018723
86.826195 104.144485 54.938236
77.61106 86.63832 48.643185
116.100975 122.44454 85.74357
60.7966 75.668655 48.266808
81.767105 87.93122 50.001595
51.97112 54.720676 37.022083
56.92204 72.60635 26.12895
40.129196 46.89024 24.291298
88.31464 98.78149 50.29611
114.46329 112.054596 68.22637
86.26997 97.91488 69.07359
115.40526 119.55421 73.42442
77.03963 96.21498 51.43605
43.016026 42.641785 26.608019
57.853283 55.02768 40.897648
45.308548 48.804058 39.831665
46.95875 55.96876 36.682667
41.19324 56.131355 32.386387
57.557125 61.938824 35.735817
62.779667 70.15258 48.257927
57.765335 65.611626 51.33478
49.633835 62.31044 37.023605
72.41858 77.07075 50.0532
95.90457 105.408714 74.66488
83.26553 95.945526 68.08267
41.330658 49.395515 27.387049
37.408077 50.740013 25.888765
93.83439 108.52211 69.634766
102.906334 113.7475 72.255646
125.14431 128.58775 94.42388
95.63754 102.18551 62.64343
90.89311 88.64804 65.07327
74.756256 76.766685 55.80781
76.98235 79.89907 60.220356
56.631035 52.592804 35.513054
67.11877 60.666763 41.92599
81.93711 78.05239 56.195843
81.57018 78.23719 53.847786
73.51649 76.370804 57.65079
75.24009 78.36548 59.198982
77.608734 78.922554 52.29297
88.43637 88.49732 64.45409
82.679085 80.14588 55.897354
69.158394 64.769066 48.19815
80.72755 76.92219 59.403366
106.50552 107.59119 72.37819
81.039505 77.335815 57.995827
80.895836 77.84749 56.597885
75.83988 71.3562 53.442284
49.340157 47.128582 32.452175
102.881035 102.718544 66.449135
62.73589 69.09637 62.56125
54.344276 62.7605 63.190247
79.891464 91.75346 55.02196
77.09369 87.9348 49.62792
106.97291 107.13371 77.49914
77.01239 79.9559 38.171894
106.08174 99.573616 65.03143
173.3296 175.17633 166.28644
119.61725 110.98297 55.05796
69.17201 65.43701 49.268036
38.095455 40.830364 24.01855
76.57114 72.43235 42.1449
88.85809 102.708626 103.56829
52.15506 54.22259 47.936176
50.914974 53.12846 46.795494
89.94128 86.859764 70.5187
57.911 68.51656 68.400566
91.19658 88.08395 71.93107
91.014946 87.99895 71.86293
65.24441 73.62016 75.359146
63.021496 74.39645 72.88128
55.31439 71.802414 63.533028
65.01023 76.79368 68.67471
79.03656 83.88162 66.18272
87.42594 95.9004 91.8841
88.69977 97.81645 93.588196
46.01757 56.60105 56.08235
32.307568 45.329727 50.947514
29.51573 47.89478 48.804478
32.45625 50.120804 51.139553
33.889698 52.57975 52.42111
36.612732 42.55092 42.677242
81.06461 94.273315 95.10156
68.4532 78.70178 79.89433
49.343124 53.993275 52.072952
58.92955 67.80818 69.47826
74.10476 84.78433 86.79846
63.566795 71.31159 72.88369
75.247154 87.21167 87.597176
39.702934 58.093468 65.80528
42.20745 52.807323 52.756992
92.94896 105.83262 107.759346
114.16424 119.63638 110.68905
74.98486 86.79247 89.21022
74.277534 86.17506 88.64493
201.50641 217.24423 225.95085
85.694244 97.02074 99.212875
137.27481 153.53001 158.75626
47.46513 68.7968 68.38604
81.745705 98.226906 98.90082
24.775667 28.505938 27.441132
76.63737 94.008934 94.16303
58.998726 76.3655 89.813286
27.880178 36.921696 36.72654
85.36879 103.723816 106.29967
51.665833 63.593838 66.31179
61.192726 81.743965 86.27407
60.0798 77.35927 82.56831
104.03494 122.625046 126.40786
52.49659 71.81419 74.57977
115.068146 133.21666 136.85812
42.678814 60.324524 65.49369
24.444494 38.141 41.789165
55.73837 76.96034 83.89336
27.645294 34.91944 33.7142
23.409403 33.19258 36.28823
30.201805 54.395267 62.08424
59.88445 82.075066 89.18576
35.78828 51.43961 54.916546
41.867443 60.273384 66.62824
25.63614 41.558796 47.032906
37.869576 50.738247 54.802586
62.010822 87.65094 94.88452
50.00567 59.266685 61.31265
28.159306 47.980198 53.86354
24.496294 40.745876 41.019386
24.877502 41.036957 43.35343
48.642963 68.46236 75.74009
36.260895 61.0745 67.91701
25.626766 25.763718 20.391907
49.480686 78.23604 91.250175
110.904816 126.845924 130.892
45.90192 74.62058 87.98108
111.389404 127.747696 131.86826
45.662937 58.676727 57.64095
59.124043 68.89512 66.77729
47.123627 62.93522 56.595627
51.75432 60.44891 54.878975
53.488297 62.8204 60.080215
61.09614 71.548416 69.03038
46.57644 55.495216 47.522747
87.67533 92.39959 74.21226
96.428764 113.258415 117.66259
88.78843 100.6198 104.52064
95.81164 111.67582 115.72694
31.711573 40.051285 36.3098
35.388203 54.619724 53.084045
58.74298 75.32388 79.4561
34.37625 43.83375 41.902042
56.626274 63.50579 61.205513
70.80528 82.22747 81.11499
60.80742 53.698273 40.852352
81.4321 63.30504 47.074768
56.928394 62.17918 58.534134
70.61764 75.55247 72.099304
47.38337 59.964222 55.893158
57.226616 63.446014 60.74431
53.41306 57.6596 54.642227
41.413944 56.538944 69.97446
49.035187 69.35652 84.47259
42.49907 57.29628 60.481472
49.906776 43.884373 21.634865
60.913082 53.67312 29.380547
80.28217 67.72686 41.690544
55.682323 49.795322 26.583406
73.91264 87.44238 92.04483
46.094303 36.211304 16.856964
43.438923 33.445305 13.546108
56.308083 47.628017 24.299715
61.351295 55.450016 31.423782
63.82965 57.02785 31.987436
81.75903 65.69823 38.79618
56.663525 45.42852 21.557274
83.123795 91.705635 88.86202
82.73513 67.52697 40.44994
73.628334 79.4455 73.1676
47.38793 60.292255 62.531727
49.872864 37.571236 15.253435
91.11207 100.25196 97.4905
50.37733 39.539017 16.227179
67.72404 63.595726 39.17506
47.932983 61.25567 64.970894
46.385796 60.389183 64.852844
65.10971 57.45534 33.860767
83.83802 68.07739 41.452713
47.458874 60.570892 64.64049
57.795788 66.891785 69.41159
83.73444 95.4587 95.94577
53.2754 42.50216 17.423218
65.176506 56.33483 30.957083
47.353233 42.647896 21.199574
47.8046 44.206787 24.0771
77.33885 77.96197 54.370876
99.645096 98.380646 70.678375
125.71861 117.96155 95.87679
71.797165 81.93914 76.533714
1.5757754 1.3017275 0.589468
3.7577298 3.7575824 3.7575579
144.42883 139.71533 117.705536
131.88364 128.48851 111.46528
5.238565 5.238565 5.238565
0.26467413 0.2645269 0.26450235
1.5950629 1.5950629 1.5950629
0.2640852 0.2640852 0.2640852
1.7388349 1.7388349 1.7388349
0.2640852 0.2640852 0.2640852
2.5651991 2.5651991 2.5651991
0.2640852 0.2640852 0.2640852
2.020269 2.0201952 2.0201461
7.2134867 7.2134867 7.2134867
20.86975 20.86975 20.86975
23.562328 23.562328 23.562328
23.815813 23.815739 23.81569
18.371958 18.371958 18.371958
14.720259 14.720259 14.720259
18.73567 18.73567 18.73567
20.407219 20.407072 20.407097
15.613123 15.613123 15.613123
22.020514 22.020514 22.020514
23.897158 23.897036 23.89706
22.638496 22.638496 22.638496
19.127945 19.127945 19.127945
15.570991 15.570991 15.570991
16.630594 16.630472 16.630497
19.56937 19.56937 19.56937
17.284477 17.284477 17.284477
19.416273 19.416273 19.416273
16.376669 16.376547 16.37657
15.540391 15.540391 15.540391
14.727326 14.727326 14.727326
20.198616 20.19847 20.198494
18.02211 18.02211 18.02211
16.36781 16.36781 16.36781
14.375687 14.269165 14.25
9.666789 11.038599 11.771962
14.518404 15.866068 16.775324
10.666887 10.666887 10.666887
13.879245 13.879245 13.879245
17.686985 17.686886 17.686863
17.313162 17.313162 17.313162
19.367222 18.080315 17.733583
29.185734 27.808844 27.428986
