0.0012401694 0.0012401694 0.0012401694
0.00892317 0.00862069 0.0064730793
33.559376 47.36228 45.6265
5.4062915 5.874108 7.4965215
14.529341 17.224592 24.549667
0.002722323 0.002631579 0.0021173623
0.002722323 0.002631579 0.0021173623
75.779854 119.183876 125.174286
115.55082 95.308075 84.28503
121.77408 120.82934 89.018
124.2458 127.94256 95.95481
134.44589 105.37018 69.0519
63.214336 75.193016 58.93055
143.92749 154.52454 150.64183
97.95432 128.1245 110.896095
40.46455 44.529007 29.008228
37.77063 44.390198 31.959528
31.255081 37.473896 28.24386
52.777527 60.22314 47.206985
33.032787 42.621296 33.958317
32.05139 41.821293 33.95215
44.350845 56.274895 45.67087
37.782486 43.178402 32.829853
48.263126 58.213825 46.14897
58.770992 68.70886 51.910072
47.199516 55.276768 42.684513
46.809135 56.202934 43.639473
43.09634 44.912857 33.20859
119.24628 110.02876 85.8951
118.29976 109.19328 83.35871
132.66331 124.91745 99.247765
124.05629 125.4533 103.51461
106.98932 98.760765 77.01065
121.84461 114.387115 87.11056
84.971596 73.950424 56.66818
95.882454 90.13088 69.689896
122.95626 118.7056 96.43152
56.750816 69.030396 65.90157
18.58542 25.387266 23.67426
99.68996 127.0902 124.0967
33.932213 35.777737 31.433998
15.706594 127.541504 25.660254
41.369812 43.48569 38.639294
39.175137 44.803448 39.74277
64.72771 95.567604 92.048035
67.88037 92.718636 91.017456
58.0108 95.434456 99.19567
62.38654 83.10006 78.57777
27.02816 27.533455 18.26222
80.00405 81.534874 64.16842
34.005596 33.158802 23.29392
51.902935 53.987236 39.541348
8.846305 12.20542 12.703913
29.558077 35.993042 30.7415
42.486935 45.122475 39.155567
23.83043 42.928886 36.609196
35.324078 23.579039 10.481034
19.37547 14.02686 9.502178
20.917908 28.74522 25.410618
30.296673 34.65856 31.193829
32.53654 40.294617 36.980125
17.697882 21.761282 17.413763
23.711857 16.373684 8.777526
34.57789 22.292196 10.257592
23.171658 15.516485 9.511101
20.13796 13.432396 7.797338
21.883545 13.276195 6.1145797
16.983395 11.853388 7.0358744
32.427917 22.239685 12.242227
93.37027 104.01019 82.87483
43.549305 26.944887 8.162281
42.569874 26.32063 8.173836
46.743435 33.49994 12.017877
22.66222 22.28155 14.174712
16.849304 12.543527 7.884483
56.673866 31.931458 14.07562
51.479733 27.509256 17.26966
20.788174 15.746098 7.9440713
91.30817 61.43167 26.204235
17.814943 13.489625 7.4059587
22.676315 14.308651 7.4021173
23.5379 19.797731 8.839625
48.706776 57.28866 51.878494
122.52054 121.759224 101.54041
104.33717 105.51924 86.17262
22.46588 33.890625 41.584423
48.707016 79.96793 101.67616
23.39507 35.987476 37.379765
21.180187 44.171204 54.765274
24.35617 36.692497 40.98509
24.861979 34.548035 33.563763
48.972897 60.21346 61.049305
65.010765 64.845764 51.11497
89.503235 94.64743 67.599396
89.835754 83.60075 67.63972
125.02453 127.40829 99.05669
117.82595 119.14014 89.54026
123.07447 122.96827 93.00094
83.52931 66.70239 50.854507
103.799065 100.70768 75.00548
66.112495 67.683784 40.550274
133.0505 142.38986 82.66739
85.986694 80.89032 44.04997
65.59138 57.394043 35.900032
89.26956 83.76763 53.400772
110.328705 109.35172 73.147125
131.69214 124.93361 74.00012
109.61213 104.21068 54.689384
110.21642 104.47843 61.80838
128.98457 120.588234 60.201935
98.72387 90.2595 53.019993
117.768936 108.12051 59.585785
114.234634 110.6951 59.499092
91.70372 84.6143 44.217484
49.291016 138.26776 117.849754
131.60365 138.1653 88.46516
82.15242 86.00372 56.616726
105.083275 93.41751 59.482334
97.82789 98.960075 60.121567
101.76101 102.46479 53.66086
113.05348 109.48203 60.367817
133.18576 120.90233 74.94026
106.183365 107.5147 61.60239
110.81286 111.444405 72.2526
117.07738 113.36419 68.673355
98.14652 94.92574 47.223656
94.67562 86.21724 55.89891
98.433365 92.60055 56.483788
128.28433 120.41307 71.03028
112.68651 96.72472 56.026165
24.473835 28.239777 28.68288
27.01573 39.0657 39.775196
21.832245 28.605566 28.82925
64.46237 82.52528 79.894585
42.384182 60.845493 59.502632
50.651302 62.573593 59.013218
108.38615 107.10151 94.81319
119.52023 123.496826 111.15245
101.89625 106.421745 96.57181
109.70711 129.5219 121.21782
38.668846 45.897823 39.18179
81.56745 97.23179 94.08321
69.23893 80.581245 77.80596
78.794525 94.26555 89.448395
128.868 148.22668 148.96555
104.40865 117.65632 109.147
120.57916 133.73457 129.53618
145.27808 158.27586 150.9136
129.23418 138.04195 133.35854
98.24138 107.47877 105.908775
123.941925 133.58003 132.38927
116.72492 124.49909 123.93808
91.97169 100.25702 99.902664
119.75372 124.40145 122.855865
125.40299 131.30022 128.27217
123.14794 125.60922 121.365486
100.19265 107.14392 106.284546
118.01672 126.53609 122.90611
109.20968 114.67665 110.34268
117.66763 124.54325 121.805565
79.26718 92.49994 92.28088
91.02429 117.67519 128.67586
64.61028 76.77586 77.49449
36.05511 43.664608 44.634182
55.471024 63.623714 58.900936
81.9402 95.455505 92.560196
35.96095 36.891953 28.205324
39.916 43.1183 37.300213
27.222233 27.506927 24.423805
38.536118 36.561314 31.843678
50.728855 52.873898 43.895794
35.61352 33.2503 26.80478
34.1137 31.098307 25.640985
42.210255 43.037083 34.781548
31.628433 28.621386 23.876467
40.270176 39.87544 32.148186
37.926044 38.961525 31.975801
42.98418 43.729248 34.83046
31.50971 28.373472 23.500998
34.7572 32.45723 26.98303
61.42459 67.04591 54.644585
19.046127 28.08539 26.75744
16.844343 23.660738 22.54011
15.108167 25.341864 25.14401
20.767483 38.134575 39.294888
0.006382335 0.005626134 0.0042347247
107.59858 129.58 121.79089
122.417725 153.27928 144.52795
108.617966 131.81639 126.816574
116.881065 134.00218 122.36507
88.678734 103.52317 99.89383
108.656715 131.55006 125.317154
100.572655 115.641655 105.1915
85.751 86.96745 75.608406
87.23984 91.772896 80.12326
137.1826 145.89035 135.39934
104.65402 127.0618 121.29767
76.10178 101.39268 92.53227
76.4925 108.560074 101.026375
71.69305 99.05717 88.77928
48.148457 69.21446 63.744404
43.392406 52.119965 43.845795
48.67683 65.91951 61.170326
35.895763 41.080643 29.012856
91.4987 122.63339 111.86951
116.69855 129.68167 119.55427
66.605896 62.23288 43.285934
93.16815 92.523506 73.1755
51.31514 49.15071 38.839638
45.53745 40.23318 29.99035
11.402026 9.653146 8.2711735
68.840324 59.984604 42.291107
51.61724 42.242256 27.729673
28.41219 22.780037 16.240532
39.466877 32.327164 23.633575
45.502693 37.239956 25.812342
103.03034 104.95814 74.145584
66.7435 69.2464 55.14994
70.416725 72.34595 56.962975
105.99915 104.34492 83.143166
106.64677 109.42293 80.04089
85.41467 88.26694 57.22193
103.06788 103.17895 83.48128
102.237114 100.53373 76.53609
109.78899 110.78361 88.99032
80.4778 74.12949 54.460316
162.61131 160.98581 120.4693
85.393105 88.78324 76.34371
118.20983 119.98394 92.02377
175.18536 181.58478 166.87184
123.9124 127.23028 121.14954
127.64694 134.5009 125.51549
137.99243 144.96004 134.63956
137.02338 143.13252 132.54237
143.83818 150.06343 140.80179
146.22758 152.44392 139.65485
137.04492 144.30902 137.04018
147.00172 156.46739 147.86905
102.292404 111.89822 108.592865
156.32846 160.40768 153.25983
157.6307 160.0409 156.76604
157.69029 170.32822 163.3925
186.42792 188.83766 186.47247
94.987595 96.9804 96.0693
127.54235 126.5644 119.489265
109.12637 106.546616 100.28318
146.6261 147.53242 140.15768
153.91008 160.81247 152.9238
164.85033 169.7056 166.56772
137.31377 138.98984 136.54698
191.28827 193.18056 188.72511
156.11488 154.74344 148.47145
169.36966 168.347 163.07326
75.356445 74.21682 74.83206
75.141014 64.4958 44.013096
65.72638 51.209045 20.441288
66.415695 50.447853 24.421719
53.044765 42.299397 24.090864
28.005747 21.540623 12.888748
53.034 43.544132 23.029734
58.63754 47.9647 24.884302
36.415882 28.346067 15.0133095
52.87828 41.584908 23.993284
48.626648 37.919903 21.375319
36.8631 27.889414 15.389807
36.026226 28.155293 14.554931
50.72332 41.733032 16.312431
70.162735 52.7925 20.822172
56.573532 53.447098 34.356926
70.75614 65.7892 46.80106
51.965214 44.694584 30.155535
50.647007 43.01966 31.607925
51.872353 42.731277 27.232607
58.513218 49.961735 31.474712
62.657593 76.88233 53.039474
54.68666 75.91969 54.607895
40.46809 42.48264 29.523987
42.443256 56.397884 40.92798
34.045704 27.742468 11.117211
26.588507 19.313036 11.127829
33.109406 26.98902 14.368905
37.453568 23.997248 11.347822
31.99268 23.502964 9.0088625
31.827707 21.022354 6.3181186
43.354084 24.566788 9.119571
81.474075 56.519993 8.682094
53.47683 39.0755 21.42937
37.8967 28.79268 12.13775
30.123865 24.353207 10.394526
40.12063 30.882275 11.43052
37.55508 27.124834 11.179643
43.59658 32.627193 11.913733
36.5827 26.817635 11.516788
45.20502 34.132637 10.260406
29.220024 22.623684 10.930006
41.840168 31.99879 14.489746
26.153902 17.864338 8.546219
33.471294 24.652117 9.788203
47.486538 34.520023 12.452571
25.33899 20.005838 8.5477915
47.477737 35.453056 17.087992
124.96782 118.35103 72.71379
127.78031 121.59958 84.39543
143.83847 145.51936 122.75266
59.61818 61.081944 49.808437
111.357895 106.17136 81.46576
78.54108 70.421715 52.621204
59.565334 52.584816 34.51089
58.152206 53.414276 40.60853
49.709892 45.34864 34.14413
36.31585 32.698578 26.867483
37.49262 35.36594 28.203661
68.64577 64.47568 53.15136
46.308743 37.646038 29.956413
55.49885 46.061768 34.26231
54.3637 48.869297 38.959045
54.53642 49.59286 41.03539
54.925137 51.63061 41.63152
43.112823 40.825016 33.899242
48.22205 43.213703 34.11373
53.213097 46.985603 36.911674
52.903538 46.621597 36.267483
45.908016 39.303295 27.583485
41.514187 44.537537 36.954414
47.821175 44.546036 34.802902
71.11301 67.51851 55.782185
75.17287 72.83751 60.116486
72.60723 70.30363 57.39737
91.20557 84.16292 65.69305
73.792076 71.33055 58.24177
61.823322 58.42937 48.266575
119.824104 96.62229 60.325558
98.06993 88.30136 65.00451
141.16542 160.22447 139.37332
80.588684 85.07783 72.50009
102.30923 92.72695 70.92293
97.30566 88.88551 70.15109
99.41534 93.90801 76.05641
107.538445 101.09196 84.103355
86.97892 78.216576 62.249214
91.938446 91.23636 73.33209
123.040955 118.1108 105.81246
125.252754 121.88436 99.60493
125.43954 120.30817 97.03557
93.597305 88.00551 69.30333
96.77257 91.801056 72.529976
123.933784 123.67187 107.84961
82.054535 82.70808 71.82858
134.89476 131.97003 82.411736
115.097824 113.07105 78.22335
80.64395 75.41869 57.327705
69.907745 63.030006 49.756443
48.157715 46.924442 37.962734
17.71972 15.80602 13.673018
53.097157 51.09147 42.63506
29.609528 27.834211 22.910889
26.753115 29.23654 29.194675
55.61337 52.9915 47.471626
57.332577 58.33309 52.523926
48.19032 54.611343 38.67526
46.304115 40.655293 32.527313
16.548275 16.738445 15.314368
57.291046 54.659286 44.078373
61.24144 59.698547 50.787113
51.412037 56.29401 48.07072
160.63678 165.07156 140.47359
111.69682 113.59967 87.711464
70.73076 65.08451 51.37444
100.47632 100.82544 79.05472
109.2284 109.31751 81.60472
94.11225 93.20538 75.14843
87.61984 90.129005 74.53866
158.19455 160.7124 135.48935
154.36082 119.47284 59.763157
137.55496 101.35058 48.145493
124.92798 72.74643 29.73161
184.9389 145.3373 63.189533
83.489685 50.151634 14.065366
131.12761 80.51506 22.465609
195.20988 135.51543 36.451332
161.10811 158.69107 136.42317
117.097946 113.62719 87.36697
24.729612 28.044918 30.023382
127.07308 121.32586 78.42668
159.45547 151.57314 107.45729
185.34422 170.98766 121.730736
168.21277 151.85387 84.89513
71.69368 62.751816 46.853054
77.71446 69.22039 58.14794
52.667725 45.29776 36.99628
86.089386 65.6288 54.172775
79.110886 64.821236 48.42184
86.05088 71.56452 55.547882
61.81458 50.7791 37.578857
68.80829 55.786327 41.282486
102.060104 87.8392 70.87532
106.58291 91.78294 73.42949
64.374985 49.517483 38.76706
83.695946 65.47323 48.24782
87.98833 75.417725 53.12647
67.16679 51.476284 39.36334
91.566696 78.17804 54.322594
96.653145 83.04631 57.287052
79.033394 61.175407 45.239323
11.39749 14.938566 15.461192
12.76458 13.587689 13.416697
29.511736 28.187658 22.540411
23.750786 19.00853 14.618814
20.378977 18.436298 14.14023
31.404387 32.18509 23.081217
64.277435 73.1666 52.215034
33.29598 29.98055 15.025469
29.815638 26.21942 14.894676
14.252269 13.945887 10.355778
17.715063 16.126286 11.1730795
64.36984 73.36521 66.81818
14.03666 8.784785 3.3859346
17.592407 11.297822 3.8761947
19.621325 20.341742 17.420538
33.860226 37.33279 34.383907
10.37075 9.430006 6.9344525
32.35738 28.93533 20.030218
30.376255 19.170872 8.068572
11.798639 10.857532 7.438264
43.705536 29.980701 8.129008
22.417513 23.1611 20.555777
60.489384 38.041622 8.803267
24.67822 20.310556 13.413097
29.283455 22.264156 14.641682
14.90611 15.900665 14.777556
21.344524 15.6582575 9.995826
26.736418 29.742348 27.347036
91.06397 66.63137 32.315426
73.3938 42.909225 20.195433
87.65106 60.14229 29.601875
60.66794 43.23899 20.007895
25.389626 20.9487 14.537538
107.56171 100.35962 57.26219
20.533787 17.11473 13.596038
7.611615 10.1868725 10.479008
18.972868 20.529068 19.927555
32.81234 41.534 41.13173
17.030096 19.02562 18.31352
33.57574 27.820086 16.930822
67.97178 56.70614 20.276196
77.26198 65.74413 27.768513
80.41836 70.63847 35.155262
81.02759 70.79776 35.37671
56.26207 50.073414 32.922745
45.44359 39.86624 27.14395
54.29398 41.40118 27.962341
52.569237 42.35871 29.403206
39.347942 33.148033 22.848549
44.699394 38.21833 28.786903
43.658894 37.086086 25.998638
58.928253 52.517727 37.267998
42.62429 27.964096 9.596521
27.789291 17.069813 6.746612
34.426586 21.456322 8.052995
33.666153 28.102238 18.425438
22.980852 19.520658 11.278796
34.18944 27.763794 14.752541
35.886932 33.37895 20.540987
28.076769 27.592922 17.447973
62.063885 54.933636 33.59404
53.22305 45.02886 28.756231
32.8209 31.592196 18.992891
108.52429 111.26869 88.067635
88.87991 96.71368 75.073364
124.79111 124.60251 105.64271
126.7409 124.64746 108.10905
78.35445 68.66999 52.82223
109.899666 112.80339 88.37979
115.88787 107.88975 85.7974
118.217995 114.84111 92.69534
117.37916 113.27865 93.42641
129.46866 137.21207 119.254745
111.33397 107.59461 90.20106
109.64377 104.7644 86.26316
109.32798 98.13651 77.893585
114.19077 104.358315 81.56277
119.25711 114.950935 98.07008
109.41854 107.67163 91.79574
99.51013 93.07075 73.89688
131.63521 134.7403 106.7137
131.4451 122.94785 99.56537
119.38844 110.3693 88.95106
127.81443 129.01256 108.42792
126.77928 129.51456 106.405716
131.45468 119.71887 101.258835
123.7765 120.93872 103.74991
95.118515 81.58318 66.036446
116.52012 105.8542 83.94159
131.64124 128.0739 107.79916
98.2177 95.03285 80.74008
131.37816 120.756714 102.784874
115.93597 107.39241 89.55892
192.23636 189.39287 163.85703
126.407135 149.24208 136.46358
49.798275 74.44534 66.85121
27.995493 41.386116 37.617935
30.027193 40.900482 36.751877
66.50753 91.519966 77.50859
49.170387 66.58112 58.169872
72.657684 99.04819 81.971565
43.99168 61.880005 57.707806
58.160496 80.51915 71.261765
37.217484 43.836056 38.241623
63.71473 84.53227 76.12628
39.474834 45.542255 37.617302
42.100483 51.53548 43.400635
68.541016 82.88733 71.16851
41.039623 53.563915 49.780247
48.919086 75.81648 72.61513
33.202026 35.204414 24.894222
26.122988 33.24528 30.042892
32.424652 37.17205 34.509254
26.579704 30.083757 26.82305
29.943285 33.32323 28.840048
27.099154 30.830036 26.510588
27.076712 34.755726 29.808899
34.796066 43.92196 37.951756
23.885693 25.654568 22.572445
30.699093 35.71582 30.359709
36.070084 46.07214 41.696278
29.89752 35.451996 30.228523
30.855808 41.227737 34.393135
53.847763 72.61131 60.81969
47.3039 64.71887 49.47335
48.54283 54.22332 43.471565
82.57801 98.07145 87.35905
34.499847 46.37199 40.829037
26.058954 38.050274 31.278887
66.89286 86.523926 67.709496
23.339716 37.550846 30.49879
15.503478 21.03769 17.989231
8.090744 11.305959 9.609589
9.094797 13.469722 10.7746525
10.672504 14.970085 13.026588
8.756382 12.392498 11.445523
46.036995 69.41615 69.892166
113.659706 111.04764 87.37828
126.83657 116.48944 86.569756
157.39127 165.90932 141.59323
107.38624 94.98197 76.90726
118.40935 110.60696 88.32507
63.946884 81.55427 70.04613
10.057411 19.167454 20.011797
30.165487 22.41936 14.1809435
55.129673 56.39044 41.628555
39.09785 26.736147 12.924077
56.72789 53.811222 36.264427
47.166092 41.123352 28.889807
38.796944 34.201572 22.816607
52.94368 33.516483 12.749213
45.830067 30.851755 11.367454
47.01685 41.925922 30.57544
30.107079 23.203842 13.332547
44.53793 30.855717 12.59144
39.703297 31.65251 20.145615
35.57931 29.162825 19.075771
41.006382 27.02692 12.484452
41.791622 26.342407 12.982547
43.642498 28.011131 13.619692
42.93905 30.851633 18.255445
43.427406 28.896763 13.100453
48.165455 41.06313 29.839201
146.27438 130.27864 75.56791
161.62015 170.24576 153.17213
129.75182 92.85968 65.04574
129.59795 116.85154 87.39985
130.48923 116.947945 86.09132
112.55995 99.408066 68.347176
130.24582 123.21624 91.9079
142.66458 119.27317 84.01452
86.658195 76.40484 57.179977
98.671265 86.47021 50.829975
99.7627 87.8605 64.36912
94.35517 81.852 58.04746
103.92598 87.972534 60.01712
128.7803 116.00487 78.405716
88.96222 82.99988 64.93999
84.55064 70.30333 51.206505
124.55193 113.05272 77.07834
129.15288 119.14616 86.67544
154.73494 145.2581 105.22529
121.98137 113.67117 79.01319
130.70523 123.02562 86.35072
153.26108 146.55066 114.187386
87.37257 74.23748 50.574593
132.81294 119.45055 88.62474
140.45674 70.33642 42.348156
125.80929 74.860435 57.222748
118.43506 69.39014 51.137356
116.396034 105.66506 73.60705
161.0562 156.52454 129.63657
51.358803 54.316605 47.832
60.228825 61.19637 52.56966
136.92229 132.01102 111.950966
112.19528 107.098366 87.75163
143.4907 142.74915 113.71168
161.88158 151.15855 123.36165
96.538475 88.12538 63.452057
71.66821 70.53188 60.977013
124.011795 105.35169 71.04625
139.0147 127.34946 83.77979
94.32983 78.08896 39.216396
116.53037 105.91044 64.0519
83.0196 76.63288 49.172657
80.730644 69.83004 40.098156
91.78829 87.45862 56.944073
144.46869 126.63905 93.18291
153.48042 130.63428 97.79331
51.452026 44.4647 27.469782
54.11585 43.290047 25.202843
71.75608 59.192467 35.82538
85.393524 75.08717 43.708138
70.94129 65.60227 39.94746
112.98757 101.896 61.593952
144.9608 114.43957 79.06192
78.17638 68.492714 40.7072
92.33636 82.7637 57.565426
77.48699 64.18666 39.502754
70.0905 54.201603 31.085844
70.936905 60.145523 27.876194
75.360016 62.754025 41.017544
128.90889 119.68427 86.56467
84.26346 69.22441 36.74746
153.24855 143.29047 98.11485
73.78161 57.120327 32.962673
127.980675 113.64443 66.43224
95.81582 87.56896 59.253418
0.2552329 0.2168784 0.16748336
134.31346 141.44476 130.6983
86.48185 108.70024 97.08058
73.81201 108.52332 100.63439
63.34528 85.65239 76.49888
63.590775 83.99934 72.188416
63.011646 83.58857 71.068634
55.02078 74.95015 67.35317
61.807865 81.079796 70.37084
108.03905 120.91806 111.65009
42.682667 59.366394 64.01144
49.182034 63.37293 67.58705
65.137596 114.38412 122.8314
60.262554 131.44402 137.73346
102.71727 109.085846 108.16255
88.23602 139.91849 138.10342
134.92398 127.55324 96.362526
154.51146 140.35931 106.75097
117.66688 110.38194 80.76095
163.97813 161.06543 133.1911
177.42203 168.68385 138.25278
118.16766 106.750725 75.61939
122.87408 102.92117 68.60227
34.54283 30.960043 24.485601
14.135511 14.164822 13.8609495
12.935148 12.917635 12.799486
19.066576 19.153599 18.78648
18.570175 18.537931 18.242437
15.411404 15.361403 15.179159
18.770084 18.737053 18.48769
17.11467 17.120811 16.895311
18.564579 18.58554 18.285149
17.915154 17.997066 17.717121
18.530188 18.56104 18.292166
18.90484 18.86473 18.657259
13.635329 13.592014 13.4304905
14.152904 14.113823 13.985118
15.418391 15.414579 15.235784
16.535238 16.576256 16.283274
20.749908 20.815699 20.41573
17.015427 17.068512 16.715698
19.538868 19.512583 19.251816
16.525288 16.504446 16.333666
13.006322 12.986146 12.858953
16.267029 16.218693 16.028555
17.307531 17.312796 16.998125
15.158167 15.239867 14.938173
15.853236 15.893194 15.604175
19.18775 19.183968 18.882032
16.974834 16.946854 16.711584
16.990562 16.9745 16.799667
15.231337 15.225226 15.029613
13.827496 13.803176 13.655233
18.548458 18.667967 18.332365
26.944374 27.186872 26.657955
24.72571 24.722021 24.36948
