1.9837334E-4 1.9837334E-4 1.9837334E-4
0.0019837334 0.0016861734 0.0016117834
3.8795874 3.3997967 2.8529806
10.876041 26.597425 55.949562
15.679181 32.079597 74.64253
211.02998 205.98343 194.00789
1.2926998 1.2924271 1.2608609
0.57791114 0.46605337 0.45915988
3.9374628 6.0168123 6.4588623
8.852063 11.675659 10.2680025
22.76039 24.43166 23.570944
23.664997 41.674 51.48408
24.982172 36.169388 51.44515
7.9463897 34.981155 66.637794
6.586937 26.234825 50.344524
5.8335896 4.2232194 4.3622794
7.7930717 24.248363 29.24147
33.451523 31.684685 38.080414
15.402574 11.240528 13.5334015
36.754017 41.316605 51.55614
21.889952 23.29022 22.839516
28.027351 12.988519 7.3784466
13.2100525 13.1176605 14.818662
19.478228 24.350079 22.074986
7.186223 9.017804 12.374306
16.5 21.619347 23.3719
49.10204 46.453083 40.322704
29.418245 44.857468 56.05371
19.549667 24.732841 29.801477
25.502876 36.092937 38.30889
6.953035 14.55371 23.876835
43.68786 52.178066 55.366024
46.177395 47.337112 32.366917
4.2551575 9.059363 12.962978
14.616917 36.217094 60.207645
101.58775 83.47813 75.57823
56.304874 57.26074 57.710724
94.86974 95.94835 99.79776
32.65265 34.52264 32.693115
33.61079 34.926353 35.591824
44.73847 40.086937 38.358955
29.645134 31.893324 30.711987
41.501812 43.61927 44.287815
30.05713 33.31033 34.383778
32.338203 35.82583 36.89179
57.003845 56.850227 56.755432
56.876587 55.23217 54.913113
9.276681 14.74581 16.362429
10.499851 14.679727 15.840185
11.64568 14.853204 16.330217
42.25843 31.548626 28.499107
39.230038 35.048824 32.734577
41.005333 34.671173 32.250126
11.333242 13.728229 16.131174
41.839516 35.232716 33.15148
9.509794 12.476592 13.961863
17.978525 33.876614 45.304974
24.64449 28.470095 37.657608
25.787468 31.353376 42.770878
51.576447 53.28293 53.03868
35.398853 41.047337 41.93838
42.676254 41.997692 40.890747
55.679058 55.125248 54.01949
4.8432107 5.355262 5.9087977
54.538334 54.04186 53.01436
69.64759 70.48921 71.20351
60.007637 59.191753 54.734898
62.205166 65.18573 67.133606
34.528812 36.509647 36.991543
73.21045 73.85459 75.74482
88.81799 91.81861 95.351715
69.07677 77.67742 81.66594
81.10705 90.115105 102.71323
31.465805 37.78127 40.78858
45.905376 50.021053 52.639507
25.055717 36.54818 44.136703
81.24472 89.546295 95.66152
78.968605 82.90545 83.406166
82.00268 85.22007 85.48088
36.709457 45.53137 48.059513
61.33555 67.6102 67.42157
41.147068 41.456852 34.722923
41.264877 37.86828 30.718954
53.96015 46.7259 37.826077
52.75568 47.398853 39.3994
25.513166 27.501389 25.257265
16.987553 28.823002 30.16341
21.777227 26.04756 26.338573
89.66237 75.446144 65.75327
47.628918 47.01882 39.454994
36.006447 38.97699 39.475426
27.42623 29.259521 27.67546
30.503199 38.66904 38.727783
38.711937 44.85365 41.785683
23.643076 25.741793 21.51572
29.428858 31.729668 26.693117
19.415394 21.844673 18.851542
29.786972 31.605734 27.821192
21.821762 26.134224 23.740107
54.176033 54.559513 48.47969
3.7333367 11.196662 9.495934
4.921171 11.241669 13.969699
46.636284 48.278416 46.342144
24.617958 30.914303 30.398037
28.264753 33.930695 32.607693
74.52341 73.30389 69.27061
6.5683894 9.085697 7.0435925
92.65721 91.95668 83.91321
147.8234 135.6225 90.94331
137.74924 128.43753 121.73785
134.63817 127.03761 111.419464
183.95497 171.74414 155.86398
126.26339 117.45249 99.70494
107.29679 103.70792 88.51976
126.897415 122.69089 108.27264
104.79449 96.25372 78.47796
121.68694 117.472275 102.96918
124.3811 120.15307 105.80453
126.35683 118.83198 101.56232
106.78987 98.735466 80.33991
98.636925 87.3293 71.07424
73.77485 66.95663 62.399426
70.25129 63.271797 57.609924
45.77316 45.47699 41.199043
23.582598 21.536352 15.012448
29.894365 34.81219 33.093014
22.815811 22.902401 17.993925
55.394688 50.2896 39.373016
18.685825 21.128843 20.725178
80.1127 66.145805 61.71511
52.86942 54.60365 50.123215
38.112972 37.405426 31.252653
33.97979 35.440884 32.67762
40.43109 34.545948 25.558495
13.601493 15.405028 11.901284
13.146325 13.922634 11.400664
15.058074 15.668915 12.46578
10.03908 12.880777 10.221881
30.185379 28.31705 26.10804
15.258381 19.133902 21.079895
23.18166 21.481453 18.68161
15.763043 19.346855 20.702515
29.81901 27.22007 23.117065
21.653963 20.05542 17.310776
32.05552 33.09973 31.888588
13.230708 12.636506 9.464268
27.119545 27.293419 21.331408
36.79766 32.593113 25.878447
18.384249 19.03308 15.962036
37.550636 29.92018 23.986387
26.130604 29.596706 25.177767
22.812786 26.51701 24.359379
19.657509 19.287691 14.629066
38.362774 36.54414 28.508059
36.07382 33.575333 25.520357
18.955044 27.773905 24.119892
16.837582 16.709284 13.473641
29.521772 27.14883 24.265993
30.302097 33.39583 34.51183
18.496504 18.628422 16.09388
31.108759 30.78489 29.1342
26.088549 25.95787 23.06782
11.6135435 20.443142 19.074589
17.643745 18.728128 18.128744
22.79317 23.174568 21.050287
8.845244 12.72508 12.832251
12.139358 18.649326 17.469301
11.559388 8.519118 4.738767
20.0944 17.453953 15.261952
47.52507 39.883778 30.51515
12.93176 17.186792 15.745958
15.112105 22.365925 21.962507
8.6649475 14.93719 11.383802
9.770804 16.495834 16.517803
13.88472 20.54213 20.456755
27.395855 29.481974 26.374603
42.051975 41.301155 33.654037
32.76334 34.76659 27.794956
38.09812 32.575703 24.106602
34.350403 29.716772 23.134918
30.136555 20.422039 13.60241
28.652079 25.03965 19.222797
29.329771 27.317398 17.25367
4.3510466 6.9672933 7.0466423
4.887324 6.8305645 6.900466
5.9788237 7.166807 6.942174
11.315463 32.95894 53.23683
3.1110642 5.2206903 13.968136
23.626364 27.528988 30.501934
31.62495 41.083515 50.793644
45.86419 57.829597 73.79012
52.838276 63.24918 80.42442
37.578457 45.96635 55.55877
35.003746 47.16279 56.172783
49.16356 67.32895 88.63785
69.1704 99.78774 115.44361
18.14883 42.035656 59.076893
55.908997 64.38591 75.39962
55.614536 64.11498 75.36751
46.095592 53.63353 63.40374
40.279556 35.24055 33.88006
22.427395 21.321167 21.672758
18.762249 27.44825 32.253597
72.497246 78.98641 79.45016
50.313183 54.437786 45.414154
27.249207 69.62334 88.64268
13.670874 12.662964 13.769614
44.020855 89.31167 108.3629
48.7224 67.65674 83.416435
24.341177 34.022144 42.390747
14.919312 20.706358 25.208342
30.081259 40.026707 45.340805
31.364511 43.423874 49.493206
23.61233 23.714888 25.01882
32.65272 46.927345 53.45571
27.427395 35.606228 43.02311
24.598343 37.167873 44.88834
23.559387 28.304577 37.832497
50.52993 60.428238 68.09651
32.243973 45.64186 56.66487
28.391737 61.835922 91.68853
31.392754 62.488594 91.712234
45.789326 73.43206 99.10338
58.64025 59.339317 70.07501
48.2864 61.425884 72.641785
27.842888 44.410706 54.112278
50.077515 74.00404 90.29208
32.23061 35.57707 38.016045
56.463474 75.45931 93.443016
12.253918 15.545427 18.591375
26.722921 50.53174 61.871033
39.114807 59.536003 70.90917
92.74796 129.8391 159.18423
26.01453 48.24633 59.472576
16.912592 18.546196 19.42442
42.58642 56.4024 73.82226
30.663162 41.097824 46.115005
27.214962 43.364883 53.551926
43.310654 72.016815 97.07466
44.913857 78.20874 107.89005
51.984898 83.51305 117.365875
31.668692 54.940117 75.45271
37.30857 42.290714 50.06115
49.68972 61.0612 74.48098
15.221261 31.526682 34.27931
38.5366 39.37036 37.90907
108.07533 98.88383 87.412865
39.05381 42.672832 43.5301
28.965582 43.902153 50.498734
39.283325 37.541607 33.14905
15.777722 15.001686 16.86905
72.72761 98.28834 119.105385
22.91946 25.814919 26.63529
19.452143 23.473839 25.077713
19.84393 19.575556 18.55418
30.864388 38.207424 39.32957
29.558544 37.392754 41.14868
31.313059 37.736908 38.46888
31.221632 35.695076 33.42281
33.647663 41.435555 38.97322
97.64456 83.35737 78.68746
34.060825 41.590485 49.56616
36.797165 43.365402 47.06861
1.6569381 4.6188254 4.93109
2.7950308 8.143176 9.387944
48.184437 53.456482 58.947407
117.879364 119.58957 122.46015
51.434116 54.632687 55.665146
40.216427 44.911972 42.622917
15.533178 33.677048 45.600403
10.766887 18.829027 25.011728
12.468012 42.861412 64.10918
6.1132464 9.5444355 15.463003
5.385241 11.625223 17.753323
4.7073994 14.187066 20.575457
10.007885 20.385191 24.386976
4.4702935 6.2905426 7.696712
7.1717415 14.985494 16.541336
41.210327 35.969254 32.07114
6.3890595 6.956358 7.6210823
17.291286 14.629612 10.299742
13.085821 13.597352 7.50853
12.350724 12.585821 11.000769
7.8110247 8.332573 4.487354
12.056785 13.217144 10.572282
9.843111 13.204969 10.683694
32.763737 25.753199 14.635017
41.476494 59.66691 61.993576
15.794659 36.05676 34.83319
13.867016 29.43863 39.19237
16.983809 35.23589 44.62314
31.920849 48.259846 58.00833
170.2078 174.2414 189.7557
23.183966 38.069157 49.338524
24.0883 36.055397 45.994816
22.936892 35.190117 44.862923
21.04094 32.663136 42.022095
100.88345 104.47858 112.939896
106.892334 112.32571 131.69328
93.807976 92.54903 100.21025
101.13782 99.82647 109.00736
70.974236 66.91953 66.31155
114.461914 112.51567 123.42975
124.03298 130.4944 148.73477
88.21261 94.34068 99.80292
91.93726 95.59237 107.700874
103.0459 106.84053 119.89228
104.89588 108.96499 122.01039
15.011432 20.493603 24.151236
15.756546 26.407509 31.523111
22.951597 26.868181 31.074936
36.932728 41.154606 46.05537
17.199986 18.181065 19.443266
16.064547 19.080242 22.628248
17.850178 21.950283 24.421022
14.234601 22.049023 27.972029
97.44708 101.56286 104.597725
61.8232 75.603455 72.638565
50.988567 80.52708 95.925735
17.585573 34.111584 34.17943
13.640101 38.71164 52.01448
22.440538 30.851864 29.504066
25.527748 36.385315 35.48465
74.59279 133.89531 177.76587
22.087482 29.23785 28.856503
32.246925 40.869396 37.97798
37.543816 35.923973 31.717243
84.80319 110.522514 128.40102
88.05673 116.42814 136.24655
11.667402 30.465408 39.194332
27.966797 35.23926 48.17276
11.699341 17.835772 40.59574
19.212954 24.508902 39.5611
13.977212 28.222475 40.073917
37.754738 46.501934 46.71345
8.150119 18.934858 16.529682
37.44686 49.16358 51.520283
6.4355536 12.884745 12.960424
29.019117 42.67271 37.635242
2.9835103 3.5277722 5.1425066
74.427124 66.266464 66.419685
39.762077 45.86528 53.736412
52.33882 66.3504 81.3269
42.3966 63.884026 83.61967
42.577587 64.48207 85.48128
44.722847 65.07853 85.16013
46.76059 59.132465 61.923973
122.49256 127.920105 152.76816
34.141193 49.311123 64.536224
36.162987 33.921097 47.66904
36.765373 86.36838 100.84661
35.56105 87.34549 103.961395
41.42655 89.06407 107.91854
40.26639 89.25164 108.67732
43.252506 92.861755 108.207054
99.3598 139.01674 163.39635
81.87319 114.82323 132.70267
112.69168 121.04074 138.1648
31.168072 47.27425 65.82032
46.852608 63.664276 77.615326
115.31871 131.24393 153.54697
22.279335 29.791262 33.77651
109.408005 131.98581 163.60593
89.967766 103.497246 120.34433
112.72225 123.25035 139.04808
28.708838 56.6801 45.055866
40.5033 43.210846 48.59083
13.027251 43.291683 43.78283
112.35058 134.43192 156.07986
113.31068 132.5974 151.42693
75.966 99.40689 124.494644
15.272168 34.16842 69.928535
16.635191 19.696415 24.06849
23.931957 32.00233 39.937065
9.425585 20.814621 49.720715
33.73066 39.57429 50.101147
12.102658 18.228054 18.253794
25.030302 36.08798 51.149426
18.172932 35.392555 56.661327
15.971063 25.724012 26.798775
6.1438456 13.165195 17.68213
15.124107 31.941505 46.185925
8.94329 20.817646 30.792006
19.486164 33.56249 45.770557
13.137151 33.30428 47.500374
11.595939 17.928461 24.128199
25.826647 16.729197 11.070422
33.043816 35.74799 32.91594
17.192001 21.586664 21.695522
8.602708 9.884447 7.697183
51.254738 47.151234 38.92298
30.144638 29.659369 26.809238
17.288807 19.91889 17.215334
18.872917 20.196936 17.356007
18.946241 19.819977 16.459284
26.031815 28.060974 26.479841
27.563902 29.198795 26.859676
28.801998 31.053139 35.059536
29.33892 31.067944 34.45043
16.517654 19.105461 15.944158
11.557033 9.855634 7.566901
7.31643 14.226096 16.381224
32.99323 31.197456 32.023285
60.851444 32.564693 13.901259
56.644516 39.296223 25.03531
40.402054 32.167873 25.004166
69.0395 44.905277 23.976244
140.28859 128.23473 111.21814
166.66768 146.23857 132.43005
143.954 124.02422 107.841225
113.12783 98.35898 86.79029
160.48079 131.27829 115.60677
84.57722 83.85997 80.63725
155.69574 149.50566 144.57957
122.46967 118.06633 121.66321
105.232346 105.466255 99.88638
177.37067 167.3105 169.42911
95.335724 96.471634 89.063576
137.96712 129.51788 140.06834
131.76294 121.82067 127.44932
117.38519 101.28593 106.90309
113.73195 106.49477 118.48973
80.18778 71.53519 78.8847
0.0015373934 0.0017109701 0.0017357668
47.03226 34.68037 13.838524
71.68526 53.771748 25.747297
48.219772 35.452663 14.045179
49.197628 39.353775 23.85566
119.45311 114.002106 100.499084
93.8269 91.84376 91.425064
100.24685 95.00645 85.89055
61.61533 58.29305 51.023533
51.639805 44.018448 33.6157
56.646374 49.490032 39.05547
55.547684 48.507587 38.33096
76.668816 66.49447 58.90498
54.74308 47.976593 38.320347
53.75739 46.970543 37.394142
66.62488 65.362625 83.15428
66.9539 84.67522 107.22947
12.050114 19.813852 20.423948
63.965237 53.16606 41.880283
53.1585 43.846485 33.549915
87.20127 61.995064 41.83173
63.01706 55.06147 50.743256
61.802372 54.779285 50.884846
24.335276 25.399723 23.13886
42.153194 34.839664 28.592962
27.304726 28.137993 30.099558
18.076721 19.807106 22.33287
14.166807 14.604791 13.544262
13.73837 19.678486 19.276384
13.988965 20.114859 19.795477
37.097946 37.20879 35.037865
47.5095 40.07982 28.69882
46.163708 82.32424 98.275444
37.920254 58.755184 76.8169
48.997917 94.33282 111.339966
59.812115 64.59197 69.77261
19.70906 18.940762 19.151905
26.905401 25.082796 23.69163
32.97012 33.86937 34.113197
32.542873 33.797413 32.110294
24.678932 25.25372 27.1281
19.537567 17.054255 17.17323
46.248066 81.9299 95.4396
62.89407 82.97094 91.65126
24.52145 52.10841 67.08642
64.67564 94.31026 115.12121
107.09544 125.42467 144.7994
64.678856 89.431465 111.885765
91.1104 112.61275 134.83969
83.85804 108.36637 131.0424
87.54203 113.15372 137.64122
102.40904 122.500496 139.99767
57.15865 62.551453 68.83592
41.63214 46.928238 50.135265
39.902946 46.059982 49.72957
70.73217 73.84832 78.513115
113.60415 93.52777 70.12988
103.63805 106.25583 104.06393
107.57585 100.17911 93.61788
81.61729 82.756226 84.13006
4.5053067 6.672808 6.2359157
27.370438 36.9846 35.63229
117.87867 121.265495 123.85732
106.28251 108.359474 100.47451
64.88299 67.49353 59.94721
62.770927 69.039375 70.616295
56.139656 63.611908 60.95906
129.16843 124.24841 123.68034
132.64104 116.13646 107.66579
24.19743 30.40084 30.82387
88.294586 79.76865 68.623634
94.44317 89.085205 78.61285
90.998856 89.653145 87.15136
79.67722 85.887474 76.107864
38.3598 46.52011 34.908947
98.72044 106.42457 112.60893
6.3115454 15.520234 17.76262
8.538212 18.698969 19.100946
19.940166 17.803932 13.634497
4.6323895 10.561669 11.634174
12.141118 17.227112 14.936099
3.316827 6.563306 6.450208
1.2103997 3.1752877 5.5847797
4.0065465 8.241991 13.213251
13.695943 77.01498 136.787
4.479047 11.236287 19.966003
13.7471485 89.2046 157.32463
4.764258 16.493082 25.947084
18.64774 86.98393 139.28435
19.083193 90.919235 142.26924
4.1691628 8.964739 14.397763
8.588226 23.927816 32.387672
44.733162 45.380978 37.777897
19.702093 21.532831 15.436694
21.382935 27.083044 25.36719
27.398087 29.947233 27.35345
28.909964 25.785633 20.764828
16.0305 19.303734 16.645605
36.55641 40.235195 37.739063
8.172237 9.763068 8.275292
20.004091 53.8627 87.65545
6.691455 24.044064 41.739113
2.4641688 7.4840307 14.228402
34.117435 111.328186 164.65591
17.50491 42.465237 63.01396
8.905747 22.981651 30.633877
47.783474 51.874504 46.042603
14.725947 23.08835 20.583466
10.344699 41.494793 63.961292
33.44825 37.370113 32.683025
10.052123 45.56467 78.273384
37.438877 41.49923 35.98552
9.499058 31.925188 56.11694
38.664722 47.168495 41.366123
29.59321 30.998884 27.413237
39.795105 80.07052 117.955734
18.207176 51.982 80.309166
17.565712 52.18729 81.233955
21.568192 48.659317 64.85318
21.013836 47.893696 63.971508
20.153368 46.669586 62.203804
20.506992 47.20063 62.277203
20.356527 48.155773 64.51904
19.133753 45.93258 61.19882
18.557503 58.759026 93.04009
30.049444 58.80076 77.55597
3.8294237 18.839739 33.15178
44.86818 85.939644 107.68141
14.291386 48.164104 85.35142
28.825481 49.942024 67.233955
13.735766 53.219822 78.09705
152.36401 105.64886 47.265747
34.02636 22.637299 19.873487
19.325779 20.330837 15.452787
8.839962 8.358907 8.169634
6.6882067 33.63958 38.364708
10.300535 41.48552 44.542477
11.111733 38.091576 40.428017
10.447927 42.08773 45.600452
10.306351 41.584385 44.485027
10.172436 12.287195 11.667328
10.324093 18.247967 18.544138
17.567001 22.516018 21.141117
1.9291807 7.6609054 8.922188
41.273407 40.365055 40.428932
46.513885 47.12691 77.49998
31.338846 29.868801 27.382315
22.211243 27.211863 28.149202
61.1863 56.91006 53.604122
22.099682 61.968136 59.466923
6.7826324 20.38653 23.809834
81.5577 83.16909 82.37314
75.35306 74.12036 75.39186
93.38678 90.200035 92.48641
85.78176 89.78005 87.50558
79.68208 84.63309 84.56467
72.200806 72.390526 71.740974
95.08364 92.96985 91.94044
72.267334 72.72007 72.301605
80.74665 77.04096 74.79169
83.71531 72.52207 61.18761
98.79027 82.1224 73.37585
185.45117 174.3086 173.2097
93.8446 92.13797 94.35903
94.33081 92.534836 94.41966
95.64454 93.12391 95.49685
99.877556 97.249084 100.738075
98.80976 95.17998 96.96243
86.072205 79.4182 74.48703
104.320496 102.413284 105.90366
97.325356 95.35253 97.22895
70.21281 76.71414 83.62619
65.39496 54.71278 55.27646
113.76473 112.67261 118.819824
61.45301 65.52938 69.09539
106.86778 105.589195 104.41061
117.11258 112.12515 118.63765
100.06519 97.58632 102.1923
84.14253 89.50121 95.601814
91.30076 91.27626 94.47285
73.301155 74.07724 76.024994
60.16326 59.989338 63.29791
65.18087 63.676678 62.874355
112.92722 108.21176 108.67472
71.513214 60.805695 60.36067
77.12423 68.038506 64.82928
71.05177 62.50843 59.967716
84.65805 73.34711 69.04865
88.09505 76.771576 66.65094
57.02931 65.71826 69.34817
89.85372 83.80061 87.84618
66.33257 62.09611 58.13574
52.992958 51.91641 50.950405
64.57548 56.290417 47.97756
79.25345 73.95852 72.0489
80.18379 66.88663 60.493576
56.99908 51.319084 45.015373
37.351765 37.27683 36.843956
43.86218 43.02983 42.422066
81.43166 89.888115 94.503
62.453606 68.32637 70.73775
4.951671 29.264257 44.456852
15.05552 59.071217 84.86292
5.0496926 25.34864 40.721954
19.51039 83.94421 128.1592
25.532286 84.18756 127.68732
19.974632 74.87351 111.86441
13.862428 56.93166 84.88103
9.382637 49.087383 84.189
9.804571 45.258068 69.92795
9.999107 56.702984 89.105835
11.257141 40.7622 63.597874
9.099063 40.794807 63.590633
8.213871 40.09527 66.82982
9.719525 49.56254 89.992805
16.516787 53.761135 79.529655
10.34765 41.23899 65.89476
2.9785013 11.117165 15.3811
10.151532 43.740105 72.536255
7.097277 37.048355 66.13539
11.676502 45.719673 64.97183
3.225104 16.574217 24.177593
10.441108 34.62929 50.417824
13.191133 35.42985 51.41936
11.233361 36.71737 53.395927
21.558743 49.089493 67.84904
32.605907 65.33535 88.701645
33.22203 66.342545 89.745636
30.031517 62.94473 86.09378
40.258034 65.9113 91.574615
19.481304 56.96385 83.68305
15.560107 55.537617 84.78362
8.873587 35.352608 50.888786
10.60003 37.81978 54.16398
3.9943464 10.843905 14.57248
4.8229766 28.881348 46.170975
5.1510615 12.157087 16.192596
10.561297 38.28256 57.69376
12.909319 40.739983 62.10779
10.104394 43.14645 66.13973
14.177421 33.43875 47.942074
24.179007 47.44123 61.89402
23.946936 39.550983 41.405426
17.168444 27.547188 28.661674
12.845443 20.11099 17.495884
19.92804 32.74618 35.985867
69.94148 63.31006 48.95296
30.657558 21.68471 14.33106
8.8384495 8.822455 3.3781245
95.5063 89.71963 85.11119
103.664795 101.19327 98.57085
38.995213 36.45115 33.486336
107.95583 106.21501 106.76438
107.83136 106.632935 109.34348
109.45157 108.64519 111.449165
98.070915 95.15855 100.51334
96.939224 94.29518 99.20596
141.45425 135.02293 135.76064
138.62112 132.18324 132.42458
144.39774 137.71207 138.78284
110.63311 99.148705 94.75729
108.03057 90.51212 92.8682
56.949116 53.850502 55.597054
97.15815 90.1397 81.46414
90.20712 73.22518 64.02908
89.585304 72.40322 63.250595
94.3477 76.74427 68.129684
91.866295 74.4939 65.840805
18.210226 19.161253 14.7378
1.9837334E-4 1.9837334E-4 2.2317E-4
2.8924568 2.9215186 2.896573
0.91266614 0.91269094 0.91269094
2.4606228 2.4606476 2.432677
3.1108906 3.1109154 3.0974758
4.089789 4.0898137 4.0898137
3.1601121 3.160137 3.1162715
2.6616743 2.661699 2.6480112
2.745115 2.745115 2.7309313
2.9232047 2.9232047 2.9232295
2.2305658 2.2308872 2.2316284
2.9754264 2.9755008 2.9758728
2.8837533 2.8837037 2.8582623
4.3909445 4.390895 4.338921
4.585598 4.5855236 4.571241
4.218632 4.218632 4.1886034
3.9481254 3.9481502 3.9065661
4.790989 4.7910385 4.749975
4.3473763 4.3473516 4.3055196
5.0435677 5.0434933 5.0294585
3.3590806 3.3590062 3.3461614
2.6647243 2.6646996 2.664774
5.8847203 5.8847203 5.7757387
6.972178 6.972178 6.9256845
