4.3748948E-4 4.3748948E-4 4.3748948E-4
2.6922429E-4 2.6922429E-4 2.6922429E-4
4.412149 3.9303718 3.281373
103.60643 72.65738 37.47434
20.20037 15.1979475 21.519266
119.00579 121.5164 122.14101
84.958405 109.77738 125.25129
109.08252 127.3647 135.9768
104.05795 114.89763 123.42884
1.5277805 2.0296483 12.1469965
58.3998 68.00713 73.47905
2.6922429E-4 2.6922429E-4 2.6922429E-4
25.97991 18.847652 22.569813
18.920815 33.763622 38.55134
52.27932 69.47225 74.00246
113.128654 42.24681 7.3177185
85.68948 110.40485 113.7015
61.26125 95.17099 95.43611
54.909843 89.79485 96.44816
63.643547 91.54013 99.97961
84.57345 102.56877 105.47098
63.839172 72.37311 69.67407
48.467876 62.891098 64.121895
26.291233 48.941006 56.839172
160.31604 122.60374 31.753088
8.440081 48.12953 58.933502
15.991082 33.369747 39.142452
35.234325 64.20545 69.8282
31.67518 56.963387 66.717445
39.2704 74.72526 78.87848
40.88605 39.035976 37.41696
52.37025 52.72879 47.613865
47.040012 36.881374 22.228909
73.993774 66.38755 58.285614
80.94333 73.252396 62.845196
85.18549 75.580246 63.978867
76.9751 67.860374 58.32573
66.93717 61.65775 48.636044
26.15531 17.858389 22.28982
19.731651 17.400808 19.300993
28.869259 25.530945 26.940838
17.24146 11.832408 15.014639
20.772135 17.185024 18.947433
21.320814 18.886555 20.29268
29.864546 27.025274 29.371664
23.249605 19.50668 20.021133
24.481474 48.467003 48.93017
55.139896 49.028404 43.660877
46.34861 37.645668 42.802357
134.1469 127.65361 121.43833
83.7863 68.83211 53.88097
38.276493 47.95918 53.70675
6.5141172 22.118795 26.67545
11.695978 23.209726 26.518896
2.166044 35.493927 42.910347
28.032307 116.1444 66.830154
20.437962 98.64415 52.93249
5.507488 35.362915 42.64227
3.7993605 22.619553 30.603937
136.11345 125.38486 112.44887
91.00542 76.73505 38.089752
29.59603 39.959988 42.9577
22.720848 30.944439 33.330944
44.90732 47.906208 47.449974
80.70015 75.2137 63.881374
128.45987 96.09965 56.23813
43.739693 47.250683 40.814503
77.96255 67.99118 49.321354
50.28551 49.2071 37.44348
29.774189 34.46451 42.370285
77.35941 80.62776 77.625206
84.62019 80.01154 69.82248
57.214638 48.886692 38.160828
40.4845 39.343597 36.15144
101.05367 99.50571 79.148346
9.859061 39.662327 48.35551
23.50052 33.128757 41.27151
75.197845 117.36762 138.49591
1.8227495 28.696617 36.65539
2.0277975 38.083694 46.05711
3.6539795 29.543396 39.36221
12.228672 51.008583 57.60572
50.66189 81.524956 80.24752
98.66747 93.36002 96.57634
65.59152 59.76463 57.29941
97.44062 76.84991 62.33784
56.49672 143.99196 182.15631
71.917984 63.97301 51.388794
189.85893 209.66338 221.07063
72.20993 83.10927 82.4351
172.60434 182.37721 195.28618
48.193134 50.49487 51.5231
96.757965 141.24597 163.27397
113.287735 135.35985 140.89897
35.07269 155.65503 191.43112
91.04641 124.526436 130.04997
122.60178 143.6178 148.7061
177.62009 193.24692 193.43053
65.73283 79.87387 82.9649
113.14363 131.42232 124.64402
136.86996 165.37769 159.94417
140.31085 167.34633 164.89143
93.53269 122.75066 121.63534
131.39462 163.78401 151.49934
136.5825 126.208145 119.89143
76.00973 72.26761 72.693855
103.05748 94.94205 89.21205
62.01982 59.70291 54.616085
63.991318 56.954567 47.21935
116.53061 123.78196 124.96668
59.558575 68.64049 76.138916
72.53037 78.7747 80.653206
89.71994 83.3715 77.37537
66.010635 66.25068 67.61821
70.76423 73.8875 76.04839
100.46455 100.74656 100.209595
120.21659 138.50487 144.0469
92.78274 97.51082 102.48901
75.8386 87.980446 92.67892
89.645905 102.24381 109.824295
74.00468 95.93128 98.90123
124.72566 131.08969 134.52414
159.8097 166.97618 169.52754
96.11869 105.71355 109.23264
68.04813 71.87791 68.27834
80.791084 91.5753 91.48366
48.178394 37.745953 29.049538
153.77112 158.03445 155.87312
116.46875 118.649635 119.32916
116.56732 133.0283 139.68513
138.87744 162.27895 173.38513
98.5474 120.44587 122.80976
143.16695 167.77762 173.3372
13.091603 24.180449 31.58738
42.019184 55.97816 57.95477
54.8282 67.67959 67.675415
44.517384 50.166077 47.05055
53.194515 77.4912 87.775536
63.864143 65.969345 61.382973
57.328354 74.35591 83.88279
54.807133 54.448627 53.775536
45.58223 72.22086 80.93202
25.475922 71.95359 91.52542
66.57954 68.86209 70.653915
66.199394 66.12909 48.980682
152.66771 164.84428 173.63753
136.22685 138.15929 137.30843
84.04951 88.502945 86.686424
117.951035 121.62736 119.87841
47.577587 63.2138 67.88171
125.06192 132.96315 113.0318
93.60646 98.80559 97.121925
107.38112 112.27057 102.70584
105.93565 116.3017 107.832405
22.015009 38.06145 43.90722
20.935722 27.491604 28.367996
166.93007 168.88403 156.27306
76.14515 89.87182 89.68693
153.3615 177.2484 186.94255
55.15901 33.744473 4.3216558
52.716946 74.29935 76.81057
37.896652 35.99896 38.810097
62.58028 11.956251 3.5810869
55.1368 33.68154 8.521689
50.002357 64.029144 64.961
110.478714 117.30409 114.54326
113.58755 118.98647 83.60377
82.693855 93.197815 92.37644
96.202354 116.941444 129.45421
103.51005 117.646034 116.42538
65.59451 95.380714 103.54831
58.22329 102.307014 115.92724
69.2877 81.6669 90.95531
78.499146 71.27178 46.26024
120.316 148.06004 158.00818
81.9755 93.66293 92.29558
148.11122 177.33868 184.28188
115.12405 114.38233 109.339966
54.39522 66.36298 67.31385
8.904998 12.595759 23.511324
42.490795 46.100117 48.06855
42.67774 48.11173 49.086285
58.89123 57.03638 52.94952
49.779976 47.376747 48.35026
72.75595 69.05798 68.80344
54.785934 52.14343 50.003197
86.88363 77.57833 71.0211
45.475853 52.89167 55.090626
55.78011 60.242504 59.933502
171.10446 210.52983 219.08359
34.015816 40.426857 43.857815
54.23621 57.89746 60.046677
148.88431 154.52351 156.13737
153.56433 166.55434 171.49702
66.55921 81.52206 88.52337
43.25277 65.89295 72.93468
93.768234 89.3374 75.73791
173.26808 186.84808 194.3436
130.14444 144.1191 149.76561
130.31735 131.50482 131.37604
108.172806 134.8706 135.59172
127.935455 135.72131 134.9364
106.22124 96.70739 89.13512
148.99626 142.6732 135.35948
88.36773 119.853676 119.05721
233.95299 211.57678 173.12256
232.07643 202.13048 172.44072
188.15036 172.8816 156.70297
48.87353 48.17947 46.045734
22.47491 47.706444 49.31462
80.43668 73.11227 58.3895
106.49968 103.99586 103.10082
62.851692 58.2562 54.45206
146.52438 147.93791 139.62695
121.21094 122.474205 113.5297
126.469025 108.76103 84.18291
47.821503 63.131886 63.78839
51.429245 70.10927 71.58344
66.41033 69.099915 65.991585
121.96776 133.92348 120.253746
83.77685 97.47895 102.2943
111.88228 131.18076 134.05489
47.90806 44.611004 39.47895
61.489414 68.9829 64.012825
115.36621 121.81326 122.07272
92.99953 98.21511 98.69864
62.650883 58.80239 46.873802
91.81861 98.3787 100.35077
143.12976 158.11166 159.20027
103.41289 108.36826 108.90648
56.63537 50.284065 38.53118
136.9409 142.96092 141.71419
93.156586 87.04126 75.66367
91.62655 83.57314 72.65089
116.09133 128.09947 122.380646
137.16429 142.94067 140.10173
147.31647 162.75232 165.999
162.14407 166.68585 163.1819
126.92792 144.50258 147.94548
79.3086 85.44109 84.81222
58.713715 55.73643 45.72186
136.5037 136.9126 136.50964
113.2802 117.63386 106.97803
89.59768 88.28733 70.762276
32.10981 64.13636 70.8916
135.21027 157.27168 157.5255
98.22016 113.775604 116.8805
143.90547 153.96745 146.7824
60.620594 71.56591 70.251724
57.098503 58.54198 56.754772
33.861988 38.94841 41.621674
118.80898 139.12473 155.92378
89.68652 110.55302 122.14114
125.2842 135.27892 123.61221
127.292145 120.71799 112.78429
155.91586 163.03564 169.45142
90.64169 98.760994 100.21736
62.52051 67.17439 68.0666
127.04839 133.19421 130.38988
85.38738 93.24466 96.63271
56.52169 62.17126 63.653877
79.46572 121.791046 141.37352
121.27565 145.17348 160.01282
153.3903 134.2663 81.51748
157.96954 155.22154 145.8227
85.98223 82.41653 74.92246
86.144844 101.27781 109.713005
92.10093 98.48726 95.61585
86.62127 105.33179 116.07373
72.00529 80.90119 85.90106
111.14861 128.14265 134.45203
105.14417 126.301735 138.67659
154.62436 128.9579 106.26825
110.91657 102.368095 89.11183
63.14888 51.004642 44.297794
53.675484 68.51341 72.007744
54.195995 46.86283 40.563286
52.694027 46.496044 37.444824
71.822075 65.45549 53.285378
69.776375 62.097996 52.64348
72.42796 63.854485 50.511124
63.668552 52.524582 38.248123
51.49312 41.499413 30.868586
66.44136 54.122498 38.1931
43.082146 44.074173 41.47996
70.71412 65.3222 62.818306
49.39606 38.83261 31.694363
56.721756 44.993908 33.286423
128.922 118.62638 100.75975
89.86414 71.63143 29.758438
60.696987 48.50439 32.440956
62.85344 54.422413 41.56988
46.614403 63.776913 67.668015
32.904156 52.62369 60.143463
86.50416 86.08036 78.74424
93.81208 104.74555 103.53798
75.46458 75.09076 64.33899
36.67646 40.45354 43.633957
90.995186 98.41551 97.069595
44.52199 52.213764 52.83722
53.3155 57.401917 51.8876
46.031063 55.87094 56.13478
13.414639 23.552145 30.373043
39.48302 47.737003 49.21649
63.78398 62.13579 60.78819
86.29089 106.73024 118.1717
49.309875 48.128822 37.112267
50.14188 40.69039 24.636984
72.00959 66.636246 36.338985
16.926771 11.774221 16.35588
89.71476 121.23685 138.07976
126.23355 115.400536 106.47074
114.611176 96.124855 65.283424
79.23079 63.519737 48.51782
127.988625 122.74033 120.8002
171.71584 183.56442 194.21353
127.864044 141.42528 155.4286
27.535486 26.67636 28.40478
55.3335 47.592766 45.531414
31.094969 24.351843 28.063538
40.49214 36.902573 35.58267
62.37106 49.4315 45.27609
54.103313 64.19966 66.4951
55.028774 46.954166 32.057278
69.46115 42.141647 19.660172
90.34329 61.001312 38.331013
62.08144 36.80323 16.435066
148.93478 103.58728 36.78213
52.802624 27.603298 8.927309
66.0842 96.27885 106.01817
54.07397 66.51051 65.71351
129.25684 132.9966 141.88336
181.55548 185.33734 193.34895
122.527916 127.96181 135.38129
171.70479 179.16328 193.27303
84.754974 89.12835 98.589935
236.28006 193.50275 143.6801
28.201143 51.346355 48.916172
27.79852 48.590343 46.503784
49.20407 85.228165 86.73693
79.49584 98.304794 101.84473
84.166115 93.70358 94.38853
97.292244 104.66155 103.40384
55.33384 62.968502 62.759716
49.515766 53.077908 52.845196
75.686356 81.052025 80.70139
105.16214 146.50224 143.4664
69.68534 69.17681 39.11785
78.36413 96.86391 100.943695
129.23941 171.62285 202.86401
57.69423 66.9193 68.00539
66.41706 87.69904 98.00417
80.28609 101.468216 123.66273
68.895645 67.864075 57.262024
54.750664 69.30658 64.80013
40.016087 57.642773 67.60821
49.411106 59.021908 62.691166
107.60932 104.85287 109.75693
104.140976 84.35288 68.519165
100.80044 75.7899 55.935387
37.35844 54.544136 58.508934
32.296753 63.289585 76.31341
84.848625 91.20764 93.74138
65.06556 71.639275 71.740974
40.2037 79.567055 87.44365
58.69231 64.484634 64.11637
15.428101 38.21585 54.26825
49.61262 66.457146 69.0774
19.717585 39.889046 48.69386
75.47612 93.15312 100.47394
60.7582 71.45018 70.33115
163.62915 166.49675 167.11217
63.939762 81.65364 85.1369
79.43335 79.98546 77.553894
96.33151 97.11496 94.80296
67.580215 103.04651 115.05311
0.09133434 0.10910314 0.17439003
80.351135 95.01632 96.48467
105.521286 123.04577 109.54242
139.14226 158.90773 168.72513
131.36163 127.97732 124.385735
134.64943 135.1125 133.2883
128.44708 126.04288 123.403534
137.00943 144.48628 147.85425
162.2137 164.11278 162.89671
115.87192 118.01077 124.19701
111.286896 126.46138 126.59701
132.73488 117.58361 99.02151
123.94228 124.329056 115.17685
165.68309 172.23904 159.92789
148.63806 173.28757 170.40337
85.74481 93.38479 93.766884
69.38825 112.63052 117.070366
116.71711 144.19516 146.93677
76.86835 88.169815 89.45321
95.500854 87.74141 89.0463
136.22328 157.76897 157.19206
121.58153 143.34273 148.93044
141.69016 156.8638 159.88225
88.070435 110.744606 101.24089
109.65802 125.87235 124.38906
85.356926 90.29177 89.64449
124.55988 149.37157 149.40915
79.897156 92.69437 89.2523
142.68326 145.095 137.54353
143.1814 161.23099 162.53209
110.59441 122.78408 122.813896
128.2109 142.70564 143.41107
146.07314 168.53485 167.0069
126.31728 128.30042 124.19216
108.88673 129.77567 134.10231
145.02197 153.84473 152.01477
67.180046 76.36729 81.07084
127.43241 145.79735 147.42827
99.92667 110.37806 115.54656
120.00986 137.98405 141.78722
122.42521 128.9091 128.05566
127.014366 144.31001 146.54083
137.4097 149.99171 149.21848
119.23887 141.62762 142.45819
106.82234 111.19704 100.72095
86.39226 94.15228 89.657074
123.17638 133.42375 129.0498
83.10271 70.838295 59.21565
110.32781 139.71402 137.91019
42.61171 82.1548 87.00448
101.16046 122.29749 122.521286
57.29931 99.026825 102.71328
87.67928 90.630424 91.68605
98.29847 108.05378 105.472824
57.75531 67.55427 70.70947
174.49666 199.89688 194.18425
82.4354 94.925354 95.6738
144.21121 160.65775 155.8382
8.380616 3.9945483 9.249234
118.63689 84.979744 26.5123
18.130741 33.866264 32.38637
21.563992 27.197174 29.12529
71.47478 69.36574 59.871346
44.804813 55.93875 55.664276
53.886826 53.92004 48.893555
42.489788 43.371933 43.793705
61.133568 68.93684 68.474174
74.5926 64.267006 48.939896
26.706244 31.484032 30.72327
127.69359 103.54454 63.628403
56.799934 59.65139 56.52795
55.243916 62.771698 57.256
57.393032 67.97836 66.70059
171.6865 184.88625 172.11859
117.005455 155.7336 165.46758
13.873599 40.951103 44.7614
56.267406 55.267742 51.223793
71.94404 65.418816 54.221268
66.74511 65.04277 55.02978
77.30267 68.4525 54.05445
47.114117 77.18967 78.96746
53.534546 57.221268 50.264244
61.051186 61.016323 53.792496
62.84708 72.69254 63.689114
40.097054 48.73552 49.665928
48.53266 68.7474 74.10008
51.77846 68.622986 71.698
49.47188 56.418945 56.721622
62.749016 74.10806 74.76662
42.76187 39.301666 35.27114
32.94131 30.476627 32.209255
27.318996 26.930708 27.952583
40.369343 36.85297 39.153324
36.30025 32.135048 30.847216
33.51661 40.428368 41.710888
71.107086 73.395996 69.15033
34.241394 45.289078 49.993336
45.092983 53.58977 52.14417
48.197273 57.63998 58.625004
8.723103 27.660542 30.689787
44.381355 59.552547 56.513714
49.501297 40.587917 31.847048
215.60864 202.27602 198.72859
208.83322 209.01454 205.12775
179.66841 172.90819 161.52872
166.97253 156.2326 147.49069
196.85526 175.82806 162.77368
176.5114 165.81232 143.60074
198.80908 185.11452 174.15077
169.46777 162.20663 151.26987
55.672016 57.48336 59.047115
35.329597 41.906445 39.794617
38.188995 69.764565 75.22554
34.681374 50.035774 47.194515
39.63012 49.568836 48.09248
53.094227 80.53858 85.922195
26.488508 31.937775 36.047382
43.44146 52.932896 54.211174
25.203264 26.462627 32.32213
50.080196 53.14195 53.033752
31.584991 34.26771 35.998184
69.60283 67.849434 75.959076
43.267002 49.123135 51.83079
37.89221 45.158035 49.151672
49.71735 60.47027 66.06172
40.389465 53.66808 56.21447
44.391384 65.19451 77.09729
23.262259 33.848663 39.098503
32.8104 50.228203 62.863503
17.602827 90.14949 120.72169
23.537674 55.359413 68.24483
29.77328 78.716644 99.270836
29.335083 98.17725 124.064514
20.21723 101.49951 129.41928
13.715531 91.16574 117.536964
65.888405 65.17907 63.30025
71.22342 47.03389 11.659061
87.77678 54.568905 4.078849
27.863066 42.286053 44.420662
55.39401 77.72061 82.95144
70.979805 83.48575 88.76029
29.76517 54.565205 64.66246
76.19374 126.46044 139.45052
75.807434 79.00088 76.2911
38.36894 37.115295 36.517246
49.43473 56.758404 56.33047
44.27121 51.911762 53.418343
60.98055 64.69363 62.424263
54.903347 47.908195 41.080364
69.37439 75.5542 72.34138
134.4035 133.25014 122.554436
122.97863 130.57907 129.80684
72.22938 77.98068 78.018776
59.644287 61.74555 55.48413
67.49086 71.30126 71.86381
35.158775 41.784992 42.623085
46.82551 50.46283 50.86835
52.00212 53.918156 52.924248
53.60683 55.165943 52.69544
65.76275 67.97927 64.726875
80.987785 81.22399 76.32852
42.10244 46.718662 45.984047
83.88353 82.021034 75.085144
112.40838 114.11698 104.44012
135.42503 133.55501 130.8422
68.581184 68.68996 64.112465
50.898 51.853207 49.304123
70.66465 66.48322 61.79963
90.58728 80.31374 73.68824
96.75043 94.46259 91.6108
114.04806 78.75376 35.38664
51.983273 38.033417 30.738886
68.70971 58.51553 51.317787
119.89844 93.79202 69.76685
150.02094 141.41571 134.47874
90.973045 70.004005 51.367054
116.244255 105.99704 99.359886
93.184456 84.35339 78.065216
99.09406 88.238266 78.45556
77.98974 69.27801 63.218376
104.900085 94.7021 85.19371
77.536224 71.59303 67.067276
46.065556 50.21632 49.729664
89.171364 90.80949 87.19074
75.11115 79.29625 82.81663
80.05869 88.063675 92.15699
71.1444 68.06142 68.578835
64.53068 63.710148 67.80528
51.691772 55.73155 56.392292
67.10826 70.25482 77.365944
93.53458 92.00081 90.27185
68.50237 71.78617 69.918526
34.54249 41.560257 42.07629
65.007805 67.87841 62.6458
79.34289 75.873634 71.68245
121.25768 117.35362 109.5085
146.13034 141.26454 132.89618
151.84856 153.68192 140.53831
172.24355 181.982 181.63948
178.8739 183.62238 182.84395
131.12697 154.56793 171.63846
87.00313 110.815445 122.125694
192.39594 212.55605 216.85304
60.835606 72.775635 78.301765
71.82729 75.83729 76.02938
91.19004 91.16641 89.82362
96.0349 112.00458 122.336494
139.63042 133.76756 132.2024
116.47108 149.44398 167.58139
148.70699 150.54568 152.7985
80.40535 89.23742 95.59704
93.32637 97.0915 93.69127
81.4172 85.59303 90.60427
57.893185 60.114925 62.891537
103.61013 128.53427 132.62617
94.03315 100.57536 105.08854
137.64886 150.24422 152.8663
104.40602 116.57459 121.57991
128.67181 145.25862 143.43312
145.56721 157.31499 161.86061
110.23867 117.62955 118.39879
86.328995 76.9786 74.307655
95.78398 95.48255 95.57254
74.464005 73.74487 76.69204
103.33219 104.87643 105.460106
113.05088 127.54858 126.958305
99.05385 115.92381 115.67003
107.470406 128.26956 124.64355
127.36413 139.19771 141.30376
112.638565 127.48985 126.99421
104.19532 120.00764 125.302475
87.563354 86.29181 77.76948
137.14229 154.32486 163.69359
56.854416 66.57998 69.86519
141.85355 154.18492 153.96681
97.53576 105.31247 105.55827
167.80956 173.53084 162.754
154.17197 177.0344 184.58408
95.51502 111.27804 117.36268
82.38698 82.69117 79.10318
124.53051 129.67815 133.71136
90.2625 95.76624 94.32297
55.767056 60.579773 62.838028
104.38664 120.13212 124.851654
57.288475 66.56234 69.141075
155.90735 161.36937 160.62212
167.53387 175.12755 175.22285
148.59976 162.6806 164.20206
175.58798 185.55571 189.1995
19.377722 36.222984 32.662056
64.11883 90.01312 78.01447
170.04788 195.78563 210.37788
86.00077 106.61326 103.04469
92.43167 97.735214 97.582466
124.54848 121.97584 122.195724
114.35349 113.75285 116.884735
116.64082 118.5194 121.11634
125.12556 121.41188 124.64853
92.65243 99.99283 104.52155
48.957294 48.400707 47.930305
84.20801 75.21828 70.81589
85.82467 87.423256 86.50274
82.54945 94.47767 100.030624
47.36672 48.92263 48.111763
127.61124 130.67834 134.97035
134.07683 141.47615 143.44563
156.48167 159.79764 162.05656
94.5195 130.33846 146.87808
76.68871 69.09652 65.090225
124.4492 102.66401 84.74296
64.79903 67.39115 70.22282
83.65018 100.66835 106.314926
92.511086 81.79633 78.08386
79.44341 70.260574 62.784756
70.709206 96.3155 103.81511
118.4251 136.44745 140.47232
163.49406 172.80428 176.74548
133.8978 135.5935 136.19807
185.3508 202.82022 210.11613
156.31166 169.63974 174.73296
166.68527 186.70724 195.12044
89.05512 86.79903 83.52556
39.968735 43.70685 46.481274
129.81416 140.97075 141.08517
89.334145 92.42248 91.4807
96.39687 105.95585 108.423454
74.26061 82.27875 83.79559
140.21901 152.36548 150.72633
73.204575 79.15164 82.9891
79.550095 74.787346 71.51566
70.267876 90.2321 97.39213
92.48346 105.012955 105.93754
78.17079 105.5933 119.00784
130.88104 181.61467 198.62578
125.513374 157.52148 170.6343
69.30083 118.57793 139.22144
39.376205 57.540466 65.43466
58.435337 76.141205 83.96181
72.035034 99.25768 114.332695
66.49796 75.02877 79.823524
43.85812 48.85674 53.969208
39.88255 41.2984 47.139423
65.0489 75.863434 80.61824
11.630725 30.99778 41.54582
46.721554 64.34568 69.03564
105.024704 101.34619 102.57456
95.111725 106.20037 110.16924
130.63368 148.45323 152.84055
47.005116 59.172977 57.690357
29.25822 27.954803 29.707521
37.519268 43.89086 45.94353
35.892174 35.977417 35.373684
54.027496 69.553696 69.63873
35.20047 44.020897 47.27821
52.163788 64.87545 71.34357
49.75487 65.67757 75.414474
44.801247 48.961636 56.57284
141.68948 168.04395 177.00815
100.97765 106.2065 112.14081
162.92303 155.65892 123.9578
93.13993 111.15208 113.567894
60.43944 70.581795 74.67215
34.513847 51.98334 54.69224
56.4805 94.75841 102.67925
96.43487 97.48413 99.93801
105.485374 103.752884 94.895775
81.61669 82.8459 78.038635
81.15491 76.239006 68.78782
69.19596 89.24994 93.1407
51.51728 64.62706 70.916374
54.050076 46.243145 40.803265
58.31476 58.025307 53.757698
71.424934 101.34037 120.68848
70.01414 73.96806 74.74212
51.902676 64.866165 65.239136
50.9228 53.07895 49.687363
80.162346 84.89887 83.94545
40.360325 44.133602 40.98445
28.94454 35.99374 35.68474
54.975872 60.794044 63.997475
39.369007 37.574287 35.34518
58.79364 61.299377 59.62524
24.171125 21.394514 25.588593
48.214436 50.78967 52.512367
61.02221 60.66798 57.66145
55.383476 57.599663 56.824196
47.104458 40.100655 38.308094
117.29988 152.88013 172.51169
130.71503 153.40915 159.4745
173.71173 203.23567 217.73572
102.51227 117.91314 127.5157
69.68359 66.681915 66.30076
145.59412 171.01575 184.52065
67.096756 60.871613 60.582737
119.82709 136.4221 150.63019
122.44533 142.62538 153.17769
52.088642 55.930508 61.8319
75.2206 73.87707 73.615685
125.46519 131.69157 137.78806
61.2001 59.144844 61.033688
129.97482 146.06741 160.12741
75.13989 69.01706 70.01319
153.88515 161.44193 170.11345
129.82686 132.82588 136.77159
86.979576 80.95962 82.70177
129.66023 153.46353 168.67519
68.98092 81.892914 92.51068
48.262695 48.496384 51.810936
82.71119 85.87195 96.47144
114.29611 110.32963 110.47363
104.73323 103.8314 105.73084
68.14743 64.17924 60.051556
81.942924 75.63318 72.6247
86.21501 69.199936 65.17513
80.41653 80.172104 81.68517
128.60068 138.92784 153.04526
95.27424 101.17554 106.028
83.350395 79.5967 79.01309
109.0035 117.593605 123.653275
75.8526 70.34706 66.77873
80.19246 107.170685 116.94669
110.55804 139.5623 150.24675
85.25627 100.785095 99.71277
59.33946 60.925827 58.88982
75.10022 110.85193 124.405014
64.4277 60.675854 54.37735
78.70985 83.18785 83.26872
66.911964 75.02409 78.184456
86.67999 106.21198 108.575264
88.2601 92.18768 93.14417
79.73495 111.71486 118.23359
79.79559 120.6632 128.56621
48.01578 62.973785 69.365234
36.879658 65.984825 73.409386
30.335016 62.726974 68.345314
69.98173 81.71179 86.31085
79.0915 97.23433 105.748276
137.65923 170.50284 189.60925
54.168873 52.893017 53.536263
57.89968 57.62369 51.931583
43.867138 53.512703 57.927242
70.9542 76.36339 75.29403
74.073265 89.6984 98.074745
126.30453 108.101265 59.224632
151.10918 155.65327 77.51977
64.35386 106.43641 128.54935
174.17809 168.27013 81.63863
193.47935 188.30443 158.9926
163.48703 150.19354 114.18223
94.20858 81.30062 75.21969
170.78354 156.69359 119.06256
138.79158 121.816795 95.22275
151.7438 138.47299 111.01252
139.02124 125.51173 108.912636
144.09349 129.36716 105.00589
160.978 145.80074 117.15649
161.17445 140.27727 115.47458
168.1431 153.61601 132.72287
154.35646 134.33868 109.610664
158.78683 138.33553 113.8774
160.96187 140.84029 116.886284
156.38277 138.88565 120.00195
199.30806 180.20317 137.36171
95.878914 87.81931 85.356926
158.97058 154.48235 144.88881
1.4908296 1.4902911 1.4900556
23.596163 24.502205 23.499983
1.7148914 1.7148914 1.7148914
1.4937574 1.4937574 1.4937574
1.3796736 1.3790342 1.378563
0.0033316507 0.00265859 0.0021201414
5.810634 5.8964834 5.8492007
5.5509677 5.6549215 5.599697
4.651321 4.7344437 4.689248
4.9971733 5.0496044 5.0080094
6.2458353 6.304728 6.271883
3.7247856 3.7460878 3.7347467
6.0192833 6.0185094 6.018139
5.0057545 5.044725 5.022615
7.261854 7.355107 7.2841325
6.886623 7.004072 6.9399295
5.6498065 5.711358 5.6761904
5.838432 6.060374 5.860037
8.490561 8.576039 8.512536
9.633788 9.714353 9.671176
14.860407 14.859801 14.85822
