0.2456682 0.2456682 0.2456682
0.24525346 0.24525346 0.24525346
9.734147 20.522558 29.548157
23.043985 28.21523 34.426037
0.24546082 0.24546082 0.24546082
0.24525346 0.24525346 0.24525346
31.582096 49.28938 73.00689
27.534977 47.424423 71.86544
119.98636 114.554146 125.581406
143.1262 153.0895 206.18495
51.626404 58.53009 69.149216
27.875967 27.875967 28.009516
6.797765 8.847258 11.864793
9.7941475 18.055967 27.293709
9.294839 21.168457 27.14652
16.871382 25.466637 34.857006
16.427235 24.97795 34.8406
10.575553 14.773756 21.978664
17.779678 27.601013 39.4353
20.176083 30.807812 42.74161
16.952257 25.249424 34.601105
4.716705 8.788571 11.830415
14.927765 19.18152 23.543503
49.406197 48.773273 53.181175
46.051037 53.237026 58.982925
40.32046 31.880024 28.549055
127.51516 136.44891 149.64961
70.54187 86.55945 93.33136
124.33502 130.46744 144.214
73.78968 72.610596 73.84963
94.59401 83.921684 70.07737
30.92447 29.568617 33.383526
27.239424 31.089447 32.607674
66.93516 63.568962 64.7926
40.800785 40.331776 43.189354
69.06288 62.501614 66.39397
87.38184 77.798805 79.72705
34.718826 33.550713 27.462051
20.532259 22.838272 20.72076
64.906334 60.07857 63.64636
56.15622 56.693665 61.491474
31.776106 39.135 50.97553
122.84629 126.964516 164.43982
80.720116 75.448845 80.496155
62.350876 56.445324 57.528572
44.425552 34.44795 37.17007
41.06772 32.38599 30.350254
32.275276 31.405346 35.78237
74.745895 74.97369 81.96371
126.69433 134.4877 150.37738
52.807003 53.07802 55.184124
69.20597 71.37346 77.712166
41.06931 49.748455 61.542305
36.54878 35.745644 37.023525
35.973778 29.056683 27.780876
45.613503 42.391037 40.14332
28.958778 29.601059 34.800346
57.691936 55.82894 58.776844
10.96076 11.454447 10.660507
49.13357 39.29795 40.162697
36.62742 36.083225 40.68175
78.0129 82.41652 94.62143
2.784493 7.889378 14.094309
28.772396 30.82735 36.134056
75.892975 81.55106 90.89058
63.903965 63.18325 67.26645
47.12682 47.96719 46.70173
72.718735 86.2474 107.457214
63.46166 87.13152 115.47507
59.537075 57.138294 65.60268
44.69712 47.671913 59.874863
147.23346 146.37749 133.28822
140.66005 121.02311 112.53465
95.95367 74.91449 65.86163
79.91039 68.709816 56.013226
161.91542 156.95854 154.34857
157.73756 157.59511 159.61674
145.87422 148.4143 148.18686
98.02046 93.49129 91.82408
94.34809 72.852974 65.2776
87.39389 67.52023 58.82804
104.396774 81.83572 73.4235
96.76186 81.47655 67.62509
151.37267 156.59166 169.90758
81.50258 72.20871 66.48364
87.78461 79.55145 71.37583
85.107925 76.4558 73.16956
84.97965 74.49767 68.00781
91.10848 84.089745 77.27465
88.1756 91.654335 98.33484
99.85424 95.65175 96.8376
100.32375 101.275 106.54138
114.683754 111.77905 110.77724
128.27377 133.32076 144.61018
137.86514 135.66608 124.03652
71.16311 64.38712 61.86067
147.89285 143.79657 137.7238
118.98721 114.261406 94.42767
101.912994 83.88952 67.739494
113.11025 100.3444 87.71843
102.53903 87.8312 74.83486
100.983246 80.50143 78.39397
97.925735 130.07652 157.53922
80.22892 72.444565 78.51767
46.382465 36.35334 34.414745
54.47878 52.958435 59.338985
121.2315 123.16866 135.45848
28.11788 29.073156 30.173271
77.435234 82.706795 117.51224
24.264423 29.284746 36.150047
37.019424 43.040943 50.196934
64.29991 75.14933 92.73652
36.92007 38.76705 42.378963
71.41991 89.643364 116.280365
43.695877 51.009632 60.803158
19.859447 28.465069 39.69189
45.29802 51.37477 61.278778
35.691246 35.670116 36.703823
24.841013 29.953457 38.772373
71.4991 71.42896 79.85691
22.561245 36.23864 47.424816
41.947235 70.778275 100.79852
72.809006 72.736725 80.285805
55.883133 54.41539 58.33007
105.92641 118.624794 138.76527
130.69037 110.59242 114.39553
135.91864 117.72843 115.858986
78.00954 61.78597 48.454124
80.731224 64.76012 49.811222
101.214264 86.03601 80.20693
87.24214 78.31977 71.320625
134.05186 118.27498 114.64171
75.13171 64.57705 57.957718
90.98286 88.99083 86.9939
92.6371 87.955414 80.23931
109.27329 108.717834 106.79325
106.22405 94.24749 87.21417
109.52848 106.15687 103.1365
139.24635 116.40071 109.484634
107.42033 94.13571 80.92097
109.34106 92.29744 77.92885
103.95053 85.762215 70.2418
106.41532 87.67286 72.87299
110.59521 88.331955 74.47025
110.40906 88.56587 75.512146
122.53917 103.592606 88.64447
87.40348 73.923134 64.25486
33.478733 33.061085 35.958134
27.29189 23.677603 23.562603
24.763134 25.086082 25.857765
13.005553 22.025576 23.83477
27.729723 31.709055 32.436428
107.326126 99.62417 101.73654
106.82867 101.65931 100.84882
108.46634 103.977745 102.36327
110.34118 105.06917 103.73247
112.36892 102.66412 100.66157
61.936867 56.57122 48.613155
38.002995 36.272675 45.174747
114.49641 109.82378 107.82124
126.96336 122.53311 117.87466
123.54154 119.46124 116.46115
85.00908 77.381615 77.92742
72.05051 61.08629 54.472534
74.31325 57.62311 52.244633
109.72274 94.3921 88.423294
76.800896 67.2505 65.79378
137.46889 130.2697 125.586334
74.557144 62.720737 57.999886
83.53488 69.73412 64.7383
87.78108 90.40516 96.162094
58.146545 58.719563 63.24599
67.601616 63.46099 66.5606
68.30864 70.315025 79.92829
76.836685 70.77313 71.832695
74.31007 67.584236 67.444145
79.40777 62.76403 66.799286
48.84136 42.679195 45.077927
81.84489 69.41537 71.92827
62.52786 39.655186 37.36083
34.321865 41.055553 53.04924
68.96445 74.13576 75.66129
34.009815 33.305508 38.307926
30.506428 24.268179 28.310852
90.50795 91.00996 95.7724
68.41459 74.56203 80.49521
39.115578 38.74956 35.40643
83.75115 76.4527 75.34882
75.511475 69.41855 70.08198
71.315895 64.95159 65.64864
44.23979 41.653965 46.223293
53.9862 47.182556 44.22546
54.527786 48.876842 40.52546
65.56325 58.66514 49.581406
55.04311 51.10984 46.84901
59.58781 52.49196 46.810898
41.435555 37.732006 30.910875
91.630066 74.09703 75.38035
54.220116 55.5603 54.335712
67.76272 63.47977 51.042004
118.76445 112.05417 110.13638
108.39523 102.56735 102.669334
108.62988 101.99246 101.12753
94.66023 85.59643 86.265
91.74106 94.088066 105.82797
85.37972 80.98516 83.31523
134.20523 121.51897 125.33445
129.28749 81.33703 91.99454
113.08721 97.75161 105.35611
109.99726 84.31728 90.95841
95.15044 79.81263 86.706474
90.47136 75.90122 74.83495
97.71136 76.14774 80.321495
83.487465 66.92293 65.63286
101.35551 103.859955 123.08818
109.03284 88.16451 102.6679
80.402214 73.51 90.01887
198.1815 173.56216 207.15053
99.36705 74.513176 79.500626
122.48339 80.57763 97.26656
101.282005 81.22224 96.98539
109.08186 81.38205 92.769424
50.133617 49.349377 59.768364
132.43762 126.59968 146.9559
42.880207 39.93357 43.052673
44.522236 43.806107 53.709354
39.135944 47.18288 49.91788
49.152027 32.6929 21.029125
21.810392 18.977259 18.16106
54.075645 58.412464 75.24175
49.547604 45.63629 49.118134
41.80569 37.29608 40.214516
52.266727 50.6053 52.11661
33.085022 33.422028 35.459377
55.31189 49.78726 52.341244
46.39744 39.09461 41.51152
43.010277 35.968803 34.735622
41.60334 40.152534 46.93069
93.55537 102.49408 110.12968
50.011726 37.652557 33.01189
24.259884 21.995668 24.499516
32.137627 28.913664 30.686867
36.612236 34.84491 34.458595
52.07463 63.446106 72.16424
52.229053 50.83318 51.453896
61.280346 71.47567 85.74106
47.64205 48.337234 57.96203
57.592464 46.244286 55.984356
53.61514 60.41037 72.429955
67.03779 68.70523 71.94341
65.97664 57.949585 50.922188
60.141476 52.89947 54.86553
95.68869 93.49214 97.01189
68.73161 58.3312 51.917374
70.30134 60.803455 61.0391
71.692856 59.99539 52.93749
76.91701 68.727325 64.82108
54.247925 43.526405 38.381107
69.81277 63.386475 61.276844
68.523476 59.887142 56.993134
60.172398 53.057144 50.12062
78.51493 70.861824 63.495644
63.850506 57.06235 52.208042
29.905554 19.906498 19.374815
84.30023 84.26016 88.31991
83.44325 86.06223 108.28813
121.85742 105.14829 116.565094
87.98193 98.94553 109.469215
76.89716 69.0109 74.58804
64.68143 57.272144 58.795
62.266888 56.20085 58.654953
61.139286 54.187397 56.19613
66.63894 60.190437 61.91438
65.44682 57.925785 58.207397
63.27811 55.452072 54.930046
61.880463 54.773388 53.42346
57.09136 50.616104 49.57585
61.30265 56.582672 56.82219
53.192326 51.75553 52.035805
63.298733 58.095943 62.39947
57.71159 55.63032 58.674034
50.286545 45.747948 44.68445
62.207832 60.22537 60.204033
53.761566 47.442974 45.452465
70.61175 59.921703 57.3091
63.73129 54.273342 50.869102
54.47235 47.41772 45.117165
61.927948 49.775368 51.696728
56.703224 51.58636 53.257904
51.571476 50.59175 51.004562
49.335922 48.917328 51.55205
81.80032 82.19671 87.89935
110.92046 95.63175 96.70168
60.741383 67.371864 83.278984
74.09012 59.737858 63.641937
46.930923 41.443066 43.96074
100.63928 109.36076 119.07864
98.39608 94.96493 94.88182
122.79818 123.49463 125.2915
103.284035 86.53853 94.169815
83.04401 79.4918 79.402145
78.079445 70.135574 73.12078
74.48053 75.48756 79.631546
84.02094 84.213776 86.61546
105.58918 104.55713 105.34781
119.78373 116.0903 111.68666
102.34265 88.311104 84.2538
94.27265 77.62373 73.22398
102.30341 92.94753 88.25226
99.051796 90.11461 86.52834
115.65385 113.53774 109.87385
24.8853 31.446497 36.904953
17.566406 23.684332 29.011383
49.373478 44.49682 44.06956
54.696358 45.790413 44.748985
68.87871 55.502903 54.15659
53.46744 43.420277 41.307926
57.80394 43.98097 41.050415
56.236843 31.613848 26.304562
50.43834 42.44343 42.208317
62.96106 68.817696 73.81797
68.905045 70.46074 74.472786
82.71887 83.78449 89.62157
52.755367 54.53175 60.156937
92.573845 90.263275 94.3279
71.60767 69.45887 71.58009
92.21648 89.627396 94.07615
69.91385 69.301315 71.83527
86.690895 87.90949 93.062836
52.730667 42.672626 42.7844
69.49912 58.128273 53.894123
77.9915 65.72417 61.583065
57.157234 42.577118 37.081635
65.265114 51.135967 45.796635
84.06281 70.29159 66.83784
78.47152 66.619514 63.089424
50.804676 41.22447 36.929794
15.077489 19.655115 19.81447
45.662857 42.698826 43.153847
81.7997 104.52581 143.74852
94.14804 88.20249 91.923615
82.73145 94.3741 120.33189
82.64714 105.07325 142.42235
105.2973 103.41099 106.89827
81.4029 103.81164 140.522
87.0618 88.84168 100.64542
123.449104 117.28578 120.76111
124.92272 116.73735 119.415924
99.82076 92.55502 92.72226
118.39594 107.89309 108.44705
126.36761 122.38698 122.76866
103.18551 94.30825 92.50018
110.76899 105.864655 106.135506
114.650856 105.5094 102.793526
100.943665 93.33523 98.03608
82.70014 70.140945 66.533615
43.34069 38.390255 40.960022
79.71145 68.88198 71.367744
81.34645 72.54507 70.21896
102.95652 92.95477 85.45776
84.027695 70.91143 69.48392
43.473988 38.076797 37.674747
68.58039 63.415714 57.988224
103.6697 104.01726 104.97095
105.003 104.48532 101.43274
122.93325 118.20564 112.08267
130.8405 129.04652 120.31415
91.06945 91.236176 90.339516
220.45258 217.34483 217.2845
72.14747 77.45781 91.568275
62.328156 49.849564 43.46184
67.254005 63.95931 63.944218
60.873547 63.355255 69.5658
110.912285 107.85189 115.518456
101.59855 89.21099 88.08956
75.24408 69.38719 72.24675
96.27069 98.44988 104.32627
65.23516 68.94908 72.616455
50.49143 48.981453 50.88864
50.18113 50.65696 52.55083
36.45461 45.29357 53.7038
39.311565 43.09567 49.947926
106.169075 76.62348 65.751915
86.37189 68.815994 60.579655
26.83454 21.602926 26.404861
16.958387 18.975138 17.337397
20.352142 24.631775 24.852535
18.074078 18.11652 19.195322
52.258457 57.775646 65.86327
55.889954 62.175186 72.05516
38.003708 37.81099 42.68917
39.674423 33.566196 35.177765
41.691868 43.1347 44.523525
42.16037 45.826084 48.557926
40.284702 33.896637 35.403526
42.462097 34.66947 34.745068
59.098366 56.745045 63.69074
69.96488 62.94168 64.01348
72.39567 63.49659 62.568134
52.934654 44.93698 44.750946
64.51378 53.813732 50.94242
74.87537 74.185486 80.20491
69.60724 66.5009 71.16659
64.14682 57.371265 60.8862
58.98309 54.979492 59.2994
66.825485 60.360622 61.128986
65.295 60.527283 62.966267
72.12491 68.74074 72.48069
55.05131 55.52182 62.09265
58.735138 54.59507 55.68726
64.21007 65.00422 74.18721
39.766476 40.922466 46.200367
64.28373 63.55917 72.1735
77.78058 73.861015 82.46949
47.30235 43.798664 49.284676
48.869102 47.656937 54.68802
47.42221 45.617443 52.126335
68.20293 72.913895 83.84839
34.48841 46.33136 64.09807
12.8714285 29.098663 65.19067
29.268478 41.167118 59.790714
37.562004 44.614677 56.619724
23.40576 24.121313 25.986475
18.301313 23.268732 26.458248
102.80521 109.36095 123.94931
56.16242 58.930138 66.67472
78.01654 97.67488 114.437256
48.947052 49.188915 54.89081
40.10917 46.705048 57.83159
62.607742 58.14892 59.44666
53.25235 56.34173 60.86454
87.28493 93.148315 106.53155
59.891888 57.601105 58.062374
78.54251 65.89161 60.012672
99.30101 114.3436 138.93658
64.57924 81.01839 103.252464
35.5365 45.876568 64.68039
74.603065 101.03262 134.64163
93.05604 133.46509 177.74083
183.15016 145.91725 111.23717
164.58376 118.81986 76.20214
75.780945 57.892857 51.69387
63.780575 50.679794 45.163364
72.2838 58.482788 52.104218
120.16871 123.96479 132.65749
121.958206 130.97055 142.42827
84.60968 67.24954 58.10991
114.88804 105.50739 103.22136
112.81968 105.204605 101.4583
79.12652 28.32053 24.047789
64.64788 51.345253 44.776035
111.36387 92.50622 74.41221
121.16108 103.30608 92.11302
90.2812 51.01765 42.569103
108.88611 87.13309 77.3226
111.304955 90.4041 80.71488
92.23388 74.96626 67.49946
117.27164 94.198296 85.14316
98.11021 84.31767 79.3865
82.621956 65.26062 59.08092
82.060646 64.85472 57.859123
41.140392 38.16046 35.44818
33.123688 26.210876 23.324448
70.9715 55.91873 50.636982
36.99076 29.74341 25.319101
79.24846 62.854656 60.888573
83.223915 63.90574 59.45931
92.470184 74.37341 70.36871
67.004036 75.608505 93.673874
88.90509 69.14039 64.51417
91.00375 72.13839 66.64689
103.29309 87.87611 83.44325
23.29364 17.491497 16.016151
46.47894 36.352467 37.128548
77.85592 71.69357 73.29463
64.79726 55.248848 53.92396
69.15511 60.5047 58.824123
69.148384 60.057396 59.111313
68.83009 59.2612 57.868595
68.292465 59.26302 57.71576
67.205666 58.120415 57.410393
67.82468 57.56032 57.208687
66.60735 58.476013 58.678066
73.568985 66.55726 67.41078
79.7173 72.59295 74.09894
52.586082 41.847073 39.424217
54.746544 44.246292 41.625183
57.425552 47.183018 45.09733
59.856796 49.60189 47.5441
72.3286 63.49521 63.487144
97.71246 90.54836 89.886246
56.842556 44.292927 39.556637
56.22182 40.30136 36.743412
59.94341 46.98357 44.614124
57.243755 49.954124 48.101406
61.516197 52.74 49.919884
68.474335 57.047535 57.800877
66.762146 56.883526 56.32212
53.40447 40.628895 41.758846
55.97145 55.856728 57.095577
49.064953 43.024033 40.793064
28.781498 16.857027 12.360622
118.91931 39.216106 29.429516
25.301128 27.92265 28.986153
61.078617 54.92643 55.100346
45.455254 52.705414 54.282097
52.47318 57.146107 57.968456
26.301727 27.23613 27.951452
56.198273 52.76938 53.98341
33.425713 41.240578 51.92355
82.70449 94.96115 99.079865
56.85832 96.41502 104.6117
58.468132 106.208275 112.10822
55.192627 110.17065 114.10383
68.578545 98.68958 104.651634
73.2047 81.43915 91.47795
34.683228 32.924816 32.541336
58.112328 61.164238 66.391685
40.308987 44.465992 49.775482
36.921406 48.14159 52.519745
51.142464 77.91615 98.41947
25.954424 23.836405 26.847258
46.476913 56.122417 61.422073
41.029034 38.921936 35.861637
31.403133 33.390438 34.89864
36.91599 42.29555 47.359146
34.178158 31.672718 39.26666
76.03899 93.12979 111.08897
46.184814 48.855415 55.514446
34.506958 38.20288 41.03106
34.919907 30.56652 30.09675
54.625507 58.718018 59.58583
18.776913 26.858849 24.173847
93.34896 98.70571 110.02125
57.62765 62.853477 67.697784
29.698595 34.387325 38.105484
224.7537 195.64076 168.74417
139.87578 100.95816 61.870922
138.01079 87.388016 34.895046
184.28362 138.84808 94.47314
171.66104 121.87507 71.97493
128.22696 83.96587 42.664032
100.55675 61.244263 23.378502
139.7591 104.423805 68.3144
138.04991 98.05772 59.577072
105.31465 71.69166 46.702282
143.94159 94.86041 51.79855
158.28366 106.34012 65.00551
110.11583 74.75809 45.784355
154.10535 107.03982 63.888386
132.32346 89.820206 56.4744
55.94378 32.763203 20.440714
78.50378 73.45834 71.854904
51.137325 45.56567 43.057835
65.40193 60.038086 60.934193
58.357395 60.353043 73.06521
64.83659 64.15265 66.02878
57.51355 63.218685 74.871796
43.620945 46.626244 56.504654
59.909332 61.147766 70.60507
79.01728 73.930435 78.71196
69.5929 78.305046 94.4265
69.71162 71.53081 67.71034
39.29249 42.860344 51.595486
54.883823 60.954815 70.01484
40.197372 43.216614 44.86698
37.853317 38.08486 40.687004
64.50025 68.75845 76.469284
57.47615 64.60302 78.34456
60.716106 63.70032 70.04523
71.33419 82.350464 99.29885
50.437466 60.258503 77.07781
58.18479 50.461407 50.512074
42.390045 50.251335 58.483295
58.20106 60.637165 68.65193
67.352554 80.60221 99.23827
43.06454 44.844215 47.855713
41.09629 41.85076 44.686035
48.400024 50.438065 55.21659
51.616177 55.84848 60.926083
59.01055 64.63221 72.41988
46.70606 50.22129 56.69629
50.486546 51.43235 57.79014
68.1544 70.25632 79.61827
61.237625 70.6294 84.053505
58.173386 62.260437 72.74002
50.913685 53.3715 58.690254
68.12751 63.113754 68.55807
67.590645 68.26428 78.7521
41.968872 42.662235 50.489403
36.380646 35.95493 36.41263
60.52599 66.47694 80.977554
52.180897 56.69129 63.932373
43.772167 49.29774 57.299862
64.85187 68.98961 75.627556
34.267788 35.995163 47.884125
76.71883 71.85032 71.15479
54.25848 58.261337 68.80783
77.43228 77.17544 88.92961
82.885254 87.08371 96.77117
81.87327 74.07696 76.415764
29.72258 31.456474 28.70894
3.3047926 0.582212 2.750046
139.59521 122.2173 101.52873
123.93463 120.469864 130.50673
105.9503 97.9553 103.36827
165.13841 153.02023 148.88435
129.33086 109.17977 104.343506
140.00261 122.175095 118.657234
68.24583 57.205322 54.963272
117.806984 100.19023 92.85401
126.05643 105.87807 96.576935
143.81836 115.44541 100.5909
149.20984 118.030205 99.970665
123.31864 99.96797 90.3859
120.09184 102.80069 95.46949
145.99306 130.22995 121.14258
132.91277 115.04558 106.012695
136.0721 116.22334 110.25535
131.58194 110.75009 99.00843
147.72815 140.24011 138.96852
102.17138 95.62701 94.53007
1.8111751 0.7334562 1.2679724
17.658295 16.465784 17.04099
25.106844 23.947372 24.498617
24.026474 22.806612 23.386036
20.431013 19.245737 19.811844
18.71486 17.545898 18.09772
21.928019 20.729586 21.295668
23.835737 22.60166 23.181084
21.515923 20.315968 20.894032
20.903917 19.64546 20.242466
17.880047 16.712488 17.269331
17.919538 16.778341 17.325623
21.732073 20.521683 21.090023
25.69576 24.340437 24.98643
29.228756 27.936935 28.541958
22.406889 21.153433 21.750576
21.304447 20.050116 20.64394
24.227282 23.062674 23.615461
18.33083 17.110437 17.690737
17.54993 16.316359 16.904654
26.709055 25.404308 26.035208
