5.594313E-4 5.594313E-4 5.594313E-4
0.0044425433 0.0042780046 0.004705805
29.146965 17.096386 29.658188
14.826708 0.7947545 14.905423
14.000592 0.0012834014 15.000592
21.296926 6.897558 15.217257
25.144169 10.737956 15.132684
18.653316 4.442543 14.912465
78.51293 80.68142 76.816246
96.22832 98.97917 100.758095
111.81496 113.19455 113.82793
50.991344 60.084408 65.508224
96.73361 104.12261 104.560616
22.428986 7.732789 15.956002
70.103294 67.20956 65.10231
93.68237 88.66223 89.13726
85.27649 78.37314 76.74832
211.98634 216.05312 214.92717
237.57819 238.37024 224.729
67.183754 68.15812 67.06121
133.94925 143.55138 134.80084
159.94011 174.26237 171.56953
88.103004 95.70758 93.89361
84.500626 83.49098 77.825424
107.370605 107.64871 99.031494
73.17846 77.097404 74.30578
103.6442 102.44544 94.241806
86.690735 82.93971 75.74506
31.168224 31.902857 24.944057
24.53215 25.985653 21.669376
44.501415 39.45949 30.237692
41.773037 37.013756 28.542122
69.54676 49.98707 35.901276
36.51537 37.221798 30.06236
36.43254 37.120968 29.953304
19.40789 21.689484 14.711432
58.47874 48.835133 41.157726
19.276623 16.995262 17.970383
31.848953 25.666283 22.433954
35.46798 28.910984 21.248552
21.919836 20.795183 14.339575
23.347967 21.335724 15.9459
22.869356 20.741213 15.641964
22.618467 20.525076 16.003948
13.21604 0.77968276 15.140714
45.728115 54.667698 44.197514
85.00832 75.36195 57.50194
91.169014 90.75395 85.426025
37.336975 39.91974 40.129032
111.905624 102.81239 93.81723
77.921745 80.47387 80.373436
57.7011 65.03252 65.71788
56.443993 60.291595 61.568447
113.60847 107.90812 102.59352
71.908646 75.361755 71.41362
86.80489 90.892296 85.236145
89.8118 87.920296 76.91822
80.17862 77.6421 70.0134
94.09145 90.86166 88.250885
110.12702 101.95587 92.92734
65.50678 68.0618 67.015465
129.5336 132.68758 129.81677
80.99845 81.86067 81.171616
73.72512 72.8715 77.210014
90.11083 89.14736 93.34366
54.239864 64.0876 66.37479
66.28343 67.86511 69.3738
60.582993 65.928 70.71291
59.661873 62.15473 67.78821
70.889725 69.1701 74.62548
110.54528 106.062 103.90164
86.13933 86.72532 79.44557
65.82944 69.035904 71.2196
97.60514 98.763 97.55943
72.01441 72.93902 72.09675
69.75872 72.30216 71.86389
117.51172 116.53531 114.765564
82.34534 85.38571 79.97124
12.481407 24.433493 23.77297
34.249508 35.85468 35.14858
33.339577 35.18932 34.779125
35.998814 37.113663 35.53205
34.66612 36.16546 34.77422
31.780933 35.447544 34.589577
73.07737 70.90749 64.2396
51.59662 54.288635 53.411938
47.843426 56.843063 59.31394
52.41905 53.70008 48.33204
84.993484 88.061935 84.99299
38.694286 51.280735 51.248814
54.475353 54.39249 49.83095
39.626663 52.451923 52.671482
56.614388 56.430237 52.375774
20.568844 34.092735 33.69126
31.913683 43.131794 41.141865
15.152066 29.273891 28.320883
18.08194 34.785805 33.28518
30.543438 42.11669 42.835396
53.17237 65.52087 73.041794
27.884527 32.134033 29.09326
30.804462 32.245 25.415657
30.465876 32.56282 26.41783
30.963142 33.051895 27.012077
32.323616 33.504673 27.182177
37.993156 35.96956 26.327433
31.528267 28.64101 17.973476
32.683857 39.259346 31.469099
86.77692 98.903946 112.17648
52.019283 61.35103 59.436157
26.024681 32.918915 30.75849
80.47189 63.827103 57.027447
57.01254 55.946888 49.217552
53.14815 56.135612 49.040314
39.26086 55.47782 60.14789
43.389988 54.44636 52.98549
40.44356 55.210808 52.86337
71.098694 77.07191 66.95465
61.298965 66.3684 58.17701
74.04713 80.348495 72.75434
42.5258 52.83375 49.142162
76.25885 84.07322 83.9153
108.0696 111.96667 105.5983
78.369354 85.20156 83.80703
78.285576 84.546036 82.186195
49.982 55.804234 47.43053
77.565125 81.46469 79.917076
61.214264 63.1804 62.700474
60.290115 66.97101 67.383705
63.060585 67.835495 73.38117
54.004738 60.702976 63.749966
59.50859 67.6548 67.48009
64.11692 71.445404 74.46387
13.1897135 15.271555 9.147657
32.506744 45.390846 46.737297
32.630413 42.744373 42.19103
35.180927 43.9176 42.968803
33.57388 41.019417 40.169113
75.81016 60.3814 15.325622
56.376038 48.20482 29.62867
71.56174 84.92392 93.07457
126.812195 137.83763 142.20818
112.268394 118.20778 111.34412
148.53238 158.27063 153.99951
87.61143 103.094246 99.34451
73.968636 89.23802 81.82243
53.09053 56.85142 55.613632
96.252304 119.6699 121.67869
164.52422 176.35596 159.1595
106.37301 104.36251 89.51869
96.295975 94.58885 80.52596
77.18297 74.29393 64.48075
107.388016 116.383835 101.742004
132.51369 132.85106 112.958405
139.64276 140.51741 121.24519
102.42843 102.65391 78.97025
172.50754 164.23055 143.48492
113.386406 106.798996 78.651115
117.05417 124.700935 112.91638
87.490585 85.06483 71.94126
120.572266 111.80811 96.05973
127.48953 127.33773 108.11847
102.52376 102.88914 80.46255
153.47792 156.05539 140.77484
144.73947 142.07529 123.170135
111.87725 118.266914 106.23502
114.93027 102.787544 79.02679
162.0026 161.51855 146.76547
213.70198 203.31569 198.35382
153.77225 157.04199 140.00748
133.60735 136.11278 121.37406
104.38476 111.58714 98.11738
98.7939 108.9382 93.45307
107.774414 117.58727 95.96327
89.7396 104.16931 89.16325
87.53959 102.841644 87.67678
16.999012 0.0019744637 15.999868
69.76017 73.49704 65.88459
95.60056 101.560646 94.34122
95.26198 100.6702 94.03639
52.224102 56.611984 50.557323
33.83418 47.530735 47.41546
157.96193 161.83293 155.1056
53.593525 54.895977 52.024582
95.684906 101.740486 94.753914
91.7758 98.075325 91.50727
49.804825 54.38252 48.67816
37.7785 48.29018 47.771915
48.94896 54.232132 45.915985
53.52692 58.972553 56.506252
52.674477 56.699455 58.369488
49.972324 58.502502 65.82941
52.24513 60.364487 68.77748
80.19916 82.35952 91.4123
59.712418 61.70541 60.018528
65.63301 68.11442 65.49072
72.01415 78.829865 89.46758
74.875145 72.23529 71.96647
61.05614 61.1806 61.628933
57.12482 58.55828 60.488087
68.64661 71.40894 73.08019
40.80716 53.99694 46.427437
51.034325 64.82414 64.59399
44.454983 54.41023 47.628372
39.01629 51.044262 44.2319
142.95175 139.0597 125.83372
86.72252 92.82401 87.19021
67.94547 76.721436 69.59372
125.15987 124.73881 109.10645
127.07756 124.88588 107.04344
145.26926 122.04413 98.31157
97.01145 100.26451 82.25185
114.94593 111.189285 88.89295
38.007504 42.675858 32.821247
87.13857 94.34622 83.77083
70.82526 67.21163 55.700703
100.89924 100.47414 90.756584
159.8869 162.44685 149.29903
186.87505 178.97101 161.68155
213.91016 222.45695 217.73097
113.73565 109.869255 102.87801
108.85645 106.3992 96.93024
116.97943 108.690834 94.25842
111.74835 110.68264 93.342834
97.180466 95.48825 89.559105
146.44728 148.26021 144.36153
173.23984 173.43962 167.73222
202.96242 205.53494 199.4872
120.06545 110.52583 86.567924
95.88042 97.26007 91.33467
153.35284 156.98299 146.59418
221.28189 215.45659 198.65154
107.91908 106.02784 90.85945
140.67793 140.53705 128.2028
175.64868 166.7986 141.22789
160.24069 158.64644 141.21495
168.05531 167.17596 154.81746
179.80841 180.49608 172.36465
164.86053 167.22275 161.25174
123.29877 121.12143 117.121925
93.120445 91.34662 76.2035
154.51625 156.04321 142.93866
113.00984 115.73502 105.433655
228.53343 228.90466 224.07391
89.778465 92.72956 83.67418
141.36324 143.48495 138.98097
165.60123 166.93684 149.48305
109.025406 107.53656 96.003586
216.29524 212.98967 203.63893
161.13705 164.30038 156.63972
114.66516 119.00013 107.953865
177.696 173.01372 163.40622
121.43698 118.540016 109.07763
139.49417 141.96236 132.13335
155.98523 159.62709 146.76204
105.76856 99.17217 83.89355
125.622185 120.9795 105.08204
179.94 175.63039 161.05995
82.136734 83.14789 76.651215
126.078026 127.79726 115.97114
185.86676 184.1733 163.48375
146.8691 149.4668 139.29811
159.74292 160.23572 147.98688
105.64368 103.33174 96.63877
95.62479 96.73585 91.63719
169.3271 168.33142 156.30476
98.94735 91.2966 92.88617
116.681816 118.28916 93.57128
56.339905 54.16309 31.141338
42.93122 47.01708 49.36682
90.851555 80.71015 77.54258
62.67099 58.796795 59.630547
44.68422 48.398907 44.325096
48.457844 48.092274 46.300186
39.893543 45.552258 42.95317
80.18415 69.8865 62.89374
77.94054 66.05222 58.5978
71.53192 62.216007 56.950047
73.696686 64.74829 58.98121
98.94603 90.99519 86.81769
82.6962 76.81838 75.228905
88.839775 73.38611 70.38219
39.756416 52.76774 50.83658
39.543537 52.716434 50.665558
38.88946 52.206398 50.21739
16.941128 0.0044425433 15.94669
51.59487 62.500824 57.786957
48.917564 54.875675 53.65947
53.121166 65.457184 65.98354
18.837666 34.6829 33.266914
48.3891 63.428097 64.186455
20.702415 35.96716 34.754013
47.289654 60.270634 60.980125
38.70087 41.697216 37.11169
65.52389 72.57191 64.96239
96.44284 100.76267 86.453995
82.42685 82.76313 68.209724
101.915825 103.87824 94.70886
82.268425 78.73512 69.028824
96.57207 97.942474 84.04778
127.08806 120.69439 105.8944
122.00668 114.00494 99.284325
134.79697 132.3869 120.78966
100.30298 83.07204 60.345333
85.01566 69.18593 50.258785
50.35945 45.604877 27.959194
34.56437 32.7629 26.747696
68.424545 54.807755 45.768757
80.93323 61.533894 46.9304
73.9044 82.997696 87.29044
52.400192 51.784653 51.449783
46.78646 50.771095 40.329536
73.6986 89.1624 82.34174
108.472946 109.3685 95.44537
94.24964 98.2167 89.59635
68.021065 75.5825 71.24411
58.417072 63.370014 59.857048
67.329506 67.98354 55.15447
89.39446 83.80393 71.63769
90.19478 83.67645 71.10527
42.94807 40.02287 34.794556
55.524944 54.302555 45.50204
36.094315 37.599117 29.788338
50.88522 50.071674 44.37199
58.9666 51.562557 44.056866
56.594414 68.80087 67.05117
68.49464 72.83306 67.0669
67.101654 72.93152 76.78781
78.14516 78.866 73.15193
69.47101 75.068115 77.167076
35.406246 45.136436 42.422997
142.26906 128.07631 91.005066
34.203106 44.541462 29.221075
97.87403 108.703865 94.366394
36.800053 52.212814 45.082237
45.98414 55.67642 43.219856
60.01665 53.85014 31.884033
60.99187 63.35692 56.477394
27.547947 27.00701 24.861162
32.497894 36.935764 32.662663
51.47193 45.4562 40.43563
51.0101 44.910095 40.74352
44.655556 37.379295 23.016356
44.38288 37.082893 22.966105
43.273167 36.286625 22.411314
47.970448 41.422043 28.6108
84.29768 75.13999 57.419342
95.17441 80.52307 60.947445
118.0905 104.212944 89.51886
112.01369 97.65964 77.69142
62.767212 65.04255 53.22035
61.63239 67.493355 59.797092
94.09596 84.28676 64.15664
51.35083 47.75066 38.17033
56.755165 50.24852 35.077103
58.84948 48.7296 38.93935
61.68244 50.31703 39.22884
52.548374 45.45245 33.926155
68.475876 53.25056 44.90687
39.15516 39.1183 34.27899
48.91059 43.835197 42.8298
76.91056 58.565323 49.66105
49.700935 37.832237 21.057194
47.32164 36.73891 16.911346
29.95531 39.615044 35.887917
31.277313 42.131565 36.02909
40.556404 50.7992 49.244736
28.202646 36.347145 38.213306
20.559036 29.888376 26.638805
25.961926 27.05387 26.365341
15.898776 27.257372 24.294722
27.888113 41.91569 42.04245
50.260796 57.32085 49.873142
67.057625 63.78462 43.18254
26.658155 35.389694 35.448105
35.569042 39.775074 32.480125
48.273956 46.894234 34.04084
49.027775 43.7757 29.012966
56.11965 48.57878 32.91875
55.883705 48.146736 35.80713
43.499046 44.019054 36.834343
42.36847 41.70393 32.327663
39.71219 45.516617 37.667072
65.37386 59.737923 45.085922
41.472885 44.32829 38.72035
35.172634 44.998684 39.77297
30.007635 45.148907 51.803802
13.7211075 31.5413 34.873997
77.099976 75.43543 61.07332
44.88025 50.576015 37.233383
31.87133 27.306042 33.067
47.830097 52.18501 38.448006
47.711926 51.873272 37.739735
69.0543 68.38133 51.950836
46.216564 48.92816 32.984764
61.450146 55.052486 29.843689
59.545216 53.115868 28.073318
49.57987 46.03113 26.11544
57.42602 68.7909 61.718605
66.37136 75.91806 69.927376
58.31302 71.63176 69.85406
54.122944 62.617844 56.893314
34.404633 46.156475 36.426647
74.65012 77.79525 66.14661
62.152824 69.23878 62.430336
80.00362 89.03979 82.21472
67.36695 78.48006 72.79713
47.088028 63.44728 64.67293
50.898052 50.82822 36.40766
47.37192 52.81338 39.72239
45.2423 48.132782 36.179775
39.955772 45.39904 31.824997
51.355568 58.928524 46.95334
58.836315 52.125805 44.569138
84.52692 91.41546 73.07467
129.04607 122.14479 90.62732
89.816444 78.30571 62.40348
89.8402 83.74744 65.80183
80.92931 76.126396 55.41819
61.540707 57.42346 44.522705
81.471504 84.54986 70.92412
104.62186 98.59112 81.9175
61.400455 65.61294 55.535046
61.05479 63.3223 47.84553
103.02386 104.78468 94.38423
74.82911 71.231865 57.108498
81.155754 73.49973 56.164112
98.40325 100.759346 94.75599
92.17668 90.03659 80.3507
79.12396 75.25405 56.999176
85.87409 81.981804 66.56236
96.70011 94.68533 82.90361
66.046005 64.66816 53.76106
76.98522 75.29794 63.6725
94.02643 92.81881 72.29841
70.512436 68.75754 53.320686
83.654564 85.21166 76.91822
87.749374 86.45445 76.62386
75.15009 72.00721 63.149498
93.88703 90.15312 77.429214
105.74279 100.488976 86.556206
104.65095 94.74825 76.57569
140.3893 127.56483 111.5208
82.12087 75.17573 60.188858
87.9999 73.95031 55.551105
106.28702 89.67441 70.56052
178.73882 174.53389 165.81487
81.69978 75.03778 59.453007
87.26754 84.71222 71.401146
109.84615 101.940765 82.35593
108.2913 96.61449 74.66082
127.05308 114.633965 91.68883
115.13028 111.26198 92.541466
100.21377 98.522934 85.90025
99.94205 96.24273 77.7191
77.15894 73.74799 58.002335
124.601685 122.23835 115.63479
123.85632 118.82013 104.484535
117.64588 110.19264 88.40786
118.72617 107.85649 88.097145
79.3353 82.83724 73.05282
152.39687 146.98941 131.54854
134.25381 125.892685 103.46186
64.10221 64.14884 56.257534
69.35837 66.09467 51.567295
40.252335 43.864254 42.22588
159.12866 150.20428 128.776
138.12929 127.29416 106.1625
120.93106 107.97601 88.01968
116.84609 102.82171 84.31164
119.160164 96.29301 77.70742
91.33441 73.63785 63.64858
78.99101 65.43294 56.226437
144.25714 122.64937 94.594574
101.72683 87.35369 71.847206
95.815094 83.6214 66.39025
123.45617 111.01876 90.95136
117.18708 108.17796 89.45162
92.63995 90.747826 79.60073
111.723015 108.72084 99.21064
110.00632 109.984566 99.41496
101.882095 97.37759 87.5102
118.69041 108.51872 91.184906
110.13795 97.80466 81.48996
103.216866 93.72374 78.88473
78.55976 76.69363 65.668785
99.72344 89.96117 74.67596
107.11231 95.49503 80.99993
113.75816 95.13351 75.22216
129.79353 105.16253 82.58385
94.82464 85.540375 71.01504
126.13071 119.10685 100.142525
100.00757 89.395386 73.66388
150.76425 142.94193 132.94925
100.46624 89.14473 73.41345
107.2164 93.0516 77.68024
155.07838 149.4872 130.66174
67.14661 66.66576 64.95071
77.83181 80.99559 79.9099
74.208374 74.981606 70.38219
89.7967 93.006546 87.49411
62.018528 66.43017 59.56585
74.1108 70.1544 56.510597
47.9073 49.519417 40.479694
56.574963 53.436226 44.141075
67.45327 59.173424 47.706234
99.40822 77.85487 53.37278
114.19603 111.34941 101.41368
88.383575 90.63769 73.98536
93.390945 94.04219 81.59754
70.83931 63.735027 54.164013
115.05535 117.866135 105.05357
71.02613 80.96499 67.26652
68.50105 62.501614 43.07154
28.643938 35.20643 26.871496
87.475914 70.14914 51.18501
94.51619 63.661083 33.050842
99.12663 78.72012 55.920822
93.60284 81.08875 73.64664
111.0747 97.12653 82.49095
101.95462 84.34329 68.044586
86.366035 76.76474 59.999146
123.98881 96.68902 65.077896
79.76461 66.73259 56.26168
73.46304 65.2243 56.979267
85.13709 71.357216 58.440403
70.41355 66.44297 61.557884
74.4382 65.87801 56.176056
133.6261 105.93037 71.31989
92.661545 84.32878 74.64358
53.275436 54.27136 50.41523
74.42523 69.98131 64.28966
78.85998 81.0101 69.25721
71.17066 73.05805 62.164803
107.45502 105.272446 98.863335
85.11719 89.81585 78.32605
82.98608 79.69047 72.7291
135.72887 107.44386 99.36409
98.649536 77.851555 77.02521
133.72565 108.908646 101.52814
194.83714 190.4096 186.34935
131.36406 88.23266 64.48378
94.60419 83.45057 75.8785
92.929016 81.42072 75.088
87.68695 65.14887 55.03883
49.868107 41.672405 42.580887
79.54278 64.22565 65.26708
106.01138 90.243614 78.76198
55.408154 52.08184 45.497597
106.19254 84.01172 75.037315
96.866196 80.90621 68.054596
102.90921 89.19593 78.93626
82.59615 66.16941 59.13867
121.32329 94.68876 81.87614
95.90878 87.95146 75.684944
112.948364 90.07628 76.60086
109.46482 113.50395 96.88025
158.19557 173.38292 166.0608
111.99111 138.67697 138.13966
88.69482 80.06117 67.37255
107.02653 94.50237 74.16319
70.46088 67.39361 63.09408
76.66941 72.76981 66.61369
50.677307 55.084904 56.717026
64.26122 62.156017 63.489502
58.32062 50.282974 49.365932
95.81986 105.46785 102.16543
26.641108 36.662926 42.73562
37.968674 40.049297 37.82888
56.258686 61.270535 56.746807
104.363464 116.5668 117.370674
64.744995 71.06453 60.103626
67.4354 80.48134 80.970024
101.03653 121.04821 115.065125
51.12281 51.779583 53.324406
47.137257 51.62584 48.677868
80.9769 78.190605 74.500694
54.760597 53.72746 51.61603
54.17609 55.256615 45.242332
56.00803 53.430466 58.15335
71.38621 63.03577 67.785706
59.2886 55.331413 56.70159
87.84675 82.86893 80.199326
103.88331 86.607445 76.84537
85.46018 80.05061 77.66214
30.134954 49.313873 52.758392
83.66727 88.639854 76.4382
55.536858 50.754936 43.50951
46.967552 42.361755 38.602737
42.55272 34.41625 24.426386
57.020073 47.01382 40.635647
45.74875 39.234863 29.107346
58.488583 47.859253 40.76823
42.980747 36.726208 31.765862
55.197643 49.039227 46.10251
103.26421 74.24579 45.66069
32.43807 35.749146 39.622944
16.645123 0.27017245 15.030144
46.317295 55.539524 96.00319
23.937508 40.11633 40.18853
22.594707 36.13074 33.520237
11.427734 32.057457 37.367447
44.353 45.566013 41.733448
8.292977 30.010992 35.237198
11.263788 19.812887 26.710873
23.873833 40.16681 48.25181
16.404074 33.93366 37.185665
40.95087 47.57062 41.204193
17.201164 34.574734 37.213276
39.196163 37.8298 35.65042
31.160952 29.705542 29.872646
39.98414 42.14463 39.5285
20.398283 34.9122 36.233974
35.55693 46.226997 41.173225
38.158054 55.024616 54.053673
75.126724 76.14598 62.11919
16.344973 29.86692 30.482033
18.288338 37.09191 39.850204
38.836777 49.709522 57.369125
33.01754 54.4357 61.646736
23.126202 43.16681 46.75727
139.19446 145.77754 148.43001
85.02619 84.8246 74.753525
95.41641 49.413452 33.9767
65.3245 58.746872 57.531
69.28939 56.649105 46.96189
38.406574 44.987625 41.337635
38.595367 39.676846 32.25783
85.436554 83.64756 66.61005
132.05312 69.126495 60.630905
76.24533 83.57322 79.87163
89.1544 92.41766 88.509346
87.43385 87.93563 83.43573
133.70798 117.29114 102.974396
70.1758 77.443565 70.86278
70.97835 83.71081 81.99171
109.64285 114.68465 110.63736
105.04808 116.84119 116.67267
108.429184 116.10248 106.110374
97.65118 102.90536 107.22838
61.16151 73.37396 77.71535
128.89319 134.40138 136.68294
112.3349 106.307915 103.28794
18.288403 40.569733 47.709293
98.8556 108.35767 107.22249
79.10468 87.6083 96.40045
37.032578 53.470318 49.280243
84.203636 89.08484 89.06121
51.03939 52.950012 51.132584
102.89506 114.49815 122.1109
147.51337 143.26688 136.5616
114.496086 118.80953 115.992165
91.99582 95.774124 96.43089
127.69771 125.57625 120.73983
94.14226 94.996445 93.18968
78.12212 79.56963 73.41457
128.87012 130.57608 131.70518
106.65588 104.06838 98.711266
115.23404 109.069435 103.98815
125.73888 123.58589 124.461365
110.65628 105.035675 103.5203
97.838356 106.63318 103.86804
101.48338 109.462944 106.15763
14.276293 0.30442938 15.151803
20.155357 6.0865803 15.352408
14.255825 0.27570093 14.790345
14.528959 0.5286297 14.914243
15.5031595 1.5370541 15.099809
14.89634 0.9157233 15.0559435
15.250889 0.9697578 14.506351
18.016684 4.682605 17.93866
22.647821 9.965875 22.95699
21.637127 8.806404 22.00431
23.885382 11.395814 23.870245
28.080328 16.115967 28.03406
25.837929 13.573516 25.913486
22.8196 10.257634 22.860668
23.186127 10.60932 22.859516
26.486607 14.322068 26.313084
