0.0012175859 0.0012175859 0.0012175859
0.0023693563 0.0027313414 0.003850204
119.91789 122.95143 115.21979
0.0023693563 0.0027313414 0.0038172964
10.386501 13.150849 38.896637
0.67398316 0.48910755 0.44691983
2.9812098 2.4996052 2.1796434
139.65102 121.14364 102.48424
51.564137 69.80282 81.83171
129.3219 101.11636 82.83961
125.021355 103.76636 86.19768
111.95344 82.03811 64.42257
101.73071 111.13693 120.68165
63.1959 62.04163 68.28712
72.247925 92.68889 125.3991
61.780506 69.749016 94.8066
87.63219 83.54926 87.290375
65.39143 64.52606 65.56496
74.30058 74.67991 72.616394
95.678986 92.51148 94.78123
78.82898 72.47532 71.86024
95.1078 90.29127 90.612114
72.72266 59.688232 48.15223
71.96801 58.29775 48.36633
84.80992 78.02876 78.71867
97.59174 112.724335 91.28623
94.31976 113.22815 101.830956
142.71475 127.141075 124.42708
101.14325 86.41174 78.39012
114.47223 109.13877 110.60211
109.87827 104.33003 105.42915
133.34593 132.68185 122.293076
143.32243 141.54547 132.05266
39.091087 34.0283 29.362215
47.825886 37.501514 34.817593
56.645187 44.699913 40.98039
58.986706 47.57151 42.39713
50.664932 39.961533 36.332268
63.621693 55.51178 55.80216
59.600666 49.032383 46.77537
67.72802 57.270763 54.53146
76.42796 68.901306 71.303474
49.811867 42.21278 36.517143
56.046925 43.363926 41.1727
49.069633 37.213406 34.124325
59.45936 46.69218 48.987724
33.646473 28.603561 27.511387
30.39499 26.429512 24.914242
29.61238 26.005363 25.482855
29.180796 25.903877 25.303442
29.002468 26.47183 25.616394
28.296728 23.831282 20.891438
37.904995 31.221666 29.759972
37.80841 30.599678 28.02715
37.714195 31.233908 29.480518
28.7939 22.206135 20.297157
111.78347 108.15826 88.640816
81.22015 88.57631 68.325
110.4152 112.51593 91.075066
111.12581 114.56756 100.867546
104.43981 113.73401 100.03748
96.836945 105.5515 91.47226
105.79545 112.19712 98.3013
85.18672 95.28949 80.411644
88.90246 97.77188 82.23983
86.08181 72.592766 57.04087
84.13976 93.908844 87.99276
135.48845 112.30157 105.01277
57.086876 68.54137 74.094444
76.41928 86.68701 77.379524
75.61297 87.0875 77.94465
68.465775 76.868996 70.85419
66.1522 72.62186 66.34382
67.352806 74.839905 68.9227
66.70074 73.97189 66.519745
98.83289 80.926025 81.39374
115.91056 103.72601 104.275375
107.85593 93.670395 88.02508
133.46571 133.68237 132.7366
99.58974 97.85234 94.74612
82.79373 76.80811 81.8044
22.393806 33.639233 47.372547
32.712288 42.566143 55.33497
26.202711 31.502699 39.242035
26.091516 32.23519 42.714622
20.339443 27.827892 40.908516
23.60899 31.334177 38.396866
53.000397 54.573418 56.11577
56.138805 63.093655 73.196495
46.711136 53.31509 62.659504
51.332336 52.90266 58.556797
50.405884 53.27402 60.992233
82.46288 95.36531 121.149666
92.35412 97.5952 103.458435
120.331215 126.24707 129.23003
101.7908 104.5749 108.96936
113.968605 99.22206 105.05091
130.76477 139.2137 143.15617
126.31144 131.91595 139.49332
109.8171 106.637985 115.02767
88.14055 79.32134 90.184875
88.39493 78.72262 86.61139
70.984436 62.197807 69.97512
77.53975 67.209724 73.2114
97.79732 93.32319 103.81272
99.731674 93.36867 102.301765
88.38196 83.583786 93.86745
108.36297 105.354416 116.64489
163.35092 155.45818 165.29137
121.642586 115.94725 118.98239
58.571903 56.78044 65.8682
65.25694 60.71479 69.057
60.87719 66.65012 76.320656
81.39516 72.076744 81.100006
63.663353 61.788864 70.48536
69.73838 71.38631 82.38255
68.33158 83.899925 104.30279
67.79268 84.36228 100.36238
81.302025 74.51185 83.29709
62.90417 76.50168 90.643875
9.177044 9.92938 11.189746
41.848263 59.462418 80.757996
75.80736 77.228874 90.10027
82.671974 82.562096 92.08204
72.08599 71.78172 87.0904
76.303375 82.9224 98.42596
58.401344 60.167698 71.82329
79.51856 78.04561 99.11281
72.200806 65.91233 76.123276
76.541824 72.41243 83.2806
63.995197 64.7163 73.61561
66.230286 67.43576 77.645226
90.48273 92.59389 104.37291
89.16457 90.660065 99.61531
64.19024 74.13564 83.21795
84.54219 96.60211 110.67704
71.986115 69.83816 72.765335
69.585655 77.24082 88.48812
55.512077 60.65141 70.80969
88.154335 98.370346 115.55894
84.468544 88.53208 96.73937
85.720085 97.75405 122.364944
85.470314 100.762375 128.19208
96.89489 111.17668 138.6284
97.17422 112.5001 139.26918
76.34089 83.82842 111.55232
71.4586 77.853134 108.44412
93.0642 108.04861 140.34503
79.79861 76.67247 106.34451
85.74872 93.777214 129.53436
109.301865 111.26764 142.2442
135.7838 137.03929 162.13232
109.87574 105.6725 133.68607
98.30976 107.58306 133.72852
85.15753 94.398674 114.164505
92.57355 99.95969 119.77221
50.09856 57.29232 72.11034
43.342175 43.63117 55.71709
61.446163 61.02343 71.99993
68.21015 68.50283 82.423096
96.11488 102.079575 116.771194
63.845333 69.27741 86.83154
48.236706 53.55466 72.15177
43.906773 49.962418 64.38976
61.36761 69.421814 91.287056
85.73546 99.031364 129.8526
59.53235 66.961334 86.33148
75.96377 75.95291 98.300674
100.428 112.23572 149.4044
67.83507 76.95051 105.119095
65.72364 80.756546 108.804726
106.69942 124.450836 182.35422
124.96466 141.60439 194.0639
120.94287 137.61392 177.63733
108.96535 132.29285 182.9843
75.750626 76.27422 85.33329
102.52445 133.20607 172.80687
120.63785 132.45874 147.24815
88.31713 93.5644 98.06789
87.79874 90.33362 95.55561
65.86636 74.72697 63.454556
55.97397 58.50928 55.511387
64.71242 63.850567 58.118206
86.87725 92.284096 84.301926
59.9122 61.529682 52.93606
61.85379 55.134956 53.59201
85.564 90.40536 90.17964
104.12614 107.775635 95.33076
84.67408 98.692474 88.21522
87.57312 97.10343 84.65328
94.186386 105.959816 138.0927
109.989075 125.07144 152.3642
75.11844 83.22045 73.28942
59.82095 71.47028 60.906902
50.781033 50.332073 49.060055
68.534325 73.66138 62.53047
88.60139 100.10679 89.34053
87.721535 96.93385 87.54202
105.36005 106.791 94.7242
96.02455 97.38278 90.60056
91.4256 88.1648 84.76514
86.88894 85.30963 83.00622
83.404205 94.40476 84.28985
111.9819 119.91668 113.50734
29.149433 31.307161 28.756746
91.29785 97.8456 91.81598
98.77093 101.755165 96.02547
93.445404 102.997894 93.7294
89.597244 93.98061 77.36093
77.78169 91.33717 73.94577
74.48081 79.00283 72.243385
62.047455 58.775043 57.746643
76.49684 68.53103 64.52205
82.26764 83.19952 84.043175
80.43422 91.48792 80.15513
80.227356 90.525406 80.43586
107.96801 121.40253 124.53097
96.80094 117.57029 159.91115
64.835594 84.27481 129.45749
72.595894 94.90289 134.15594
43.48983 66.10116 105.36939
75.14779 94.30992 136.46347
73.12834 94.97983 142.37239
60.426517 73.94172 63.2783
54.420727 62.8967 54.185272
65.398674 81.19913 66.332436
90.47189 86.10274 87.38032
85.6754 88.520996 84.38884
82.35497 85.667465 81.616264
77.803116 80.35481 74.1753
96.99451 94.41348 98.481705
68.01231 77.81226 69.1081
100.44317 106.820786 108.54229
58.854908 73.035576 96.52165
59.948795 73.5204 97.272446
66.80413 84.303345 115.53761
53.17441 68.33355 99.07888
68.52178 90.17809 123.34898
80.624916 105.43135 141.15321
93.69942 95.58875 96.43037
71.14601 66.30907 66.3842
57.970383 54.704487 55.773495
70.08951 68.513985 71.5025
84.29492 91.09645 96.44442
47.865242 47.396965 48.100796
106.718376 105.71522 112.38166
55.586746 54.790245 54.44814
41.585297 37.40631 38.327236
46.848854 44.97206 49.50783
58.788567 58.566475 63.94893
64.85804 54.640087 57.57674
58.49661 57.70745 65.436325
47.45245 41.24911 46.18787
47.505825 48.667763 61.65835
46.94172 41.080063 42.1317
42.20564 40.02468 46.36758
37.4796 36.176353 44.572727
36.84744 35.22637 41.135414
52.301468 56.099445 68.18132
37.510334 33.20021 34.35988
48.974827 52.886204 63.840397
47.676056 51.43932 62.88907
45.683723 33.72815 35.35376
54.92925 41.022015 37.853855
38.046894 33.31065 34.570587
77.56022 66.59757 70.5543
53.728973 42.044292 42.550907
58.100697 49.27725 50.101093
53.49658 51.914078 61.82292
75.25339 61.7296 52.89789
17.375181 11.946788 11.163617
50.24355 37.403316 35.028763
31.732 25.262472 24.310946
46.509346 39.237793 35.97785
31.126925 26.319435 26.49852
47.311768 42.688595 43.274746
67.10231 60.016815 61.467716
60.05989 43.385185 44.04255
48.788338 35.575985 34.822037
56.517143 49.955147 53.164276
62.90664 54.434578 55.781395
67.5361 53.178226 53.74921
49.71844 39.332367 40.15937
63.681454 49.96117 47.973377
57.530144 45.49026 46.83635
69.83086 56.28804 59.675495
71.05706 60.79321 63.887028
70.472786 56.895782 58.730816
101.80446 95.42303 90.68231
60.020798 50.906345 54.740982
43.803837 39.077236 42.469627
116.27751 94.56763 93.746216
107.051926 99.50003 101.968544
41.664112 33.771652 35.13311
64.224236 56.643578 62.727688
53.35027 40.983284 41.86057
88.97391 73.95946 77.8922
59.511814 49.55548 51.030178
62.77649 50.55999 52.795807
70.6546 67.714264 76.1676
111.20149 89.38028 77.89042
51.821674 49.516685 50.078583
37.318745 27.786066 27.585133
91.36409 74.42355 65.52458
42.471764 32.459064 29.67543
100.385216 94.54887 80.23114
116.200935 106.0442 104.24859
94.498024 85.082664 86.93715
101.16227 86.46034 85.1004
89.49503 81.19583 82.85412
136.6029 112.1312 107.616325
54.088554 45.418453 46.255165
49.058937 40.82625 40.966698
76.891205 65.03837 57.111294
37.76978 24.875017 19.720547
51.992134 37.58431 32.28949
55.182243 43.355007 36.92971
41.127155 23.602936 15.52807
57.71324 47.277874 42.928196
92.68833 89.554955 80.53419
84.2424 74.52067 71.173454
57.227753 46.4896 44.847836
58.07536 62.67859 89.325226
46.665592 35.574535 29.003784
34.319763 23.713768 17.90289
46.039524 37.29018 35.376366
62.646145 46.802883 43.107445
63.073418 43.521915 37.43514
26.480288 17.495754 15.086547
41.11939 31.230682 26.488482
30.868172 25.29087 29.634626
49.390484 40.40513 37.456528
69.46495 55.820553 54.057686
54.451626 41.294228 39.204224
38.705345 33.10649 31.236475
74.98967 63.526688 59.80762
70.48124 61.37887 59.742233
112.352936 102.37452 104.4049
71.71278 61.048866 54.54077
91.78643 73.81453 74.89032
62.400223 73.860275 106.08628
79.64733 72.58447 70.17435
96.26057 80.524155 73.03811
107.42869 93.37778 85.31769
84.00606 78.703735 66.654274
94.227196 88.38186 83.7628
85.48769 72.516914 65.93303
106.46677 100.89851 97.8141
91.610374 75.81289 68.16832
100.42991 99.36317 99.09181
133.9905 131.67987 131.62383
72.8556 72.18425 65.640816
98.3324 86.36149 78.47693
92.39302 74.96538 71.99309
87.25046 76.553474 71.55074
114.940796 97.121925 90.77389
119.610405 102.75276 104.52955
119.396996 96.78281 90.72539
98.03195 80.90006 73.94685
96.95347 88.47098 81.96159
98.37472 79.84813 75.09319
89.822464 76.60547 68.72792
100.02198 90.75842 84.663155
100.876465 88.38995 81.33
121.78794 100.65388 99.918884
78.21933 72.5953 58.671055
76.57447 65.72088 57.21627
55.97502 53.681946 53.50395
60.802223 57.21038 56.00737
48.68366 57.483284 36.22229
45.90098 60.40618 38.991642
50.481373 54.104317 47.05917
38.186554 33.335033 32.13897
34.39631 31.362413 29.08375
69.08138 48.607872 45.10544
80.101715 57.182144 54.614517
69.5952 50.117447 47.024384
70.212585 61.820816 61.76823
61.8298 53.540245 52.892193
58.315125 56.015797 51.135185
88.58454 82.42994 77.179054
100.874985 78.10672 74.727264
62.611855 58.697083 58.724365
94.45215 80.51181 77.770004
117.17987 113.55107 98.01968
109.15855 111.41645 96.10056
106.702446 103.31437 78.6495
115.86992 116.94149 102.79814
63.884987 75.9486 51.63752
77.892624 82.94498 71.22377
74.96327 67.420395 61.742466
81.96758 78.03242 67.66635
91.768425 90.07289 83.51086
71.02297 79.54808 67.25754
82.18583 73.80999 65.75175
79.959816 90.863434 77.26606
82.55222 83.78531 74.29976
83.2271 80.16898 72.61146
71.59385 75.19027 61.396408
84.46288 97.242165 87.48996
81.44264 91.7242 82.45222
65.01945 70.62541 63.694187
97.38627 104.54413 91.33901
88.281166 94.718704 85.41187
69.755035 85.69833 61.833652
67.9096 59.705048 58.432705
84.36501 89.69024 70.47512
65.246346 64.38759 53.67655
64.319305 57.649006 47.783302
59.741245 52.661346 48.3684
49.758358 43.35356 38.37271
46.387882 39.228905 36.64545
52.98483 41.81519 36.12406
48.864586 44.48121 38.598328
90.81016 100.622055 58.854744
68.683655 70.514015 53.544754
87.42968 70.27547 63.911346
81.53689 101.18247 76.45597
72.03613 73.34053 67.78554
60.952515 64.27083 51.167633
79.7421 87.79841 78.07118
63.940075 71.69011 58.41477
60.37561 73.05403 48.68481
80.066574 85.64565 69.19731
86.39423 81.95732 76.42543
66.769844 60.416645 57.300808
86.309135 86.39236 76.93859
43.361523 38.59359 33.186554
93.950935 80.58194 74.25458
64.755196 58.52695 51.74796
81.70959 71.31986 70.80048
78.1852 88.04689 72.10981
78.22183 81.29202 70.43596
70.475586 59.728016 61.47657
70.15233 56.188362 57.609188
71.695175 46.03702 52.189484
56.614025 52.800117 56.319664
105.25237 118.22239 103.27619
68.116394 94.27863 68.61412
71.193726 70.68998 65.34174
58.15914 79.92938 64.59178
112.174835 130.57286 109.42954
96.15305 116.77919 95.96156
69.196396 67.166214 65.45943
71.279686 60.963078 58.858364
78.80693 63.523758 60.815517
84.011284 81.71189 74.43037
99.33777 116.347305 105.94435
61.69488 50.270664 45.361195
47.190502 41.750824 32.93142
72.81042 63.415855 44.173225
60.507504 51.041824 44.66727
23.088324 17.962156 12.193366
119.969955 101.28544 85.53663
118.25303 102.01507 85.95123
119.04433 104.58375 88.77195
54.59349 42.331875 39.10185
62.090004 42.281624 35.509773
57.42056 43.05555 36.98463
39.54604 27.287712 25.111458
46.08773 32.281723 26.570292
36.56723 26.758688 22.572594
43.023563 30.493616 25.697414
48.85093 29.553968 22.659767
85.02326 55.440075 44.648315
63.83691 52.059433 51.347866
187.47513 175.3316 177.7931
88.54212 74.96179 62.993748
81.018036 64.1283 63.070786
69.46916 50.878307 49.219296
85.12479 76.78376 61.1674
62.502666 39.113102 29.7294
66.59599 40.582268 30.26086
73.67293 45.33658 30.134
73.42853 44.46834 33.69376
87.60659 51.59448 36.8429
67.563805 38.596188 22.752666
75.15371 43.613235 25.191227
79.661476 47.774845 27.844479
57.540543 31.95564 17.020666
55.522675 32.311077 23.939384
60.605667 36.79028 24.182869
36.92109 18.86554 10.700013
58.481804 39.023067 28.00951
53.913517 30.847473 21.252237
56.497795 34.346912 22.10603
34.21795 20.342339 9.448105
82.2524 63.323353 55.137917
57.760498 42.61962 31.65233
51.67099 30.126793 21.051533
65.15233 39.05015 25.23496
174.36295 139.98862 126.642586
93.4151 62.0567 51.511288
81.471466 46.08872 35.053444
36.322395 20.199486 11.007832
92.40941 57.55535 48.06085
13.686982 9.902066 7.560353
88.320946 54.4303 34.818054
57.530933 35.927868 27.401968
119.639626 71.74408 54.021553
96.798996 60.650387 55.091812
56.89269 36.868896 28.758194
67.20452 46.919147 40.738846
89.91563 55.403877 43.677208
44.056602 30.058805 25.845991
48.694782 29.145748 23.623701
87.3221 57.74322 50.779846
64.348724 42.947876 34.15085
65.53979 40.504047 32.94034
57.89976 72.136696 103.920265
60.92418 77.012474 115.05897
64.45798 85.61096 125.11429
75.69784 90.18385 122.05515
59.870968 42.396275 39.590134
78.33823 50.05341 36.32457
54.574863 38.45248 30.63265
77.433525 50.01379 36.35399
79.053314 52.236706 45.096485
44.1033 32.824272 30.16444
191.69116 137.98276 131.51395
75.7371 49.59925 37.615475
82.25 56.948696 50.29255
60.648678 42.08184 31.37222
76.4976 45.35106 33.356293
92.770996 62.173553 54.99618
43.16681 29.274385 21.389791
14.243517 11.329867 9.704719
61.62406 43.842438 37.953106
74.355736 49.743877 37.32398
73.47124 46.169804 34.370277
60.460644 41.083847 29.300777
18.125017 15.385712 10.98937
55.08095 32.42405 23.31825
53.13749 35.074337 24.872614
36.77297 20.668982 11.208273
66.6726 37.604416 20.459557
83.00306 55.074306 46.44343
91.01316 61.68208 52.963737
94.902596 65.409935 56.57144
85.5312 48.12742 37.725746
7.0772343 21.650848 35.159275
9.083586 18.435896 26.841944
28.096947 22.540213 15.76494
59.704784 41.766388 30.771324
66.90549 44.53972 32.746643
63.511288 37.6574 22.936422
82.42853 54.556007 48.951954
58.845333 36.51359 30.009214
64.86231 40.8067 30.304
35.010563 22.341253 16.039686
68.170364 82.79633 115.34194
71.2296 83.36047 115.030045
62.279915 71.338196 107.78235
58.10287 67.86403 103.48414
59.836086 69.67382 98.04801
51.553146 61.15269 84.139366
68.832794 88.6446 125.16533
63.172142 41.42981 37.55104
51.549164 33.38239 25.534521
48.501186 28.590332 24.455608
52.36271 33.206036 27.180992
54.346714 35.938267 32.767212
39.332268 26.697248 17.29449
41.28498 29.612545 19.82312
73.78182 49.148808 38.12232
71.819305 43.448566 37.419704
37.893578 24.50612 17.358793
84.32651 55.385548 45.59428
46.045345 27.556173 22.926912
56.83533 31.45791 29.365637
66.34329 44.806965 37.565453
152.77083 105.97552 93.58599
93.268036 62.016026 34.60366
63.92747 41.47825 32.89927
39.80275 26.293076 9.407266
46.166843 29.005398 16.748486
23.068546 18.858168 13.21729
60.089115 41.30469 29.05884
58.747696 37.767242 23.557522
62.612938 44.017277 34.210346
65.316635 48.848427 42.616066
40.12054 24.833717 17.02004
45.62788 31.137817 19.781921
66.96226 48.095894 38.001415
63.981506 44.357544 33.448566
49.770634 36.139893 28.28837
64.17398 43.15266 33.585133
52.870804 36.10162 25.469067
63.386173 41.876728 31.785376
74.84978 51.717422 42.445045
88.611626 68.01501 60.501778
45.21209 32.612675 24.360174
53.13594 38.097702 28.585758
50.21637 36.80917 25.2061
50.215347 31.398579 18.485455
66.370636 47.314762 40.39397
76.167694 48.94353 33.431454
43.203106 29.643312 21.856226
47.790245 31.08635 15.841977
91.598495 60.7244 49.222523
34.690174 26.705872 23.14881
60.99029 41.769283 38.53554
52.594444 35.12113 29.196558
74.82641 49.206528 38.594643
57.773365 40.46716 25.731144
56.70202 40.07039 32.93807
62.241608 40.18178 30.958076
43.391174 30.04097 24.492464
66.12867 45.83023 35.46367
54.79821 40.572132 36.80966
29.965809 23.066341 18.650356
102.06855 77.09931 64.66688
14.654469 10.855865 7.1731606
39.93083 27.074965 20.917303
52.453865 33.865902 27.835592
59.33023 71.70663 100.10271
50.425694 58.911972 83.421814
49.0207 33.64361 23.995657
60.922962 38.817757 24.684381
43.59846 29.072956 16.54199
59.700573 43.590298 34.774517
52.821674 37.434513 29.007635
42.1263 27.942675 18.791002
67.85109 48.79538 40.09744
52.253555 70.76148 105.231636
45.824898 34.018494 26.116362
64.262436 42.7836 33.886665
51.18257 64.43405 92.992004
35.01007 48.513855 78.730156
47.397655 33.160423 27.17395
42.769547 31.606852 23.452316
72.7473 56.28294 63.551403
66.62998 45.61202 40.71874
98.15733 121.65921 165.83447
68.62015 76.22858 103.25879
68.61369 78.29344 105.48832
107.25721 117.569664 146.7768
108.51073 111.2943 104.3404
84.02639 87.47907 77.88558
67.21758 71.516716 64.48881
77.21745 77.32147 59.646503
89.22976 84.03669 82.15203
95.50256 76.86541 73.66914
88.20294 85.63022 74.08431
86.73042 84.5003 73.13538
92.046005 82.64206 72.84241
90.54232 78.870445 69.1962
91.8504 74.96344 68.94876
250.69887 247.18143 247.11603
5.670133 5.670429 5.6710873
8.266717 8.267014 8.267672
0.0022706331 0.0025668028 0.0032249573
3.7745492 3.7748454 3.7754705
0.017934712 0.019086482 0.021686193
2.5184612 2.519613 2.5222127
0.009576148 0.010727919 0.013327629
2.0853298 2.0864816 2.0890813
0.0032907727 0.0035869423 0.004245097
3.1844149 3.184711 3.1853693
2.992135 2.9924312 2.9930894
0.09569567 0.09599184 0.09665
3.5705543 3.5708504 3.5715084
1.7244307 1.7247598 1.725418
4.821015 4.821344 4.822002
16.071344 16.07174 16.072365
14.178327 14.179873 14.182375
28.058346 28.059893 28.062393
10.388081 10.389627 10.392129
19.741774 19.74332 19.745821
34.481606 34.482 34.482624
19.948105 19.9485 19.949125
20.365835 20.36623 20.366856
24.64917 24.649532 24.650158
23.989536 23.989864 23.990458
21.283861 21.284159 21.28475
33.326115 33.326412 33.327003
14.724497 14.7247925 14.725385
17.303541 17.304693 17.307062
17.679775 17.680927 17.683296
15.682243 15.683394 15.685764
17.007437 17.008589 17.010958
21.242365 21.242662 21.243254
22.921251 22.921549 22.92214
27.794722 27.795052 27.79561
18.69521 18.695505 18.696096
16.093885 16.094181 16.094774
14.862083 14.86238 14.862972
18.291924 18.292221 18.292812
16.973246 16.973541 16.974134
17.928688 17.92984 17.93221
13.947348 13.9485 13.950869
11.5342245 11.535376 11.537745
