9.1428007E-4 9.1428007E-4 9.1428007E-4
1.9768218E-4 1.9768218E-4 1.9768218E-4
10.271368 17.170599 19.038202
131.53676 114.34775 114.15884
130.66226 113.46087 113.28582
129.57059 112.49418 112.328995
8.651042 1.3311671 2.1271095
3.2123353E-4 3.2123353E-4 3.2123353E-4
0.32654625 1.8198621 1.3146853
48.29425 64.2704 68.28671
23.204008 35.986805 38.796288
12.74541 33.822853 41.118954
15.641034 32.91213 36.538315
24.556204 45.67543 50.339123
12.838642 31.163631 39.010056
11.9475155 29.35311 36.01512
6.877462 27.448713 34.552002
19.261261 52.317776 59.53661
12.824261 36.849117 42.77672
8.368999 40.19526 49.779438
29.80847 28.496998 22.909164
21.89807 24.05246 22.57071
18.881218 46.122314 57.665348
37.826088 52.130123 50.275593
13.240603 68.16173 79.01117
33.49139 60.637848 64.678246
8.773135 39.241344 46.526108
12.7928295 43.12973 48.857372
32.729572 47.565075 46.329464
10.70066 64.51079 75.33885
19.039066 42.62574 46.451927
16.924263 38.218834 42.086338
23.708961 57.541477 63.147892
16.840422 32.38894 34.10319
22.18046 65.77544 74.56018
16.893276 52.074947 57.38674
14.205491 46.486916 53.664978
21.857248 60.766785 66.9405
16.624355 51.670464 58.917492
40.05755 80.51538 87.51402
23.54501 59.38595 68.19141
7.595048 25.7613 31.941832
27.682894 63.831005 70.57911
6.6646814 33.63026 43.45855
8.527466 27.296968 31.40651
21.463886 47.470287 51.564877
33.013515 63.091133 67.925354
27.73859 57.21745 63.27856
23.63377 62.14275 70.057846
36.378387 70.05048 75.68482
3.228323 3.2282982 3.2282982
0.05720428 0.106773086 0.102152266
42.523464 49.169144 44.622253
0.0028416812 0.0021003732 0.0016802985
0.13919297 0.3086066 0.25412044
63.73103 71.790924 62.990166
16.570757 23.242037 21.025328
36.252316 40.50004 33.983047
0.68783516 1.4701871 1.3704565
0.045664582 0.045639873 0.045639873
7.532457 23.002274 30.044924
2.9105983 14.110504 20.49633
9.678371 34.39156 45.117348
4.107292 16.644295 25.222443
19.58625 27.947615 32.003063
5.3088536 15.948158 22.808891
6.65161 17.15224 21.714201
18.239912 31.962267 34.561985
9.133929 18.594233 21.075712
5.9257703 18.342533 25.085918
19.809088 33.492996 37.48887
30.055647 59.764534 65.076675
7.662087 23.114138 32.52932
31.255701 58.374905 67.23042
15.768786 49.04359 59.461117
5.4064097 25.10534 32.11043
11.717315 38.080654 45.760853
6.921767 22.77227 28.742075
15.983197 28.480392 31.102127
8.191282 22.34031 27.471546
20.406954 42.270084 46.635674
5.7954483 26.274086 31.083546
12.68566 34.626972 39.528305
20.275024 45.196026 50.992588
8.857768 34.182808 38.97462
25.267044 50.260593 60.112877
12.328251 43.085793 48.85824
12.716894 31.77222 36.130173
7.6266527 35.250736 42.06232
13.708518 36.04396 41.008675
16.882181 35.218193 38.414318
249.90524 249.64706 248.1151
36.04863 37.40661 31.996714
18.148731 35.403347 38.406113
14.122736 29.998 33.952854
17.943142 36.752056 41.97074
14.760681 29.109146 33.643185
40.534904 67.52282 69.46687
20.50708 37.003162 42.647484
53.031975 75.807655 77.92461
17.692234 37.823864 42.124588
52.694977 77.12516 78.39057
49.382145 73.28313 74.880035
30.017 48.225903 49.987423
6.8641677 13.725987 15.162667
5.2429514 22.063284 30.83192
10.1144085 33.549088 40.07245
10.393239 30.885912 35.215103
7.1632113 23.801058 26.335789
22.914873 38.32667 39.7465
57.024883 57.73419 59.819565
19.012108 24.340681 25.174034
30.4201 45.156887 50.672195
27.145815 45.148064 51.757717
25.658651 57.68586 65.67084
21.51936 55.13682 63.677555
17.472857 37.50372 42.24661
10.574217 33.799698 43.38027
21.987669 33.5414 38.220886
11.315995 41.129505 47.217796
38.020485 77.09714 84.735306
46.3518 73.85218 72.36312
5.775952 19.7613 28.516445
30.483555 51.354767 50.853516
8.071141 55.367493 59.44891
6.8109913 31.950827 35.322224
12.977538 51.08498 54.8828
3.5555859 16.495565 16.935604
16.480713 68.236824 75.040695
13.225407 59.980824 65.33576
13.509724 61.287678 63.230103
15.677308 70.3214 68.73641
29.118708 62.52843 62.868294
47.190887 109.81895 102.84262
34.929253 74.917564 74.79298
39.600857 56.599842 51.564087
32.24619 75.755936 76.13941
17.451654 37.257133 40.149868
17.50488 30.23292 32.186462
15.6131115 35.65307 46.06689
14.660505 29.801182 32.875313
32.822433 51.938644 53.63824
1.3680842 5.322395 7.0518174
24.854729 26.251501 25.538536
25.712595 28.85458 29.69253
24.183868 26.270504 26.320889
34.51533 36.32395 36.337616
2.3335392 9.71299 14.530925
3.904322 19.53856 24.60975
23.348291 26.591614 27.049742
27.558577 30.69982 31.135067
35.557045 38.03499 37.319527
27.132868 29.677828 29.855347
27.574465 30.558872 30.912401
24.26687 25.954063 25.959229
23.313276 25.626875 25.61494
35.464108 40.058266 40.263016
35.29682 41.649113 41.772987
28.982555 35.124813 34.980183
16.61756 27.914106 31.720625
26.120735 34.089573 38.01443
43.770737 65.33737 70.834366
13.176085 15.804097 17.43248
15.150041 17.846054 16.464504
23.58388 30.2388 29.879093
6.20003 16.77983 23.174751
3.8308828 29.425585 38.071312
11.62391 27.163656 31.777262
8.819022 37.047047 45.27132
5.5879807 40.670193 50.390152
6.6033015 41.470806 52.98426
6.75097 42.47777 52.874397
6.6697226 35.978973 43.67674
5.5445404 29.41785 36.118214
9.88705 39.30574 48.55299
5.1239467 23.653389 31.61704
8.123651 37.469273 46.31666
4.731103 20.290073 26.758112
4.8477354 32.47592 37.65786
5.293187 27.58247 33.142876
4.287998 21.52282 29.810892
11.3856535 36.47399 43.60147
8.19489 32.88045 40.5481
10.490944 42.834663 51.69463
10.132051 31.983643 38.755688
10.77138 30.551088 37.156242
8.508166 41.913143 49.575825
8.027379 36.306408 45.111492
5.8891993 20.57607 25.19998
10.881786 35.356373 41.522896
7.1057353 40.047863 45.618103
4.353332 27.076132 33.641777
7.5704365 35.295757 42.08913
8.538585 33.126442 36.52299
4.155551 23.97319 27.920185
5.4813066 32.64064 37.466408
10.906991 25.848106 31.175196
7.8656254 34.8697 39.263115
9.290741 46.70931 53.502953
12.776298 38.44471 45.39981
7.0014577 25.168203 29.588797
6.931182 27.14023 32.60046
9.364032 50.217327 60.1831
9.454026 34.678444 40.96899
4.908572 17.856878 23.881317
23.16116 45.690678 52.91428
26.300056 49.114334 55.644096
35.396797 51.27196 56.785862
23.266846 43.741383 48.684006
29.472485 40.936024 42.542267
35.356567 41.452248 41.899677
66.5355 70.20801 68.794014
49.67637 54.684746 54.146904
59.988014 61.888977 60.230522
52.533123 56.2943 55.171463
28.72191 30.36712 29.94969
18.743284 29.057205 32.758137
10.286467 18.888433 21.927303
16.31093 21.601793 25.053917
15.745781 20.495367 22.822754
36.046753 46.747536 37.18975
28.149324 34.22034 34.32393
19.283476 20.805357 23.566286
20.11594 23.631397 25.073488
21.428154 20.882454 21.51091
34.03694 33.469395 33.515755
19.65643 26.18434 28.622946
14.2190075 22.572685 25.967728
21.275372 23.09758 25.250118
36.575848 34.137638 32.41286
25.017717 23.066595 23.50162
28.644247 23.222565 22.512442
35.767723 28.650497 26.857866
36.112827 26.847143 24.722084
50.899998 40.232475 35.38103
27.87887 33.6269 36.16778
21.618647 26.699696 27.948034
27.891546 48.408684 52.19138
3.461909 11.5093775 13.879809
2.9582891 7.10445 7.89723
11.171613 38.79357 42.38101
9.338555 26.431095 28.792805
6.712496 26.97771 30.678074
28.721985 53.61484 57.03924
12.666337 46.53693 52.282562
11.210556 35.15968 41.360004
16.99864 48.736538 52.834934
9.849267 39.680027 44.831573
45.651142 66.56589 65.68927
50.82048 44.572437 43.515728
30.575872 31.378487 31.04349
25.631075 27.51269 29.866985
46.278854 41.161407 40.10813
75.6654 58.06867 53.195927
26.855173 28.637672 32.45919
14.742667 36.29393 42.546837
12.755541 32.73728 39.090687
23.478268 27.372656 28.947739
55.56018 48.719215 45.89041
20.227507 32.734264 33.14915
15.774766 31.298624 32.839138
22.866442 38.031483 37.74956
14.380143 52.67212 57.395687
7.3968225 20.121475 22.939138
21.88443 67.51558 74.25612
4.700116 17.545504 19.68314
6.935185 28.136772 34.460453
12.422126 28.414095 32.71252
5.6030293 20.722948 25.18093
28.522524 30.183498 27.003979
48.751587 45.532063 41.203762
16.897453 41.842026 46.913414
26.662037 48.95404 53.654327
37.535324 47.773853 45.94334
34.2331 46.410603 45.31109
26.798735 80.36359 91.04942
15.739776 46.425438 53.379845
15.151795 44.37777 44.198696
13.80684 41.8143 48.041687
13.847636 48.51108 58.4734
7.649781 17.677185 18.663248
6.0025945 19.317947 21.437817
23.130001 66.21632 68.66093
18.371988 38.108727 43.45094
24.44402 60.201958 64.36883
13.2801895 33.55109 36.57832
8.879167 20.912945 22.393585
15.152215 32.782845 32.424152
3.9456868 15.962663 19.04648
31.000889 48.694977 49.11935
26.410933 61.98122 64.83027
4.694161 22.343275 23.507202
13.665374 45.169437 46.181473
168.62651 177.30966 184.81532
56.91801 76.45368 76.215645
21.633966 41.859768 37.945713
41.794212 57.662754 59.535423
31.075464 33.054855 26.480244
32.45877 42.531788 44.43542
44.255974 44.852505 40.351677
30.95184 55.853565 69.82804
24.307594 49.696037 64.593735
33.41197 59.5287 74.16422
48.740467 51.135757 44.50389
19.899874 48.450222 66.309746
29.102152 30.100151 26.893696
15.988782 36.945095 53.294273
34.23838 33.788506 28.04999
45.146877 43.79992 38.154194
4.7793865 19.42865 23.997776
24.54632 77.56824 88.93944
11.382318 24.766611 26.907757
1.2971904 6.116336 8.396081
38.26796 39.02513 33.345352
39.428055 39.621635 33.5587
8.489658 12.4784155 13.830784
44.830044 45.737972 38.918926
34.539104 38.080036 37.709507
44.436657 44.25674 38.0702
37.331413 38.712593 34.140602
50.767525 51.42576 44.9443
58.975784 55.70128 45.839977
46.98179 46.94539 41.027527
61.042725 57.475227 48.93301
49.70071 47.61941 39.40164
54.373966 55.427116 48.618103
48.872864 48.926907 41.839283
51.8616 50.404236 42.814796
51.368725 49.80259 42.905285
67.29788 63.862267 52.25674
60.95903 58.470955 50.36512
71.6804 69.300156 57.427094
92.45002 88.09696 80.07771
55.559563 54.693443 46.693222
57.46942 55.86202 47.34058
45.232796 43.94386 36.560158
49.810646 48.76078 42.424694
42.79935 45.793346 42.29484
49.599815 48.28691 42.415207
38.751957 38.856506 33.693813
35.67679 36.923893 32.817688
61.009266 57.552273 49.553707
42.628925 76.388664 87.491806
8.728113 16.771183 19.526155
7.599496 20.360992 23.477674
18.71294 40.606564 45.264572
42.76503 42.907658 39.819317
38.43033 38.956955 33.63036
27.938868 27.661543 23.444414
28.703007 27.027132 22.982307
46.864883 46.339966 41.02671
37.10769 35.820827 30.595171
39.383183 37.25019 32.54523
41.569176 41.56359 37.251625
21.799847 20.837555 19.286812
21.47797 20.52959 18.75149
25.803009 25.397934 23.666363
27.941067 25.86948 23.89906
66.82992 57.285355 50.104103
27.825768 33.469395 29.502459
29.298895 39.263187 36.464874
3.5770836 26.584349 36.878178
8.466332 32.385654 40.523167
37.071957 59.30218 61.588055
18.659763 54.59732 62.058662
34.24194 38.930145 39.76859
15.032371 34.02518 36.997406
15.806371 32.006744 35.445824
43.659294 43.34021 35.188217
15.579135 32.548393 34.83333
18.816996 38.613136 43.86303
23.875338 45.761078 48.958782
31.513159 40.694332 44.07176
27.65161 40.389164 43.443203
25.217178 36.79498 39.936543
14.233759 30.067608 32.206356
21.442215 36.373222 40.60748
31.989918 49.45064 51.42173
11.455237 23.204922 26.947243
26.82987 39.277843 39.84027
12.875436 35.4222 37.200573
17.252293 46.129555 51.086636
44.518967 89.62529 88.02469
11.617411 30.548544 34.262695
8.582273 22.352146 20.79241
12.4639845 28.99439 30.133015
9.061281 24.272331 31.330425
4.842991 27.5564 32.112827
6.5093284 20.082434 18.977736
14.417826 36.121426 35.707283
20.386715 38.54123 39.40903
8.5991745 14.845684 13.195162
34.63918 38.636414 35.26109
21.732857 32.192223 28.935556
11.737132 32.92068 33.20218
19.430502 37.281845 37.64968
9.303739 15.935704 16.957647
6.4120684 19.79913 20.44743
34.646816 33.739998 31.640564
29.271961 48.43028 48.502804
14.752082 31.196447 30.802343
18.76839 45.989647 48.830093
10.540265 29.476612 30.271763
21.555166 42.279003 44.094913
17.97754 25.996466 27.019793
39.968567 60.55971 60.80249
8.38894 31.40253 41.815144
10.571376 44.801872 59.327583
20.879833 54.108402 58.147743
18.918457 35.85858 39.635326
11.587758 34.16383 37.49932
22.36078 50.130108 53.164238
23.951815 44.854282 54.262497
26.346067 43.654922 48.530655
14.85757 42.22748 46.576416
17.800266 43.303665 47.903088
23.600088 33.358273 34.528107
18.486372 33.66389 34.78806
31.21577 47.903236 47.88033
26.187847 44.501568 48.082977
17.72789 33.975216 37.446365
27.604216 44.021175 44.668835
30.702291 46.5352 46.014282
6.6203017 35.368084 45.273865
31.246239 51.00363 50.842422
8.227112 25.965603 29.013912
21.202353 48.44412 55.454742
16.262201 25.38123 27.766117
23.254887 48.769627 52.905064
16.593664 33.9189 35.956757
9.535373 22.484322 23.22432
10.177544 33.1408 37.62989
5.6523757 18.215103 24.803356
20.29818 34.92797 36.80165
16.468334 33.241493 37.213917
19.803356 36.467937 40.26104
11.765673 28.194248 32.759396
15.148335 25.488077 30.42739
24.025352 34.412685 39.460823
29.686699 44.106575 46.506016
28.876472 42.576393 46.830933
25.15859 42.424423 50.393635
40.359386 61.428623 63.897404
27.261509 48.292076 51.678493
7.228768 26.301935 32.758236
5.385085 29.193333 36.348217
2.5409327 14.516469 20.025822
12.445403 24.424227 26.525316
10.51474 26.937927 30.151648
12.367491 22.902222 23.026588
14.385579 35.98374 37.84047
9.823915 27.674294 29.157183
15.829968 31.197535 33.98814
28.17344 47.282143 49.773853
32.372135 55.800934 56.20571
95.22963 78.21814 61.99219
64.29613 51.777905 39.229733
9.719093 27.362772 27.018978
11.270726 25.366577 23.369444
254.99864 254.99864 254.99864
5.481455 18.666733 18.85453
19.104252 27.731548 27.80899
23.428131 29.369764 27.743631
28.751537 47.02382 44.184933
6.7421975 34.980553 33.953197
3.5703378 22.41832 28.689442
12.205367 34.068916 40.16835
3.759075 29.174776 39.833504
71.178185 66.42255 57.252293
5.4469843 39.783268 48.31365
3.409548 28.70837 31.219501
25.830685 30.330748 29.016308
6.733154 42.789097 50.299686
15.557958 35.07485 39.88077
6.7987103 37.035065 42.873062
14.35348 34.595543 37.354618
3.8155131 15.454249 17.508242
3.3004768 19.527737 24.371964
3.94287 28.69552 33.418865
20.6546 40.42188 42.498676
3.674788 21.593245 28.616423
4.602313 33.225506 40.952385
3.5140479 29.239492 35.483334
30.414713 45.757343 45.462154
30.372755 53.767723 55.1919
25.872915 40.808544 44.53231
7.52025 27.05021 24.858683
24.180656 39.343372 41.082706
23.462849 46.72386 49.75811
20.197535 35.43799 37.819267
16.546097 41.784748 43.934692
3.7322643 13.711309 15.88821
4.8987374 20.507746 22.285305
33.970173 41.349182 41.532383
6.2056637 23.639502 25.918259
13.41239 34.02283 34.549335
23.250093 42.53411 41.779312
8.8188 37.10618 40.602585
10.343151 38.92866 46.4947
7.2756186 27.808273 32.44375
9.789222 30.76125 35.74353
12.668042 37.60172 41.054535
13.896637 42.171837 45.675034
12.613803 38.71393 39.519855
8.050434 41.2836 45.935753
18.897823 47.628605 48.58193
4.7559614 41.207096 40.387234
11.202056 34.2623 36.03049
9.1277275 25.054438 25.089994
19.125824 46.155674 45.52932
14.636759 33.40364 32.119102
28.959993 43.694828 42.73923
4.614322 31.414787 37.867207
21.589859 53.106945 50.57696
6.888804 27.828808 29.493761
5.4432282 17.717068 17.795843
9.111122 28.648052 29.25244
8.020707 17.551582 17.361462
4.633547 13.861696 12.75774
5.686773 16.319849 16.144283
5.7374287 16.33596 14.608911
7.86654 30.457535 32.73424
9.96333 22.869925 21.773481
5.4616127 22.68991 26.409523
12.1768265 28.755985 27.78386
9.9164295 24.4797 26.133139
6.6873903 17.077072 17.109665
7.8430653 20.708443 20.126295
10.456992 36.720108 36.992043
30.67296 62.5736 62.410263
14.898639 40.685192 38.993847
13.787417 32.113224 30.29467
7.722405 56.6076 62.72537
12.510045 64.67306 69.49332
5.754726 29.7356 32.0171
7.715239 34.609726 37.893867
3.6767898 19.964022 21.81109
10.345993 29.407175 31.609701
6.32494 41.542736 49.44486
5.2026243 16.624825 17.499567
7.629766 24.86402 25.524351
51.99207 58.79162 51.592552
102.388916 118.61388 100.23838
16.918728 41.16131 44.075615
35.594677 53.5862 54.32237
39.25276 66.408165 72.51582
12.015691 25.880426 26.183573
13.719365 37.109467 37.213326
7.4155526 21.088932 23.14374
3.999555 26.683338 31.597963
8.59532 36.631744 36.92078
15.299983 31.85663 32.2303
12.659196 24.436111 24.992735
14.093504 34.69357 34.942772
8.247325 17.785688 15.846994
8.9473915 21.276236 20.2196
4.1735153 31.134375 37.595444
3.652376 16.43065 19.45687
8.324001 23.283205 24.208752
13.900368 29.654228 27.880402
10.459067 58.43401 66.59708
24.529245 40.520103 40.797573
17.474659 39.514294 40.804344
13.930713 31.349428 35.033012
13.041958 21.979935 22.104351
9.120265 18.249401 19.315376
15.333292 38.590378 36.849316
15.925835 30.599182 32.325447
19.52267 38.822803 37.948776
22.718328 54.87751 54.538364
29.487534 49.288864 49.629295
17.198349 35.09222 32.51457
19.603796 38.528282 38.1663
32.38889 63.20932 67.06452
5.0448 26.853294 26.10277
26.271763 39.94099 38.16887
23.570166 23.23675 26.841064
19.576738 25.64736 28.834589
12.465047 20.36198 20.35852
18.677704 34.162567 35.132496
25.293238 34.827324 31.071115
32.586746 42.119846 39.999184
31.535275 31.718575 28.55996
40.505104 48.287083 45.283897
44.990215 52.67044 49.243668
54.696682 52.374138 47.65685
42.60545 46.7292 37.992313
46.6034 42.234623 35.949295
84.459785 57.20183 52.53364
18.941881 56.36848 59.130768
19.173515 47.222786 50.426846
2.7181298E-4 2.7181298E-4 2.4710273E-4
1.738417 1.8545306 2.139959
0.004917344 0.0044231387 0.0035088586
2.7181298E-4 2.7181298E-4 2.4710273E-4
6.2400603 6.343473 6.7904077
0.04371247 0.064765625 0.14705083
0.0048185033 0.0044231387 0.003533569
2.7181298E-4 2.7181298E-4 2.4710273E-4
2.7181298E-4 2.7181298E-4 2.4710273E-4
2.7181298E-4 2.7181298E-4 2.4710273E-4
0.4257827 0.4952927 0.63421386
2.6164224 2.6136055 2.6484716
3.2967951 3.2967951 3.2967703
4.210556 4.210556 4.2105317
11.348885 11.348391 11.347352
16.087326 16.087326 16.087301
10.060738 10.060738 10.060713
12.33564 12.33564 12.335615
11.163681 11.163656 11.163656
12.363834 12.36381 12.36381
12.669895 12.66987 12.66987
13.109664 13.109664 13.109639
11.627863 11.627838 11.627838
14.510934 14.51091 14.510885
14.058391 14.058366 14.058341
9.851368 9.8508 9.849391
10.88821 10.888186 10.888162
10.451012 10.450987 10.450962
10.565742 10.565717 10.565692
10.977044 10.9765005 10.975142
11.0215225 11.021498 11.021498
11.842892 11.842868 11.842868
13.310139 13.310139 13.310114
10.275149 10.274679 10.273518
13.228249 13.228249 13.228224
11.564507 11.564507 11.564482
9.399788 9.399788 9.399763
9.905879 9.905879 9.905854
10.512861 10.512861 10.512837
10.073563 10.073563 10.073538
11.921619 11.921619 11.921595
10.6292715 10.6292715 10.629247
12.312387 12.312387 12.312363
8.479948 8.479948 8.479923
10.402506 10.402234 10.401147
9.062739 9.062739 9.062715
