1.3381506E-4 1.3381506E-4 1.3381506E-4
0.0039475444 0.0038471832 0.0030777466
105.242035 107.39649 101.390335
0.9085374 0.908437 0.9076676
6.638465 6.638465 6.5666065
4.41302 5.0932355 4.5797205
1.3381506E-4 1.3381506E-4 1.3381506E-4
1.3381506E-4 1.3381506E-4 1.3381506E-4
27.80085 34.169342 24.479124
26.730864 32.9535 23.635254
9.419978 13.461261 8.907768
29.605179 32.19925 26.009266
5.9969893 11.652147 5.7956977
91.85953 97.12298 85.83494
95.60086 99.85364 90.764885
5.470393 7.635722 5.5815935
7.563127 11.220895 10.736083
28.172588 28.47685 18.020641
26.908438 25.302523 19.252508
80.985985 73.62522 54.23839
147.7125 148.87338 131.35027
107.556305 103.87127 93.60056
101.21932 93.257126 73.31249
84.87622 78.52857 62.90633
113.05774 105.179146 85.91352
70.39248 72.189415 68.098656
71.62395 71.78282 59.81269
34.860363 38.43848 28.339857
140.06099 141.76094 119.49
118.45982 120.253845 99.36712
104.380005 104.625854 82.94229
79.632774 80.65359 64.51505
93.540245 91.824135 72.67199
51.349625 50.62826 38.37602
89.72645 90.742035 72.01954
0.004047906 0.003914091 0.003144654
74.018 75.025055 59.10451
135.47762 136.06874 123.70705
135.68018 137.63155 127.73116
239.40918 244.34604 238.20738
141.12967 144.78958 137.04593
153.13867 157.95416 146.74635
154.07993 140.38585 105.34588
153.19916 138.66777 103.17874
153.5092 140.04503 104.91081
102.51418 93.34658 64.36863
156.3253 142.31815 105.48548
156.88522 144.26485 109.19932
135.8173 123.6297 96.71012
133.83394 128.40706 101.896225
134.85512 128.17969 98.746086
105.69898 99.37304 77.890976
143.19423 140.441 109.89753
129.65242 125.78188 94.72565
129.9524 126.11789 95.10996
142.33026 138.77567 107.50311
144.76468 140.5652 108.85344
129.65077 125.591125 96.22137
158.56166 146.39539 111.673256
156.86328 144.75401 110.40021
141.81018 138.22015 107.70079
131.38927 127.64509 96.81844
144.6818 140.51192 109.22424
134.24986 130.49245 99.706276
131.20612 124.948746 96.28539
73.41683 65.20949 51.697845
99.56875 94.629234 73.23458
38.01288 31.694868 22.38522
49.838318 42.95748 32.5003
33.63445 28.21678 21.618326
44.90536 37.676937 32.84461
60.919712 61.515656 56.53573
52.163857 59.660778 45.23642
88.57687 93.94731 82.418175
100.94527 112.157234 88.27539
127.01519 134.5377 124.4346
74.77653 79.072525 70.397026
57.234478 52.296032 34.765022
56.96581 53.304695 44.029774
57.49167 52.589188 35.18955
65.25589 58.962196 48.242573
66.74555 59.491604 41.34494
93.51984 80.86796 64.6757
66.218285 59.102066 40.881676
108.02218 108.33865 96.619995
23.158169 27.257694 22.876122
18.589956 20.36448 16.643316
21.171518 23.253647 15.459555
19.102167 20.56102 15.914358
36.527065 40.945805 36.04339
30.795095 34.271576 31.911146
95.821625 86.47538 61.28643
5.702462 6.526897 3.9780543
32.17369 28.506657 17.9629
18.46357 22.203901 18.707045
48.804832 37.957146 12.378931
30.961596 24.337683 6.9117823
39.408337 32.15044 10.800315
41.882042 31.917904 6.144286
32.48652 24.60451 4.19915
30.18219 22.87291 3.6258864
29.386023 22.197712 3.8290513
47.891644 62.36819 66.28399
51.754013 54.41911 72.66429
32.005856 36.54543 48.29526
44.680485 45.927406 43.01763
22.284893 28.629198 45.363308
28.49167 24.75756 9.970025
69.21531 72.429214 91.17801
60.07808 38.030678 44.60936
55.541016 28.210726 35.225613
28.689383 24.033688 11.492539
67.731064 48.629833 69.99899
44.24702 44.715977 59.961227
27.552723 31.893215 58.281715
24.904757 30.014753 48.60879
28.380068 35.633915 52.649437
23.785862 30.470327 44.66807
12.974977 16.664225 25.696373
26.808176 37.072426 49.021744
15.366854 12.967316 17.124615
22.44604 38.66921 55.78593
47.30095 53.482067 65.88562
23.917236 29.69875 40.061188
24.431486 28.483206 34.323433
42.79787 21.095276 35.070988
57.212498 52.501205 70.11936
50.389 31.315235 51.62726
50.070923 38.226982 67.859726
33.72571 31.19179 51.245552
42.872875 23.948414 48.688145
55.008633 48.638332 60.259735
53.489162 38.593304 60.321625
57.511642 55.730328 65.90252
243.12036 250.73033 240.45882
16.486183 18.003447 43.729927
16.635353 18.63746 44.42938
192.6656 206.81119 200.26714
234.53442 240.5177 235.908
54.238827 38.500267 59.265324
26.41824 29.702463 49.444668
35.940655 33.153553 50.967617
88.76379 78.4811 53.77335
90.86729 79.57032 54.211895
59.377895 55.347218 43.976784
85.94336 81.38566 69.17516
69.78988 64.48381 51.17747
69.85799 64.58066 51.325672
92.379196 80.47782 56.20009
58.37622 53.042652 36.15419
67.87779 62.15429 48.750134
79.8329 74.23073 56.44109
87.77776 81.12351 68.46163
59.953197 52.391777 35.378765
74.13392 78.41101 64.38475
103.28402 112.88676 94.519806
79.01241 86.63184 76.56088
32.32373 30.13746 20.181486
87.011375 72.060616 38.650574
106.76365 87.766624 54.609394
85.821594 70.30617 40.82283
30.974375 32.435936 26.703768
49.28312 49.631306 43.27907
92.0574 93.84895 84.60936
75.1289 78.45815 71.76452
100.49073 106.864944 101.74398
74.09069 68.80169 58.236652
22.595177 14.370032 8.9189415
46.67416 48.6948 46.556168
86.91888 90.22949 86.395454
69.95668 82.118324 79.733505
63.134586 69.728386 67.08029
41.947277 47.876156 48.64509
121.63555 124.30319 112.22501
66.78877 62.223873 54.931385
96.6305 80.164825 52.762577
102.39308 85.76612 60.328484
90.03068 97.57774 85.03546
91.00485 94.48003 86.46876
132.15897 136.83644 119.772415
47.585674 51.202564 40.76017
2.7128997 3.528235 3.0473037
11.02509 12.40817 10.726482
20.086613 21.398869 20.970259
24.738659 26.926134 26.935835
35.511707 35.58949 31.178442
47.36749 34.5469 25.966145
60.085808 48.987858 44.48337
45.39907 40.59494 36.567142
99.1684 76.65623 67.75334
51.07671 31.777098 22.171885
86.41074 72.092834 60.67252
50.29717 32.86595 22.773418
54.53158 54.076073 51.418003
46.26198 25.782618 23.559849
36.197544 22.4169 16.82293
40.10635 28.762243 25.65101
43.621872 34.723404 33.0927
61.919777 21.20952 27.943697
49.237556 48.134785 38.467785
43.482136 42.11993 33.713467
16.726416 15.799512 11.15469
97.74986 85.94048 53.09976
43.40663 37.12582 20.287804
219.88097 225.9164 210.64365
51.2965 43.73889 25.367691
51.59116 44.648636 26.285227
50.54904 43.81992 25.686405
71.25268 62.847317 28.81567
54.902985 51.22665 33.713936
36.769203 34.30289 26.885857
40.508263 37.121773 30.640907
29.849827 44.498394 37.43162
39.060017 31.411749 16.364143
21.30239 25.660044 19.416533
33.922455 28.744648 17.250769
34.584938 29.051018 14.459888
39.757862 33.446877 17.992573
36.518734 31.199385 17.94557
31.65014 29.597317 14.303493
19.868862 25.956644 15.432892
10.94353 15.332999 10.938144
73.627556 72.160446 45.087246
68.19537 61.910076 38.413956
71.93878 63.661148 45.793358
47.991604 44.72153 24.361267
39.047604 27.581861 16.882143
75.82394 46.238926 34.230732
0.001003613 9.7015925E-4 0.001003613
7.6524153 11.942894 11.0834
29.057808 38.627056 42.255856
28.919176 42.179478 50.302223
11.492607 22.420547 28.119932
26.043924 33.374115 33.564568
7.5062895 13.346112 10.336043
31.28148 43.240196 46.103806
30.632978 42.590996 50.005352
57.36585 65.29991 62.54727
45.75371 46.92423 41.962566
42.18791 53.402016 48.232304
46.082397 50.078316 37.376354
44.249767 52.47625 53.680214
32.85538 37.530006 34.144485
58.590893 49.354977 31.94721
69.91975 64.06801 46.852337
55.10287 45.107388 28.779573
94.9921 93.61963 78.23528
60.35083 37.142612 6.4764485
86.75579 84.482704 70.054794
56.53941 34.248528 6.465275
51.587616 41.861702 26.886993
91.36521 87.463806 74.23067
53.768333 41.784523 19.827011
48.372375 37.6668 19.51288
56.747322 39.709656 10.475043
56.41118 55.01348 42.45892
37.251373 27.185936 17.415863
62.08457 54.599224 36.194065
53.749332 41.204838 11.040445
105.738594 107.496254 98.36093
56.89546 43.877926 11.498026
86.35009 42.995716 15.775693
58.10374 44.914993 11.944668
49.66091 47.164593 32.118828
76.19219 60.50308 37.159874
64.25264 46.176937 12.861702
48.299477 40.140606 12.132277
21.754517 19.667269 5.4920044
124.29479 106.16536 73.178406
16.940151 15.932825 5.2992105
28.174496 25.01967 9.447812
42.23391 35.54155 21.215275
29.386292 26.795597 13.104944
52.39402 45.304096 26.583702
53.70678 53.952595 35.34223
28.527098 24.780075 11.133615
29.884918 27.375017 13.80075
20.882778 25.425097 23.531815
25.677874 32.97414 27.179512
38.361065 44.61622 30.2776
24.03516 26.543858 23.299946
24.735949 28.953466 27.28255
39.329823 46.25047 41.93888
48.533455 59.196037 61.898533
25.547905 26.24003 25.401411
49.570988 59.648468 62.38271
28.5371 29.865282 26.9998
40.772415 45.9073 45.5361
27.09618 33.573097 30.357922
24.865114 25.657166 22.299177
45.92968 55.320053 57.496723
28.845444 29.063864 26.082932
25.56393 26.177975 22.882845
27.103472 27.124414 24.452496
29.837214 31.495049 30.904089
29.604074 30.71755 29.501606
26.045664 29.576275 30.51609
29.232939 36.653954 38.569653
22.656061 26.30918 25.99137
57.438747 77.269005 83.85939
27.910746 31.43336 27.299377
35.212433 41.31363 39.357353
50.190754 62.381874 63.40887
43.256622 53.04138 52.637962
27.88726 41.447777 45.818848
46.677773 53.54921 51.558178
40.925365 52.171818 58.959255
37.21106 40.491066 43.663857
50.263283 59.38987 60.769703
36.12251 43.662918 47.493946
38.25425 45.06269 46.52673
23.179146 23.179111 19.273752
25.46668 31.738827 35.496254
36.66088 44.51278 46.33096
59.78864 64.64425 60.304295
61.14606 63.87284 64.426834
46.624115 48.769737 51.060352
52.937675 55.52278 56.94102
177.08946 188.89844 186.33989
86.96364 94.32394 95.5014
102.12428 111.94557 113.732605
64.33568 52.297604 34.688244
63.03797 47.875885 22.47675
58.909004 46.248997 29.4072
45.119495 30.958986 15.690486
83.927605 73.46722 51.896896
83.33243 72.60494 50.499798
79.362335 68.26984 46.901146
67.79734 52.163624 27.283287
78.68453 58.5085 24.156664
50.109997 40.18179 26.372408
37.21855 49.990734 71.6195
27.015455 37.968452 61.559917
23.097116 35.93935 62.142548
7.6478324 14.055533 38.078014
47.18152 60.203197 85.9163
66.40513 79.24371 98.10434
8.180516 14.68704 38.746185
7.463368 13.607253 36.73334
46.50472 59.754047 86.55406
7.693664 13.855647 37.007828
43.583065 56.572094 83.75224
49.257626 63.204033 91.02034
47.82109 61.904255 89.706345
45.89947 59.60772 87.75716
46.033756 59.782116 87.96745
52.151413 66.28365 94.10548
12.59648 21.020641 46.505753
12.536665 20.927673 46.20049
65.520744 76.64388 111.23354
14.105246 23.37729 48.89616
58.55744 74.69808 103.798645
59.49806 74.75388 104.921684
50.494213 62.81259 99.8969
62.108658 85.51923 136.72725
51.924664 64.43888 92.54486
12.030978 18.086245 35.934834
128.90797 145.31506 125.91118
71.061356 80.59919 71.19811
39.36722 45.858757 39.645725
144.0819 161.362 151.54393
136.05185 152.42409 144.06537
110.001205 116.77191 106.945335
110.1671 116.82474 107.00251
125.01278 133.74301 123.815834
86.21952 94.3336 83.08186
44.889637 52.728188 43.023384
67.43159 75.93999 69.28539
121.0931 131.19513 122.045166
50.934834 60.895557 52.481197
117.21658 130.83206 122.64552
115.00345 124.10581 117.86324
106.99087 116.68634 112.01609
110.179245 118.81527 111.52399
48.77469 55.389904 47.681755
33.723473 39.328514 27.862772
66.160675 74.5544 66.2026
111.18912 119.673996 110.90596
115.691154 118.97103 110.028
38.465977 46.490196 49.676
53.274387 64.19222 55.349625
127.507965 133.96126 125.68587
124.2609 134.24046 118.49923
92.585075 98.190384 87.16115
114.14134 117.47708 98.33882
77.748024 82.78068 76.335205
93.95357 100.21725 95.42808
103.35404 112.104744 107.4246
89.85581 101.43336 97.65569
43.29426 46.46019 44.018368
47.680485 51.985382 51.005352
56.361603 61.497425 61.876186
59.142715 66.66683 67.485985
74.011444 80.13408 79.333534
62.291885 71.74264 71.54118
47.855446 59.388733 57.399204
73.26241 80.60615 80.61341
67.114716 67.72401 68.15653
100.54858 104.82182 100.611404
90.14188 98.919975 88.64328
95.47615 100.42613 89.079216
72.219124 80.296135 66.80099
83.82527 86.27449 77.745316
104.97601 111.67446 99.1312
97.99686 82.82133 71.9914
66.43627 69.37391 60.60421
61.930214 61.88251 35.905895
60.570957 64.944435 50.165497
58.827145 63.377426 48.71688
40.211628 38.19092 25.147665
70.38027 72.33554 61.847385
68.6851 73.215775 50.20002
64.397194 69.49084 55.14549
121.20748 135.61629 111.390205
84.90506 112.68804 64.40432
71.81965 97.45912 61.737587
50.760506 77.339325 45.241066
17.53419 43.2317 13.13328
50.68684 71.98267 36.919777
39.641476 62.068348 36.48438
24.296534 25.957748 20.338385
81.078415 79.362404 67.02874
76.36026 76.38315 64.13763
34.590427 32.76947 28.206108
71.16011 74.96745 60.97558
67.15656 71.15422 65.0828
50.374714 52.31373 46.605648
58.432255 47.996452 36.84899
20.21183 20.626188 19.202328
61.193897 57.576176 44.420345
41.050114 45.599056 38.6669
63.644287 60.085407 46.33735
68.70337 71.0371 58.37525
53.78044 49.996254 41.55085
57.01358 53.620132 42.664894
48.86819 49.99749 45.14546
54.29503 57.789944 51.301754
66.06607 62.543957 49.217182
51.76512 55.75977 50.85374
59.264183 57.570454 50.544327
65.06587 67.83785 62.733208
63.795097 64.24328 58.474644
64.04837 64.02713 58.166767
63.30302 61.92546 55.30129
110.93731 108.068115 91.88124
67.84685 70.89967 64.725716
112.48739 109.84769 93.3895
63.134117 59.557007 48.588753
82.30266 82.709755 75.269005
83.1576 83.319855 75.41252
62.193966 58.490433 50.78051
67.11127 62.782852 52.328217
51.18095 48.74341 46.323566
86.728386 82.555466 75.844505
57.339622 52.173626 44.183495
62.306168 60.020172 54.90422
35.64318 32.897865 28.99689
87.44637 82.98083 71.55861
51.517963 49.960323 34.523182
42.03359 33.68276 22.385788
82.64827 77.39583 61.743042
62.22608 37.03643 28.776663
53.2586 46.063763 28.493008
133.94266 110.45146 96.46758
70.45611 61.723938 44.128662
62.781715 52.01666 41.498463
107.78309 100.37719 81.85093
56.07654 60.534122 42.60879
78.188545 99.412315 55.51047
64.567245 50.919376 43.662987
44.445503 68.10488 43.081528
36.132275 63.17446 37.962162
26.43888 49.04145 28.352535
58.84735 84.48247 59.887863
10.218252 20.656096 10.386525
45.53911 62.67108 36.768265
54.817844 75.1946 43.18908
37.210224 50.81209 32.52201
59.66088 76.0561 45.536865
52.812225 75.11247 42.272583
60.25174 84.78894 47.814297
66.824 91.246925 54.387596
72.382774 91.25706 62.01743
69.24568 88.72816 60.1574
47.916466 61.777668 45.07427
42.191055 54.790478 37.91794
51.59461 79.62267 60.750736
90.320786 110.62769 94.909676
43.038036 66.26636 36.29841
45.814598 67.28075 40.558376
20.213234 28.210558 34.620636
44.91242 52.38559 51.969055
32.81925 43.245853 46.00632
49.47956 59.8987 63.829185
89.613174 107.51351 106.86421
79.53416 91.630905 98.12659
83.16081 103.57467 116.42911
34.054596 38.703163 42.1296
97.44691 96.437744 99.021614
52.937775 60.449684 68.11301
69.17968 85.90847 91.6478
66.89425 82.29228 88.221596
49.418575 59.87147 66.81018
69.62234 68.09531 71.3796
68.881905 69.484314 71.96531
66.33905 72.005585 75.506256
87.87221 96.94738 105.72852
74.54814 91.24478 99.74217
86.769806 97.269035 105.851295
59.611534 70.82634 78.00264
60.288708 71.62766 78.5375
58.8701 70.34808 77.60996
70.27773 93.10287 94.44581
105.90185 79.995514 66.06805
78.85093 76.26525 72.32899
77.34467 74.97545 73.01331
107.46043 94.55309 88.78275
71.22514 70.5474 67.356384
52.02218 50.089054 47.8607
77.387024 66.62632 73.776665
39.14402 36.07109 32.62087
33.16794 34.158806 37.50465
94.68694 99.72765 98.222565
82.20835 62.772346 61.763115
92.28717 79.03727 69.43239
47.873077 30.616251 35.95253
110.34721 95.3053 61.804363
70.24592 51.643215 47.909206
106.258064 92.1562 61.527065
50.877525 63.997322 78.50512
46.644276 57.919594 72.18794
65.13753 65.095474 62.201424
27.244213 33.140907 36.84648
44.239296 48.546368 51.807205
42.660713 43.999466 44.036667
62.577614 70.88897 78.7972
22.249866 26.820555 33.42533
33.95835 36.989296 37.333534
26.898903 26.930819 21.283554
45.962597 42.625687 39.934864
49.981632 46.085876 42.281113
66.408005 62.464104 53.907936
53.311287 49.503414 48.8432
68.46946 67.116516 61.50254
61.900642 62.710224 54.64114
57.083065 59.021545 51.99709
49.365147 48.10304 42.57808
29.994213 29.541985 29.214539
50.34153 46.206844 45.61789
37.372974 37.754852 36.749264
25.24893 24.64151 23.545095
45.325974 39.585575 32.014618
43.906666 38.038303 30.246956
33.503212 36.972 38.368896
28.796768 32.024323 31.239964
48.469288 45.775356 42.045197
61.63442 62.881374 59.82641
88.38228 90.40175 89.15071
38.01743 37.92252 32.17202
43.92336 44.039474 43.071423
38.04787 44.53342 44.69671
47.145893 47.224743 42.63184
47.41232 51.900574 55.02499
41.002777 48.09822 51.958282
61.22143 67.869194 68.09397
62.568714 68.31266 67.87224
70.97401 96.44286 100.723305
71.42938 98.71507 98.55322
84.413994 99.90827 107.7298
6.3976316 10.436772 6.69363
54.911114 49.857788 39.093704
41.647964 42.22471 39.0742
45.913956 40.74441 30.031113
43.704033 40.968117 31.114378
46.516693 48.544125 46.154858
74.31025 73.72665 69.285324
46.211094 45.81373 41.76783
55.685734 51.628662 43.573097
60.30155 60.545563 55.300316
51.446507 47.968254 44.4904
46.083332 41.991604 37.439617
40.490734 35.936604 34.42841
62.964672 62.52509 60.096245
52.195637 51.80179 48.051853
46.471363 44.225647 39.786697
58.77255 46.941223 39.69236
95.23033 92.81126 83.0644
55.29028 52.63763 45.853706
49.692257 43.274624 32.25388
45.25157 41.079987 33.24438
53.631973 47.98615 43.923058
55.62077 49.302925 42.29011
61.546402 52.372677 45.072964
61.01308 45.863476 44.504215
53.97578 47.267197 44.065235
32.573296 30.46668 28.3985
51.37214 45.401814 40.746452
53.818714 47.469055 44.258465
34.551384 26.973772 24.29155
52.144787 44.327244 41.674126
53.38184 46.04068 43.596046
32.972767 25.098288 24.325338
21.272682 18.494347 19.145758
23.054497 18.40372 18.07875
55.352234 47.44607 42.80888
55.482937 47.48187 42.85605
78.70002 76.278404 75.39211
62.742607 57.097687 56.099125
76.67222 67.82771 59.16235
69.73317 65.89094 59.667637
54.210022 51.57845 50.635555
50.997524 48.314064 47.3055
82.69303 75.936104 70.93406
71.7588 107.49321 71.93707
112.53309 147.1492 127.40827
68.74826 100.933495 74.84718
62.69845 103.58099 67.72906
76.69865 100.937004 76.883446
67.13127 102.65904 62.822292
60.72578 87.55005 61.424995
73.70775 105.98923 71.65579
73.28218 104.422424 71.41543
68.228355 94.842804 68.375114
66.99468 91.98986 59.297905
79.77439 101.708046 67.518936
58.515053 94.44587 59.64693
60.33795 84.63729 52.79322
72.54041 100.554665 65.01582
64.01358 92.374115 66.29098
82.565 96.14405 77.593605
76.23324 87.50288 68.352936
101.60762 126.555336 81.22893
95.898636 120.41757 74.65753
62.046333 90.24736 60.649506
71.942795 92.88047 64.278435
58.176537 84.639336 54.989296
67.530045 97.08655 80.11629
0.00772782 0.004750435 0.0038471832
157.55765 165.02402 157.20612
149.00906 151.52023 118.15258
3.9275057 3.926803 3.9265356
7.734076 7.7312994 7.730463
0.00719256 0.0043824436 0.0036799144
5.8609996 5.858323 5.8575873
26.1019 26.099224 26.098488
4.6959386 4.6933293 4.6925597
0.005653687 0.0030442928 0.0024086712
5.7668605 5.7661915 5.766058
6.8991036 6.898434 6.8983006
8.935903 8.933494 8.932892
0.005018065 0.0027432088 0.0020741336
5.0456977 5.0433893 5.0427203
9.151947 9.149739 9.14907
0.005018065 0.0027432088 0.0021744948
1.4850128 1.4827379 1.482236
3.3169744 3.3163722 3.316272
3.9763815 3.9757795 3.9757125
11.213669 11.211394 11.210926
7.8641777 7.861936 7.861501
11.07584 11.073631 11.07313
13.5049515 13.502777 13.5022745
12.4197445 12.417537 12.417102
11.759167 11.756958 11.75649
10.553894 10.553326 10.553225
11.503245 11.502676 11.502576
10.885956 10.883748 10.88328
12.2461195 12.243912 12.2434435
14.422588 14.420346 14.419845
12.301084 12.298909 12.298441
16.479694 16.477486 16.47705
16.097752 16.095545 16.09511
17.039175 17.038605 17.038471
15.248294 15.2477255 15.247591
12.412452 12.410277 12.409809
11.554462 11.552288 11.55182
11.493409 11.491201 11.4907
9.67784 9.675699 9.67503
8.734678 8.732571 8.731834
