50.98616 52.89118 55.474216
4.102768 3.845341 4.26011
0.3257427 0.3257427 0.3257427
8.332057 7.4547505 6.450563
51.91791 46.9717 122.16945
0.7039654 4.629826 3.6483445
24.937311 23.624853 40.65708
5.9869456 9.55729 8.591677
1.7217642 5.498135 4.526829
1.2062885 5.01613 4.0346484
31.898247 34.750557 30.569494
35.926155 43.8032 43.097008
31.51479 29.829931 24.711197
15.685316 21.1596 18.59207
26.614513 29.776535 27.412086
49.105812 51.870502 52.20079
32.772247 30.457302 23.27794
32.558697 31.253042 29.667091
26.767307 33.3901 33.22716
33.260403 30.860882 32.972908
30.055588 28.448273 30.533733
28.388561 28.402597 30.504776
41.409077 41.0994 44.45112
33.52971 31.511974 33.945198
31.634962 34.91621 41.73037
30.285826 32.248035 38.36317
44.462536 47.446636 51.862225
25.310202 28.335722 30.292435
20.730598 24.763939 29.086998
20.409895 24.205208 28.905249
12.194575 15.43656 16.009554
23.812132 25.018454 29.044725
15.125213 18.859377 18.820671
43.298912 36.35424 35.244373
38.2819 29.46113 29.704424
32.227917 33.986782 38.632607
17.498102 21.18054 22.599104
3.5724053 10.786874 8.096355
24.503925 25.577705 29.5
13.46401 16.671541 18.477718
34.078327 36.001637 43.565174
16.991003 20.377405 22.783895
22.488516 25.904495 29.63336
20.056635 22.393894 25.898901
72.13038 64.33232 58.961197
125.31429 110.060394 99.26894
118.25252 109.532394 95.01917
158.4421 137.98112 126.91313
115.46581 99.578 92.701935
114.61163 95.12783 84.24787
94.21087 80.402565 75.024864
65.22772 57.430115 52.894093
137.68452 112.449745 105.61985
143.48373 126.4858 115.93868
113.23946 102.280754 80.50919
97.158226 86.21463 76.53746
124.18666 109.95485 93.7163
123.94431 105.69994 87.351295
133.52153 118.79472 107.55084
147.12776 127.33225 111.26371
143.87079 124.22036 108.09612
29.071522 31.527843 34.077213
26.907505 29.295643 31.656164
23.570213 25.950464 27.775259
31.13542 35.855648 38.007755
24.341415 26.534256 28.069592
26.82427 29.569298 29.259718
67.62564 63.940975 57.04309
104.8688 94.01976 77.79931
146.88362 128.50603 108.97621
95.78285 87.64439 81.48482
90.446045 84.633095 78.15371
98.620865 87.58062 77.32378
81.447784 79.83098 78.076004
55.241558 59.657112 61.41765
47.614185 50.463192 50.412216
50.476017 51.227818 51.183582
58.94284 62.285564 60.004547
76.774536 68.03805 62.852573
86.28609 80.68309 80.00903
106.20046 103.25645 102.09835
23.549765 20.056963 19.284616
45.554737 37.508244 34.810528
48.660973 36.85005 29.188162
46.40044 34.559547 28.007885
51.44219 40.951317 36.343216
58.25556 47.018814 42.76312
42.192383 35.562458 30.140524
33.25962 30.621319 29.417255
47.422295 41.610847 42.970325
63.302284 45.547997 37.905052
90.634636 77.8223 68.58514
33.1224 32.65227 31.417877
27.147068 26.419056 24.303364
37.66925 31.0922 28.132116
31.428871 28.816156 26.841381
27.732103 24.997873 22.401028
36.087326 27.226313 23.022478
30.346878 27.558632 25.292305
76.61579 55.226837 40.196014
76.45488 52.376553 43.46941
77.48593 54.821194 43.806473
77.81049 56.16611 40.150898
87.50163 54.23554 40.515118
67.18721 48.777092 38.583824
76.11615 52.429035 33.199024
71.243065 48.609245 33.86098
82.589645 59.91791 43.921543
71.79665 50.672295 33.781868
83.86432 68.48037 56.57185
84.82349 64.8281 46.749836
75.63084 54.131397 39.59511
53.903774 39.51708 31.161137
82.23606 62.586376 48.290867
66.18898 47.984753 35.952198
83.22494 63.578133 48.918533
82.79093 62.700626 45.505234
82.90021 58.91719 40.568707
60.416798 43.72579 31.844622
53.582973 41.343246 31.376259
66.24876 48.83291 35.52392
73.07326 58.73073 47.79636
106.731255 86.25108 70.38454
44.499313 36.05225 33.565174
64.113205 50.88791 43.80176
67.38725 51.01721 38.816616
72.40813 54.48927 38.70776
80.39573 62.94981 52.89242
59.88457 47.78432 40.078426
38.9806 32.83193 30.579342
55.9006 41.328556 32.289654
28.91768 22.203148 17.311838
31.801401 28.352636 24.330814
30.267864 27.8262 24.669939
65.36458 50.713585 40.262497
37.80863 31.883 30.4539
32.635223 29.041945 28.472189
20.139248 19.222385 18.838568
51.031967 44.165062 38.92838
30.546263 26.75265 25.61759
56.80837 50.598778 43.81969
57.381035 48.526894 41.961655
63.995647 46.752815 32.36317
49.837227 41.919384 36.904724
18.499346 19.81848 19.519598
30.681423 28.358265 24.808697
39.72641 26.547539 17.30104
30.611668 22.896217 19.731024
29.711393 32.92642 33.20956
44.490414 36.314617 33.71496
19.345537 19.339321 16.888725
21.064323 19.980337 17.739235
31.36458 27.323093 22.302153
29.794596 23.880808 24.776665
42.979618 37.1152 31.42969
37.407505 25.68957 19.52251
34.767113 28.203245 23.50435
39.890297 39.212242 38.57414
42.34413 38.6756 36.235867
27.614513 21.225788 17.895628
29.378614 24.563211 19.271463
27.320442 23.292534 18.785892
21.891016 20.566908 19.947226
36.330387 28.2447 24.953999
36.11687 36.4289 32.993553
34.41343 28.32764 25.929623
24.207531 21.840336 19.156296
90.5512 89.03354 93.01701
94.75056 89.07247 84.37145
107.286385 104.45652 110.16486
79.640915 71.68545 68.19608
105.512596 89.83104 79.85977
75.37973 70.611305 68.68365
95.31674 90.680016 93.13709
51.47245 51.134636 53.683613
93.89893 88.91758 91.33039
76.17268 69.65204 65.74198
74.99869 63.13899 58.35113
87.13532 78.94919 82.88042
83.47173 60.994896 58.50432
73.74558 63.07303 58.012825
107.85185 105.99431 111.49248
117.26701 103.09475 93.256905
93.50439 80.58585 74.70665
74.49188 60.90191 57.06259
54.773785 49.051105 49.6437
76.37662 68.7181 67.1256
103.9648 104.24928 106.58081
75.171936 75.38382 77.105255
76.68868 74.6844 72.04578
104.24594 108.52238 111.31871
163.89589 164.66208 169.66284
72.52827 68.650604 66.01335
137.67226 130.49088 135.24414
96.2376 92.656265 92.35889
167.68352 171.97563 176.44968
89.9591 86.860886 84.186104
95.99424 91.9486 88.83929
149.92949 150.54816 156.05042
86.15515 82.26047 80.50838
90.969215 70.90021 54.955013
110.78131 106.03491 100.56841
124.68535 122.144485 115.35944
98.99444 91.081406 86.973305
57.525326 52.313374 51.658813
89.36572 80.04875 78.696144
150.69604 134.92786 118.00036
73.70262 68.93728 63.737076
193.23041 188.92409 189.81154
121.95658 112.9982 107.35313
78.28756 74.317726 74.22572
32.855976 28.631233 27.393044
86.918465 80.90581 75.62623
105.15508 94.80749 86.85777
90.502 83.94889 77.17118
91.92072 83.132935 78.36592
69.8368 58.09256 52.95305
74.30071 63.797867 67.35081
71.006905 73.75393 74.156624
92.94624 90.17586 89.12793
43.80523 43.99964 41.166534
58.979485 56.272903 54.897297
190.04192 178.2548 189.06448
81.53766 78.11369 75.90142
157.10019 147.0266 141.49654
95.257 97.32316 99.457596
61.054672 59.931324 62.690125
90.63245 87.47317 86.05327
108.62564 104.59828 104.85041
82.10192 76.29695 75.735016
75.32879 71.57244 74.560074
60.321785 62.239563 60.583595
76.63202 71.821686 64.23476
71.60303 73.05261 80.068214
92.20662 87.23547 85.15535
84.94942 77.622696 76.831696
113.25121 101.1772 91.10444
88.502686 84.5655 83.83032
99.2108 94.2858 95.02702
68.701805 72.16261 78.91683
99.51616 90.96025 84.92707
119.50255 115.84789 110.84132
95.49274 87.49637 77.39815
82.45007 81.12469 81.9575
119.06508 115.71836 109.68758
98.17164 88.95053 78.76034
98.048225 82.990875 77.31161
76.90168 70.457535 68.44061
100.43322 95.99725 92.03956
95.9077 93.05922 89.66938
109.762825 104.69801 102.845764
89.02755 79.642914 80.76096
103.132965 92.04731 93.83314
82.92504 76.92854 81.875084
45.27588 44.735046 51.488518
73.166275 69.75553 74.83533
60.42115 58.403122 62.371025
81.37273 79.00789 84.85561
54.602734 51.863533 54.523754
82.3901 78.223724 86.056145
80.152565 79.68908 90.01005
90.61209 89.904366 101.08857
108.34292 109.07028 119.559616
81.536514 83.52611 94.98623
78.758766 84.94876 97.70802
70.24055 71.97991 80.253204
67.19621 67.984 77.51247
83.23403 85.48174 96.95442
102.20671 99.873344 107.79535
13.211262 18.83991 20.85231
13.858887 18.461197 19.806112
12.395531 16.133327 17.36026
16.292566 21.920168 25.248266
24.5975 27.362125 29.92501
16.177792 20.291258 21.199713
10.02035 12.69042 12.174486
24.471731 29.850183 33.140163
25.09099 29.661137 32.591446
23.56403 27.385061 29.430506
37.896645 46.730434 52.050842
26.160614 29.007328 29.845798
18.092003 21.25854 21.43489
22.958742 26.219475 27.961555
30.938097 33.341087 36.541355
20.783045 21.615135 23.170265
25.734295 26.958807 28.734623
20.012531 23.483543 24.637547
9.410352 13.155346 12.16562
82.08291 78.96908 83.43057
122.711914 119.77359 124.323875
84.225365 82.034386 85.90777
54.429623 52.472843 55.22353
83.13644 78.904594 84.50396
120.21823 112.046555 110.46715
110.48969 110.90774 118.585526
110.209854 103.69127 106.264656
70.30327 69.54551 78.27372
62.79525 62.973957 67.49611
76.99254 76.99676 84.08271
77.5547 77.953476 84.02084
58.884308 58.194054 62.127144
58.65371 60.26937 71.05124
41.51793 43.460968 47.656555
138.42134 136.64691 142.14641
74.90286 73.902695 78.82008
75.54888 74.40868 79.241295
138.17671 134.57109 140.10834
79.32224 75.987076 81.41392
78.447685 78.01727 89.15613
85.577835 88.644745 105.52925
70.84495 71.85071 81.618996
61.50324 58.87986 64.72376
60.709625 51.0265 50.418533
45.60823 43.806145 45.45894
56.88706 45.895267 47.435314
31.349104 32.693005 33.238842
23.563898 29.207598 33.39491
25.629303 25.090336 25.189438
30.79983 31.2802 28.52611
33.103912 25.470455 20.349823
35.34436 25.369585 20.010208
44.32561 31.998692 27.0674
20.251308 19.996336 19.185448
29.731546 26.30379 24.339518
26.610031 20.84858 19.130316
175.21626 178.10323 186.56557
22.234884 22.37482 23.439013
38.578457 37.470226 38.541225
182.48956 149.58301 125.4752
103.23881 92.337555 92.0728
136.35526 124.80876 125.02016
80.53802 74.88509 75.689926
167.09024 159.32054 163.20888
131.27353 126.1241 129.18103
119.67867 104.32607 103.56223
143.90973 129.29778 125.28429
107.40361 91.282585 87.96506
188.04152 171.08667 162.11298
115.402405 105.10876 103.53648
122.39046 105.38192 97.61452
104.205666 95.28753 96.09642
110.95079 100.33055 99.90289
110.99028 100.55686 96.92737
127.22778 118.90139 118.29597
108.78736 101.00301 99.68829
112.23184 97.615166 93.19061
177.2765 155.95766 151.23796
125.08601 114.26495 112.66853
122.42239 111.44637 114.35264
201.52905 190.32368 187.66556
178.90073 173.65123 177.14311
107.697975 97.674614 89.37989
135.00317 119.03184 104.79492
88.67288 77.74437 78.507164
112.94245 98.620995 93.172325
93.4273 88.206154 93.61442
76.10437 75.077774 79.2837
167.64014 148.01247 137.57909
135.03154 125.97291 122.88748
134.22673 125.18532 122.14573
112.70799 102.48397 102.71584
187.93463 183.22752 182.48207
122.798294 102.35777 94.94147
93.937904 87.64815 81.246925
119.288185 111.9112 102.54528
76.36772 70.65355 72.90015
140.12933 123.75167 108.86425
114.754486 100.67151 88.86648
135.52533 122.0513 105.62966
139.09204 124.32309 110.359184
157.36494 145.99991 139.77048
116.274574 101.87639 94.2429
111.8046 103.3721 100.36893
98.8156 81.742836 73.90002
122.471695 114.62073 111.73067
87.40597 74.510994 63.967346
97.173965 85.56079 76.6084
79.20351 67.97212 69.4116
156.44084 143.76167 136.50667
183.15306 175.85088 172.96695
169.77222 161.46346 157.7908
108.148315 98.38012 94.544495
127.83834 113.14164 103.38758
117.86193 105.54548 101.93682
179.26633 166.3067 161.68338
212.62067 197.83209 193.31445
206.16032 191.86961 186.72258
159.97314 152.65776 149.95494
124.83408 111.38323 97.4948
145.30896 122.66961 97.01253
217.23236 206.54869 204.50854
162.50534 151.60811 144.22798
130.6203 96.45874 74.04891
153.43967 115.305984 88.65135
165.5119 115.24548 81.39128
39.326397 34.441467 29.99218
24.294104 23.770384 22.232822
36.0196 30.997873 27.13745
20.710804 20.748692 19.314651
22.66925 21.360752 20.221209
27.4823 25.490545 22.2287
38.51783 26.252846 26.457565
56.442024 44.10689 30.260666
50.60038 41.335396 34.1436
37.963455 31.710346 25.985703
42.108036 33.40322 24.911594
58.696766 43.297604 30.298586
45.974087 35.141636 23.383621
54.388725 45.306732 38.83644
58.06586 48.359703 34.21028
63.050255 44.206715 30.532522
56.786087 43.85002 29.746336
63.79944 41.54574 28.018583
32.58379 29.609312 25.6205
27.176449 23.8972 23.90744
160.52219 149.16075 143.86893
125.940384 112.857155 105.36851
113.30307 100.76515 93.444244
106.142784 98.45612 93.03619
67.392715 56.236946 49.748657
108.82476 95.60247 90.17098
63.531868 55.422394 48.866184
67.07087 63.09053 51.951153
60.6223 57.428707 54.019073
84.19418 76.76384 73.786674
68.48809 59.151978 55.71388
120.112946 112.0053 106.43868
110.65904 101.9435 94.96679
81.75353 73.87344 68.920105
68.01005 58.562916 50.869095
97.78812 91.55637 89.10316
46.248035 33.14926 23.04224
36.870205 27.622202 20.090956
59.53959 42.428215 31.391245
65.58248 49.6809 36.462605
37.490055 31.801662 22.542076
33.30834 26.73387 20.794628
41.697224 27.084314 17.517635
27.942154 23.808271 20.454357
48.594524 32.631527 26.246761
46.254776 31.798128 24.292402
44.400864 34.047802 25.229322
31.52794 28.137384 22.075056
40.96247 30.591415 26.956648
30.148376 24.434498 21.61579
34.370205 29.544006 26.64684
53.837097 38.4947 28.035336
41.88012 31.141867 25.406067
38.19189 29.809448 26.530918
64.92671 52.024242 44.617065
78.5198 46.788933 30.666569
97.516945 68.256935 34.983315
33.656326 27.102343 23.1844
41.409077 31.504057 26.261845
27.364023 23.372398 21.292566
37.94222 30.395563 24.693562
64.07875 47.644352 34.966923
44.942352 42.056145 35.049667
25.18345 28.95282 40.177563
35.072502 39.263577 42.80307
46.757526 43.07388 37.552414
40.20086 35.56089 31.069723
58.730762 49.17246 42.852802
46.048454 35.567368 31.726671
35.21548 32.46738 31.25867
44.21571 37.322178 38.12322
13.181357 17.300125 18.02431
23.260077 21.777122 22.658749
36.496532 40.65659 50.577213
29.963257 32.500164 39.34279
32.001537 31.284714 32.75399
74.54551 52.40574 42.328983
62.544334 30.577412 24.989923
104.99748 56.13493 33.740837
113.1595 74.658226 47.717052
31.245485 32.937313 43.012074
30.512466 34.2784 39.9115
67.152794 76.101135 92.27618
43.640785 51.859737 61.41366
78.46503 92.54764 107.5037
60.16395 67.45413 81.18126
27.097729 31.175468 32.598415
61.01891 63.10735 64.10414
56.587128 55.706844 58.237274
90.318085 89.03697 91.786255
87.20855 87.518845 96.21803
56.199776 56.959267 61.424324
85.00468 88.11438 88.81072
61.582157 65.58114 68.45501
83.81881 83.020905 86.37037
72.29005 75.800285 77.814026
86.72988 87.3743 94.3138
42.20881 42.777843 45.047573
69.03406 72.806114 78.44134
81.09822 84.235115 92.10568
61.98989 60.931816 59.786514
55.882706 57.36517 58.361504
78.16889 79.16814 86.45639
94.88712 100.49954 106.6239
70.02003 70.245255 75.39586
63.759945 66.49156 67.95129
60.888103 62.9663 65.70036
58.176743 58.245747 62.25638
54.588993 58.46656 61.57152
57.847008 60.940224 63.856236
81.10388 85.64697 86.52425
62.799274 66.25736 66.335
82.94431 85.14494 90.95439
69.40011 71.64972 76.04878
62.34773 62.46352 65.06377
99.89497 106.76368 93.95681
83.62351 85.50366 89.5195
80.1456 83.6399 72.618965
80.955894 79.1083 81.44752
87.492836 87.71709 84.308464
73.075516 69.77212 66.77235
81.41068 83.71725 84.930115
91.84662 91.97032 90.43669
74.96267 77.20216 84.89043
88.73355 89.61108 93.474
95.221535 94.75723 79.16752
163.10846 161.01332 162.79947
54.546494 54.592823 59.336475
117.11249 116.33608 119.66958
91.1242 91.495155 92.52163
85.88411 81.17334 83.45335
87.8067 83.741234 85.363174
88.12011 86.95102 88.632706
56.81864 55.009586 58.855812
101.74398 101.138985 93.31161
92.292465 89.24032 91.31125
83.30566 83.80513 79.33402
93.89533 91.715744 95.38562
83.638824 80.01152 81.758766
57.80919 58.202362 59.096092
102.49051 99.00949 101.16402
109.65276 108.29594 104.0375
75.677826 72.18299 74.48207
76.416016 76.35666 61.82715
105.3213 101.2732 101.12054
69.81321 64.880775 66.465775
86.57041 78.87024 83.066154
99.969444 98.918076 100.92687
102.481155 97.47229 99.383064
82.29394 77.85597 81.44441
112.70521 109.19048 114.15934
72.00043 70.43427 70.282425
88.461525 86.542435 85.25599
57.687344 55.353127 56.182175
43.220684 41.865036 41.928837
42.65574 41.500523 41.98145
52.04067 54.40777 57.498528
52.715157 50.888725 49.55356
43.432274 41.633457 41.431587
45.50612 45.766357 47.03259
76.56223 74.914505 76.20063
83.75007 83.13349 88.18584
82.04708 80.877304 81.90581
56.76901 55.63578 54.32741
40.688164 38.988842 36.68391
63.324337 56.2075 52.872627
80.82519 78.9093 78.563835
64.84665 64.37407 61.687214
94.63339 93.674614 95.5195
91.49519 83.36605 85.30853
90.90414 87.71899 93.5746
81.10591 77.39151 80.18355
92.41922 88.98943 85.7698
93.23286 89.715546 98.71712
81.609344 78.18427 80.06465
73.89033 72.99009 73.9504
89.31498 88.432274 91.02745
73.963486 70.88179 72.77778
73.804016 75.402176 73.63202
65.548584 62.70655 65.21902
139.50418 121.35071 106.8579
74.85208 69.1115 66.17393
104.62083 101.37963 103.03308
100.3902 95.95818 95.991425
97.43568 86.260735 78.985344
61.124557 61.065144 56.240936
74.11821 71.08284 68.76538
83.91758 81.1915 76.603096
75.72942 73.608955 74.58251
122.81743 120.06763 120.77804
77.207695 73.64952 72.10889
87.32041 87.16415 93.81109
57.442417 50.663494 52.432274
63.732693 59.413723 61.702133
59.60604 57.73518 58.820965
81.59223 76.35653 78.86798
60.08618 57.697945 60.371056
86.75556 83.079834 88.991425
29.63565 31.299665 30.872923
87.54103 83.489136 88.6081
57.071064 54.948402 57.302643
78.66222 75.270874 78.28867
0.7096257 4.6191926 3.6400013
88.05706 85.18718 91.42004
60.688457 58.815075 63.51597
72.949585 69.96996 74.29469
78.21316 72.892715 79.076164
72.562096 71.02997 74.25213
71.64504 67.703735 67.99431
84.72078 81.54561 88.430115
57.953835 56.487404 59.053364
62.196507 60.38179 60.298325
63.16837 55.93672 56.102833
35.44572 36.38375 35.989758
116.38837 111.108955 112.57433
63.7838 55.794594 60.64458
75.62813 77.321556 73.45187
80.09465 80.41143 84.67275
86.31328 89.75713 83.27624
82.51423 81.6966 84.59901
63.64285 65.84832 74.172226
68.135376 69.85287 76.69428
72.50246 73.516884 83.2375
90.877045 87.663 92.68662
75.17249 76.27428 85.68849
86.916336 87.676414 93.59246
72.79931 73.28736 73.53314
87.246925 85.731445 85.085625
82.72697 83.05892 89.99248
59.828884 62.831306 59.800613
86.7303 92.34626 93.14134
79.7857 79.57692 86.31655
82.0816 82.833626 78.49028
72.65093 72.36199 69.5638
45.6985 49.516327 55.673702
89.207664 88.382576 84.84652
89.07293 90.577965 93.83497
92.776306 88.93096 94.09024
93.16889 92.68941 94.96103
63.82849 66.27866 69.95099
88.562325 90.855644 82.288086
86.863304 87.41513 92.06841
80.00805 79.85228 83.53926
86.162445 89.47389 99.91196
96.76423 99.071915 105.215645
81.613174 80.91689 82.138885
61.900764 60.114285 62.20426
79.945915 77.111305 82.186295
78.07237 75.22441 80.119064
65.11429 62.503666 67.060165
80.61066 79.87803 84.12826
126.66729 126.60607 138.58095
173.05539 169.03503 169.2152
135.9078 135.52277 144.40764
87.605644 87.02964 89.79692
60.604275 60.377144 61.329865
76.7625 76.90741 78.79276
116.44157 114.85696 120.51152
98.45236 102.40793 102.63784
74.246895 75.57227 79.1966
151.03523 148.55045 148.68289
188.93309 183.71483 185.64223
139.5941 137.39229 137.07767
132.08784 132.95528 126.56651
101.09619 106.327934 111.625145
120.45501 118.81874 118.13794
99.855415 95.63408 99.49738
158.59158 154.5784 148.43852
107.65044 99.63068 99.02706
90.6101 91.286385 88.66853
126.396545 127.97268 132.75174
173.41006 172.24574 175.40607
139.19974 135.92577 136.52133
96.1061 92.908424 81.59875
150.7446 147.98979 141.91827
188.65181 183.93715 185.14488
130.12112 128.11661 125.60421
181.33455 177.60011 176.92157
120.76786 115.32502 117.24182
128.09514 120.58098 119.34917
180.50932 176.92368 178.85643
123.04182 118.272316 122.3051
102.89674 98.21846 104.5409
178.38548 173.42828 177.48645
163.65115 161.01973 165.53717
130.65999 127.38634 130.79547
108.54924 106.43404 102.4306
113.12773 115.67717 122.50173
111.23606 108.72572 106.53357
128.57329 123.26561 116.64962
110.86186 105.607254 109.36458
130.95076 121.72497 123.46404
129.4509 117.14213 112.955696
123.88172 113.804016 109.92351
158.1416 156.21669 155.39383
192.89346 189.93427 184.66548
94.17766 94.22405 93.71532
167.72867 164.61578 156.3404
186.95499 184.63333 179.46266
126.97003 125.386536 118.50615
162.3409 149.10751 145.31203
188.90659 181.62321 177.41962
125.90581 122.36507 124.65907
78.93675 76.59645 83.90479
102.32862 90.16467 93.79996
68.59099 69.79715 77.26276
81.47409 68.668106 73.302185
96.20521 88.46532 92.12397
67.266525 69.878876 78.571526
96.34668 82.3951 85.81727
76.861244 75.74532 82.50605
150.9634 146.15057 135.72504
68.03883 73.92351 85.01217
170.24179 178.70757 189.40666
128.4431 123.441696 124.371025
122.918564 119.54375 122.17949
90.96725 98.54862 111.27084
150.47804 145.32263 145.67517
166.87047 171.8031 183.00887
0.7033438 4.615103 3.637253
5.321751 12.244765 9.492639
14.759129 16.042273 12.965776
16.121386 16.886042 13.426908
19.294497 18.657637 15.599431
9.738058 14.197095 11.305196
6.7515707 13.388234 10.690747
5.4465055 12.336344 9.5774765
7.0925274 13.761811 11.033504
7.557813 14.1031275 11.446866
7.965024 14.395171 11.709103
6.488156 13.120239 10.473563
7.9367557 14.391277 11.713061
7.727686 14.111144 11.531246
8.078295 14.4126425 11.795086
6.008507 12.672098 10.019271
5.6490316 12.4077015 9.719311
5.7370763 12.455307 9.744438
