0 0 0
0 0 0
0 0 0
55.502 44.765 44.671
48.069 24.604 46.326
13.39 7.3842 4.5062
43.182 41.568 69.481
116.3 23.817 10.824
58.281 23.237 23.157
11.332 12.72 24.884
15.81 18.106 32.537
25.369 16.011 38.65
27.729 11.449 47.736
5.8149 11.679 18.692
8.1019 17.4 29.863
5.4308 9.4742 14.535
3.2686 6.6536 9.7099
9.8956 18.236 21.337
37.566 26.901 34.475
23.578 74.789 92.186
7.171 23.571 39.849
41.649 42.133 55.274
55.805 129.04 139.22
55.078 69.941 80.044
33.044 52.175 69.172
18.913 36.469 52.202
6.5359 7.7473 8.8158
29.473 40.672 57.752
43.252 59.274 75.166
26.404 27.447 30.576
18.106 20.298 24.375
51.25 57.793 61.959
28.612 40.479 47.398
62.618 51.237 73.265
20.462 26.439 29.898
42.243 54.442 92.065
28.149 34.013 42.258
49.262 53.118 48.113
222.73 129.19 60.518
21.236 36.359 47.702
88.727 63.675 49.403
21.366 23.212 28.669
108.44 50.72 30.621
82.797 60.953 111.81
73.749 72.644 107.77
40.684 53.472 58.416
11.427 11.737 14.347
71.183 37.467 41.123
123.94 40.697 21.549
15.191 16.282 21.351
45.131 30.068 28.236
4.0824 14.18 21.685
36.78 22.445 27.824
36.215 7.8631 13.586
19.652 26.354 39.692
11.275 20.912 34.999
13.41 26.751 43.377
36.906 69.925 98.833
19.274 36.055 43.316
65.214 88.754 96.047
53.815 61.67 60.887
7.1669 14.831 28.032
13.073 32.241 39.137
54.638 68.791 77.868
16.372 22.08 28.608
5.7795 10.857 15.411
15.345 8.6275 5.2945
28.11 14.861 2.5084
38.465 20.943 8.943
23.85 9.2566 3.4712
132.61 116.13 109
22.205 16.647 6.6002
55.537 46.534 34.996
50.111 33.519 14.946
46.864 31.766 11.874
65.629 54.275 41.671
43.539 34.083 27.458
46.072 38.354 30.16
42.485 72.657 78.235
55.482 45.943 38.199
36.834 17.806 4.3559
35.687 21.02 8.0353
32.258 19.478 6.363
30.667 16.91 6.24
30.712 14.402 2.7696
31.735 13.673 2.3037
27.542 13.088 2.247
17.595 10.847 1.7702
7.3063 13.265 21.271
19.941 11.986 3.5959
26.929 18.502 5.1797
25.673 16.845 4.3096
22.71 14.197 3.7884
23.172 17.045 6.0316
29.174 16.963 5.1435
21.554 12.069 2.8444
23.947 18.449 4.9157
31.95 21.208 5.9386
32.053 19.721 5.6872
32.77 18.58 4.9689
35.713 22.873 6.9547
19.417 11.544 2.4312
20.442 10.67 2.8092
22.145 11.714 3.2521
27.082 18.187 6.746
31.225 209.7 173.14
9.8937 114.26 103
51.397 67.085 46.099
56.946 40.854 24.691
67.593 54.21 37.477
57.367 38.013 22.375
72.266 68.125 57.867
85.61 80.927 68.75
39.319 33.449 30.632
31.166 24.003 14.554
53.523 43.195 29.586
54.82 47.482 36.622
84.362 74.875 61.025
39.772 30.003 24.111
34.794 28.859 23.798
23.513 19.158 15.527
36.649 32.846 26.508
37.988 33.207 25.854
69.385 66.567 46.12
75.526 76.345 59.139
44.024 43.152 37.748
41.752 42.911 41.393
38.648 41.605 37.73
58.571 59.183 52.724
53.87 54.8 47.288
27.397 27.944 24.841
43.902 47.988 42.882
33.717 34.102 29.599
25.468 27.63 26.311
35.317 36.003 31.997
38.5 39.246 35.04
96.762 85.462 43.863
97.032 77.155 50.221
78.839 71.68 48.524
111.22 98.904 64.476
72.191 57.76 31.852
55.958 47.426 24.681
137.57 121 82.212
100.18 82.597 45.453
82.158 72.908 39.972
112.99 98.078 66.728
108.89 91.811 55.14
106.88 90.74 57.965
80.377 65.786 43.24
67.535 62.989 42.112
60.571 43.538 15.958
36.594 33.796 30.652
120.53 101.63 57.568
77.326 61.1 31.644
137.59 125.06 97.527
120.08 103.2 69.345
108.9 95.249 53.516
67.158 60.968 40.64
63.833 59.378 30.404
38.229 28.221 18.148
90.42 79.22 41.385
92.544 78.108 34.332
105.04 90.427 47.363
68.351 76.405 48.341
57.815 59.866 30.287
44.947 51.584 25.274
39.221 27.778 16.105
50.294 38.705 28.011
59.691 45.215 31.603
41.533 32.372 24.93
34.151 28.463 17.286
83.528 85.928 69.505
43.877 42.737 35.158
47.37 43.96 35.93
25.812 23.655 14.189
42.035 27.836 21.326
35.249 28.882 12.814
15.954 14.302 7.3551
16.168 13.523 7.7374
15.435 12.869 7.2897
41.464 34.983 19.648
40.387 36.707 18.12
29.692 27.176 12.231
27.764 25.506 11.402
26.363 24.139 11.218
37.732 36.184 28.725
46.887 42.491 30.586
61.259 55.817 34.417
62.715 61.191 44.261
54.74 54.687 32.477
66.755 69.493 55.989
32.859 36.22 25.386
74.037 69.559 46.605
67.845 63.672 36.853
27.052 25.546 15.679
42.571 38.211 25.965
66.747 61.516 42.342
36.09 29.387 15.589
30.524 27.719 14.949
33.12 18.073 5.4052
63.652 63.67 51.919
61.718 57.549 41.81
42.384 38.376 29.905
32.53 25.111 13.798
35.412 27.406 16.241
38.276 29.112 17.409
21.861 19.769 13.161
24.352 23.069 16.716
18.213 24.425 36.103
23.56 20.936 13.412
33.951 29.315 22.899
48.765 45.12 34.872
45.066 41.742 32.742
5.9347 8.0549 15.08
124.57 118.74 108.73
27.95 25.304 18.669
40.425 35.914 25.827
27.38 18.764 12.499
23.192 19.931 14.676
54.784 49.627 22.387
79.827 76.538 40.068
31.788 31.643 10.687
28.63 28.201 21.875
37.108 37.126 34.69
55.711 54.053 51.616
5.2112 7.5284 5.5311
39.844 84.19 103.73
41.119 66.964 62.905
44.656 40.889 19.333
49.917 58.715 52.166
49.733 47.582 49.25
63.211 66.971 62.71
49.702 56.947 51.515
107.33 114.15 65.295
38.965 44.408 27.218
55.534 56.675 38.237
45.621 38.143 28.698
46.949 44.907 37.904
52.155 45.586 28.893
54.806 47.322 30.718
34.361 25.818 16.105
92.592 56.223 20.341
45.499 36.696 19.981
60.066 49.237 28.676
48.292 41.527 25.384
51.219 43.13 29.062
52.371 43.746 27.313
59.878 52.213 36.847
60.909 52.952 45.952
42.877 51.017 50.919
70.26 86.241 86.213
51.718 66.127 68.26
55.595 67.696 68.641
74.457 92.409 96.106
54.28 78.353 81.971
58.03 83.724 93.592
54.722 77.728 87.918
66.384 86.709 93.566
11.161 16.245 20.74
29.806 43.032 46.314
126.26 154.9 164.1
95.782 117.56 121.56
119.91 149.19 153.96
76.864 104.81 119.96
15.947 23.448 27.26
27.733 32.258 33.869
27.746 38.651 47.876
14.331 22.2 26.688
23.31 30.729 37.064
74.996 98.954 108.48
62.542 82.714 90.23
51.895 63.204 70.351
78.937 105.07 113.88
84.077 102.05 108.11
40.859 55.474 60.938
35.171 53.332 56.113
33.097 47.016 49.925
68.213 87.525 94.142
33.938 49.282 51.821
71.621 90.549 94.077
55.784 70.31 75.877
62.536 79.749 86.32
75.814 94.653 101.87
50.051 70.802 73.605
45.422 65.216 71.222
47.344 66.142 72.05
45.797 62.973 68.029
42.553 58.828 65.015
58.956 80.161 88.923
51.956 73.939 82.463
45.72 70.009 77.246
48.578 69.109 76.736
44.016 64.024 71.812
47.313 68.956 73.718
47.246 66.711 70.921
56.675 79.08 81.983
158.53 166.04 151.69
60.877 59.161 55.635
165.4 171.77 144.34
39.78 25.89 22.315
40.482 37.857 34.04
65.701 62.082 55.135
60.707 59.1 56.143
51.72 49.449 45.418
39.118 36.42 33.573
64.733 58.601 52.437
45.495 44.146 43.749
48.497 44.973 43.409
68.123 65.037 57.99
45.922 45.805 37.381
89.44 88.634 85.03
66.587 64.687 56.388
68.755 64.254 53.253
46.449 42.002 28.482
35.958 28.205 20.826
41.62 31.371 19.636
55.164 41.169 25.334
62.592 38.151 17.652
50.602 27.799 18.654
82.474 39.867 17.844
55.901 34.122 24.858
88.249 62.175 39.492
60.396 26.524 12.331
52.902 39.849 27.059
51.206 37.673 25.905
48.279 37.842 23.619
77.179 58.828 42.376
79.693 56.636 35.306
31.626 24.39 17.141
42.295 30.795 23.313
35.397 29.113 17.871
10.454 19.175 34.75
47.23 43.553 32.779
34.141 29.071 22.565
48.535 42.279 34.858
50.306 45.19 36.517
23.506 19.244 15.25
23.325 19.393 15.898
50.861 48.261 37.421
35.542 33.526 29.68
30.917 30.236 27.519
35.647 31.487 26.295
36.983 30.486 24.767
31.057 27.412 24.576
29.525 19.832 17.082
43.617 35.912 31.268
31.109 20.339 17.337
29.742 19.143 16.506
46.798 37.162 29.251
35.031 24.071 18.338
67.581 59.403 52.494
95.429 100.11 93.054
60.927 49.326 29.99
80.351 65.581 49.079
77.495 65.139 50.682
73.928 59.239 48.232
63.784 65.635 65.661
63.632 62.667 55.746
87.78 86.482 86.636
62.8 57.649 47.385
51.721 45.326 33.71
63.11 52.754 38.975
66.287 55.032 43.537
59.055 52.74 42.962
102.66 80.682 60.42
58.331 48.999 38.649
95.014 93.821 87.629
94.769 83.923 62.578
69.453 63.431 48.948
46.903 41.126 27.479
68.978 53.113 31.126
94.245 70.627 40.981
72.231 56.753 30.086
86.351 76.393 66.335
74.731 63.927 58.185
85.007 65.23 41.098
121.7 117.76 101.31
64.974 60.689 48.64
38.819 31.495 24.885
68.375 64.052 58.37
84.137 78.673 67.839
62.619 56.93 49.191
67.652 55.593 42.469
22.658 13.878 6.4898
70.673 63.846 57.528
42.029 50.851 36.159
56.353 53.054 30.405
50.106 38.753 26.516
46.591 56.511 41.576
72.386 78.022 76.84
43.476 53.217 41.27
60.405 58.495 43.588
91.319 94.566 90.342
98.656 107.92 95.492
104.51 119.22 119.69
81.539 96.923 86.682
50.534 44.888 27.139
37.169 32.624 20.913
111.69 115.94 108.76
65.482 64.069 50.087
49.465 51.297 45.298
60.775 64.621 58.553
69.657 68.357 68.9
47.726 37.192 23.577
67.905 49.425 32.023
69.886 49.381 29.843
60.742 62.06 55.191
63.384 63.472 52.704
79.31 76.065 62.872
40.988 38.297 33.665
64.547 66.737 54.273
58.218 64.5 56.096
58.386 55.757 41.237
57.181 67.116 61.289
74.542 70.175 53.543
59.574 56.507 38.951
55.495 48.16 31.056
58.116 55.046 37.249
61.957 59.24 47.159
67.89 64.107 51.289
69.695 65.281 50.079
46.872 45.909 29.533
39.856 34.318 22.465
37.393 32.721 18.243
81.197 67.319 46.427
35.834 28.603 7.4932
48.202 51.833 39.522
35.616 33.624 20.792
35.911 33.211 17.728
43.553 34.623 20.611
63.346 54.36 35.588
64.584 59.092 42.275
63.966 57.151 40.101
56.741 45.75 29.931
56.757 45.501 29.853
62.568 54.084 36.828
56.293 44.459 31.148
54.736 47.798 33.269
53.941 48.447 40
52.145 38.738 21.47
60.855 47.589 37.139
52.869 51.111 44.525
47.308 38.209 22.652
18.949 15.607 5.2826
44.822 32.433 21.27
23.567 18.663 10.235
50.393 51.611 42.236
49.548 50.028 39.566
26.066 22.08 12.009
103.18 123.53 130.57
44.713 32.152 19.706
32.305 23.28 12.868
40.577 33.487 16.649
29.218 24.941 12.081
34.508 31.484 17.685
42.913 40.623 26.704
50.327 45.93 30.632
56.481 57.885 46.897
38.342 32.975 20.514
58.453 61.175 54.844
61.499 64.281 58.291
46.098 48.79 43.665
37.732 39.633 34.503
36.15 38.085 31.762
42.233 50.322 45.457
68.626 70.024 63.693
18.125 20.129 15.379
45.169 38.516 24.393
82.768 101.33 115.71
69.794 88.932 102.06
8.3369 59.835 87.177
15.274 65.895 95.417
46.902 59.165 64.117
34.023 47.149 58.93
219.13 187.29 193.7
63.282 4.3395 9.2078
33.661 3.126 2.8634
90.035 21.452 3.5467
57.372 72.894 81.606
17.902 20.444 20.122
21.826 33.076 47.386
15.485 23.247 28.956
19.363 29.495 38.888
22.507 45.896 60.732
29.465 54.218 70.761
15.454 39.962 53.026
17.714 34.758 44.01
17.952 29.002 35.081
21.056 34.071 40.731
20.625 41.672 51.217
84.595 91.522 39.841
21.846 28.991 32.864
26.977 34.471 41.088
18.084 29.067 33.162
41.814 39.717 37.699
46.929 35.213 13.35
81.396 59.898 18.73
85.697 66.682 24.269
40.544 29.871 7.8602
70.176 55.545 34.863
49.537 34.957 7.8365
49.716 35.469 8.0261
38.233 25.357 5.4809
44.643 29.292 6.0201
55.784 37.729 10.112
34.584 21.429 4.2651
60.639 39.753 11.929
40.482 24.318 5.6014
69.837 43.693 10.244
38.382 23.533 5.6239
22.592 43.679 58.484
29.77 62.689 87.134
5.5065 11.962 23.348
6.0332 12.192 23.701
6.7616 15.636 27.424
7.0495 23.117 43.709
6.0034 6.0022 8.0061
11.226 14.676 27.267
11.83 15.035 24.186
26.986 41.093 56.781
5.4256 17.88 36.467
22.756 13.84 2.5866
29.427 19.778 6.5206
37.613 21.397 9.8238
22.92 10.036 4.2434
81.456 75.162 67.485
69.297 57.932 51.04
57.292 44.107 38.659
131.76 131.14 116.52
72.503 67.515 63.702
36.243 38.114 41.82
75.422 9.0226 9.186
83.231 76.7 66.177
86.794 78.637 68.642
88.843 79.417 65.217
92.099 82.883 69.372
42.499 36.834 38.598
56.167 52.331 49.573
18.173 43.675 62.72
31.014 20.575 10.84
44.732 55.006 46.695
25.803 21.814 13.754
24.824 22.492 13.561
27.7 24.964 15.288
22.832 20.982 14.137
39.199 38.705 29.869
42.859 42.05 33.05
21.691 18.635 11.929
22.556 19.094 12.021
19.922 22.795 12.876
21.886 19.296 14.095
24.224 37.183 44.795
71.243 90.896 82.726
44.938 50.3 44.964
35.918 49.997 44.912
37.19 44.215 43.465
27.182 37.527 35.488
56.929 50.984 37.495
61.926 48.179 32.563
31.807 25.264 16.172
51.871 44.437 35.054
45.794 33.554 21.865
50.252 38.62 28.304
8.3136 13.546 25.127
8.5205 10.814 18.068
7.1169 9.168 21.249
31.29 18.012 8.1039
58.798 61.018 55.424
96.353 99.84 99.076
112.42 110.34 107.14
107.34 106.26 97.147
118.02 115.49 106.4
133.4 115.25 113.38
54.373 46.672 42.695
105.11 91.698 88.6
105.88 105.55 98.105
69.626 58.267 50.624
69.079 58.529 53.918
106.92 102.63 102.6
127.75 106.23 103.04
129.89 128.12 102.86
124.45 98.679 71.301
104.92 108.91 65.059
68.261 62.622 57.27
70.416 68.019 64.282
12.214 41.292 64.129
98.998 97.724 88.928
93.471 84.934 81.369
97.219 105.52 51.879
133.1 140.7 134.69
51.483 49.897 51.777
97.623 100.6 96.375
79.877 75.819 68.428
79.551 75.43 69.807
97.226 106.19 104.13
9.5536 19.167 35.281
41.769 44.766 50.5
73.91 77.76 71.955
80.584 81.244 79.593
131.81 140.91 143.79
13.059 27.978 45.499
53.431 96.972 126.83
173.07 192.82 195.86
86.449 79.345 65.511
8.2603 12.192 24.431
38.619 35.573 75.228
96.98 102.18 102.88
60.581 66.419 64.67
32.303 33.57 31.166
21.229 16.458 22.122
22.141 33.223 52.879
9.8627 26.209 45.39
23.928 54.984 78.485
160.69 126.63 109.39
125.39 138.39 137.36
107.5 119.98 125.17
88.644 100.2 104.61
87.285 93.794 87.792
130.24 137.44 129.77
133.58 143.75 130.3
123.16 132.53 136.73
15.41 17.715 24.516
11.65 13.379 18.744
8.4609 21.013 40.406
10.501 23.746 42.993
178.46 70.325 106.32
94.157 58.208 48.262
91.083 41.488 32.875
99.913 71.49 57.37
17.384 19.416 25.672
26.614 30.039 48.138
26.281 30.813 47.892
67.206 60.086 53.576
43.782 34.52 27.203
43.65 38.326 38.348
125.61 136.24 130.56
74.329 77.955 69.394
90.215 96.263 88.643
111.65 119.51 125.14
99.922 104.45 94.819
122.97 128.48 125.21
24.929 28.886 24.044
22.168 15.726 5.2154
47.839 49.328 46.291
104.16 108.59 106.37
70.548 103.59 110.9
29.281 19.356 5.1811
123.05 130.24 132.69
55.99 50.156 28.225
33.743 30.503 22.855
73.683 77.794 71.254
35.033 37.631 31.967
95.386 92.819 85.168
80.243 87.925 90.43
32.861 30.184 25.399
55.679 54.844 52.746
106.79 110.12 99.905
115.66 115.97 112.39
6.2905 7.5878 9.0534
107.82 50.159 43.016
46.495 32.153 23.137
128.79 83.196 49.268
142.14 146.46 143.24
32.67 29.822 34.605
64.559 55.772 45.186
122.25 126.22 119.46
125.54 130.56 126.94
24.166 17.519 23.271
21.105 13.63 3.8559
31.527 20.246 3.7487
22.776 13.355 2.0318
108.75 125.81 128.78
40.067 37.328 38.468
29.012 25.051 22.025
81.731 84.807 82.126
51.734 49.236 49.451
83.507 89.87 86.394
94.422 94.845 86.542
56.649 55.106 66.411
101.95 105.5 102.86
48.258 43.991 43.716
30.056 27.186 24.332
69.039 63.174 55.475
76.067 71.742 64.14
34.362 31.47 28.146
37.341 33.523 29.973
42.546 37.66 31.375
117.69 65.814 44.55
33.892 31.022 28.246
27.047 19.147 12.873
11.722 27.734 36.399
87.452 82.269 89.238
165.97 110.6 52.323
12.607 12.592 11.397
34.522 32.243 24.397
91.977 101.24 103.55
70.458 59.962 50.243
88.832 87.231 75.365
101.2 95.524 80.734
104.45 101.41 100.53
125.86 117.23 131.4
99.606 103.17 121.76
104.69 97.068 95.445
100.77 100.54 97.222
83.385 66.107 78.074
31.023 42.056 51.672
111.48 114.74 109.19
61.134 42.427 27.856
66.175 44.567 28.323
127.53 116.05 98.691
29.471 13.201 6.721
37.644 26.671 13.757
94.742 85.159 68.646
73.566 56.477 34.871
56.571 42.5 22.361
28.004 20.383 10.081
80.064 64.769 41.677
53.084 34.298 12.104
63.158 40.18 16.293
61.225 27.271 8.1907
48.921 23.961 8.3577
48.024 29.955 11.142
53.165 33.448 13.742
44.598 23.702 6.0795
68.443 47.272 18.709
48.946 31.748 10.311
53.261 32.432 12.026
43.937 25.877 6.4118
55.539 34.626 13.325
54.731 32.155 10.417
54.569 32.671 10.008
53.608 32.94 10.187
11.56 31.576 39.993
76.481 98.264 105.1
119.44 130.2 137.64
46.373 52.32 55.967
101.29 109.84 112.47
111.47 122.54 133.11
1.6959 1.7789 1.7346
4.1772 4.3793 4.2817
4.1259 4.3257 4.2249
0 0 0
1.7737 1.8633 1.8169
0 0 0
1.0961 1.1448 1.1206
1.6698 1.7382 1.7105
0.99721 1.0346 1.0203
1.3879 1.4435 1.4193
3.5654 3.6932 3.643
1.2086 1.2445 1.2382
1.856 1.9121 1.8898
0.8275 0.85524 0.84353
4.951 5.0967 5.0348
10.086 10.335 10.232
10.562 10.863 10.736
17.257 17.656 17.483
14.271 14.623 14.477
13.107 13.478 13.314
9.1474 9.4298 9.3144
11.865 12.19 12.055
13.757 14.129 13.97
15.212 15.595 15.431
13.749 14.078 13.935
16.794 17.193 17.031
13.937 14.258 14.123
15.119 15.515 15.352
17.641 18.12 17.918
18.816 19.373 19.136
13.015 13.366 13.214
12.526 12.835 12.699
22.595 23.137 22.901
16.686 17.057 16.895
11.062 11.291 11.188
16.158 16.513 16.356
14.376 14.703 14.557
16.278 16.669 16.493
10.966 11.239 11.119
14.344 14.734 14.563
10.706 10.965 10.851
17.065 17.452 17.289
15.688 16.054 15.902
15.475 15.836 15.68
1.5841 1.6446 1.6163
4.3502 4.4742 4.4208
16.503 16.984 16.777
9.137 9.3799 9.2752
107.64 87.932 62.023
123.87 109.24 82.047
100.8 97.721 81.645
169.75 181.19 178.79
198.36 206.33 205.74
0 0 0
1.8359e-05 1.8359e-05 1.8359e-05
