0 0 0
0 0 0
3.1935 4.9413 1.9051
15.672 52.912 10.53
11.255 10.585 24.985
4.9415 1.974 1.0296
2.4972 2.4972 2.4972
2.0752 2.0752 2.0752
3.4201 3.4201 3.4201
0.6428 0.6428 0.6428
50.756 52.382 49.282
49.456 52.609 49.434
44.26 44.659 39.057
60.425 55.303 49.178
41.653 33.573 27.919
77.562 69.476 63.476
44.023 36.445 31.207
83.256 63.157 52.59
85.457 66.735 52.55
125.74 126.93 125.74
110.77 110.35 107.56
39.576 43.153 44.587
41.105 44.522 46.006
85.437 78.09 70.519
76.792 76.926 73.624
51.371 49.472 45.703
165.25 133.73 109.31
13.01 14.493 15.197
144.93 92.721 65.358
56.404 57.247 59.136
14.21 11.233 8.9407
7.0327 8.3093 5.8994
10.401 9.2458 7.3919
16.996 16.423 11.908
70.205 60.69 63.029
21.711 19.02 15.811
31.572 25.83 22.411
36.512 29.361 25.415
71.697 65.639 62.227
86.919 78.901 69.638
85.965 75.374 68.537
84.567 74.616 68.404
83.828 77.226 73.602
39.05 53.647 53.496
33.914 47.492 48.264
55.784 60.537 56.658
45.844 34.528 29.866
46.423 37.184 32.509
78.915 71.364 65.76
49.188 37.776 32.48
41.477 32.018 27.659
41.875 36.23 34.331
54.827 46.875 45.65
55.22 41.401 35.098
54.292 41.458 35.234
42.725 36.849 34.384
48.641 37.254 30.902
102.92 83.758 65.357
51.217 53.802 48.682
33.298 40.341 35.547
88.178 101.16 106.85
50.158 43.928 38.247
63.573 55.066 44.96
14.48 10.075 5.2209
36.483 24.676 5.2904
20.769 21.331 11.864
21.204 16.881 8.1047
20.99 21.234 15.661
22.803 19.306 10.847
41.023 29.626 16.002
36.116 42.316 38.183
31.409 36.858 32.1
43.908 33.573 29.083
54.071 47.796 45.872
39.955 31.199 27.18
58.084 63.016 58.723
39.066 27.684 19.363
43.168 23.941 14.654
44.467 34.901 27.085
40.583 31.226 24.044
23.729 30.748 28.321
28.953 37.198 35.242
28.923 37.479 35.535
25.141 33.934 32.06
52.331 24.88 13.005
48.824 40.453 35.024
46.214 38.433 33.382
47.157 37.428 30.75
46.125 36.676 30.447
49.052 27.341 18.235
43.935 34.566 29.544
42.088 42.962 43.386
43.344 42.845 42.875
55.108 53.952 59.311
38.441 25.254 16.68
46.599 33.227 22.415
49.984 35.741 24.678
65.663 62.275 53.389
64.66 61.651 52.566
71.866 70.283 65.836
64.134 61.122 55.894
59.479 52.865 45.423
60.025 53.467 46.047
61.949 55.12 47.491
66.299 62.673 57.183
65.12 56.976 49.11
64.764 56.628 48.79
66.875 59.267 51.565
63.98 55.885 48.113
62.223 54.024 46.5
66.199 63.081 57.748
64.369 66.466 62.952
20.497 24.042 20.126
9.5256 11.592 9.7303
10.839 11.599 10.261
6.0603 7.4366 5.0214
80.589 46.838 50.199
12.829 23.107 24.541
16.498 23.809 22.155
41.792 38.466 31.288
34.93 34.849 30.104
19.439 18.715 16.303
15.824 14.661 12.021
18.051 16.257 13.251
12.61 10.868 8.8574
6.6218 5.3928 4.1153
37.622 37.673 31.092
24.913 24.708 22.637
14.527 14.808 13.187
16.64 14.558 12.15
37.707 37.871 31.074
147.96 145.46 139.56
99.442 88.56 75.348
96.185 85.543 77.807
95.022 84.378 76.544
53.728 42.332 34.686
54.672 42.129 33.119
57.136 44.132 34.66
84.764 74.796 68.003
88.038 81.146 77.064
74.837 68.936 64.114
74.563 68.376 64.587
97.563 89.753 85.795
75.883 68.742 64.501
82.662 74.42 70.905
100.58 92.049 88.39
90.829 79.194 70.529
50.423 49.371 43.837
40.746 32.791 27.183
54.016 29.934 20.28
51.835 42.501 36.622
57.051 30.64 20.361
35.807 78.089 82.429
69.457 73.516 63.018
42.293 36.207 40.448
72.528 71.854 63.517
75.104 73.664 65.466
84.713 83.516 86.705
72.291 70.134 60.204
43.111 29.692 24.491
35.166 27.586 23.581
39.578 26.228 20.727
45.172 30.601 24.492
46.146 30.912 24.805
36.14 27.176 23.628
49.142 36.665 31.598
100.75 103.72 100.66
62.513 56.407 48.635
67.425 64.253 56.749
63.946 61.217 53.388
63.664 60.991 53.422
56.44 51.785 42.524
42.131 46.569 46.224
38.353 42.562 42.051
41.166 45.493 45.111
41.724 46.303 45.976
44.287 48.925 49.027
71.158 72.375 75.81
83.358 73.194 68.839
49.034 45.005 42.413
57.601 49.141 45.834
93.979 94.301 87.703
45.599 45.44 41.092
43.34 39.449 34.01
87.203 73.072 74.45
82.656 70.054 68.543
54.451 51.359 51.193
86.792 91.988 92.194
85.118 98.261 96.737
107.47 118.82 115.11
102.49 92.777 85.439
85.405 78.542 76.511
88.667 78.634 72.819
101.96 93.931 93.18
34.469 24.957 21.006
34.083 26.085 22.459
66.927 54.385 46.515
73.054 61.844 52.482
66.222 49.16 39.471
42.349 23.947 18.494
49.656 29.766 23.597
53.356 31.878 25.019
51.025 29.622 23.353
61.245 51.24 43.439
65.047 50.877 41.617
64.673 51.722 43.061
55.894 50.204 42.396
54.79 46.141 39.509
109.94 104.76 109.83
98.546 90.378 86.314
34.924 30.954 31.351
92.436 85.044 78.908
88.972 70.757 67.208
102.48 91.799 82.008
97.084 86.768 78.293
92.873 82.302 73.574
93.419 81.959 71.639
76.576 66.332 58.48
99.854 86.671 76.793
81.344 61.18 54.489
85.667 72.448 66.641
100.73 90.108 79.593
75.75 62.88 53.396
70.883 58.588 50.157
89.854 76.66 66.797
94.762 84.693 73.212
72.395 59.865 50.321
85.461 74.719 62.142
92.832 83.849 70.098
88.831 78.606 66.958
76.549 63.19 55.848
97.264 91.011 85.786
61.313 53.106 50.573
57.895 50.766 47.217
94.752 84.907 82.411
86.628 79.613 77.359
12.618 14.159 8.1629
9.4998 9.9545 5.6813
8.3907 9.1043 5.5763
30.412 28.882 18.958
14.152 12.832 9.1077
53.125 41.395 27.727
86.544 69.896 52.096
31.52 31.481 24.656
30.582 30.888 24.361
31.804 31.907 24.992
25.446 16.713 12.986
116.03 106.7 105.33
118.62 108.88 107.45
9.6851 10.061 10.566
13.783 16.267 18.398
27.979 15.289 15.818
12.87 14.56 15.65
14.969 17.011 17.608
16.121 17.397 17.669
16.161 17.108 17.299
56.784 61.099 58.082
44.394 28.472 22.392
35.538 25.487 20.749
45.319 31.856 27.089
54.43 42.14 36.972
60.163 52.3 45.106
60.644 51.35 44.029
129.07 95.874 123.25
73.172 64.241 65.211
52.765 48.473 41.351
66.239 57.043 62.378
55.447 99.712 109.76
112.45 115.65 124.3
12.106 13.141 9.6589
6.6349 8.2112 4.0402
46.081 45.563 35.405
27.093 26.134 16.637
49.586 41.695 38.668
52.704 45.356 39.48
45.413 38.375 33.078
52.114 44.795 38.938
49.327 45.115 37.669
51.443 43.984 38.339
42.612 38.34 32.113
53.127 45.489 39.43
53.539 45.955 39.932
49.514 42.457 36.959
49.549 42.632 37.012
49.961 42.779 37.217
50.47 43.28 37.651
50.288 43.071 37.526
54.996 46.914 42.182
51.907 44.563 38.552
53.247 45.725 39.849
57.364 49.369 43.233
63.86 55.227 48.573
65.424 56.49 49.728
66.317 57.248 50.499
66.711 57.441 50.568
46.2 53.633 47.892
63.417 50.545 43.984
63.987 50.789 44.053
31.492 24.034 18.806
60.824 51.884 43.157
63.263 55.458 47.606
56.818 47.448 41.244
52.642 44.557 38.574
62.266 54.14 46.742
41.543 33.77 27.483
59.351 49.761 42.751
62.37 52.361 45.155
18.951 19.1 14.567
22.101 22.022 16.705
22.363 21.865 14.911
27.771 22.382 14.346
75.486 62.073 61.794
31.154 39.29 41.581
107.28 77.613 60.395
28.811 20.61 15.794
53.233 40.064 31.393
56.246 42.355 33.138
50.837 38.624 30.139
54.922 40.905 31.927
55.994 41.949 33.092
55.866 42.007 33.09
53.724 40.902 32.729
66.165 49.042 39.223
54.41 55.493 59.092
37.433 54.166 55.627
40.023 58.87 60.379
36.578 52.174 53.158
36.585 54.531 56.201
34.39 51.182 53.019
36.668 54.912 56.521
33.323 52.757 55.627
34.175 52.096 54.532
55.888 57.051 60.763
45.785 59.909 59.094
46.348 61.653 60.852
43.074 54.886 53.815
53.399 54.562 58.189
55.263 46.999 39.582
50.082 38.065 31.724
32.271 25.848 19.666
26.265 22.479 17.684
34.93 26.974 24.981
23.658 18.394 17.288
36.083 28.64 26.875
97.225 81.299 70.763
61.713 55.83 53.287
88.91 77.346 69.029
58.447 44.987 38.068
49.299 43.486 37.999
49.567 43.579 38.219
64.978 56.277 49.204
65.191 56.408 49.395
24.839 22.305 18.262
26.173 23.076 18.65
34.316 26.492 18.474
33.202 25.605 17.778
26.854 22.18 17.008
33.75 26.051 17.921
23.948 19.072 13.868
29.427 25.79 18.998
32.301 29.67 24.652
36.321 28.925 20.432
20.188 15.793 11.15
31.641 24.13 16.711
18.536 16.432 13.105
16.994 13.511 9.3051
16.681 13.202 9.1427
39.007 29.772 20.408
14.424 13.321 10.47
19.855 17.26 13.475
19.639 17.491 14.154
33.621 26.019 18.032
34.828 27.185 18.833
19.43 17.601 14.286
32.885 24.965 17.208
18.649 16.951 13.841
39.011 29.949 21.057
25.605 22.684 17.831
19.09 16.743 13.171
20.798 17.485 11.872
33.607 27.988 23.546
31.166 24.901 18.543
44.431 40.114 41.276
44.885 35.42 30.068
67.128 54.148 48.409
54.285 46.512 42.643
53.389 47.102 41.313
20.429 17.849 12.257
40.617 30.1 22.174
42.48 29.552 20.528
33.942 27.762 18.583
36.995 25.304 17.648
35.37 29.576 23.239
28.241 24.368 19.096
26.041 20.202 15.39
30.314 24.892 20.994
18.155 15.369 11.329
21.096 17.847 13.617
18.058 14.277 12.895
17.222 14.469 10.051
16.388 13.709 9.8143
17.115 14.572 11.016
53.888 44.217 39.61
54.69 45.465 40.678
40.788 32.818 22.273
40.744 33.205 23.303
25.868 22.445 15.097
47.273 38.532 27.315
43.287 30.782 23.533
20.998 16.577 12.51
42.82 34.304 23.603
37.998 33.422 25.697
35.376 31.911 24.161
46.388 37.06 29.781
47.887 37.901 26.981
48.42 34.018 24.971
26.986 23.104 15.946
27.019 22.799 15.455
31.445 26.423 18.278
31.747 26.506 18.113
47.814 28.364 18.301
38.57 30.8 21.077
23.216 21.449 12.429
46.174 36.137 26.135
59.273 41.01 31.341
43.582 34.749 25.298
24.902 19.494 12.372
26.68 19.162 11.206
35.151 24.755 14.002
32.739 22.834 12.307
48.265 35.011 20.734
52.299 39.202 31.384
32.557 24.015 14.144
25.358 22.011 17.964
64.617 50.756 36.274
24.206 21.148 17.185
60.753 47.913 34.702
48.155 35.263 27.191
29.084 26.133 21.722
19.762 14.231 10.701
45.651 33.51 22.136
46.582 31.814 24.257
40.655 32.165 22.199
49.131 41.328 33.443
64.721 59.975 54.982
46.453 43.636 37.204
27.964 22.703 16.587
24.669 19.121 15.049
61.626 48.803 42.443
41.322 37.481 35.201
36.092 30.669 26.257
50.341 43.662 39.834
32.52 27.07 23.32
75.577 69.645 65.448
38.42 34.198 30.345
40.589 36.335 32.594
20.287 26.768 28.375
51.957 79.963 89.527
21.3 20.201 20.645
7.3771 12.644 15.442
64.139 57.874 64.565
63.292 57.66 65.177
57.67 32.156 17.449
37.58 25.284 21.223
37.619 25.516 21.636
75.705 44.043 25.208
38.565 27.516 23.616
33.643 22.935 19.614
58.952 34.22 18.038
36.317 32.498 30.849
48.919 42.492 39.793
49.097 43.263 40.64
59.471 57.232 52.952
58.886 57.488 52.502
58.082 41.893 33.598
66.529 42.743 32.523
62.917 39.928 33.069
65.708 52.051 44.5
62.523 39.05 24.723
67.504 41.387 25.806
71.687 44.048 27.222
76.236 46.388 28.023
80.728 48.92 29.625
27.584 19.71 16.386
25.73 18.056 14.634
31.783 23.068 19.556
40.564 27.424 24.436
38.664 19.005 12.655
46.803 29.637 23.916
50.676 30.431 23.887
44.07 28.747 23.363
86.96 51.717 36.207
86.885 49.912 33.205
81.97 45.805 24.379
82.33 49.376 34.899
89.158 50.728 33.183
81.039 45.958 30.741
77.97 44.071 30.192
65.713 41.724 34.07
78.393 44.563 31.25
67.224 39.711 31.401
73.309 42.841 32.055
75.623 45.132 35.361
76.207 44.108 31.437
68.137 43.196 34.061
38.58 24.85 18.084
77.752 63.27 59.714
39.765 33.427 30.882
74.902 50.525 40.174
108.11 74.786 62.655
46.651 43.319 42.177
130.79 74.96 70.687
2.7454 15.12 22.523
123.6 91.316 96.667
78.743 77.264 78.526
80.29 59.564 51.284
87.941 65.631 54.667
70.281 57.989 54.708
168.35 141.42 126.28
154.75 126.32 105.57
68.592 68.508 67.889
153.84 140.75 136.85
76.76 74.164 67.09
196.35 150.58 111.59
88.791 48.931 34.93
122.45 89.445 70.302
95.792 70.111 41.377
95.396 73.256 44.355
126.54 89.499 72.305
0 0 0
8.0241 8.0885 8.1775
10.983 11.066 11.236
4.1325 4.1468 4.2001
3.3658 3.5292 3.5805
1.2494 1.4273 1.5084
0.37895 0.39163 0.40003
4.0771 4.6027 4.8065
4.294 4.6568 4.8344
0.48269 0.48269 0.48269
8.244 8.244 8.244
11.952 11.952 11.952
12.771 12.771 12.771
11.244 11.244 11.244
11.104 11.104 11.104
9.469 9.469 9.469
12.75 12.75 12.75
10.284 10.284 10.284
10.015 10.015 10.015
9.0656 9.0656 9.0656
10.504 10.504 10.504
10.988 10.988 10.988
7.1198 7.125 7.1079
2.7909 2.5494 2.4418
4.8584 4.8215 4.8565
8.1492 8.1492 8.1492
10.249 10.249 10.249
11.416 11.416 11.416
11.106 11.106 11.106
11.414 11.414 11.414
10.366 10.366 10.366
6.3057 6.3057 6.3057
8.5325 8.5325 8.5325
1 1 1
