0 0 0
0 0 0
0 0 0
6.6497 6.5186 6.3334
55.799 54.837 53.446
1.888 1.8872 1.8761
1.8347 1.8317 1.8198
91.236 89.792 87.914
79.151 77.422 75.176
38.523 38.434 38.116
80.185 81.553 81.174
31.239 31.191 31.023
41.908 41.893 41.644
39.018 57.931 47.263
105.58 115.19 118.37
41.197 41.039 40.833
64.818 64.505 63.894
77.184 76.755 75.872
74.104 73.852 73.113
109.87 109.02 107.12
127.22 126.18 123.63
87.462 87.109 85.735
86.049 85.664 84.161
86.337 86.113 84.779
56.215 56.208 55.67
109.98 109.4 107.22
82.978 82.644 81.839
92.457 93.163 90.716
83.943 84.535 82.465
86.49 86.488 84.577
59.437 60.447 59.667
64.478 65.507 64.537
70.681 70.544 69.038
54.753 54.651 53.904
65.139 64.985 63.726
43.119 43.118 42.48
41.94 41.918 41.418
65.805 65.884 64.612
58.334 58.278 57.356
60.651 60.601 59.559
60.709 60.616 59.673
81.22 81.1 79.215
81.462 81.429 79.65
73.195 73.157 71.62
38.62 38.623 38.346
36.498 37.174 36.779
54.11 54.061 53.229
37.852 37.838 36.964
47.821 47.692 46.78
78.63 78.854 78.347
58.715 58.675 57.447
48.003 48.012 47.463
61.118 61.949 60.637
70.081 69.969 68.478
52.802 52.748 51.358
77.261 77.449 75.786
52.457 53.499 52.642
67.266 67.164 66.103
37.063 37.485 36.92
37.951 38.531 37.843
54.908 55.621 54.871
62.616 62.777 62.238
48.017 47.925 47.223
46.53 46.571 46.191
53.161 53.489 53.029
53.867 53.786 53.134
46.297 46.192 45.477
49.553 50.587 50.112
53.395 54.722 53.923
66.107 65.873 64.405
60.564 60.401 59.433
29.148 29.091 28.76
38.818 38.855 38.071
49.23 49.115 48.511
53.784 53.662 52.961
31.563 31.549 31.224
39.298 39.301 39.181
38.403 38.404 38.054
32.433 32.438 32.161
88.459 88.21 86.044
71.753 71.492 69.973
43.557 43.399 42.74
84.879 84.703 82.579
108.08 109.57 106.73
96.662 96.535 93.286
65.28 65.178 63.903
73.639 73.379 71.979
76.955 76.53 75.095
97.289 97.167 94.431
93.671 93.559 91.448
50.063 50.07 49.63
73.523 73.239 72.028
30.961 30.555 30.012
24.661 24.495 23.831
12.594 12.724 12.188
22.711 22.799 22.728
20.402 20.439 20.409
46.476 46.851 46.3
37.521 37.665 37.153
17.42 17.57 17.498
21.54 21.55 21.544
46.584 47.243 46.78
26.763 26.826 26.777
17.442 17.509 17.447
36.786 37.213 36.817
16.302 16.392 16.329
15.057 15.199 15.083
79.274 80.424 79.217
18.5 18.645 18.562
12.564 12.63 12.591
23.861 24.143 23.943
76.212 78.31 79.98
87.116 95.332 100.96
111.84 121.62 129.94
62.395 66.222 72.891
63.408 68.7 75.927
88.194 95.94 102.55
44.888 50.579 58.017
65.092 69.878 76.642
63.511 70.094 78.685
22.075 22.301 22.125
24.67 24.772 24.625
19.149 19.182 19.122
33.243 33.672 33.35
25.246 25.64 25.443
17.812 18.028 17.922
101.18 102.64 101.14
19.133 19.49 19.314
19.889 20.248 20.072
69.283 69.315 68.115
63.43 63.307 62.186
55.646 55.454 54.528
54.792 54.64 53.646
40.434 40.371 39.681
45.963 45.851 45.056
42.94 43.643 42.855
33.952 35.269 34.69
50.316 51.693 50.798
51.828 53.397 52.317
55.654 56.853 55.915
56.461 57.855 56.871
57.353 58.408 57.203
51.637 52.961 51.977
58.762 60.197 59.143
59.942 61.328 60.282
34.411 35.439 34.93
45.743 46.533 45.774
19.701 19.896 19.792
22.19 22.563 22.379
18.706 18.988 18.849
26.49 15.471 6.6153
54.659 22.65 13.129
21.869 19.355 17.621
30.798 27.385 25.995
30.996 26.804 24.833
22.448 18.197 16.67
21 18.17 17.052
18.93 17.655 15.994
20.689 20 18.218
21.697 19.204 17.853
94.451 90.344 84.423
62.376 63.701 53.251
63.162 59.395 53.07
69.613 65.176 59.735
76.29 70.633 65.379
86.253 83.928 79.361
52.43 51.599 50.341
86.43 82.69 76.275
59.221 55.898 48.793
128.6 128.94 121.22
101.88 101.58 96.602
91.456 89.684 83.883
121.3 123.16 118.9
82.084 80.911 76.571
144.08 145.12 141.95
94.697 89.677 82.493
72.573 71.7 66.78
52.564 51.443 48.215
121.75 127.59 122.68
102.98 109.93 107.52
119.29 124 118.84
96.4 93.787 88.216
120.12 123.2 117.71
117.04 119.11 112.7
71.726 70.501 60.428
87.943 89.117 85.171
75.932 75.397 65.619
22.896 21.189 19.934
26.485 25.737 25.257
21.943 20.719 18.908
20.904 19.393 17.196
32.934 32.107 29.612
32.242 31.1 28.436
31.865 30.772 29.466
33.403 32.238 29.842
38.52 35.343 32.956
27.308 24.028 21.655
26.211 21.977 19.545
40.414 37.323 35.046
56.387 48.329 42.529
30.249 25.153 21.951
54.201 50.456 47.256
36.773 35.363 33.065
16.714 14.536 12.705
10.603 10.058 8.8659
19.647 16.608 14.17
22.317 19.186 16.662
20.671 19.62 18.601
31.439 30.091 27.233
25.901 25.096 23.029
28.404 25.6 20.097
14.997 13.986 12.624
14.089 12.126 11.358
22.547 20.824 18.752
19.516 17.793 15.576
11.88 10.534 9.5175
92.214 67.842 34.903
108.67 90.162 43.037
85.252 73.076 37.432
120.41 105.33 60.754
35.268 32.953 28.509
49.332 45.454 39.861
77.266 73.306 63.673
71.395 68.071 59.257
50.339 47.058 40.456
71.381 72.098 67.172
45.983 39.934 34.499
73.691 69.939 60.522
71.982 69.042 61.717
69.584 68.625 61.049
72.424 69.565 62.01
69.394 69.648 64.467
71.963 77.6 73.964
78.583 75.744 70.132
72.439 72.95 67.746
79.118 76.496 70.838
56.338 44.241 31.463
53.7 52.677 48.029
85.755 87.575 68.034
87.872 63.042 50.743
103.83 32.498 11.679
17.687 13.488 10.37
19.154 16.24 13.966
80.107 84.283 76.705
68.513 73.045 77.797
104.08 89.845 61.587
26.68 23.115 21.002
27.401 24.048 22.145
59.738 58.648 40.327
68.297 67.961 50.896
25.962 21.709 17.117
17.587 23.763 29.056
19.147 23.544 24.787
21.826 27.04 29.033
19.08 23.678 26.093
13.715 16.066 19.233
79.52 72.827 43.934
19.82 27.141 28.217
11.162 14.737 19.014
138.18 116.44 72.632
66.919 60.853 20.282
93.734 74.086 47.759
19.386 23.497 27.486
84.191 84.827 71.932
44.003 44.621 36.263
86.842 85.286 65.878
73.467 71.915 51.851
53.139 51.115 35.662
51.894 49.2 34.915
93.699 88.381 70.636
88.022 83.906 65.609
49.061 45.915 34.695
68.166 67.414 53.071
65.095 65.346 64.387
53.118 50.278 47.327
56.357 51.249 46.071
66.6 66.749 62.105
12.851 16.631 17.62
11.529 12.526 13.401
17.763 17.804 19.114
17.87 17.703 19.228
85.262 77.234 67.095
29.871 24.277 19.376
24.139 29.989 22.792
42.492 38.78 36.228
41.076 28.369 32.03
125.59 86.617 79.641
39.788 41.437 40.861
32.142 23.087 22.47
20.635 14.59 12.275
29.771 24.733 20.642
24.163 18.615 16.087
30.992 22.899 17.736
28.639 27.029 22.555
77.93 77.726 59.513
87.913 83.321 65.789
55.333 52.767 44.712
63.781 61.564 51.923
79.854 69.95 46.387
70.844 68.034 55.967
40.658 36.631 29.789
64.68 62.136 53.406
68.925 65.856 56.499
48.671 46.555 38.888
47.909 46.635 36.437
45.759 43.168 36.943
66.937 64.262 53.018
74.432 72.779 63.36
65.182 62.402 50.409
76.827 76.776 64.214
75.605 77.184 65.725
12.563 17.248 19.555
76.203 76.709 69.44
25.333 22.627 20.137
16.793 14.642 15.731
17.614 16.253 14.075
16.214 15.433 13.4
14.739 13.241 12.052
15.54 13.989 12.176
16.589 13.926 11.534
19.031 20.135 23.81
16.245 13.377 11.438
23.402 16.041 11.036
14.011 9.7472 8.0058
20.476 18.397 20.053
21.719 17.675 15.934
10.925 9.5977 8.5716
10.766 9.6547 8.6571
17.352 24.507 23.997
23.345 38.136 39.555
37.099 53.808 55.076
30.949 48.285 53.39
19.902 17.557 14.409
32.862 28.366 25.418
26.969 40.21 41.655
26.517 38.281 40.427
23.409 21.169 17.479
12.328 11.283 8.4711
14.435 12.917 9.8401
31.711 32.159 29.539
22.799 37.059 39.148
55.331 51.324 35.259
47.574 45.648 30.755
24.221 24.913 20.218
13.651 12.044 9.4623
13.091 13.573 12.115
29.357 28.981 23.258
39.61 32.723 20.673
15.95 15.716 14.776
16.241 15.62 14.663
15.718 10.98 8.7668
17.144 12.711 10.88
12.709 9.8544 8.5705
16.918 16.804 13.221
41.278 34.122 20.937
62.675 54.658 46.899
55.588 48.513 42.78
42.961 47.395 56.445
53.151 47.284 40.571
41.831 39.658 33.253
18.26 18.382 18.159
23.839 25.763 26.097
12.069 15.678 17.126
21.768 25.926 33.049
15.25 21.804 24.019
7.2327 11.268 17.008
17.898 20.828 19.912
5.2999 8.1007 9.7555
14.798 18.98 17.954
17.709 20.328 19.137
14.187 13.844 11.05
15.271 12.742 9.772
16.595 13.645 9.7846
10.748 9.6326 7.1434
11.244 11.378 9.3343
19.805 20.445 17.353
9.5214 7.5673 8.0712
18.585 16.181 16.082
28.863 27.923 27.279
13.201 12.961 10.384
21.579 22.924 23.3
13.712 14.157 14.514
24.612 23.395 23.4
21.984 21.462 20.466
19.238 13.903 11.386
25.006 25.844 26.002
18.851 14.446 11.042
12.252 10.637 9.061
17.064 15.796 14.977
89.481 63.69 30.997
115.71 107.22 91.622
53.657 47.664 31.141
51.705 51.85 59
12.058 11.405 11.256
22.79 23.653 23.292
42.815 40.99 49.954
24.688 26.629 29.012
18.426 21.04 23.214
30.141 43.228 48.218
14.103 20.383 26.929
6.2683 12.803 18.067
12.29 19.152 27.102
28.85 28.856 28.182
16.76 15.272 15.115
17.686 30.649 40.818
18.7 29.053 39.512
32.643 49.708 63.52
16.175 19.769 25.443
27.158 30.975 39.067
21.847 20.46 23.815
34.739 52.098 71.031
19.864 12.848 13.91
76.675 97.995 112.24
31.538 38.383 37.837
41.258 52.357 59.946
17.755 18.267 17.843
16.854 20.9 17.717
14.797 16.856 12.33
11.736 16.958 15.825
10.259 14.418 14.759
12.278 18.035 23.067
8.1507 13.874 17.705
18.498 18.039 17.938
31.229 31.925 31.584
36.451 36.165 36.002
58.414 58.373 57.197
162.68 137.98 97.471
205.99 199.54 169.43
114 105.61 83.719
18.688 18.603 18.54
28.696 28.797 28.466
22.584 22.059 20.54
49.29 48.664 47.486
36.269 35.84 34.905
15.552 15.271 15.157
11.912 11.816 11.697
48.427 52.116 46.089
11.298 9.4171 10.427
50.938 50.174 48.72
65.87 64.246 61.483
54.578 53.026 50.984
43.612 41.68 40.128
22.693 21.446 20.622
40.18 38.286 36.816
31.305 29.792 28.516
101.96 94.441 74.325
120.85 114.91 90.042
29.603 33.059 32.13
122.99 111.45 84.918
77.998 84.464 82.306
95.59 105.8 107.56
81.744 72.13 52.61
38.656 43.598 43.493
28.301 30.696 30.708
132.71 124.9 100.73
150.76 148.64 131.34
99.972 110.22 99.469
142.23 157.76 153.29
113.51 104.07 77.674
29.318 31.882 32.16
80.172 79.836 49.283
33.816 37.575 36.458
32.025 34.635 34.777
36.16 38.721 38.8
35.068 37.442 37.809
127.29 118.4 96.927
94.679 85.847 69.485
135.41 119.16 90.348
91.591 80.822 58.287
162.24 155.4 128.07
114.84 101.74 96.626
90.004 97.84 86.016
69.322 74.991 65.852
60.504 66.805 58.37
60.935 65.997 57.951
64.478 69.791 61.604
64.386 71.73 62.109
43.991 48.938 44.518
53.678 82.17 97.872
58.091 90.865 107.52
49.328 78.006 95.533
22.225 36.266 45.466
69.794 78.054 67.299
78.417 85.31 73.958
37.225 54.611 64.437
67.122 97.822 116.15
72.807 95.387 108.05
35.995 42.006 41.525
37.495 42.9 42.984
59.875 64.416 62.179
65.81 71.702 69.615
52.643 60.578 58.013
31.428 37.82 37.865
31.66 37.831 38.538
37.868 46.543 46.067
63.544 70.048 67.775
29.457 32.564 32.617
32.499 36.348 35.857
27.646 30.828 31.111
28.77 33.461 34.194
29.101 32.704 32.635
29.447 32.673 32.806
67.863 110.56 144.01
35.692 50.396 65.815
45.348 47.061 59.521
46.549 62.363 80.182
56.295 97.102 125.38
71.739 112.4 142.55
60.912 97.833 124.93
76.362 119.99 151.05
84.675 133.8 168.19
23.431 28.394 29.342
39.152 66.881 89.725
64.262 98.701 127.73
26.424 28.983 28.965
66.704 72.617 70.337
49.42 53.789 51.972
77.386 103.49 119.17
155.38 169.97 170.54
36.081 39.391 40.479
58.975 62.189 60.585
94.784 85.685 66.142
114.93 117.79 84.313
43.715 47.758 48.971
64.057 66.641 62.463
85.642 85.869 56.86
81.381 119.7 143.8
21.102 18.832 22.261
67.194 90.369 109.61
74.344 108.41 131.16
72.25 103.53 124.71
2.4111 2.3636 2.3104
4.6583 4.6146 4.5269
10.635 10.529 10.329
2.3401 2.3185 2.2714
0 0 0
3.3681 3.3047 3.2531
3.0559 3.03 2.9628
0.99186 0.9557 0.97211
1.9663 1.9476 1.9109
1.6628 1.6501 1.6188
6.4714 6.4124 6.3095
3.2946 3.2635 3.2092
1.7967 1.7838 1.7508
2.822 2.785 2.7477
10.382 10.168 10.082
10.821 10.636 10.514
11.69 11.47 11.362
8.6759 8.55 8.4511
10.327 10.171 10.053
10.745 10.567 10.449
11.458 11.274 11.115
11.443 11.271 11.135
11.915 11.718 11.576
10.248 10.084 9.955
9.2481 9.0823 8.9866
11.817 11.617 11.474
9.8791 9.6922 9.6263
11.443 11.219 11.15
8.8348 8.6445 8.5765
10.75 10.516 10.422
10.813 10.649 10.528
12.03 11.851 11.701
10.362 10.201 10.034
8.3765 8.2582 8.1582
8.9752 8.8555 8.7182
12.574 12.372 12.208
9.4871 9.3202 9.2256
8.114 7.9968 7.8801
7.0693 6.9677 6.8796
7.8993 7.7662 7.659
9.3715 9.2057 9.1093
9.433 9.2827 9.1646
12.177 11.954 11.82
9.6644 9.4823 9.3889
10.243 10.052 9.9499
12.112 11.888 11.752
13.715 13.466 13.301
10.202 9.742 9.473
11.339 11.149 10.998
8.5398 8.3717 8.2948
19.272 18.378 17.473
7.5115 7.0367 6.8521
15.181 14.842 14.73
0.10905 0.10345 0.10559
11.881 11.653 11.296
