0 0 0
0 0 0
0 0 0
236.7 236.68 236.67
44.751 43.06 59.626
61.56 0.41671 11.188
0 0 0
4.6295 4.3868 4.4556
102.17 85.975 80.894
110.56 88.649 85.461
123.42 96.556 88.659
124.54 98.243 90.808
117.38 94.922 90.076
150.9 123.66 119.73
50.981 33.374 24.751
44.529 29.593 21.834
36.987 24.568 18.177
36.789 24.293 17.88
37.175 25.21 19.754
39.057 26.696 21.139
50.591 35.98 29.827
108.87 73.612 76.862
117.03 82.135 87.634
134.28 96.211 104.01
131.3 85.968 77.923
105.88 63.047 43.543
37.976 27.662 21.182
80.933 47.906 32.13
98.465 63.867 50.524
82.471 39.101 22.919
111.57 61.621 33.668
114.04 65.071 29.972
96.118 49.098 24.653
84.268 41.548 25.216
75.978 38.839 25.102
179.99 137.59 114.5
74.425 37.979 29.632
71.691 37.655 32.311
159.96 112.37 53.809
83.616 45.656 30.194
99.334 50.272 23.78
36.43 21.022 14.891
119.29 62.608 40.748
52.752 36.966 27.675
53.206 38.444 32.212
53.275 38.061 31.314
53.591 38.235 31.496
63.6 46.087 39.198
63.034 45.877 39.069
68.614 49.096 41.953
70.541 50.39 42.072
60.293 44.523 38.614
69.679 50.01 41.925
70.272 49.981 42.3
98.737 51.482 29.225
88.25 47.24 27.76
88.697 46.653 28.844
91.207 48.827 24.939
78.992 41.206 19.299
78.57 51.637 47.185
63.305 38.306 41.18
93.862 47.402 43.259
88.702 47.993 45.106
97.774 55.755 46.95
85.409 56.055 50.432
98.119 55.856 46.635
82.62 54.871 50
89.285 58.575 53.198
84.121 18.824 16.051
84.171 18.914 15.917
58.759 34.75 36.714
130.52 86.551 81.419
108.7 68.056 61.456
108.86 68.026 61.435
105.35 68.276 71.988
106.27 69.003 71.933
106.87 69.652 73.867
148.25 98.087 93.422
71.031 51.13 54.93
77.392 43.602 47.827
85.096 41.652 39.581
76.207 34.707 31.183
79.167 39.329 36.083
88.32 50.287 47.502
78.296 14.84 14.398
96.861 18.319 15.729
102.64 46.752 38.458
80.365 45.171 45.453
76.64 42.694 43.149
85.472 29.594 18.26
87.215 38.015 32.184
109.44 60.814 54.152
80.831 43.518 40.081
94.556 48.982 41.988
127.29 69.012 63.864
79.965 48.397 50.405
83.453 37.833 21.617
103.07 56.649 49.421
56.489 32.541 25.01
91.556 52.048 39.368
122.46 82.255 68.694
109.28 71.762 58.553
80.107 46.5 36.948
121.18 80.743 82.487
113.34 31.452 30.772
87.624 62.75 63.768
47.713 25.604 24.491
48.806 38.924 45.014
41.8 33.372 42.003
72.826 37.856 32.743
101.77 82.655 98.508
87.606 60.881 70.833
94.133 44.836 48.117
121.06 67.017 51.457
81.035 44.819 40.934
103.03 63.566 49.812
70.357 73.293 80.759
50.15 30.184 21.895
47.388 27.99 19.599
45.047 26.493 22.066
38.791 20.709 15.979
46.633 28.107 19.657
41.838 24.856 20.693
87.826 67.378 54.707
40.428 26.292 20.168
51.487 33.216 26.563
54.882 35.753 28.898
55.825 34.963 28.832
41.458 23.2 16.222
33.981 22.567 21.496
55.042 35.646 28.121
84.036 48.161 34.625
52.114 35.248 29.102
58.876 40.504 31.816
65.829 38.654 29.438
49.158 31.448 25.88
41.725 25.831 19.764
52.092 32.513 26.756
51.529 36.342 30.966
52.658 29.474 23.631
51.34 28.732 23.04
50.567 28.258 22.557
10.116 11.493 12.963
22.01 10.875 13.975
14.176 12.978 15.074
28.015 20.496 20.357
24.001 15.812 15.487
31.656 21.524 19.385
40.125 25.132 23.082
32.817 25.607 22.748
34.433 26.655 23.638
37.83 27.542 24.775
46.736 34.299 23.821
86.846 66.09 56.873
73.227 57.783 55.18
96.52 71.981 60.079
25.924 18.698 13.578
43.363 26.195 18.809
36.088 25.403 18.466
39.719 26.2 19.249
35.276 22.434 15.923
33.083 21.644 15.975
34.884 22.312 16.097
32.758 22.555 18.39
41.134 24.138 18.033
32.547 20.678 16.377
32.087 20.205 16.333
31.818 20.051 16.092
32.11 21.779 18.02
46.651 28.44 23.322
30.825 20.912 18.983
34.305 22.453 18.86
37.141 25.561 20.039
25.774 17.264 11.534
21.356 14.504 13.225
25.443 15.842 12.185
17.153 13.334 12.797
37.358 25.121 19.455
32.512 20.39 15.061
75.199 59.808 51.887
59.97 48.979 45.681
63.342 51.545 47.981
34.185 24.077 17.367
22.692 13.055 10.037
21.366 13.288 12.141
31.526 20.153 17.096
31.109 19.923 16.878
52.857 31.944 24.14
52.142 35.78 29.756
45.359 25.362 15.183
46.76 25.616 13.856
46.616 27.416 20.684
37.939 25.822 21.763
45.807 30.022 22.384
20.938 15.556 13.598
21.827 16.404 14.587
6.5462 29.217 51.09
20.875 15.406 15.074
30.987 20.821 17.271
30.982 20.761 17.253
29.092 19.122 16.654
29.137 19.613 16.858
29.267 19.668 16.931
31.282 20.731 17.243
29.23 19.631 16.713
29.434 19.731 16.874
26.667 16.83 14.259
30.2 19.328 16.302
12.551 10.159 11.158
75.329 49.95 44.386
72.149 46.914 41.025
73.389 45.348 38.516
69.414 43.889 42.494
73.801 46.222 41.614
106.34 55.013 44.281
95.008 51.23 42.221
77.202 44.119 38.109
115.05 57.688 45.329
109.25 86.801 81.079
88.577 92.623 97.843
86.136 90.277 96.152
56.939 71.492 77.224
62.291 77.744 82.763
64.636 77.957 83.654
64.117 77.451 83.25
62.285 79.398 85.483
53.854 64.324 71.676
28.374 17.658 13.017
30.453 19.041 13.692
28.604 17.867 12.588
27.613 17.074 12.511
33.56 21.525 15.087
28.115 17.683 13.25
105.54 77.643 54.692
65.804 80.058 85.952
65.799 79.422 84.779
87.242 95.825 95.851
22.212 17.194 15.019
14.218 10.544 8.3437
40.144 29.723 25.193
32.318 22.343 18.427
32.663 22.564 18.66
31.966 21.983 18.189
24.574 17.537 13.597
8.0895 15.125 28.433
103.49 69.798 53.67
94.414 65.844 52.858
46.912 45.775 50.947
46.897 45.682 50.874
46.772 45.534 50.771
46.805 45.643 50.904
89.305 62.07 50.244
20.993 14.366 11.406
79.474 75.558 75.763
79.493 79.243 78.478
88.45 88.654 84.936
73.354 72.575 70.114
79.093 78.43 74.317
78.845 77.271 75.574
68.007 77.522 80.746
58.644 52.87 49.087
74.193 67.348 64.587
63.945 55.827 52.891
75.636 63.589 60.55
81.316 70.439 66.121
76.084 66.957 64.045
60.345 51.258 50.875
59.726 50.556 50.848
56.034 47.683 47.984
53.693 46.726 47.427
58.13 50.119 50.463
70.962 62.022 58.981
60.279 51.055 51.342
54.441 47.222 48.271
69.516 60.443 58.743
88.408 48.342 30.694
47.007 26.966 16.72
48.146 28.055 21.254
57.045 32.512 24.318
28.826 22.531 20.749
30.079 22.626 19.103
45.457 40.53 35.864
62.961 49.752 38.704
55.929 56.058 48.331
62.807 50.143 39.615
61.883 25.552 22.74
66.89 39.999 30.354
87.669 57.692 48.752
67.682 41.838 33.131
64.444 38.902 30.788
66.959 39.665 36.124
73.286 46.577 43.243
64.558 53.411 51.402
35.995 25.604 19.53
54.069 37.232 27.249
54.029 37.524 28.408
56.99 38.895 28.972
50.728 32.534 23.841
57.765 38.522 27.618
57.502 38.335 28.639
50.385 32.751 25.133
57.026 37.787 27.991
52.389 33.555 24.73
29.56 18.516 12.561
11.387 10.735 9.9691
19.234 16.649 13.343
10.804 9.7957 9.6891
38.288 24.403 16.895
39.124 25.344 17.59
38.621 25.195 17.556
51.641 34.562 24.359
31.117 18.437 12.052
32.992 19.272 12.043
2.2298 11.497 22.475
18.91 43.067 43.3
12.152 33.011 35.66
14.967 34.173 35.268
6.1481 18.971 20.702
13.694 19.352 17.576
22.216 24.158 16.336
35.005 23.642 14.862
13.406 35.313 50.1
13.561 35.227 50.06
21.353 13.439 11.902
23.226 14.995 14.685
18.789 15.336 15.075
26.656 21.437 20.452
10.084 8.242 6.0131
15.418 13.213 11.401
13.467 14.476 19.228
15.297 14.221 20.912
13.841 13.245 18.391
22.022 24.934 32.159
20.347 31.269 43.72
74.634 46.434 36.631
26.03 20.561 17.696
25.597 21.122 19.052
15.687 14.205 17.078
21.558 16.872 18.24
7.5606 10.225 13.183
25.843 22.286 21.907
21.614 18.797 20.485
45.223 35.872 31.486
29.133 24.614 24.397
24.298 19.741 18.928
30.997 25.201 23.098
33.852 27.563 25.85
34.777 26.262 23.139
26.781 24.23 26.111
15.125 13.872 16.326
10.006 20.732 30.779
12.301 21.347 29.501
10.24 26.009 40.572
8.1586 21.795 30.645
28.327 21.866 21.361
31.091 25.447 23.039
40.474 31.152 27.982
26.792 22.264 20.998
25.265 20.097 17.153
26.997 21.159 18.258
47.603 35.076 32.377
45.453 33.432 30.746
27.098 20.246 18.29
27.171 20.039 17.784
26.918 19.832 17.48
26.838 19.857 17.488
27.009 19.864 17.568
27.762 20.494 18.109
27.35 20.163 17.853
27.503 20.189 17.775
27.114 19.964 17.721
22.902 16.988 14.785
29.608 21.133 17.539
28.855 20.645 17.216
29.945 21.16 17.298
30.3 21.825 18.202
30.997 22.146 18.49
23.99 17.243 15.269
24.249 17.351 15.364
29.471 22.235 20.372
18.509 38.9 61.243
39.703 31.152 29.013
39.57 31.096 28.98
43.863 34.306 31.516
40.152 31.629 29.29
30.692 28.652 28.677
28.89 27.875 27.366
36.058 34.072 32.396
35.859 33.684 31.915
25.616 42.089 60.24
25.082 41.727 59.72
41.681 36.164 33.478
24.68 41.78 60.476
24.444 41.501 59.963
140.32 95.414 130.34
40.083 23.999 19.972
105.65 94.834 92.394
36.611 23.624 19.039
91.525 73.685 75.212
47.139 26.102 21.599
60.171 43.687 43.435
28.106 22.444 22.273
81.335 53.351 45.599
45.699 20.955 18.167
15.42 68.803 99.884
13.59 62.396 92.765
12.738 61.758 92.777
9.3566 19.549 31.762
11.469 8.8884 7.8473
13.39 10.356 8.5956
13.227 9.35 8.0873
13.39 9.1943 7.8963
13.21 9.2463 8.0784
2.7671 13.351 25.433
23.979 15.75 13.392
24.564 16.105 13.673
35.99 19.996 10.597
31.886 18.191 10.125
29.839 17.368 9.9764
82.863 48.76 26.546
67.056 38.049 18.425
60.251 31.513 15.647
21.895 13.553 9.0349
21.511 13.276 8.9589
21.655 13.408 8.9615
22.036 13.719 9.074
21.691 13.379 9.1062
16.754 11.012 7.8556
22.566 13.853 9.3594
22.377 13.417 7.8346
24.699 14.572 8.3265
1.8991 10.263 18.238
2.059 10.302 18.31
68.529 52.789 43.821
60.649 47.094 40.469
60.174 46.938 40.137
64.618 49.808 41.566
56.091 56.596 66.948
33.34 34.823 44.812
33.64 35.717 46.219
98.619 92.429 99.782
97.154 91.103 96.521
69.678 63.902 70.2
43.373 43.028 51.397
137.04 131.58 139.91
149.8 143.63 148.45
130.03 124.36 128
110.34 104.48 109.47
130.82 122.51 128.03
123.15 121.17 126.75
157.77 149.88 155.51
48.308 45.947 49.946
55.97 58.451 65.229
111.37 111.21 117.33
124.34 116.29 122.99
109.76 91.446 92.052
46.12 39.274 43.868
79.637 65.392 67.424
65.739 50.845 51.902
76.439 59.66 59.237
72.734 56.792 56.47
12.81 10.505 9.856
15.835 11.133 9.3666
27.317 19.53 15.19
28.77 20.325 15.446
28.112 19.763 14.867
20.183 13.754 9.9666
31.908 23.271 19.064
78.304 65.141 65.293
131.85 113.11 115.87
95.89 82.95 86.019
134.75 121.32 125.08
132.39 118.48 122.95
126.93 113.64 116.1
131.27 120 124.06
158.24 143.97 145.65
144.59 135.06 140.16
155 145.42 146.34
133.74 126.52 131.24
135.71 129.1 130.23
137.57 128.17 130.78
121.94 118.37 123.97
98.581 92.901 95.992
110.23 107.38 112.56
100.28 101.46 108.51
113.03 104.82 108.17
154.01 141.38 142.66
134.41 123.92 127.82
22.901 23.322 44.668
86.384 49.888 47.422
89.036 49.468 47.509
81.179 42.088 41.366
87.248 27.007 24.808
107.25 55.658 50.401
77.015 48.721 41.688
139.38 86.602 89.969
113.49 68.271 74.65
108.12 67.658 74.545
129.77 70.616 64.4
98.493 52.705 53.38
135.34 77.117 80.844
104.64 56.361 53.982
118.2 63.233 56.327
117.5 69.772 64.783
123.58 76.899 79.972
109.46 64.183 62.616
113.44 66.279 63.381
75.102 22.831 21.431
51.961 24.724 24.115
86.953 26.834 25.543
97.263 43.546 37.097
99.362 45.158 34.205
118.18 71.197 70.121
122.42 68.523 67.16
127.45 73.86 74.275
100 59.651 60.656
82.544 48.395 42.73
101.13 60.97 63.579
111.17 66.489 66.718
96.606 52.394 53.176
96.516 57.339 56.393
104.96 59.269 61.87
120.9 71.758 68.148
118.52 86.255 90.38
107.3 75.375 79.333
154.01 94.814 98.342
68.483 44.362 43.478
43.836 25.825 23.902
144.89 108.23 100.34
40.409 17.949 21.349
91.704 56.64 50.834
53.855 32.897 29.505
106.48 78.99 81.266
124.38 95.952 94.898
71.205 64.076 65.764
77.96 72.721 73.814
58.97 54.442 55.962
60.632 56.105 57.487
60.444 55.938 57.371
91.553 85.497 86.15
80.478 75.131 75.877
44.409 42.365 43.676
39.767 38.28 39.406
40.753 38.77 39.991
123.78 115.77 116.15
51.629 48.313 49.561
34.804 32.594 33.885
51.144 47.818 49.127
96.817 64.271 60.663
68.493 41.145 28.968
69.629 39.104 25.227
74.7 37.726 18.467
91.841 48.045 23.334
90.765 44.996 19.405
113.48 82.006 10.214
29.368 13.698 7.1844
29.531 13.71 7.2514
42.456 21.682 10.981
27.512 11.56 6.2659
65.433 28.758 15.956
64.638 28.617 15.678
54.04 27.6 11.536
49.678 23.58 7.9105
88.761 57.878 46.281
117.96 94.929 86.976
1.3494 1.2822 1.2661
1.4497 1.3695 1.3422
1.8552 1.754 1.7246
1.444 1.3726 1.3508
1.4128 1.337 1.3144
1.2608 1.1908 1.1702
3.7547 3.5558 3.4876
1.9722 1.8665 1.8379
1.6382 1.5539 1.5329
3.6148 3.4183 3.3589
2.9693 2.8131 2.7609
5.2187 4.9422 4.8582
2.9487 2.786 2.7385
10.972 10.442 10.216
12.011 11.404 11.154
12.693 12.063 11.816
13.083 12.41 12.146
2.2271 2.1038 2.0691
10.749 10.122 10.013
12.431 11.728 11.582
13.897 13.047 12.893
11.285 10.639 10.531
13.159 12.368 12.26
8.3572 7.8943 7.7944
14.259 13.452 13.346
15.327 14.469 14.323
11.277 10.634 10.534
11.153 10.529 10.442
10.422 9.8303 9.7341
15.086 14.281 14.076
5.9712 5.5922 5.5648
12.015 11.339 11.202
17.118 16.095 15.937
12.663 11.945 11.803
10.97 10.325 10.25
13.43 12.556 12.498
1.673 1.569 1.5519
