0 0 0
0 0 0
0 0 0
109.22 101.25 91.715
63.9 51.861 38.399
8.3956 8.3956 8.3956
13.667 13.667 13.667
73.547 72.646 69.349
95.231 94.518 90.056
73.334 73.238 69.857
88.355 89.21 87.585
103.09 104.21 102.64
98.986 102.17 101.99
51.969 42.082 44.998
40.161 34.265 33.53
42.887 36.387 35.474
71.898 38.026 27.925
73.354 41.296 29.698
87.34 58.356 37.859
68.152 36.246 29.751
75.945 38.167 32.704
63.702 32.499 26.65
84.168 44.812 36.859
63.738 38.501 29.085
59.191 28.935 23.226
81.121 48.138 37.321
61.995 31.974 25.901
57.63 29.097 23.816
68.137 42.471 35.316
71.559 44.085 36.479
78.361 46.869 39.387
66.303 31.78 25.843
11.241 18.733 20.174
43.713 60.961 61.198
59.445 30.377 25.064
62.466 28.642 23.111
55.018 43.065 39.856
12.911 25.2 27.448
79.474 48.881 39.927
65.96 32.279 24.281
23.004 29.609 30.489
32.096 26.999 22.812
40.815 33.666 25.367
20.705 14.826 7.7832
32.704 22.651 10.426
36.253 23.377 15.565
44.304 29.33 18.276
40.069 25.992 14.505
47.567 32.313 19.272
40.47 27.861 18.244
42.511 34.782 22.551
48.747 41.519 27.821
52.557 45.363 30.244
42.741 31.56 20.147
49.41 36.372 17.958
25.272 14.249 5.8371
36.776 20.675 8.0835
38.74 22.177 9.1371
47.832 33.335 16.007
47.282 33.229 16.583
44.155 31.923 15.929
33.298 18.097 6.2283
31.188 32.521 30.702
70.633 51.984 42.268
37.963 40.815 38.28
63.837 42.484 33.387
52.863 45.301 40.018
43.488 37.148 40.607
28.729 31.227 30.531
41.802 38.16 27.675
23.126 19.001 12.49
34.916 31.554 25.155
36.3 28.453 19.704
34.26 29.379 21.821
22.899 18.963 11.883
26.227 28.072 28.07
66.188 80.979 83.669
55.723 58.957 56.272
21.636 23.505 21.97
31.219 32.624 30.738
28.67 33.017 30.996
56.102 58.817 56.406
20.402 22.684 19.933
50.116 52.473 50.743
36.899 38.153 34.56
51.602 55.049 53.434
46.655 51.868 49.065
16.088 18.918 16.218
19.232 19.684 19.658
21.692 33.1 27.343
5.7952 12.873 12.895
29.251 23.779 17.773
6.3088 15.563 14.672
13.716 21.791 18.491
24.352 22.396 16.602
17.837 22.309 19.615
9.4992 20.514 20.314
36.61 30.024 21.481
90.754 95.306 105.37
62.183 62.861 56.897
86.173 78.169 65.968
61.419 48.114 34.794
72.504 87.051 88.31
70.608 82.96 83.936
0.0091214 0.013603 0.023455
89.432 74.117 60.338
157.49 157.07 153.71
91.494 97.847 98.371
78.584 88.738 89.009
86.392 91.063 85.922
82.006 81.999 76.438
68.318 67.204 63.181
90.678 86.819 82.168
93.324 100.39 99.62
84.749 92.289 92.081
94.474 102.77 102.59
61.685 63.371 65.254
77.763 83.303 84.888
54.167 50.834 58.806
68.136 72.787 76.794
56.621 52.912 60.544
59.321 58.617 65.551
74.13 84.751 92.115
55.025 53.929 60.696
42.749 40.387 45.732
45.124 43.415 50.001
88.086 65.082 58.313
86.416 40.328 38.591
82.273 26.951 22.711
82.701 27.005 22.723
32.604 37.485 37.925
35.476 36.269 31.807
36.923 47.359 47.629
33.272 46.383 47.673
34.649 34.575 30.702
35.156 35.687 31.636
32.223 35.683 34.033
41.637 44.642 43.976
25.067 23.516 20.506
77.176 84.789 90.797
63.168 62.654 61.937
70.972 77.3 79.173
91.061 110.44 118.87
69.439 79.215 85.348
56.269 69.623 70.798
62.998 72.967 78.712
54.097 57.304 62.748
41.253 47.634 51.627
62.249 64.421 66.591
41.197 44.164 49.471
31.672 35.483 36.184
32.376 39.782 50.35
66.865 68.722 72.946
29.001 34.689 43.573
42.584 47.35 51.826
56.064 59.244 62.169
51.707 52.353 55.135
46.014 52.066 60.978
48.514 47.799 49.643
69.233 69.542 74.623
97.019 98.659 102.73
68.986 65.917 65.48
53.508 45.814 39.244
90.933 92.706 97.563
94.856 94.667 99.478
46.977 40.918 35.14
57.201 74.595 78.952
37.804 65.249 70.638
26.093 49.774 55.194
37.89 74.366 85.767
27.747 65.535 79.012
21.157 44.761 49.567
27.518 52.743 59.297
34.018 62.874 71.031
27.179 48.497 55.103
34.991 62.923 71.381
43.732 70.973 75.172
52.011 79.469 89.434
31.007 61.903 69.502
30.723 55.129 60.672
26.307 48.395 53.731
39.961 68.843 74.4
42.499 70.609 76.119
28.292 54.906 61.803
42.145 73.034 81.148
42.18 67.653 75.533
30.87 56.108 60.749
27.422 51.549 57.526
34.975 64.49 69.558
15.502 23.094 25.354
36.172 56.585 64.675
51.644 65.84 75.022
49.202 57.91 64.917
19.279 27.968 33.124
28.871 33.323 33.976
27.438 25.117 23.011
90.726 103.75 115.26
37.599 53.543 58.257
66.417 88.776 95.582
16.812 58.612 67.377
38.05 66.945 69.482
31.227 57.957 61.941
31.925 60.114 68.216
43.714 71.07 82.302
46.74 80.617 91.862
70.897 84.604 94.293
54.607 64.433 69.334
50.012 65.944 74.285
53.339 62.928 66.134
83.963 89.401 98.39
21.915 25.519 31.906
67.379 75.522 79.303
69.35 67.974 69.411
71.992 76.58 79.766
95.105 90.884 87.584
77.32 70.286 63.941
158.28 153.96 155.02
106.12 105.6 101.33
95.363 87.351 84.243
90.164 79.607 71.969
102.35 87.655 80.2
89.345 77.502 70.222
99.768 90.43 85.303
81.476 66.992 58.795
36.471 33.93 33.012
37.514 34.839 33.157
56.356 52.642 51.277
57.26 53.187 52.086
78.367 72.759 72.665
53.139 47.55 44.627
27.64 32.472 27.79
57.155 63.758 64.591
37.282 40.549 38.11
26.743 30.833 31.601
39.773 39.737 40.09
26.336 22.736 19.593
29.081 25.065 21.098
26.739 24.594 21.019
34.759 29.361 26.702
27.969 24.725 20.424
34.236 29.375 27.134
27.773 25.455 23.267
47.314 35.276 26.836
42.545 33.549 25.249
48.148 33.521 21.637
64.004 51.258 40.947
40.053 29.628 20.331
34.665 27.33 19.316
35.807 27.844 25.267
27.307 45.29 47.153
24.786 45.628 49.387
21.619 36.229 38.506
108.34 101.79 93.398
47.979 50.442 45.231
9.7086 49.858 25.251
46.874 42.341 38.484
38.325 31.216 24.965
13.653 24.184 24.912
26.158 21.291 16.582
48.561 39.715 35.26
44.72 32.554 22.57
28.701 31.641 31.64
29.862 32.197 36.537
42.506 35.916 34.024
9.8735 12.007 11.015
31.153 45.563 51.117
30.652 56.044 63.796
4.7801 6.7692 8.925
9.9184 11.703 10.661
14.295 15.845 14.027
29.133 27.041 25.281
10.026 11.627 10.344
11.127 12.504 11.394
4.2617 6.4271 7.8413
10.485 11.398 10.94
26.681 24.214 23.381
5.3843 7.7657 8.6347
13.362 15.259 14.453
20.453 35.916 39.048
11 11.945 11.848
29.742 26.356 24.563
25.935 34.44 36.622
22.15 33.765 36.228
20.795 23.714 27.087
13.286 14.95 13.337
30.94 28.375 26.547
30.58 27.621 26.348
22.959 37.232 45.006
24.492 25.934 24.443
19.491 22 22.307
18.18 19.548 18.366
32.145 58.927 67.841
34.658 48.422 51.809
13.125 14.558 12.66
23.105 22.718 21.003
29.403 24.559 19.092
26.18 22.541 17.671
62.616 52.168 43.385
52.419 43.645 32.161
36.308 28.782 22.499
62.444 45.569 32.53
52.506 32.338 22.369
49.411 31.701 22.819
46.205 35.386 25.282
58.724 46.297 37.399
77.919 62.671 50.437
52.258 40.285 32.327
40.29 34.309 30.073
42.45 38.104 33.581
41.473 36.744 31.878
23.151 18.432 14.201
40.07 35.658 31.484
32.891 29.721 26.141
38.039 34.192 29.955
98.134 100.58 105.91
102.92 104.69 109.37
61.65 62.7 65.602
70.687 69.404 72.732
39.183 44.438 46.539
43.33 46.71 44.79
40.265 42.769 41.188
46.261 42.057 38.195
58.265 51.572 45.177
34.797 31.746 28.196
42.941 37.418 32.901
57.108 51.581 46.658
32.054 29.413 25.808
32.917 29.485 26.526
34.283 31.304 27.197
28.456 26.364 23.69
57.028 51.186 45.913
71.421 89.006 94.953
170.1 179.58 187.74
35.074 36.092 32.874
36.211 34.178 29.36
28.128 18.166 17.43
33.254 19.544 20.437
35.311 21.061 23.101
39.966 26.574 27.725
23.089 13.234 16.496
37.188 25.266 31.903
21.605 12.17 14.306
66.855 65.141 63.585
49.115 50.189 48.416
73.204 76.019 76.838
32.031 37.027 36.407
29.708 30.349 30.236
39.706 45.202 43.142
27.717 23.763 21.984
37.743 28.377 27.688
23.601 30.358 30.947
24.42 29.746 30.596
32.447 43.441 43.76
20.402 27.289 26.57
20.928 27.434 26.632
26.152 38.688 37.484
58.931 62.073 61.733
23.661 34.031 34.339
30.922 39.179 38.046
36.956 40.734 38.756
56.838 59.115 59.974
61.996 53.568 45.346
58.07 38.65 52.958
22.076 23.384 23.05
40.359 49.488 50.898
71.507 58.415 45.634
54.231 47.632 38.099
61.198 52.651 42.726
47.942 38.583 31.304
67.378 57.264 47.636
50.505 48.514 44.537
53.28 41.628 32.441
43.317 39.84 35.636
57.17 47.207 36.699
74.803 59.945 48.845
77.135 65.879 64.727
61.04 48.802 45.217
74.48 60.989 58.767
36.02 33.339 29.61
38.529 28.544 19.941
25.597 20.169 14.473
34.556 30.519 25.861
19.86 16.523 14.288
25.596 20.947 11.199
33.416 30.798 26.337
42.594 35.779 28.721
39.182 31.716 26.297
61.738 52.547 48.415
55.982 46.258 41.964
48.029 37.886 32.876
55.017 40.229 30.899
56.636 47.062 41.243
91.378 99.103 102.67
53.143 60.553 62.216
47.362 55.12 58.953
56.681 64.792 70.719
51.239 58.451 64.176
46.089 49.677 53.401
44.098 48.335 52.212
49.607 54.307 58.732
24.056 26.55 26.892
89.792 99.068 102.79
69.116 80.639 79.996
41.405 36.164 32.304
74.478 62.668 55.116
52.371 45.654 42.22
58.614 49.143 42.779
56.423 41.045 28.599
45.757 36.64 30.785
54.298 44.24 36.782
88.302 68.567 51.232
43.264 32.674 23.923
16.375 20.912 17.518
58.247 41.674 27.386
51.967 40.633 35.93
54.163 43.161 37.731
50.925 40.549 36.12
55.755 44.05 34.811
59.764 47.881 42.229
60.395 42.868 28.481
55.615 38.334 24.899
53.116 42.455 38.072
72.531 53.224 41.467
34.899 25.038 18.038
57.157 42.129 31.202
43.157 29.984 20.805
46.328 32.046 22.144
47.748 32.992 22.62
48.976 35.573 24.388
50.125 35.832 24.28
32.223 23.437 17.027
16.211 20.855 17.491
28.228 37.819 29.145
30.828 32.278 29.057
33.673 33.83 28.49
47.094 47.563 47.504
46.752 48.305 48.072
40.834 51.517 60.747
59.772 56.676 69.435
50.494 51.018 64.168
56.129 61.105 72.615
27.591 24.903 23.557
57.447 46.6 35.218
36.643 28.911 20.609
28.927 21.391 15.55
54.324 39.706 30.064
73.465 59.105 47.694
87.084 69.039 55.611
80.399 67.887 57.512
67.762 54.107 42.274
31.187 24.478 18.649
29.427 22.579 16.958
80.193 64.418 50.812
65.048 54.463 44.01
65.579 55.019 43.174
63.324 45.17 33.202
46.01 34.928 25.843
43.343 32.721 24.033
50.705 37.921 27.997
52.107 36.96 27.228
56.322 46.611 34.068
52.252 37.28 27.555
61.679 47.767 35.042
30.824 23.845 18.434
59.644 45.537 35.697
40.784 30.048 22.399
47.724 36.277 27.32
26.297 20.847 15.559
35.707 26.228 17.015
50.277 33.193 20.561
55.553 35.457 21.982
56.706 42.713 33.123
39.079 37.819 30.928
38.983 35.028 29.316
53.1 38.807 30.399
42.391 29.22 22.089
70.353 55.214 44.82
63.54 48.35 39.163
38.352 28.923 22.805
60.448 46.056 37.883
64.526 49.681 40.92
45.193 30.253 21.81
53.134 37.093 28.037
18.398 17.928 14.197
10.813 11.852 9.3134
87.418 75.042 69.717
88.378 73.009 66.284
11.72 8.7044 7.4255
66.456 57.273 47.813
44.833 38.831 37.278
33.386 24.12 19.315
30.157 20.82 18.441
34.013 23.958 18.272
35.444 27.814 21.333
29.847 24.676 20.604
25.285 18.937 14.259
25.781 19.242 14.498
52.705 41.558 36.849
26.547 21.31 21.315
25.352 25.053 28.663
28.771 30.876 31.086
46.594 20.102 19.976
66.771 69.131 71.433
47.555 43.584 37.735
30.441 37.298 39.55
28.053 25.437 21.937
28.717 23.869 20.726
21.996 15.609 18.904
24.352 16.704 13.214
21.716 17.46 20.207
21.696 14.862 12.372
26.094 18.729 14.945
24.596 17.846 14.186
23.488 20.25 21.967
25.053 16.86 13.017
23.81 16.091 12.625
30.765 22.833 18.719
24.016 36.407 40.928
23.599 15.712 12.303
23.308 15.871 12.565
22.806 18.518 21.706
73.647 75.528 74.366
41.31 35.29 30.293
22.933 16.624 14.732
26.826 7.1145 8.3398
35.97 8.5812 12.902
21.43 12.41 16.05
24.974 16.937 13.887
30.789 21.313 17.171
35.026 24.573 20.081
57.484 14.291 15.983
37.13 9.0833 11.661
9.2386 5.7149 6.1942
17.925 7.598 8.33
25.47 5.7735 7.259
24.898 15.977 19.272
43.013 37 34.916
42.627 45.658 49.998
53.071 26.089 23.843
38.605 11.305 13.442
34.616 10.248 16.373
32.872 19.42 19.727
42.737 28.872 31.234
31.205 19.803 21.896
22.834 15.5 12.297
46.111 30.413 23.341
25.542 17.624 13.839
39.56 27.722 22.301
36.694 25.651 20.487
37.222 25.856 20.131
43.852 52.376 55
37.763 26.523 21.932
31.534 21.87 17.754
30.547 21.695 17.208
20.308 14.597 10.963
22.809 16.66 12.973
34.169 23.882 19.284
36.849 25.743 20.401
48.094 32.081 24.892
30.802 23.566 19.701
42.439 51.054 54.321
23.765 35.583 40.053
38.777 28.434 21.985
36.633 11.995 13.935
54.448 49.7 45.929
30.118 18.773 17.582
40.775 28.011 23.321
40.007 36.336 31.775
27.378 19.524 17.399
28.247 17.955 15.638
27.953 18.161 15.969
37.894 30.922 24.162
27.433 36.465 40.132
47.963 41.445 37.114
33.034 35.057 35.869
25.598 40.399 44.411
57.341 52.559 51.341
13.557 19.682 21.097
47.555 42.684 35.887
37.285 53.746 59.13
57.067 45.513 38.542
38.583 30.946 26.385
44.654 42.991 46.68
111.54 126.31 135.27
73.049 82.496 89.707
19.977 15.693 11.505
31.838 27.216 19.961
21.544 17.543 12.114
28.098 23.007 16.723
77.443 65.472 53.307
72.79 79.454 84.249
96.174 107.47 111.82
37.271 35.785 32.344
83.2 97.12 99.831
84.696 100.89 107.28
86.569 98.892 103.6
29.84 38.184 39.497
59.026 62.63 65.797
85.184 98.852 102.61
37.887 35.849 31.999
32.069 40.412 41.253
24.046 23.648 21.377
110.02 123.9 127.43
34.459 42.994 44.717
28.952 29.705 30.599
92.49 102.65 107.06
44.056 45.546 48.017
62.441 67.732 71.031
76.609 85.07 88.402
95.224 80.993 65.444
100.04 107 108.33
23.501 25.903 29.712
26.254 41.105 47.737
61.204 67.423 52.841
52.455 60.895 50.794
41.903 50.922 39.751
43.942 48.971 41.707
66.795 72.404 64.017
80.747 87.627 78.487
64.181 70.667 63.631
56.931 65.263 53.426
32.24 29.537 24.549
72.414 75.124 65.309
42.418 47.121 33.482
45.642 48.91 38.02
47.12 47.186 40.208
48.262 51.47 42.622
41.164 43.739 39.431
51.734 53.124 42.341
44.392 54.996 56.864
86.582 82.957 76.629
107.39 103.44 101.36
88.825 85.088 83.974
125.08 114.81 108.49
110.93 100.53 98.511
56.439 59.742 64.913
58.706 62.216 67.162
60.216 64.622 69.765
58.113 63.745 69.351
112.27 104.98 103.73
116.33 107.92 104.88
71.952 67.057 71.199
68.254 56.51 59.729
34.961 31.76 31.684
36.468 40.381 41.051
47.576 42.406 42.074
19.62 31.762 34.363
67.93 63.369 66.51
153.06 77.338 11.153
158.61 74.393 38.874
27.332 111.76 147.17
18.919 116.66 146.9
38.8 156.4 98.528
145.64 53.078 33.631
200.09 116.2 43.473
4.9892 4.9892 4.9892
9.9238 9.9238 9.9238
11.281 11.281 11.281
2.2471 2.2471 2.2471
12.154 12.154 12.154
12.482 12.482 12.482
11.575 11.575 11.575
11.255 11.255 11.255
10.132 10.132 10.132
10.927 10.927 10.927
10.28 10.28 10.28
14.661 14.661 14.661
10.347 10.347 10.347
1.7098 1.7098 1.7098
22.814 22.814 22.814
13.919 13.919 13.919
5.647 5.647 5.647
8.6502 8.6502 8.6502
7.6806 7.6806 7.6806
4.4373 4.4373 4.4373
151.34 153.37 159.92
