0 1 0
0 1 0
0 1 0
3.5599 22.604 28.713
8.4993 9.7332 10.229
0.0023131 0.9724 0
1.2692 0.9682 0.28664
0.22926 0.18617 0.06927
0.00013993 0.00013993 0
0.012679 0.85476 0.12319
158.57 178.36 193.77
166.92 189.37 204.47
150.9 175.71 194.86
127.56 157.56 178.12
109.24 121.56 125.71
90.668 100.11 101.63
85.823 90.444 90.618
66.464 64.825 60.5
82.921 79.079 78.181
73.656 80.87 81.656
89.02 93.11 95.081
110.46 126.11 131.92
98.362 100.56 99.315
109.29 110.52 112.5
92.539 82.729 79.429
76.398 75.309 73.272
85.051 81.696 80.996
83.271 79.6 74.712
86.599 84.418 82.732
87.029 86.101 86.694
98.398 92.025 87.36
87.643 87.158 85.041
103.97 96.89 92.943
103.29 83.445 72.301
101.82 94.98 90.601
85.939 86.69 83.694
29.415 32.273 26.742
38.104 28.872 21.993
36.607 30.373 24.577
30.609 31.11 23.634
57.002 46.943 34.053
62.273 49.473 37.279
43.863 33.724 24.828
48.4 38.013 28.193
57.578 46.83 35.081
49.701 44.9 30.071
33.486 26.238 14.992
33.49 24.725 17.441
108.88 123.43 138.18
81.976 75.971 72.031
90.938 84.956 78.88
91.88 79.873 71.152
83.243 76.886 71.473
70.138 67.508 60.998
81.473 76.624 68.188
85.256 80.361 72.257
85.333 80.943 71.755
87.053 81.15 73.449
77.238 74.908 66.735
44.315 34.781 24.218
44.131 34.182 22.257
51.807 38.832 23.258
41.652 32.664 21.856
37.712 30.414 19.199
37.838 54.675 56.232
81.111 97.471 103.35
80.083 86.121 74.029
78.091 82.306 68.053
80.456 83.286 79.447
81.775 78.559 71.698
68.33 63.419 56.205
58.641 56.501 50.78
89.65 74.099 57.481
76.771 65.45 51.288
79.661 65.389 53.518
71.794 56.236 42.958
72.13 55.542 42.178
82.733 64.999 51.523
72.905 55.033 41.398
96.022 75.521 55.493
84.492 66.861 52.551
77.149 60.936 46.718
91.155 73.541 56.014
88.066 67.946 46.419
10.787 24.721 19.151
22.018 33.069 27.55
38.726 54.989 55.495
91.716 88.01 80.318
78.449 66.621 59.544
73.67 63.6 56.495
74.242 63.024 55.839
68.088 60.707 54.795
96.439 80.982 65.095
70.333 66.957 60.275
40.696 40.964 37.314
36.891 41.885 46.77
24.152 39.609 49.526
30.778 54.58 74.007
29.488 58.827 84.571
29.921 59.631 85.671
75.534 89.839 93.967
66.479 76.735 80.177
59.009 69.997 73.073
73.885 86.937 89.736
91.96 115.64 125.75
70.336 82.806 87.513
61.215 67.784 70.868
64.178 69.409 72.696
94.315 112.04 120.27
88.548 62.423 35.197
41.671 30.964 16.068
45.924 33.494 17.924
49.664 35.694 17.906
31.969 23.629 12.259
35.165 26 12.55
34.462 26.939 17.037
51.617 40.348 21.955
62.259 46.771 28.434
110.64 87.049 67.942
79.17 64.088 38.9
84.232 66.076 35.69
58.077 44.057 23.762
65.2 50.521 29.364
42.793 32.613 14.91
63.427 49.199 26.886
36.558 29.153 14.979
0 0 0
16.168 88.455 57.685
17.697 20.754 15.799
22.762 21.711 15.907
15.308 17.133 12.739
15.873 18.332 13.205
18.294 21.314 16.304
24.404 24.13 18.739
27.897 26.991 18.701
18.486 20.707 15.396
16.873 16.835 12.058
17.58 17.81 13.314
24.515 21.499 15.321
18.959 20.21 14.382
15.294 17.797 13.591
93.651 84.243 74.882
80.152 64.263 52.096
90.513 67 53.263
92.173 65.193 54.742
95.691 74.866 61.89
97.228 83.255 71.608
76.967 55.423 44.317
104.66 79.483 66.009
115.22 104.28 99.02
91.541 91.05 75.807
101.51 99.388 89.675
54.975 58.517 50.727
111.26 110.77 96.499
76.929 76.557 67.215
98.649 94.634 73.882
77.039 75.926 70.79
100.56 94.619 78.904
69.652 64.683 48.637
70.87 69.282 61.428
89.202 89.568 83.058
103.91 97.958 80.409
69.288 65.105 51.581
83.95 78.438 64.433
69.115 67.287 57.494
86.008 79.64 68.003
89.2 85.677 77.004
56.461 55.289 37.537
89.766 83.998 66.151
67.042 62.865 49.908
87.531 80.454 62.03
90.159 86.215 79.702
88.261 79.634 74.115
100.59 91.512 75.035
74.851 71.686 52.149
107.08 109.22 104.99
52.215 47.625 38.471
66.472 62.26 52.897
75.596 73.21 61.307
72.916 69.95 58.258
98.846 93.514 82.309
76.931 69.338 57.017
88.556 87.887 83.371
86.58 78.523 66.669
52.634 47.908 37.633
74.354 64.991 52.381
84.16 73.225 57.972
49.995 47.936 41.631
94.368 85.32 71.012
66.778 55.172 47.327
99.911 89.75 74.258
99.818 89.649 74.221
63.009 52.213 42.089
83.02 77.037 69.093
105.3 98.027 87.222
125.77 120.18 97.788
83.204 76.563 51.911
110.29 102.84 80.002
40.513 48.66 58.287
46.634 49.898 46.529
55.71 54.686 51.893
60.682 65.83 64.702
46.036 50.467 47.933
67.974 72.119 63.076
75.128 80.254 74.113
52.548 55.323 50.334
77.714 72.734 63.845
45.92 50.844 42.402
40.015 50.893 43.79
61.235 55.595 47.133
33.094 28.594 20.317
58.346 50.027 34.046
83.368 77.281 65.397
83.464 76.942 67.846
77.494 71.792 61.314
80.31 73.148 62.619
65.611 61.984 49.553
79.239 72.333 59.239
82.243 77.043 66.142
84.121 77.729 66.797
76.789 68.632 55.438
65.427 55.232 43.751
48.185 39.546 27.464
69.579 67.155 57.339
70.515 68.612 58.352
70.927 69.104 58.44
17.205 16.857 9.6845
52.986 51.184 39.442
66.498 62.192 51.165
69.64 64.917 53.449
70.979 65.557 53.565
72.167 66.461 54.083
67.129 61.656 49.054
46.004 38.513 27.678
52.236 45.801 34.154
47.395 42.223 31.175
58.256 45.837 36.088
68.743 57.483 45.265
53.681 45.201 34.239
66.101 60.121 46.297
79.813 73.584 64.642
65.188 66.154 55.623
42.724 42.778 39.019
50.452 50.101 45.662
50.661 48.135 42.445
69.57 62.145 54.613
71.811 62.957 55.577
73.587 64.764 57.948
72.902 64.182 57.657
72.895 63.2 55.997
84.806 92.169 89.517
81.464 88.079 84.502
82.716 90.265 87.016
76.382 83.119 80.381
75.261 81.724 77.717
71.878 76.281 71.588
73.965 79.909 75.266
73.085 78.892 74.224
80.298 86.967 81.869
90.302 97.49 89.449
95.721 98.117 85.87
52.315 41.674 33.143
70.684 66.277 63.45
22.268 20.647 13.814
22.23 20.829 13.838
17.973 17.331 11.731
18.38 17.201 11.807
20.919 17.695 10.796
96.517 82.604 65.092
85.854 93.529 94.799
102.44 114.82 112.85
87.107 92.413 92.051
72.749 74.992 70.93
84.644 82.863 63.85
25.873 23.8 16.387
23.392 25.23 20.095
79.395 91.213 93.512
71.826 76.56 73.856
63.109 62.478 52.902
96.916 93.15 76.329
95.719 91.878 75.719
58.48 59.612 52.425
33.704 35.879 31.298
91.247 92.993 74.872
76.374 79.178 65.315
92.844 90.963 83.581
91.195 88.527 85.605
101.14 99.274 94.154
80.344 84.262 81.786
72.927 81.108 79.975
133.69 135.17 120.43
127.31 113.76 89.178
85.986 86.219 80.999
42.569 48.318 45.289
95.798 83.489 67.479
103.63 90.668 75.516
91.156 107.5 126.43
162.74 164.29 172.22
116.58 86.718 82.342
113.54 112.5 91.691
66.306 72.747 55.648
110.16 106.63 102.67
51.579 51.5 45.423
66.374 60.517 45.815
33.122 32.99 29.438
64.755 64.875 59.832
90.42 89.94 82.07
78.277 77.636 71.263
74.914 73.364 66.246
81.667 83.504 76.721
71.872 71.479 64.392
88.431 89.494 80.328
86.799 87.827 78.763
90.047 91.122 81.847
65.886 68.293 62.111
58.54 55.946 47.033
73.409 69.395 59.696
150.9 140.32 115.41
67.617 70.43 62.835
77.653 79.358 75.206
91.392 92.154 87.849
89.481 89.034 79.255
67.376 68.227 60.604
36.149 35.629 29.941
81.376 80.384 66.323
100.07 102.88 95.853
114.44 111.97 92.686
105.4 102.11 87.814
91.67 95.051 86.486
90.451 91.154 80.086
112.12 112.32 101.99
100.43 104.03 95.809
112.32 108.86 93.043
124.65 125.07 112.63
107.42 93.997 64.897
76.976 64.448 34.03
8.2524 11.393 6.3943
45.95 36.309 27.075
1.1203 15.106 15.998
0.2733 15.164 12.803
5.4289 28.596 33.98
31.233 32.972 26.013
51.691 41.918 32.022
0.97609 17.985 18.24
1.1352 18.99 18.956
24.268 43.978 44.21
21.051 29.874 28.089
1.8424 22.373 22.642
4.8545 15.749 13.313
4.7999 17.297 15.624
60.479 47.605 34.997
12.796 33.309 36.705
7.1352 19.36 18.091
7.0384 23.284 25.157
5.9016 14.693 9.6141
74.67 59.885 33.531
3.6108 23.543 22.754
27.369 25.737 19.078
2.937 21.959 27.43
6.0799 18.76 17.264
6.2815 18.506 17.006
6.436 22.679 21.733
5.6804 20.401 19.081
8.1702 18.801 16.012
3.2146 19.282 17.117
3.0039 17.332 16.095
9.188 23.39 23.487
10.669 25.717 26.152
61.936 56.017 48.941
12.33 78.7 122.13
0.94489 21.091 21.236
10.464 40.089 65.214
6.8366 35.442 50.99
2.6652 25.406 25.785
5.909 34.07 44.979
5.5485 24.9 23.907
1.6986 24.416 24.355
3.0031 35.306 33.725
36.24 33.359 20.442
2.0232 25.203 23.486
2.1547 22.362 22.926
3.8966 23.56 19.817
41.49 31.666 18.731
80.04 74.506 56.524
43.837 38.776 29.889
65.253 68.275 58.709
32.401 29.712 13.974
16.637 19.279 13.599
40.766 31.705 21.171
39.948 30.825 20.929
9.868 27.647 19.084
42.093 32.518 20.756
1.1967 16.284 18.376
96.475 102.2 108.21
63.115 74.835 76.999
62.978 72.114 70.968
66.358 74.503 67.491
62.351 68.566 60.304
69.121 76.245 75.864
89.794 92.979 73.928
119.38 117.44 98.473
111.65 110.95 99.02
105.35 103.89 94.648
94.843 96.104 81.781
93.68 95.042 81.006
99.476 101.97 88.372
64.934 69.593 60.672
69.665 71.054 68.372
92.796 86.622 72.524
102.54 98.396 82.238
99.495 93.745 76.393
66.554 71.114 61.495
116.52 121.58 126.94
78.164 86.018 82.009
82.704 93.168 91.449
85.132 93.367 88.164
68.119 70.975 64.738
96.594 102.52 97.654
85.544 90.661 87.685
77.531 83.942 87.498
93.217 93.223 91.383
84.335 87.27 85.663
105.46 108.54 105.62
54.042 54.767 51.196
72.901 70.209 65.46
11.605 10.508 6.6643
51.308 49.476 46.514
45.394 46.009 43.326
66.525 58.115 48.795
91.789 86.659 80.446
65.15 63.462 60.558
20.329 17.317 12.38
62.697 61.252 56.678
88.587 87.644 85.311
115.16 103.55 90.319
91.842 86.531 81.326
59.106 55.178 51.639
44.156 42.413 36.259
83.263 67.971 57.162
81.391 71.69 61.773
76.165 67.352 57.675
93.036 83.805 73.69
54.019 51.706 45.761
56.917 53.683 36.855
60.9 55.243 37.541
57.018 54.94 37.522
26.96 21.283 14.334
87.192 79.562 72.883
57.92 54.293 50.084
59.28 53.996 48.491
114.64 104.34 106.38
63.793 53.612 46.594
95.335 97.106 96.763
173.88 197.65 204.09
130.45 136.14 138.49
98.801 91.906 84.772
88.535 94.924 94.67
87.369 94.814 94.841
102.34 97.421 93.466
83.554 78.245 70.7
94.156 95.395 92.005
87.307 86.179 75.668
7.9601 7.7952 4.1615
82.258 76.081 62.518
55.947 52.537 43.785
51.645 51.34 43.227
6.7587 7.4848 4.1647
99.531 115.97 121.2
78.107 74.183 69.262
79.728 73.315 68.429
61.752 58.53 56.547
78.084 76.63 70.312
87.499 92.22 89.494
78.991 75.329 65.714
92.46 92.425 87.888
75.56 72.083 62.566
93.23 89.246 81.065
104.5 109.57 108.18
78.953 62.436 51.39
76.249 65.996 53.218
63.267 57.316 51.609
108.18 106.88 99.643
87.166 84.363 81.877
55.865 56.642 50.279
63.346 59.392 54.997
122.62 132.43 130.37
130.49 139.95 143.19
23.246 55.439 73.349
131.82 138.02 131.76
32.753 73.392 93.802
118.16 120.05 111.27
110.39 121.29 120.28
57.064 86.177 99.009
136.82 154.66 149.87
136.72 152.46 147.09
60.448 99.722 114.71
75.156 110.48 119.38
99.626 90.133 86.935
83.219 79.862 78.289
128.3 139.43 145.26
96.482 86.368 81.682
51.693 44.99 38.912
56.087 52.977 47.012
54.37 45.137 35.466
46.556 40.556 32.475
35.096 32.701 30.015
51.86 44.673 35.735
34.346 24.54 17.736
42.377 39.984 36.789
67.978 62.561 57.779
47.634 42.44 39.434
46.579 41.13 37.349
145.13 149.92 144.38
49.384 46.909 43.286
1.6536 1.6556 1.6545
132.63 151.6 156.74
126.17 143.25 147.38
0.90802 0.90802 0.91644
2.4426 2.4426 2.4668
7.3115 7.3162 7.3237
13.508 13.508 13.51
2.3961 2.3961 2.3989
2.3041 2.3039 2.3315
0.93429 0.93372 0.93529
14.367 14.37 14.372
13.08 13.081 13.084
14.918 14.915 14.921
11.591 11.592 11.594
13.639 13.64 13.641
13.521 13.517 13.519
15.12 15.122 15.125
11.571 11.561 11.575
14.998 15 15.002
14.434 14.429 14.455
15.267 15.269 15.272
15.56 15.563 15.565
15.148 15.159 15.159
14.432 14.432 14.473
11.344 11.343 11.355
15.548 15.557 15.555
13.152 13.149 13.153
5.196 5.1973 5.2056
6.5734 6.5808 6.5805
16.13 16.156 16.146
0 0 0
