0.0014554906 0.0012995452 0.0014035088
0.054814816 0.030097466 0.037894737
1.0672904 1.0420012 1.0503443
1.0564523 1.0289539 1.0379727
91.307755 103.56699 100.064926
102.470436 115.40606 111.55306
42.18794 47.74261 42.138584
82.50664 92.14401 89.73294
1.0472255 1.0276543 1.0343599
5.6417675 5.5965433 5.6018195
60.92356 64.12478 64.13926
61.31088 64.358284 63.72294
61.200493 64.73401 63.63948
61.995167 65.16148 65.29572
35.46685 37.418556 35.87787
35.50651 37.41627 35.897778
41.167095 40.465836 38.06929
44.779907 46.864017 41.633995
47.021416 48.501495 43.608265
93.68528 99.64876 88.70976
98.07064 106.299675 92.722466
90.13074 92.47199 84.031654
96.94404 104.40767 94.682755
28.6879 30.369202 28.201689
29.176426 32.216347 30.668045
1.4559324 1.4354256 1.4395322
5.391007 5.397947 5.2908382
127.9429 127.159035 115.61112
95.89871 96.156105 76.85113
68.10667 52.65263 42.673527
113.073265 87.07143 61.677116
19.604704 14.710097 9.581261
61.235607 48.542896 35.593945
3.997219 3.9810526 3.9246264
100.121796 102.953766 93.744225
90.60423 92.89546 85.05502
169.91405 172.69077 166.2093
85.97918 80.13928 69.678024
87.202156 86.35542 71.0604
98.06984 96.48785 87.47077
114.31834 114.075195 105.06529
80.15914 85.10103 78.48764
89.43075 90.45887 76.19041
102.86449 110.58729 97.18063
92.41216 91.550385 73.70425
69.00028 68.72839 54.374424
99.26448 103.69294 90.1521
67.519714 68.659 58.13024
69.01864 71.892525 61.972347
60.225548 57.7324 52.493412
63.560417 60.21718 53.96858
88.9981 88.96403 76.22867
62.885952 58.481247 51.720753
15.172554 13.413489 12.575413
27.45232 26.39514 28.791864
38.5915 35.71241 34.370346
32.321663 32.705288 34.8104
38.04546 37.822796 33.367847
41.623783 31.276413 28.34625
49.724316 53.426277 52.721844
46.12286 41.44096 34.44845
51.652866 53.058765 50.312828
46.681534 44.27054 42.014217
62.81419 59.077244 52.08138
30.361872 31.261833 31.755686
15.083716 11.7320595 10.682573
29.630539 51.130474 32.821
40.38066 71.33679 43.61835
49.718647 84.18407 50.06942
51.25874 90.46077 53.28382
31.59571 53.639584 35.22638
26.710825 48.293335 28.393398
37.22256 59.974167 37.108826
43.51288 101.31727 53.289566
56.82043 131.33203 67.99828
58.99163 104.73554 60.72421
22.32842 35.434544 20.05679
59.218403 94.85385 62.703964
14.499441 23.217466 13.201351
32.89957 52.23106 29.200754
9.0088625 16.907187 11.452501
11.535491 21.11779 13.86347
37.307056 65.48005 38.240704
5.3841195 6.9008446 4.683015
5.559142 6.9736714 4.6381545
21.843483 36.743835 22.33154
37.37578 61.35163 36.08611
16.50017 28.730942 16.019
14.117764 27.75766 13.129279
37.385418 66.83395 39.031006
29.614971 51.675426 31.614243
24.286835 43.754177 25.117712
11.364418 22.621675 10.970007
42.32746 74.67535 46.376297
53.585003 82.17185 56.347916
49.24941 84.71662 53.096893
45.34851 74.67634 47.112045
35.948433 59.275764 36.35332
40.869915 40.95818 30.95171
59.508354 57.99961 44.487747
94.468956 87.58396 65.316956
49.273216 52.76663 44.996803
37.39361 38.45892 28.621443
64.81011 63.23275 45.8656
68.802 69.24473 50.762444
67.68218 65.12283 46.316154
41.25084 40.91826 28.712048
50.679638 50.291046 35.66812
48.999325 49.808292 38.283665
64.44187 59.511917 48.952827
62.382793 55.78061 45.336296
60.849407 52.18859 41.69024
95.942924 83.77968 65.46968
78.6341 73.31654 57.38547
28.482807 34.22456 33.332035
61.235737 106.23405 69.36998
9.658584 15.1533985 10.381936
38.747734 66.54828 43.662117
49.313892 86.90948 59.796467
72.58846 121.036156 82.382225
18.34846 27.973722 19.780066
40.295177 60.37006 43.315372
1.397089 1.117063 1.1205199
41.37666 76.032875 48.164185
7.906121 7.8181157 5.9897594
12.658194 10.298947 8.546771
28.913788 32.071682 30.858583
39.7797 66.20873 44.35795
43.10737 68.93125 47.62425
46.080467 74.81141 51.86742
41.124184 67.093414 46.074776
48.175518 79.842575 54.836987
45.183887 85.24364 56.803146
11.011072 18.310774 11.026329
42.494427 71.16208 48.086834
26.562002 45.07319 27.384718
52.83818 86.72728 59.966263
43.50664 70.926315 47.69614
39.440052 66.62511 43.91028
46.898453 77.421364 52.905704
43.32486 69.7402 41.573723
46.402 77.35483 51.993008
35.926704 58.490032 39.299885
14.774581 26.27657 16.932371
40.616894 66.29245 45.35527
70.397995 106.63475 77.96606
32.871006 51.379337 35.1692
35.34485 35.97988 29.90625
27.781235 42.548668 27.139103
64.65916 102.59116 67.15454
39.403717 46.698193 41.998623
42.86815 48.660275 44.152905
48.996204 54.66347 53.825886
32.2865 50.74732 35.119507
36.789318 67.84897 43.228615
35.242313 64.272934 41.542614
35.966835 66.22542 41.986095
47.34542 86.59688 55.569305
65.56512 116.982635 81.021965
31.486576 58.896374 36.166992
72.306145 72.17653 61.802002
69.44213 69.030075 59.95397
54.086395 48.772503 41.775673
56.049072 49.621834 36.164368
43.50316 39.626694 31.941832
43.281975 39.451645 31.849123
36.88769 36.56174 29.708849
71.195656 73.14085 68.73596
71.309654 72.61598 57.65505
86.9751 95.765144 59.751083
109.44049 104.65118 81.20663
120.300896 116.90854 89.54942
119.061104 115.65276 88.679924
50.578167 53.52629 46.783184
70.8892 69.492294 60.886627
46.078335 41.104717 33.41146
45.0479 40.1463 32.5901
33.34277 29.683378 22.661053
43.3771 46.373646 35.97848
25.814373 27.36972 20.735048
36.239063 36.86994 31.633997
36.84816 35.823833 29.941729
49.49887 57.218895 53.595737
42.216038 46.08634 41.639816
47.873295 51.272827 44.891567
46.911423 50.280544 43.99696
57.452526 59.669422 45.98942
31.618141 32.882366 22.453308
46.53871 43.685276 35.299206
21.654295 34.31548 22.5882
27.9508 45.71626 30.387445
27.249746 41.21892 29.110409
18.272306 30.07553 20.050215
17.925535 29.605536 19.18807
64.71202 112.67054 73.01315
21.028564 37.54043 22.593658
27.319168 50.11488 32.020454
25.74035 44.793552 29.476439
2.4322808 2.4038987 2.3879921
5.1039376 5.011046 4.588252
11.799038 12.420949 10.807382
54.72273 81.10911 60.123795
21.40642 37.3286 23.66204
37.062145 59.16738 41.307682
48.187004 71.33861 52.94092
31.358961 52.310566 35.25362
48.08975 76.71784 54.672516
29.024145 49.237556 32.556282
33.61076 55.454086 37.7843
30.7508 51.098816 34.266666
36.03405 64.42789 43.96239
16.04447 27.499182 16.533827
52.220818 97.64151 67.35062
31.589733 58.370995 35.455673
41.804028 77.37131 47.66859
35.033997 32.929306 25.50043
31.99683 33.246185 26.65102
24.781078 45.455414 27.292007
32.940586 58.175125 38.229446
11.852112 19.00933 11.168057
35.767666 58.001404 41.026432
17.196491 25.681767 17.985186
18.940845 31.450603 18.73835
38.429863 62.474983 42.159325
34.52208 55.849277 37.844757
33.058167 54.329487 35.964264
25.125433 41.63696 27.783781
44.1783 75.63514 50.501675
27.564184 44.9476 30.200495
38.855465 62.16473 42.867058
18.895777 30.974062 20.13809
30.208862 48.66352 33.04876
28.83054 46.535492 31.10134
43.991684 74.04686 50.100506
30.49757 50.05957 33.124783
30.194672 49.30568 33.01653
37.99769 61.30919 41.221313
37.4066 58.579624 40.689693
37.63077 59.560467 41.063236
34.234543 53.936737 36.79254
35.89557 56.561768 38.913685
36.078907 55.854137 38.487537
31.09952 49.26477 32.700687
20.814632 34.665367 22.398857
23.13167 37.628952 24.849566
33.84265 54.20829 36.406574
25.003664 41.230618 26.97484
38.625446 61.602627 41.186405
32.35301 51.570213 34.958103
16.614243 25.661287 14.747212
18.141676 28.045666 16.102379
16.496452 25.499908 13.393632
15.911475 25.235167 13.673633
17.446264 27.790876 15.013151
30.6918 48.47756 27.842106
37.918415 58.307316 33.32169
16.913555 27.759922 12.888031
15.052553 25.2682 11.451176
19.82516 29.150227 15.744873
33.623703 54.492916 29.110825
16.313372 25.290812 14.474152
36.77211 56.96065 27.027082
7.9918127 11.419623 6.37731
39.473267 61.345055 31.401482
59.652035 56.475063 50.926212
68.960464 116.06563 80.36904
60.10092 104.41063 69.866325
23.752514 41.11896 26.861599
55.577545 98.954285 65.41848
52.874256 91.68569 61.96052
52.10186 97.55285 62.4807
27.34807 47.672436 30.795166
46.58004 77.82617 53.01848
51.816505 96.041145 57.775593
25.5692 45.821987 29.55228
64.00964 114.21874 66.768524
50.478546 54.26955 62.792774
104.8707 115.78007 85.85586
90.02258 92.66898 70.28257
20.2649 37.18599 23.410423
20.647926 37.89032 24.082808
66.48512 68.979126 55.965927
59.692604 60.84231 52.428955
61.25315 63.500168 53.98594
89.81484 89.5934 80.09482
72.61952 71.55093 64.19371
76.802284 73.88561 65.91067
69.74469 69.880516 58.24421
86.29851 90.03834 78.14929
76.021286 84.39603 71.118286
57.106327 57.216583 53.090446
61.844105 60.65627 55.19727
56.047253 56.23566 51.763535
74.43755 74.91813 65.107086
1.0666927 1.0706693 1.080052
20.838232 23.709059 14.79475
95.31358 98.45209 78.10365
55.3429 58.798103 46.06066
33.98786 39.724316 33.736946
46.199142 49.0478 41.37385
37.113605 38.692425 30.037374
31.863495 36.2977 30.37037
42.235817 44.92517 37.940792
41.559635 41.046707 35.48195
32.181858 34.821884 29.5128
44.272854 46.243664 40.535515
40.791786 43.620792 39.09128
52.098297 51.44993 44.803066
73.58508 77.07496 77.08185
13.979883 15.049903 13.333723
13.294009 11.33336 7.1985707
11.036699 11.547342 9.767797
11.17245 11.409824 10.6396885
11.866433 11.4046 11.101521
12.417076 12.089721 9.7187
12.013619 11.870981 11.404263
15.599142 15.727719 12.300532
9.662041 10.324002 8.943782
20.187082 20.867785 17.410604
53.203587 58.249878 48.17357
34.699078 37.37822 30.17653
60.4977 60.646214 48.908745
48.88065 49.4191 39.47332
45.748043 45.49432 35.280106
30.414814 31.556465 25.52273
43.150047 47.850216 43.007824
43.030487 43.99285 40.669422
29.003847 47.40304 26.663782
20.301754 37.051643 17.248577
46.631866 47.72465 40.34495
18.53518 34.867783 16.737675
26.163534 42.925694 28.747265
19.142715 30.328966 21.030643
45.54147 67.71015 48.09136
48.083767 91.609695 55.542015
18.466484 31.325718 18.407278
18.058636 30.399767 18.065601
42.855335 42.603638 33.457466
36.306408 42.444237 33.67475
46.905964 52.37518 43.717793
41.12941 42.09448 29.61931
95.20639 103.840935 89.44985
34.65991 38.87605 38.071655
40.82885 45.964367 44.94017
43.559975 49.304043 47.626667
35.397686 39.969124 36.11366
32.54352 37.858036 29.094217
16.120987 17.714775 13.1646
21.633347 25.882261 20.00169
85.011566 96.85115 79.48868
34.603638 36.805847 32.891853
21.974138 23.687511 18.71197
26.571617 29.022196 24.65406
52.21788 78.94633 51.51592
28.776815 31.94386 29.161715
37.975647 66.20964 43.20052
50.466927 84.88959 53.12564
15.960052 28.954672 16.055595
18.276154 32.294037 18.699234
57.328445 114.56299 59.87904
56.7213 105.75088 66.90765
42.986847 82.83787 45.940327
30.572554 54.19046 34.697803
43.80213 67.066124 41.67236
77.918106 140.44582 95.536865
39.29315 67.93453 42.845276
6.7525406 12.291228 6.3118386
58.685146 92.5175 66.275635
33.588955 54.344563 36.9895
8.169386 13.863481 8.645454
2.3834958 2.4261467 2.3782456
7.0160623 8.095855 6.597115
3.4107602 3.413957 3.4217284
1.0393503 1.0421573 1.0508382
1.9655101 1.965666 1.9662378
69.45632 137.96852 78.72887
48.368786 82.00593 49.39779
10.678155 18.46833 10.275191
63.977753 116.13032 76.91675
23.725979 47.081455 26.82937
19.35098 36.451775 20.717167
34.903393 59.548485 37.641483
62.180687 101.85367 69.34607
11.237479 19.987759 10.852475
39.397972 73.5114 49.820507
10.832073 18.413958 10.9409485
58.083042 111.87711 74.33079
28.816504 46.751785 29.822535
40.61947 73.17963 46.117218
57.688396 95.52884 65.67314
26.62464 45.54776 28.966473
2.6818454 2.6817675 2.6823132
35.37882 57.544563 39.117558
44.120754 80.722 53.46968
16.397972 29.125147 18.8787
32.148876 56.559376 37.088917
6.860143 9.806835 6.5043015
5.942482 8.42113 4.954074
6.8365173 8.813853 5.630617
7.343028 7.451852 5.8444705
8.781651 21.873112 10.929123
41.95389 67.48546 47.49063
27.614191 46.92964 32.90438
36.85991 68.96613 47.314125
23.931488 42.660923 26.223185
47.626457 84.33164 60.30742
8.127667 13.760962 7.245016
11.564237 20.009304 11.007433
11.098844 19.047564 11.610916
34.53081 66.84712 45.030746
81.3962 118.75049 91.49349
10.379779 14.88473 10.616244
27.641039 42.16413 29.813984
1.0250292 1.0294737 1.0319169
1.0240415 1.0288239 1.0332164
10.355634 10.88473 7.999844
6.385497 7.445198 4.9417286
6.300663 7.1475506 4.990981
8.185913 9.813983 6.030669
7.545887 8.836725 6.1153736
7.356387 8.391579 6.1520467
3.451332 3.457258 3.4580896
19.614996 22.296738 16.403093
15.052788 18.691513 11.953607
14.904873 17.898037 12.324237
12.345653 13.929357 10.557375
21.338245 27.495516 16.984716
24.736712 31.278986 19.647875
26.758675 37.728188 19.376713
23.137777 32.12738 19.012917
11.680416 16.616842 10.325796
9.057388 20.6236 10.770137
14.329357 22.728733 12.055361
8.998908 15.837167 8.014087
4.6972837 7.873866 3.8789604
4.6207666 5.479922 4.1050034
7.983236 13.69154 6.8956985
12.496166 23.052683 11.015802
44.01323 99.7954 47.42807
10.827291 18.114437 9.139649
18.387056 30.182222 16.216972
38.132477 63.00798 36.396076
19.01666 27.83649 16.966497
40.5501 60.157036 40.259598
13.319117 18.399376 11.929097
8.680208 11.472982 7.1637425
30.875088 45.642235 30.227394
18.942352 31.881222 19.32429
17.322521 29.28746 17.045614
23.78516 43.437843 26.27917
29.48616 52.85258 32.37705
38.75028 69.72405 40.416245
3.349032 3.3492138 3.3493958
2.9558415 2.9560494 2.9562314
1.6332424 1.6334503 1.6336322
3.8776348 3.885354 3.8841586
4.534555 4.5405846 4.5408187
1.0367771 1.040286 1.0434048
13.632904 13.632645 13.480832
