0.27582312 0.2766162 0.27724105
0.31151167 0.31458783 0.3164624
93.9205 96.82793 165.85648
24.235209 24.236938 24.23862
9.511872 9.513411 9.515068
2.1643114 2.1658015 2.1673877
8.2263155 14.745037 9.297837
57.584812 63.254433 48.172028
181.0229 178.476 171.01814
178.50949 176.05258 169.49837
169.76244 155.897 147.95052
179.47334 174.91812 168.89919
173.45845 167.2446 161.5919
135.27313 138.5844 137.20744
122.32103 127.21685 119.07383
151.04593 149.16837 150.01451
89.303894 90.04999 93.4014
101.53511 122.11778 102.2043
147.65791 143.66756 145.00305
91.672485 94.06852 89.97837
76.38642 81.102234 82.74638
87.85717 89.94239 92.25585
102.612305 104.2857 107.10678
27.889545 40.38342 54.987263
141.43233 117.39031 101.827995
154.8219 128.65503 110.60949
94.37003 72.53406 57.03098
144.07164 143.09697 148.60442
94.76837 85.04867 79.21899
99.29368 94.45097 93.14934
109.562485 99.16808 92.9484
98.160416 89.24773 84.00834
96.380196 86.55515 80.14766
107.436005 106.69375 108.695435
74.19005 74.514755 79.18493
75.98267 71.954124 69.45653
149.3744 152.53307 159.58514
68.43538 66.48888 71.15078
79.9726 77.60692 81.640205
76.226845 73.63009 77.889404
55.77116 54.999134 57.785843
21.649195 26.100313 32.016727
56.075607 54.364697 54.95607
86.7888 90.62937 89.832565
71.831215 66.601875 65.27541
77.06794 79.10142 80.375824
76.74059 79.32454 84.37662
140.05042 147.17645 146.20773
103.771355 99.05609 94.41505
103.979645 98.11274 92.04754
0.26664263 0.2692622 0.2707282
0.26635423 0.2689017 0.2703677
134.75323 128.73569 137.30205
0.26621005 0.26844507 0.27039173
0.26637828 0.26856524 0.2705119
167.90483 168.94182 168.4006
132.66205 132.22554 133.75545
121.44792 116.36088 110.04215
125.076256 112.623886 102.0255
116.16352 110.34619 100.36167
162.63014 163.55347 162.86119
166.62752 167.65498 166.88037
186.30104 186.94371 186.32935
138.48047 110.852486 95.28421
162.49306 161.48024 156.82985
131.66508 113.95689 91.80425
74.615814 57.510574 43.372845
94.85765 83.58344 70.95056
103.853134 92.01925 80.946
109.1732 97.11786 85.22867
121.46566 106.883514 93.73355
125.89464 111.41555 99.70478
153.15703 140.66797 127.23153
150.62517 137.06964 125.106636
137.72202 125.63843 112.68176
66.66354 57.472267 49.5372
99.11555 86.32187 71.82014
69.98274 62.395313 54.831
74.9012 65.046524 55.006104
63.900192 56.333477 50.165226
88.44314 75.84018 62.59522
24.408003 4.665177 14.497717
90.63396 72.76941 49.450108
119.29798 101.77986 79.81305
155.28183 142.30786 128.99669
26.058712 22.086855 15.362052
61.90036 48.561596 40.14958
156.97066 149.95976 141.04045
125.35367 113.20452 99.868614
108.8162 97.75482 86.09851
46.86275 50.994423 47.443428
38.48231 42.679115 38.778683
27.138285 32.457294 27.750612
34.358833 35.321003 29.918457
50.42641 52.638165 51.7577
72.48901 80.61622 81.49123
42.977528 43.406055 38.925858
57.35924 59.18642 58.78416
67.749985 71.573105 68.12261
25.529993 28.259865 21.829609
61.625187 66.91307 65.59233
65.60146 70.56073 68.96659
135.48195 143.4014 147.44662
83.57496 91.82295 93.315384
50.581085 55.23122 48.043594
43.34617 45.879475 40.4273
42.89666 47.43158 42.82557
67.60019 71.147415 64.5714
79.43403 84.84958 80.09767
133.25198 115.58988 96.192215
33.572193 29.22843 23.176785
36.95888 31.612785 25.298847
32.739727 28.024681 22.42014
21.931194 18.784163 12.076689
26.639341 22.962269 18.03886
27.707834 23.887768 19.750181
38.669094 32.9907 26.343307
29.490412 25.975727 20.083345
33.638237 28.155876 22.21531
31.190002 28.284067 21.469334
20.212688 17.229248 11.494016
30.86407 24.8025 15.252271
12.683466 14.481615 12.160106
12.674886 13.654698 12.339558
14.47193 27.098486 25.407427
23.16943 37.147057 35.79209
11.768685 14.338813 14.291565
213.83492 219.8625 222.38104
4.3650084 7.8129296 11.622615
16.428455 18.56251 19.084091
124.78858 109.94734 104.29031
100.16881 88.9255 84.52802
133.98979 119.300766 112.284
133.29872 124.89382 120.42567
106.566185 94.920334 87.42387
189.31055 163.98306 133.95592
101.97768 84.71747 73.01432
93.21848 64.29433 32.062943
120.40834 112.016075 102.947754
104.05061 95.52413 88.8167
21.086998 27.032059 17.932203
31.107258 34.24583 25.613867
43.312016 42.77664 35.328793
34.12341 35.658134 31.848595
29.917183 36.36412 36.3845
37.057175 40.334633 36.35256
32.612137 35.83069 30.28736
0.3644797 0.3643355 0.36532083
75.19128 75.19058 75.19111
35.645542 35.645084 35.645805
101.11452 101.11427 101.11502
99.86085 99.86201 99.86297
6.5507812 6.550829 6.5513577
100.69245 100.69262 100.693054
101.72319 101.72346 101.72396
12.012713 12.013771 12.014708
0.3195626 0.319851 0.32045183
22.572098 22.572483 22.57318
22.080967 22.081543 22.082289
22.022062 22.022663 22.023552
22.010622 22.011223 22.012232
22.07342 22.07402 22.075174
22.121342 22.121943 22.123072
22.074862 22.075462 22.07652
21.690964 21.691973 21.693127
0.3168469 0.31759194 0.31879357
19.00733 19.008146 19.009445
0.31148762 0.31232876 0.31357846
62.540302 62.541504 62.542873
96.70435 96.70538 96.7068
0.2978611 0.29887047 0.3005287
148.09056 129.58012 116.96378
156.47246 137.7631 124.57222
156.91849 140.2144 128.24463
148.70338 131.56215 119.17071
147.93864 131.41461 115.417786
141.75394 125.46354 109.609085
176.85283 172.4649 156.3418
63.452633 48.905 30.805576
61.651455 49.22468 23.993126
48.00769 42.806755 20.111536
91.47635 66.754456 40.443333
71.51168 59.717712 44.474308
72.24323 57.214638 41.344917
71.41338 54.964214 39.091732
50.445255 40.141506 20.0795
48.88462 32.407017 14.531963
54.819946 35.79582 15.395145
56.236675 44.16568 20.98474
67.09933 49.815334 23.003172
68.16818 50.97438 25.468853
55.766834 40.65102 17.851671
50.377144 39.40447 20.521053
49.549843 39.031532 20.057102
58.64237 41.470295 17.81413
39.315647 35.401707 11.992526
43.092648 37.389256 13.541913
59.923794 45.791733 20.165945
65.72473 51.21377 26.018337
77.51235 62.610504 34.47859
84.42896 65.91925 48.15064
120.22593 93.03542 64.7373
60.248043 52.186855 31.950397
70.28003 55.68738 31.108099
69.46832 53.97152 31.580269
51.871952 40.97378 23.647127
65.844505 53.699112 31.411007
72.07601 58.59548 33.922638
75.31399 60.379475 35.559578
124.42581 99.17311 60.462727
77.58604 58.49315 30.716053
72.766884 53.395844 27.837107
63.090244 46.80769 22.239965
77.55203 59.149677 32.823624
67.846214 49.682262 25.338404
86.27368 63.9367 35.741383
82.698944 60.21954 32.228527
97.86717 75.2951 44.01161
74.70373 55.971066 30.168709
80.817474 61.45042 34.516224
76.8236 55.973614 29.198126
76.16861 54.335114 27.836168
70.954506 51.076736 25.806057
78.12185 56.781086 29.678154
62.721916 42.451694 20.230137
76.461 56.734943 30.35578
81.19245 56.331722 31.52259
51.54309 31.356573 20.30608
52.242996 30.003365 11.55292
77.26743 45.465584 18.838524
42.338406 23.406633 7.605744
94.9316 50.688583 21.828478
74.6247 40.302284 14.614852
76.978584 42.995144 17.652536
49.418 26.58253 10.105792
37.43158 23.746864 7.8406873
21.893318 28.71413 7.305119
22.555853 28.521845 7.238957
21.414179 28.938404 8.298222
44.26109 31.128815 12.387191
70.54282 43.84773 20.391012
64.22482 36.65732 13.932252
57.22605 32.85804 11.852632
80.57301 46.050205 17.67652
63.00166 42.491325 18.135183
49.50983 36.494255 15.334895
63.83194 43.49899 18.738836
47.841 40.397644 17.283442
22.85006 27.053305 6.6930304
28.766043 28.337107 6.514564
19.821148 23.226244 5.628767
46.251526 36.787815 8.03802
75.018364 49.546093 8.537948
72.3391 49.976566 22.53653
103.131386 71.05655 39.43571
63.995842 46.627613 23.590147
59.689114 43.939823 24.255611
50.585075 37.400723 17.026531
33.950783 29.69202 13.521726
24.686733 22.549627 10.747369
43.559338 31.634535 15.697933
35.307667 28.04362 13.877698
42.414852 50.12271 27.557463
26.2857 36.34052 12.025427
12.086517 22.59404 6.9401827
17.761452 23.914036 36.165226
22.984211 32.54242 25.392887
20.632324 30.439125 22.59613
22.247175 31.965178 24.456116
26.926003 34.959362 27.381687
28.946575 39.74093 30.19565
12.997356 23.121798 18.187672
25.985653 36.802307 24.562965
28.422447 43.320644 28.064528
20.073347 29.880125 5.2547226
12.194833 24.894665 4.688969
12.030017 24.822182 4.452199
0.2703677 0.27205 0.2730834
125.45684 125.4589 125.460175
124.21207 124.2141 124.21538
123.47563 123.47768 123.47897
16.343523 16.34547 16.346407
21.67121 21.6733 21.674622
21.519682 21.52175 21.523096
21.372314 21.374332 21.375751
19.619682 19.621582 19.622904
17.59058 17.592598 17.594015
31.814949 31.817015 31.818602
26.614923 26.617064 26.618698
46.47366 46.475655 46.477314
16.440952 16.442923 16.444557
26.784355 26.786398 26.788103
33.9472 33.949314 33.95112
20.902187 20.90423 20.905792
14.102884 14.104855 14.106417
35.749195 35.751213 35.753017
0.2674357 0.2694785 0.27116078
62.304207 62.306225 62.307907
31.530401 33.887383 18.071064
35.715908 40.63706 25.29678
35.240303 44.06484 36.934223
32.58243 40.648235 34.922974
33.055492 41.86967 35.492214
13.54446 17.198029 24.817808
13.89142 16.738283 24.802114
39.11449 46.884834 38.892765
14.259385 24.665922 24.744701
14.98719 17.77777 25.073757
39.128456 43.891277 36.35715
29.013313 39.002213 33.967796
2.7633502 4.4277816 5.237515
11.313146 30.88736 11.587791
29.762894 31.699303 25.387936
9.458207 20.589619 9.036914
20.301561 22.991829 18.000456
12.897261 18.00012 11.987431
13.232444 26.579933 16.454626
22.739054 41.988823 27.427565
33.176975 52.10322 32.02521
38.003796 50.275776 28.412304
38.0696 38.1354 24.113674
26.707666 24.192814 9.274189
31.54744 32.572315 14.34857
23.306778 18.092165 7.6614037
73.52685 87.26268 48.81471
55.63052 63.832085 36.58796
44.424755 50.0857 28.371521
63.08224 66.54819 37.51413
53.270992 48.676662 16.995987
137.41132 150.03795 108.19111
52.99827 65.18114 17.103725
53.63266 63.933407 27.504591
169.08757 200.05112 159.81676
148.98312 172.46739 122.1434
48.144173 60.15196 19.652296
33.339413 45.347633 11.8497715
8.062317 12.957559 4.2862535
8.349988 13.937299 4.9505167
5.0592885 21.80101 2.8049989
11.043539 23.989725 5.242504
26.564816 36.016224 9.261812
48.179356 57.843212 17.368397
49.18765 56.57027 27.196226
88.3291 86.49438 49.217545
21.647392 30.44112 4.9283347
35.959503 47.300747 27.863878
30.80935 42.275776 22.514084
18.039701 27.487455 6.4141073
36.89762 62.480343 18.792429
61.964962 90.36215 48.077145
27.658665 40.314274 8.315718
25.159842 34.99356 17.184282
10.545614 25.386927 3.8591204
30.003437 41.51949 18.364769
80.93985 88.095314 82.12689
99.458206 106.53739 100.56184
9.010767 21.389425 4.3967795
49.598343 56.7553 49.723217
15.206873 28.538933 8.261884
110.86924 119.5331 112.53742
63.96417 69.83456 63.046864
63.89685 69.25119 62.251766
11.063566 25.096636 6.166763
75.78135 80.784904 74.53977
11.354097 24.916294 6.0335736
7.319851 19.439941 3.9923575
9.600481 23.039078 5.344244
5.503749 14.6512375 2.825667
6.9238405 16.3155 3.4395578
10.813987 21.366522 4.98522
7.5856767 18.071016 4.2031484
3.879356 15.436385 2.491228
4.883802 16.307499 2.7931266
2.4673636 11.46979 1.7314829
3.3618362 15.160322 1.9422014
18.554651 25.920885 8.34225
12.406104 7.872771 5.9943285
8.465273 13.110695 10.335352
18.715261 29.595554 24.483658
4.408003 5.8215814 8.607065
39.7298 47.599495 57.400097
42.367146 50.120667 59.398605
44.575703 56.62271 54.371063
61.960155 72.99243 72.37537
26.294497 38.45061 41.83398
19.043018 28.062677 29.498823
17.092958 23.01257 22.434343
19.598413 27.32586 27.540663
22.456717 25.926147 23.627325
29.502499 33.935978 28.45268
13.841553 20.313602 17.515213
2.8826725 8.06645 3.8920212
74.73927 74.73987 74.7404
68.80481 68.805435 68.805984
125.6131 125.61413 125.61504
129.0869 129.08794 129.08882
89.80945 89.81007 89.81062
12.909973 19.512617 28.95638
8.85405 13.450373 22.513145
11.694064 17.4739 26.166042
10.846671 16.545109 26.062342
11.597861 17.695818 26.983562
13.236722 19.282167 28.825474
11.832757 17.718937 27.086998
7.8430667 16.888248 25.88921
19.199087 27.628862 35.99214
6.4785867 13.067411 30.559313
14.90411 25.624609 42.097908
1.4119202 5.3921895 21.591372
5.254386 13.20048 31.189114
45.348907 66.27253 90.37743
10.159649 15.7741165 35.758858
34.066547 51.898006 63.96138
0.5045902 0.83994234 1.5906993
145.44624 161.69376 179.63951
37.308556 54.81776 62.201225
87.622665 119.52264 140.7639
44.35523 63.042778 81.064285
6.019683 13.636554 30.347128
6.576712 15.664264 32.75237
52.123383 81.30452 94.21658
27.544292 51.293945 57.45405
10.404014 21.90805 26.864985
52.326843 74.70288 94.29437
28.978636 42.57217 51.434704
11.903293 26.130089 38.77818
58.911655 74.90005 89.1305
12.972554 17.271017 27.120403
15.956188 21.246815 32.145397
49.1025 63.52896 71.4118
71.63571 86.55107 100.09572
48.33122 67.756714 65.153786
9.027229 22.927204 19.078587
1.6524153 3.1281662 12.459145
6.067676 16.475727 25.711006
17.365898 46.743477 52.413506
18.978346 41.23874 48.964264
31.45977 45.269814 47.91432
72.95304 95.73667 101.9019
44.142128 64.16371 70.97227
55.127277 71.19793 74.62697
29.930618 46.157055 49.8068
10.185533 24.7969 20.789595
1.1310022 11.385244 0.99416006
3.7703438 16.567003 5.9312186
7.030353 22.386301 10.292501
75.199036 93.6789 101.33614
21.628574 57.451744 62.184666
31.908749 63.43713 69.466286
43.49183 95.70449 102.86736
136.93605 170.83733 179.0114
28.552631 43.966137 45.780605
11.391106 22.814325 22.697218
10.930185 25.849436 25.77837
0.26553714 0.2664023 0.26693103
14.30632 42.28868 61.438427
111.29899 64.70846 22.380774
33.256695 73.81495 83.299835
12.265705 33.439316 39.64672
54.02353 75.61682 88.29056
33.557175 47.39358 60.751694
38.44927 54.719753 66.43605
16.93213 25.532637 38.107235
9.548786 15.5098295 31.106585
5.8650327 9.327205 23.170368
4.9241767 9.476232 23.394064
25.514925 52.05732 61.961693
12.701826 34.97299 45.86282
12.174453 34.679573 45.64612
45.824104 62.350975 69.91819
123.468445 128.93535 134.27715
130.69823 135.30754 141.81046
63.263252 67.53646 69.31629
125.85919 138.4959 150.48177
154.05434 166.5482 181.0311
136.5415 148.177 160.13466
158.09572 165.49678 172.80127
155.19255 163.49135 170.40157
136.21933 146.2442 159.34879
146.99089 155.25262 168.24011
150.9743 158.13261 165.87892
153.30962 160.96347 168.83458
135.52458 144.6501 157.20154
147.0757 157.19762 169.23384
148.05792 155.78659 163.02153
140.9325 151.92807 159.92339
142.61569 153.16885 162.29816
163.88515 173.02718 179.92368
173.05563 181.37132 188.53607
148.83937 158.14728 166.35883
69.02951 69.02999 69.030136
77.508316 77.50882 77.50892
101.853134 101.85364 101.85374
69.968254 69.835785 69.4789
129.5716 129.5721 129.57219
128.21971 128.22023 128.22035
115.56188 115.562416 115.56253
125.82954 125.83031 125.83035
1.5129536 1.5137227 1.5137707
1.6171113 1.61764 1.6177602
0.26789233 0.26846913 0.2685893
2.9053352 2.9061043 2.9061522
2.8303292 2.8311224 2.8311462
3.113939 3.1144917 3.1146119
162.3894 162.3577 157.42393
34.167027 29.06436 36.384956
84.2919 86.53172 83.59899
11.602812 11.603316 11.603413
13.727302 13.727902 13.727998
10.696395 10.696972 10.697068
11.143691 11.144605 11.144652
11.782961 11.783586 11.783682
12.998438 12.998966 12.999063
11.996299 11.996828 11.996923
12.733525 12.734271 12.734319
15.967868 15.968397 15.968493
12.2583275 12.258856 12.258976
23.539268 23.539774 23.539846
17.040302 17.041048 17.041096
12.905067 12.905906 12.906074
14.934054 14.934583 14.934848
12.926628 12.927181 12.927542
