0.0058434717 0.00569978 0.005532139
0.010106332 0.009723154 0.009387872
112.12746 112.349174 121.47035
42.656384 47.490086 67.95414
48.523087 53.575462 52.290497
77.1208 82.46992 82.818565
93.363495 95.79102 77.956314
138.55058 130.68874 115.5587
107.80975 113.88696 107.1691
121.27658 125.64824 123.29754
46.908085 44.17595 41.46398
86.47931 77.98541 69.75486
134.26152 127.63924 109.1168
119.75498 118.567055 114.252655
72.5865 60.104202 53.0911
97.23894 87.58753 78.48343
150.16833 137.88832 110.39518
77.11495 62.132362 54.30142
144.34033 140.55374 124.478516
129.6135 124.68596 110.86636
138.61661 135.5973 124.417854
62.20311 62.900494 61.761734
108.29569 99.79565 93.11615
99.31495 90.99935 83.89022
78.92145 79.38215 74.21001
74.106544 73.13581 69.0626
87.177414 82.44964 78.28609
68.70845 68.13105 63.262814
87.316696 83.99952 75.74315
52.978184 50.814804 47.201
5.4404874 10.992648 9.879442
9.097088 18.3616 16.951551
13.645776 25.710054 24.878532
14.354536 26.431555 25.541096
21.181244 27.37827 24.530415
21.493557 27.797922 24.99102
22.538078 28.332336 25.360882
12.693529 15.167975 13.060016
18.456102 22.700714 21.70069
27.733452 33.71087 31.688908
29.340502 35.126568 32.74368
88.85487 93.26413 92.09862
34.437878 35.844646 32.94935
22.66824 26.963982 27.961395
22.274164 26.361408 27.285923
25.908493 28.68699 28.836597
25.256443 26.489822 27.191662
12.762358 15.229381 17.315596
3.0323787 4.097064 6.0249543
37.24485 28.108942 27.93977
79.77096 64.66939 59.43632
96.031494 90.632965 91.94906
101.26489 93.95397 93.746284
104.07422 95.8816 95.51231
13.880113 15.648218 17.436512
97.437256 93.94784 83.6241
29.874916 30.577713 28.34898
67.87008 69.39963 66.96762
68.77469 64.86417 60.760323
29.995905 27.424131 25.821342
59.987404 54.480602 51.83643
34.585114 30.122234 24.873934
39.539803 32.550484 27.789444
76.56615 68.58366 64.02299
73.26957 64.621254 60.013817
33.148697 28.868593 25.863157
57.683685 50.214245 43.45045
68.86869 58.22883 49.824623
64.573044 58.477585 53.52069
48.99526 44.7506 41.46961
73.65344 71.436584 69.37386
62.944008 58.954163 55.58885
60.093662 48.79397 43.585163
74.44487 69.25551 65.83638
70.68153 66.71781 64.63155
54.0775 51.16702 47.617397
74.46068 72.456985 73.03901
72.18345 66.12695 62.934643
55.55551 51.99162 49.548256
67.641655 65.36148 63.2113
56.359756 58.50874 49.429066
43.284103 44.500454 45.37276
64.79922 70.10604 62.64264
101.80261 109.54651 100.72059
98.64807 109.549385 110.72124
80.673485 89.92485 89.02557
73.7927 83.37851 83.0769
65.49468 68.98728 61.75345
78.39235 78.96997 75.461464
78.202484 76.61675 71.04967
81.07637 80.059105 75.927605
85.99121 91.48927 84.665344
108.83538 104.2852 89.865
97.48793 91.60641 88.40723
104.463936 102.61278 93.11749
50.535587 49.272274 46.524883
42.82338 40.535374 37.973225
50.519325 49.305706 46.47955
56.333126 55.434788 54.091843
52.605663 51.938618 50.826923
49.962807 48.52134 45.847687
51.497414 51.239296 48.81907
89.51573 88.8496 85.03492
56.239174 45.117443 38.93627
56.93644 47.256275 41.25201
57.55822 55.58521 54.532234
29.008932 28.686728 26.793251
51.604057 41.7119 37.91
66.48393 65.09203 61.087437
62.868546 61.127525 58.277878
112.58983 111.3832 113.6395
53.151283 43.107887 37.04318
87.65191 80.364784 66.47727
95.75328 70.563965 57.03566
95.706314 85.946594 74.41041
97.4357 85.849075 68.725235
85.52258 78.24945 54.42545
37.671974 32.316097 29.062601
78.20361 66.82048 53.18122
63.126354 57.810158 42.765614
101.71415 75.523544 63.53281
76.44779 61.983906 51.13701
86.87515 67.59069 54.128605
95.568855 70.01937 56.20694
114.004814 86.754906 60.612965
102.40856 75.51413 48.00206
61.568565 48.574913 26.836311
58.427387 46.441494 25.515087
23.700737 25.402912 12.7296915
66.02735 56.960148 41.711227
60.691303 52.896423 39.68771
33.977657 27.965345 19.093231
73.9315 64.94815 49.553143
64.93757 58.619457 43.227753
26.74157 27.809105 13.6258745
86.32506 73.39462 50.238407
61.361984 55.506874 42.03767
61.852238 56.009724 42.445087
98.04531 82.55257 57.395226
97.572685 82.562744 57.137417
88.64846 76.9208 59.741955
94.15385 56.563465 34.718052
109.01832 76.780365 56.203564
70.48846 51.50098 29.946619
33.83648 29.070122 19.421425
66.637085 59.85779 44.962185
73.30963 53.661247 31.979643
84.84905 74.68055 56.867085
44.40344 35.88708 22.4738
29.7033 25.822037 16.985249
44.539467 39.867157 27.260681
71.26516 47.937878 30.517673
60.917786 44.93972 28.937086
56.413258 52.704376 37.702892
98.61469 82.98869 57.02397
59.71087 53.233765 35.85679
37.753784 33.32424 22.385765
64.57956 51.671352 43.87791
24.612223 46.430023 72.503975
43.57254 51.66036 87.3724
20.826397 42.620125 71.8753
45.2933 74.73839 107.17205
17.564924 37.925472 68.80585
49.133514 63.874077 84.3185
51.50649 65.38392 82.6742
13.54785 29.691565 64.923195
85.1554 111.67071 147.13998
8.447672 22.664598 35.02486
69.37897 79.120605 80.31318
94.17291 100.30331 97.42875
18.712353 26.868162 25.853674
79.65689 91.39089 93.75046
89.85744 98.487 98.125015
18.48556 25.514488 29.582144
77.07256 85.08763 85.24375
25.337484 26.920132 26.67377
52.102047 67.849434 77.2135
23.173843 31.233788 37.843376
23.629635 30.336382 34.827305
42.29344 49.311523 51.424515
21.175495 21.713047 24.404373
22.332287 32.015614 31.33904
43.992718 50.946045 47.708904
29.677818 38.995403 41.625465
58.072445 53.34419 43.31284
77.95515 65.58986 51.38955
19.975069 20.348429 15.417569
11.290977 17.536497 16.5746
49.727608 43.31538 34.400925
83.86945 66.22021 49.410263
16.754168 25.52723 28.713621
32.54737 36.8867 34.396637
43.630043 53.948486 57.200356
145.98941 153.12747 161.70694
28.102955 33.88452 32.1953
84.14245 91.2591 108.098
17.591028 21.387945 19.065619
29.317488 33.483788 37.658997
39.653606 39.14939 33.662994
37.825943 37.62166 32.38603
38.952415 38.500072 34.29421
49.771507 48.08358 41.75393
22.998564 35.350872 35.867493
33.061478 39.321102 41.273254
105.66795 117.57252 123.61138
23.40284 30.665964 25.75316
15.316146 21.21458 18.879251
25.91527 32.791813 33.914215
21.183615 28.406073 25.099052
35.35755 30.771435 28.32096
22.3662 25.58976 24.69202
33.19832 29.035517 26.448414
21.5461 24.544065 23.730936
34.836575 39.22945 40.132435
35.76418 40.49236 41.770332
17.926023 25.009628 28.07448
15.141776 19.969059 22.342514
33.02907 39.29675 42.63234
32.81296 38.884087 42.03693
23.563776 26.3918 32.760536
10.126593 18.290474 20.355494
8.984146 12.841987 19.071009
16.069164 18.603386 20.057812
35.4619 36.498013 29.528954
25.413568 27.424778 24.717237
17.310854 17.268919 18.365002
22.762861 21.93201 20.781923
15.121204 16.221382 15.913425
8.563991 14.2631235 17.572876
8.956389 12.573762 18.45306
0.1779385 0.1779864 0.33144936
24.038054 29.170849 33.21889
54.80288 46.03202 46.005028
27.808699 25.950138 31.00072
26.904564 25.271051 30.062218
33.912468 33.548447 39.42976
21.522703 21.465921 25.163904
23.258047 22.749306 26.412373
28.25194 27.916348 33.310326
17.55434 20.774906 27.545647
30.075798 30.691422 36.182896
20.10032 19.228996 23.0655
20.738935 20.766333 25.208426
18.151163 18.079199 20.842346
28.583532 26.734219 30.225164
28.368977 27.359877 32.60966
28.220423 28.030294 34.021603
40.4157 34.630833 32.754765
46.021576 38.97483 35.686775
35.439434 34.35918 38.91783
64.743126 53.753017 48.492313
34.538845 33.870773 38.111122
45.51372 35.79095 34.71987
27.229883 26.667377 26.327593
61.309345 51.80925 46.4693
89.68879 73.45438 61.278572
38.26909 39.915485 44.455215
38.512573 40.50884 44.953323
63.41211 46.097374 37.373936
63.904133 56.74753 53.754597
36.102932 44.398914 62.65406
52.89465 59.078 83.18915
47.185482 40.011208 32.453564
29.792294 26.512716 22.535324
25.199013 23.430046 20.489391
33.105495 47.522224 58.508167
21.500288 31.01006 37.25388
15.836502 23.39192 28.322372
23.521936 31.385597 42.74406
62.544544 65.01899 78.836716
53.42442 57.527615 63.174202
17.07527 24.063248 25.635788
21.7124 27.398123 30.337748
15.63234 23.690224 28.53863
26.395943 26.636963 32.342587
13.56593 18.030176 23.099028
26.419485 27.983883 28.539299
25.695278 27.513027 28.178848
26.022951 27.439005 28.319323
25.732111 27.522081 28.002777
18.877598 24.919605 33.4299
5.9158206 12.372498 19.605446
46.14915 48.06679 56.999256
15.957754 21.336311 24.793945
35.60068 41.477703 45.88028
71.82994 107.926025 136.5817
122.86991 152.84644 169.93433
57.909664 79.95347 107.224495
37.99799 36.389668 36.48091
44.670082 45.071606 43.59352
32.394028 35.93522 37.65495
57.33808 64.86289 68.7721
39.4482 45.384113 50.558098
33.828552 32.347736 32.12482
41.685436 34.71252 30.623623
34.34922 33.01578 30.487427
40.74418 38.060757 33.704018
34.17784 34.189384 31.145607
48.2369 44.9283 44.837917
33.959717 32.5564 31.779049
30.199085 27.189026 30.16752
25.557476 29.623766 35.284966
64.24325 69.19372 83.4727
159.71632 166.64784 184.42932
32.39858 39.635597 40.903847
34.064423 34.79464 36.457756
24.881742 22.630497 29.577402
7.5082383 14.554579 20.625826
14.34419 24.461779 33.324886
17.419365 25.193457 33.228806
12.578193 20.008598 21.712952
20.352453 32.21111 39.546917
16.447481 23.786043 24.070457
25.531254 34.027542 33.547825
12.877838 18.934116 24.265232
12.57745 16.82872 17.58897
14.408684 18.357122 19.625443
24.24478 31.276823 29.621109
28.197193 37.836597 44.85662
12.917904 20.146088 24.353243
19.208593 26.736422 25.18771
61.622425 79.75764 94.43757
9.8505125 16.322205 26.98987
13.832527 20.35741 30.555346
14.094214 28.747917 34.831905
13.550005 26.4755 31.30604
19.228231 32.493607 42.244446
24.294018 38.451168 43.209
14.676645 19.018225 23.9829
7.8491473 13.839017 18.24157
8.870318 15.327354 19.002346
9.506921 13.553669 18.875275
8.549095 12.873694 19.612438
8.62039 12.972698 18.781204
9.168503 12.545934 19.068182
10.147811 13.839831 18.940224
9.129897 12.797682 18.692762
20.178658 24.626736 28.682585
15.227057 21.06138 27.21506
19.76444 27.318851 26.978495
18.083677 24.249426 23.283527
15.41824 20.713598 20.041336
6.462664 11.225357 14.440607
30.373049 41.56969 50.232567
11.425496 16.747293 17.700354
27.214964 30.53597 27.943338
33.05963 32.179207 34.126114
8.826803 10.436296 10.781565
8.095866 11.781492 13.334395
9.74351 15.215251 16.396038
16.192116 29.024237 39.306255
24.689194 29.695805 31.296293
22.298496 26.191349 27.977633
13.636603 21.213263 20.583462
14.959934 20.837053 23.218124
5.914312 13.862032 15.177843
11.423772 17.867373 18.386675
13.1088705 21.142805 24.32132
5.4324408 11.202342 12.562171
61.948128 63.739223 79.58593
54.386627 56.148075 70.1116
29.793802 34.556087 39.068398
13.767483 15.524955 14.344238
48.433876 51.558075 64.80015
46.91192 54.088203 61.515423
12.341532 21.756802 22.102165
21.780247 30.195637 34.443817
29.030893 33.655952 37.681652
31.711227 37.72011 41.887825
21.729164 27.00213 34.051395
29.19226 37.137394 44.413067
28.914408 40.29143 50.38016
31.645441 36.151237 43.793537
15.726913 22.206917 28.29864
14.308626 20.283552 26.14592
161.03647 166.37303 187.97061
33.375587 36.474064 42.768322
40.92624 54.94633 68.14115
26.758574 28.79694 34.632698
22.129753 32.22804 41.763317
10.367636 16.03439 23.751581
23.63064 26.306902 31.25103
20.445326 28.081665 29.075104
17.649464 24.329247 25.733667
20.323307 25.096777 24.326181
17.338106 20.097614 19.698942
22.932657 29.774405 27.935722
23.564445 32.48527 40.461945
4.347854 8.2808695 11.739821
7.5906696 16.508501 22.227703
13.123767 19.094957 24.345076
13.655067 23.672981 27.10892
55.6293 73.91199 90.0377
13.206868 17.499163 19.83327
12.395416 21.02117 25.145967
19.295502 28.544497 29.917425
18.140795 24.136795 21.705814
16.048449 24.395441 29.958832
9.854823 14.921904 19.6133
43.87214 62.687733 75.79426
10.14022 18.08588 23.993198
13.7549095 22.187782 21.93383
11.3675165 16.760178 25.58406
38.894936 45.63792 49.547947
112.3623 130.62436 128.40968
37.393333 47.537766 44.247917
20.334803 27.691326 24.850489
22.99533 31.471884 39.53554
41.091198 58.252586 61.696186
19.331402 31.929806 33.228615
20.525217 33.139454 35.196644
23.682775 28.200138 27.4795
19.48963 24.582958 22.598549
18.68656 23.210413 21.76916
16.836885 24.585808 25.51219
0.07079222 0.06456557 0.057548616
19.086958 23.92315 25.980362
20.04112 25.025908 26.732925
22.519566 29.424658 26.87937
28.560328 32.062027 31.418455
67.16737 74.0713 73.292076
26.508741 28.198175 27.222124
61.77888 61.191208 61.23192
27.285492 29.600248 28.541767
25.711348 22.443386 27.158588
29.06914 33.725044 34.83013
28.14556 22.433973 25.091269
49.879276 47.84505 51.581352
25.152098 26.252012 21.317392
16.014776 20.40933 23.350824
30.86936 35.781685 39.982635
27.952965 32.643044 30.849794
26.297203 31.399584 29.5575
19.883417 30.333773 35.483284
12.741211 20.098286 21.884567
12.958497 19.213167 21.581928
42.87834 54.52948 66.41592
15.692906 17.715418 24.303574
19.927986 25.131071 27.197481
10.361433 12.681723 17.694296
13.769638 22.126137 22.887417
11.050796 13.103147 18.194128
19.388615 28.231344 29.358175
47.05398 58.036163 62.787098
16.587269 18.57635 24.685577
22.087412 25.96106 31.611624
24.468483 28.182968 35.175735
41.702293 53.14822 71.27493
6.53918 13.037121 15.455049
9.198367 13.922479 17.192356
43.359806 62.488194 75.83581
17.02972 28.002611 33.67643
11.888591 20.322325 25.018272
13.611002 16.780918 17.441422
16.842394 31.207802 39.885048
17.587675 31.64714 40.04615
17.795815 30.228565 40.462734
108.79315 107.425446 107.90948
85.182465 83.91364 84.2284
107.52263 106.30027 106.67578
140.54753 139.03214 139.43338
139.20416 138.39272 138.78401
112.24382 111.49418 111.66604
75.58959 73.72155 74.35662
72.19994 70.82216 71.39844
64.21113 61.662636 61.976482
30.317057 27.250935 21.923964
67.50515 64.961395 65.00774
67.52103 64.611984 62.930595
79.25318 76.55511 77.4213
57.55889 55.04871 53.874702
53.46245 51.38239 51.941254
73.35025 70.63299 71.33566
49.061954 48.11536 48.554123
51.726364 50.659904 51.158325
57.477417 55.189888 55.64221
36.855328 36.350967 36.56332
39.83626 36.107147 30.184883
50.21065 49.212975 49.64592
77.428635 74.965965 74.67758
46.557667 44.46192 43.831017
48.34419 46.35911 47.242744
0.07548616 0.06262573 0.05177699
24.668192 24.337364 24.48338
57.65284 55.0262 55.916924
67.236855 66.07771 66.52488
88.17447 86.55956 87.35267
39.516693 38.825943 39.15313
24.344526 32.7238 36.583508
18.358536 27.016165 30.795286
26.15787 33.259533 37.67255
26.641489 33.699253 38.1879
23.90478 30.713861 39.682106
19.667976 25.743439 34.58437
28.018152 42.503544 54.296364
20.83782 22.953636 26.883442
17.330587 22.523613 31.041958
16.043324 26.152554 34.479908
19.807524 25.110954 36.23441
38.299335 49.279625 54.08873
20.380903 26.161127 22.255844
12.985487 18.515663 24.025816
11.779505 19.039108 24.754599
14.202797 21.937517 27.486422
26.915077 33.83782 37.883465
15.013147 19.471764 21.364283
12.377886 17.651644 21.282091
19.109468 23.338802 31.186344
11.353482 18.262716 23.907103
14.161438 20.125395 24.86469
48.95965 68.840744 92.43879
11.953803 23.22052 30.066433
10.229213 18.774858 21.998348
13.635597 21.345173 26.289083
8.531397 16.136364 22.555824
50.535084 70.363945 90.984795
17.267986 26.462711 26.522415
11.760226 22.032307 28.640554
7.4270763 17.604273 21.414528
10.114834 18.834803 22.13052
14.530391 23.876019 30.036402
82.61842 81.81806 80.61333
104.12077 105.05276 105.91953
97.44279 99.97109 98.22359
70.10193 67.6611 65.32536
36.202652 55.50436 79.3873
47.70239 73.36634 107.094666
32.88119 44.21094 52.223034
42.768753 54.679016 67.156166
43.65162 52.670082 64.7545
86.433395 95.954475 101.70685
0.07055274 0.056854106 0.049166586
77.19504 84.43905 88.56497
111.876045 118.051704 125.30305
97.42811 100.20033 107.29021
109.51341 113.343475 121.343185
70.284584 68.05271 70.159164
84.28166 76.43072 58.012238
100.67334 95.488525 76.47763
120.98482 99.04766 77.87309
81.29157 65.74907 49.420227
98.63457 81.42734 67.901886
107.47387 90.146515 74.59644
93.97893 77.634636 64.9938
144.18388 126.59005 106.6292
105.51386 88.17468 71.52256
130.4761 113.49638 94.08301
88.81878 78.45713 63.973297
96.024574 82.164955 66.73898
105.64616 92.74279 74.52689
56.162277 58.96887 47.80362
4.578911 4.086215 4.1251554
5.864714 5.8537216 5.8481655
5.298879 5.28827 5.28269
15.669245 15.658755 15.653223
14.386795 14.376257 14.370965
15.6130495 15.603125 15.598943
11.392183 11.381431 11.377168
17.082718 17.016428 16.994755
17.856812 17.84589 17.841627
14.517794 14.451743 14.43074
12.515925 12.505005 12.500383
