0.7272135 0.71715134 0.71327627
0.97769386 0.79481584 0.71343905
124.61552 103.74936 86.66912
84.45459 72.44068 59.35016
96.44078 57.84708 25.909245
1.2261877 0.8519978 0.7165326
111.34159 56.083527 6.813182
73.394806 40.5472 18.04712
76.66222 52.339542 18.426552
164.3325 107.43743 38.288254
89.39793 42.353447 5.0616107
142.2468 61.142628 5.78941
148.12794 81.92849 16.569246
86.34895 43.30483 2.7871308
134.96284 75.38845 22.927742
89.288055 46.56983 7.7193007
136.26161 82.82288 9.991176
34.96978 14.451789 1.9207072
36.274967 12.472663 11.605588
50.89 35.037937 29.604546
56.124428 37.352535 31.991892
89.370964 76.20193 62.38842
4.8799376 13.729786 11.565111
36.858574 37.12625 35.701294
12.8674 15.484581 15.455828
17.053144 19.49041 17.18519
10.22736 19.23016 15.537334
21.48214 35.984726 24.461948
36.075417 54.65984 35.431145
12.846951 17.172392 15.869679
21.30991 38.40607 34.123352
39.329384 59.657364 57.41786
23.712755 30.117523 27.441011
17.873621 28.515516 27.747013
27.99313 36.449543 38.723175
19.49116 28.642612 31.130613
24.021265 31.357452 31.617018
24.854473 33.371716 32.955875
34.74216 43.098343 42.43629
35.26445 37.244 35.983685
22.798365 29.280895 27.57703
39.857697 42.573902 40.43261
34.70826 39.22049 34.54518
38.880424 56.41004 52.052006
25.740728 36.169594 35.348984
8.703507 19.80921 12.685239
1.8416425 1.8169266 1.5685955
6.0621643 28.943014 32.0636
9.129375 20.418346 21.124914
7.2366734 35.123383 38.8999
4.090625 19.921423 16.623531
3.3539028 26.00609 26.441956
3.2314305 13.130939 10.935036
2.150705 12.073822 13.015468
2.0845354 8.995506 9.400534
12.723664 22.74649 19.297112
3.846234 16.537725 16.401772
18.437754 48.947475 50.07154
9.359113 24.156794 20.803282
17.680485 37.675697 38.06731
4.0676675 27.62734 22.962292
16.797129 28.278584 27.561691
8.176235 19.413885 15.862418
9.7544365 20.893158 16.158749
50.01625 57.108566 56.9943
50.074116 58.767982 58.430233
10.747696 24.807352 23.195154
5.2240386 21.764532 19.420723
36.692924 41.843334 42.1663
68.7954 72.67993 71.25904
192.26138 202.70755 199.90111
3.4782963 13.619037 11.019669
160.90361 161.32013 159.6346
167.7986 169.33058 167.72981
188.43437 205.16553 210.61536
164.68198 172.60689 181.59778
179.55182 180.57999 189.04514
169.25507 175.87056 177.27731
10.467811 25.918232 22.576704
0.7362011 0.71838874 0.7106386
53.44739 53.570354 47.557392
106.61816 102.18747 95.43626
87.750694 83.833534 78.2047
60.341625 49.568985 40.614902
64.530624 71.243675 71.202446
71.67472 78.94572 83.24628
65.560196 74.51295 76.77743
98.580284 98.4455 97.96408
89.3866 82.71644 81.38194
73.27956 65.981766 64.02325
70.31362 62.52255 58.551857
74.86421 67.72474 63.268227
53.22674 53.065487 53.972027
60.864372 68.35722 64.58302
88.023834 92.89225 96.86561
118.70442 126.78449 127.32713
100.56827 94.36921 93.61405
85.456314 88.52271 86.69446
81.28988 81.15673 75.46481
78.891304 78.23052 72.1155
117.14575 118.79309 116.61223
120.792015 123.541306 119.97597
87.78873 85.331985 78.28601
118.3779 121.871826 118.224785
90.58888 89.17666 80.6561
85.323166 84.29747 75.42395
74.869514 72.271515 62.684555
82.400276 67.47989 54.014492
69.083984 66.77055 66.6191
81.18353 86.27259 84.30268
77.24859 83.17548 81.46397
87.32014 84.96457 79.21567
91.64291 89.704254 82.80143
91.62301 89.57931 83.15992
95.48119 92.439804 87.06425
69.22228 64.268456 54.16653
84.57807 76.74616 62.7194
66.252235 61.66948 52.197758
93.39053 83.48725 75.246376
47.06627 51.487217 41.178677
67.577385 69.00319 60.346283
75.445404 69.89478 61.50158
79.79836 72.902794 61.55974
57.31538 52.483994 42.77127
84.55941 77.128265 63.990265
72.87948 63.87932 52.946075
83.21423 73.88938 61.760883
68.65105 66.555115 60.3399
88.40008 72.94402 63.50982
119.45827 103.51838 93.90124
79.31108 71.88059 63.879578
75.0607 66.860565 59.714546
125.692726 107.75128 101.28373
104.34361 92.73604 87.14523
84.19203 76.30662 69.29454
80.445274 71.14087 61.80426
71.89433 70.57654 66.30102
92.22355 76.55886 65.09056
112.0665 97.48198 88.31883
86.475075 69.26083 61.94871
88.94428 99.46664 99.73467
73.02725 71.30867 66.03282
63.25794 57.602398 48.975872
78.92344 72.28334 65.31968
78.73812 72.053696 64.00804
71.38663 72.71559 62.544334
111.68244 116.056564 129.23898
102.77417 105.82015 110.35507
100.96398 103.235664 109.27272
75.05005 64.03562 52.89303
80.46117 69.907616 56.764206
112.230385 76.26152 50.183235
50.68612 49.41854 42.942364
37.675014 36.82266 31.490084
38.450813 33.97372 27.397245
31.801622 24.432545 17.13351
26.121496 25.36237 24.670195
25.88707 25.809404 21.588655
40.381226 33.39415 25.80084
40.962975 40.20082 34.054478
54.487446 50.115307 40.1214
34.495586 28.183073 21.056206
32.197956 27.63548 23.063564
33.00824 30.851639 25.368425
37.255886 30.827705 25.005308
18.392817 12.914194 9.720538
34.083134 25.197304 19.861929
41.433197 33.8915 27.164448
19.9718 22.585365 18.333193
13.661141 17.792341 14.01625
13.778306 17.956787 14.157446
8.158097 9.719072 6.4496074
12.690156 18.112118 12.514507
10.457619 17.416946 13.45205
5.26051 11.342864 9.10606
4.880198 10.251392 5.517666
15.045687 23.741508 20.954866
10.196652 24.754436 22.37331
6.6348953 21.866325 18.392263
7.568042 22.79677 19.219122
7.449282 16.793839 14.887753
8.805171 20.238758 19.250969
17.05601 31.990524 35.32378
12.287896 30.781107 29.455925
5.0303493 22.51024 20.314272
12.251522 30.314304 30.270573
8.952001 23.45791 22.055359
4.7423882 12.625158 8.471685
8.147319 16.478329 14.436289
41.971832 39.519165 33.740368
75.00573 73.37514 66.68703
56.268684 52.110325 44.759907
66.92322 63.934513 63.054836
65.13195 66.26546 62.792763
78.67244 78.755905 70.65401
85.76873 86.11345 78.51806
65.77707 59.187534 52.49497
78.79368 75.956985 68.78313
76.80136 72.61249 65.72787
66.605064 58.210003 50.17464
74.19066 68.51506 61.578396
72.88104 61.648083 53.684654
71.36934 59.0466 51.882805
31.747402 42.23687 39.00114
36.37074 47.42385 44.299587
50.563614 63.58136 65.34179
31.73135 43.189716 42.9027
57.13224 65.703636 67.09329
51.53092 63.884205 63.56215
30.18874 40.30691 41.075222
42.671562 52.46377 50.99847
42.146667 49.626785 48.395878
38.006775 40.534534 38.61767
38.804844 48.12794 46.232506
39.963657 47.87134 47.28236
58.97929 59.378555 58.49051
54.899445 53.77583 52.6644
81.09538 80.80188 82.57244
36.550587 47.663227 46.288548
27.69846 43.368946 37.875507
27.09323 31.596731 31.31398
26.812792 35.058323 33.630695
31.9492 44.14621 45.588005
32.84275 46.91589 48.559998
27.211143 41.11977 41.28845
20.457554 32.208897 31.118206
20.429157 32.2483 31.392849
27.48191 28.82904 25.734638
17.60611 21.716955 17.41587
24.58237 28.057508 23.407177
65.50734 69.99531 67.56746
70.93979 79.17298 82.47644
100.29275 107.82285 106.99743
33.600246 36.05907 33.962257
39.662476 41.31541 36.98235
133.55098 141.29425 146.86372
103.87518 110.03908 103.17116
163.17159 166.66795 170.36478
96.32407 89.615974 84.271545
81.42509 75.83653 66.61458
83.609985 75.9846 72.69192
90.43459 81.94138 78.55856
102.448074 94.712296 88.25318
66.46507 59.848026 58.42043
101.618744 94.04591 87.133705
95.365135 85.706825 79.36836
59.10645 62.360123 57.31639
54.901722 57.617214 52.442345
79.74991 69.847534 65.367676
100.41076 85.183334 74.70002
85.734146 85.026054 87.748344
70.68048 66.14546 60.119312
83.85503 78.849915 73.75496
70.14605 59.125664 54.778145
80.5091 71.82901 58.807648
81.53841 82.896515 80.24742
58.528576 53.701096 49.159725
23.638706 24.357876 20.225016
30.149696 31.576899 31.259762
67.610146 70.23065 71.41053
19.786545 29.610277 28.403563
22.800482 30.211664 29.4344
84.04673 85.56257 79.787
169.36035 172.05324 167.29669
130.19109 128.75883 129.25891
20.2877 22.27334 21.08053
21.390472 28.043472 26.273567
10.83806 24.674036 21.00228
25.55023 34.214336 36.09466
19.140774 26.186329 26.905924
11.952099 25.705753 26.824026
5.5829563 15.630011 13.194601
4.599694 20.371683 14.303755
10.978182 19.821812 15.866912
16.345078 33.346672 31.4048
96.081604 106.41284 102.97571
87.38595 93.39503 91.2665
15.767657 27.913446 28.780195
81.505325 83.29714 84.71715
36.625225 40.61145 43.161484
34.367516 40.2905 40.644665
78.34443 73.39952 77.12872
98.58891 106.497475 108.475075
70.08897 72.230095 78.544106
108.28744 105.40949 109.26689
97.04702 98.633 100.817444
95.22296 98.968155 98.4175
34.659317 36.69084 34.919403
118.21101 123.577126 121.76844
84.85701 73.20685 71.028885
91.12377 93.0664 92.25709
45.861378 40.468754 34.447166
51.059494 51.34716 44.27725
38.371063 41.558662 36.183723
50.835587 52.051517 50.0635
50.043636 51.58872 47.556286
46.318504 45.890522 38.630825
70.74587 68.62265 60.836628
82.775116 86.08324 87.55375
14.149728 33.83627 42.5361
9.462047 15.852291 11.793676
10.16347 16.899508 15.471653
15.91159 20.447914 20.239735
17.361034 27.106745 22.505161
18.713732 28.214758 24.44036
48.59481 55.03608 53.566185
23.3273 31.74584 27.60129
6.104399 12.461167 9.669901
9.959914 18.815462 14.750529
16.0409 22.710573 19.826044
1.0009444 0.8370836 0.7673321
0.744342 0.72284997 0.7116806
17.228825 32.836693 30.274023
13.852649 21.634407 17.682114
11.631541 14.254942 10.684001
14.640333 25.738579 22.795826
24.934515 37.430004 33.89951
13.968771 23.49549 20.279951
17.74496 22.375883 19.14735
6.515647 6.0113974 3.7997005
12.011006 15.645283 9.898401
3.5869615 14.9536295 17.16881
21.90055 31.832785 29.676641
19.812172 22.448858 16.505423
10.389007 14.334234 11.003257
4.0525255 3.42906 2.735322
7.0044937 6.0738544 3.5498714
19.89104 19.390049 17.39109
201.57642 207.61372 207.81383
19.962551 18.319288 17.031555
14.985216 21.41597 14.956006
7.3045363 5.5794716 4.69338
65.03318 54.88352 55.82738
18.357582 30.531244 30.015793
22.055683 35.5459 36.823147
6.1765604 17.89736 20.130678
14.714188 19.85939 18.733433
20.896708 23.953108 23.449184
26.725357 31.82689 32.222736
42.780552 47.64437 52.343025
11.266404 21.278713 18.566023
18.406591 27.941809 28.201927
16.998177 23.16233 22.718487
13.274056 20.93383 18.807775
8.78814 19.89941 17.644112
6.8437915 19.284151 19.85278
7.2537694 26.996874 26.197954
16.034843 29.341951 27.714352
61.375427 66.06379 71.66811
110.455635 104.726364 110.04761
43.216515 65.18691 85.40115
130.7771 36.137093 51.703148
62.24286 29.037643 39.00384
103.66456 33.30066 38.492428
108.30558 33.402584 31.68729
21.47035 26.529324 31.84314
29.912924 37.65935 40.940376
36.284607 37.78544 41.68296
36.455826 38.27702 43.555767
15.273601 18.75411 17.770458
10.836041 15.626787 16.573383
17.618841 21.69846 22.423002
24.020027 24.620893 24.981667
9.842066 13.24172 14.607574
25.164577 31.253119 34.35693
19.67091 27.499138 24.851347
15.743723 18.538734 16.225666
24.203165 19.289883 21.329447
31.752419 34.48331 38.779804
29.66961 37.582077 41.50451
36.03038 45.15077 49.84822
53.00609 52.76834 63.432674
45.721416 46.36693 53.53841
10.135204 15.2035885 16.22977
41.55052 65.34895 83.12195
26.223583 39.23498 42.67918
25.099222 29.21212 35.93637
19.410303 26.11241 23.309422
8.642124 12.708848 10.538181
21.327688 25.991892 22.72614
40.956398 53.867565 62.366863
16.413364 22.501026 26.733238
28.637566 30.9718 36.023415
106.059135 104.427826 109.37191
33.095673 33.99111 35.539516
21.413853 37.826405 39.42447
1.5010258 1.4859813 1.7022046
51.9999 55.639977 63.522972
18.408838 16.997395 21.507637
34.01003 41.44596 47.452732
26.330914 42.92266 39.497997
39.89384 41.709206 47.490215
37.284184 50.503826 69.397896
20.76388 31.702888 35.90485
40.607445 70.87997 86.739296
13.642743 19.491192 19.762024
22.204012 29.149696 29.233353
22.731024 24.09652 25.84591
22.748999 26.82458 27.901787
43.04279 52.837505 57.05679
15.367807 20.40099 20.642645
18.593473 28.18799 27.084665
15.6502 18.283825 21.516525
30.967403 36.256992 38.493763
15.18392 24.45941 27.421602
16.348497 28.649029 36.02159
18.868443 28.369793 30.579113
25.079 31.091082 31.579895
53.204044 69.08897 95.7885
13.002833 15.305839 14.940669
26.001009 29.103943 32.257286
16.045883 24.42245 22.53665
32.096943 44.017227 50.631348
24.458466 36.310593 49.248623
16.96483 24.129995 24.78218
28.238691 60.762253 81.3358
114.69713 89.74376 67.84825
23.276693 21.666483 20.381159
6.7457747 24.097202 26.713537
39.811584 33.897945 23.883553
37.286465 32.436157 28.395258
38.662216 36.88534 43.738773
53.737667 49.720764 69.36986
48.743755 32.924126 25.249146
41.89827 19.842295 8.702921
22.470514 17.0564 14.08675
65.808525 70.60588 72.04634
76.664955 78.80641 77.7899
51.829006 31.845778 25.869516
11.112247 10.33951 9.279853
69.26149 71.83777 72.05236
41.71507 46.389626 41.557556
65.26087 79.80241 103.96265
19.217266 26.093328 26.607836
158.76587 164.0777 186.06894
139.98788 142.41798 157.37718
56.807384 48.33228 41.01195
72.6302 84.654175 103.40552
32.901657 55.257545 93.1155
89.14022 99.29415 98.07223
36.688103 37.899834 35.211567
43.641636 44.926178 46.159008
28.004429 51.14722 68.0845
24.871178 49.166466 65.71888
20.456478 18.572601 16.88759
34.091732 33.935394 29.107916
51.01394 48.884823 46.84438
8.505845 11.591781 12.498681
18.752386 26.59582 26.12765
21.41102 23.360155 24.756065
14.092872 23.036537 25.356638
2.8547983 2.6855645 2.8721223
5.9086914 5.5897946 6.248722
1.026051 0.8654466 0.84971833
19.502491 14.408577 6.9808526
6.690905 6.0908203 5.707838
10.053405 9.80579 10.313166
141.95346 67.61454 42.859684
7.2005925 11.057182 8.0903
104.125145 63.28337 43.105995
8.582273 5.0170636 2.9287505
176.94768 105.22932 55.072845
24.14937 14.806832 8.411313
54.12768 29.375753 16.123709
41.405125 23.030642 12.079488
25.811522 20.69263 21.511837
7.8806214 9.651438 10.318799
2.8812726 3.530268 2.7903547
42.061253 25.418867 15.038946
19.585627 15.364128 10.192484
64.68299 47.413624 42.083332
65.10466 45.91198 34.349766
6.8857665 7.6042204 8.426781
24.444788 22.477905 26.725845
26.364193 23.84529 27.95871
25.76655 16.548407 15.267153
50.033184 35.96291 35.1819
26.5825 21.49728 24.214628
55.450974 36.57693 33.63727
20.534826 20.070208 25.666613
13.444528 12.33202 17.485395
13.52102 12.343808 17.304537
12.827119 11.62734 16.453516
12.004754 10.019342 8.540884
10.876974 9.798007 13.540916
82.483894 51.03416 37.745155
51.189945 33.637043 31.850338
55.30584 38.27376 37.671528
11.202644 11.036569 8.128724
14.256961 15.321046 15.921098
31.73187 22.946173 17.632486
58.03699 38.411964 34.96942
66.28767 47.623955 48.06047
37.94617 25.997362 21.754469
12.123482 11.28363 11.012146
13.785438 12.304243 17.143412
17.912535 14.809013 20.120518
38.73327 26.256569 28.415937
17.869875 16.474747 22.068676
58.979256 41.24895 39.318604
16.858414 15.156046 21.379107
36.731186 28.391808 32.325245
15.334039 15.689733 13.041063
42.181576 32.164677 34.42473
56.012146 35.23423 30.104172
63.884888 43.197758 39.97815
33.041584 21.260021 14.816373
5.1466346 5.1797843 6.460582
7.661109 7.155557 9.926634
2.537139 2.3355694 3.3119607
1.0156957 1.0979518 1.7651178
14.064574 33.276173 70.63001
25.291412 41.49484 69.56007
