0.23805018 0.23805018 0.23805018
0.23893046 0.23879841 0.23884243
120.032486 96.76558 77.37773
23.544037 23.303852 27.9612
66.11943 73.39545 77.93534
26.903719 33.45834 34.033253
9.329005 11.149538 10.158165
6.8557878 8.240757 7.0753083
15.312941 13.723415 16.470972
54.6945 78.16948 87.98176
32.05713 39.910233 44.831623
110.34034 131.11638 138.40059
82.10706 106.23915 115.34518
99.97876 119.47168 125.5471
46.880436 54.65935 56.862568
41.487587 58.050198 64.829994
94.846214 120.082794 129.29285
18.465471 22.045048 24.473438
6.925374 6.9662414 7.2259684
43.08039 50.845444 55.038116
13.626012 27.427113 34.953236
84.227005 114.81116 125.00751
11.045423 14.44474 15.976034
8.775792 12.770972 14.328829
28.59298 42.899757 47.87392
34.837322 50.884663 57.627136
26.502707 43.375484 47.941833
34.79263 49.655567 54.855217
22.350065 43.539085 50.930656
22.063358 28.346853 33.194016
24.732372 37.205063 41.757767
27.015581 39.622185 44.352947
43.150463 56.576473 62.822205
29.917055 40.255962 44.597797
23.697668 37.33477 41.131447
30.144741 43.526936 48.5454
21.191725 40.237476 46.16833
29.047865 39.89738 44.708363
23.468397 32.030964 36.12357
23.203169 35.744324 40.65066
24.705172 40.515625 44.273216
20.711334 23.390648 24.620203
26.416527 49.342365 57.454556
14.707548 35.96844 42.053566
20.087896 52.143486 64.67364
7.8104315 22.101782 32.193264
30.961113 54.12907 65.5836
21.644388 54.740425 74.867455
20.321985 35.465076 43.440315
17.585476 34.56855 43.17764
16.268354 23.617672 27.912962
22.329512 54.430126 66.09835
32.41534 43.20891 49.998722
49.09034 72.23235 79.12284
19.302399 36.559486 43.985256
23.707373 58.68796 70.03757
24.468552 52.559727 63.10451
19.194454 41.0002 50.113316
7.1019588 16.214327 20.11908
20.970774 45.898964 60.979073
24.871655 41.293396 47.09747
21.667099 45.082615 53.08902
26.170576 57.884155 70.39135
19.275814 35.777443 42.516968
27.998789 46.028015 53.299297
13.182439 21.272556 29.175
30.34901 50.585365 61.23475
31.82183 50.413403 60.358166
23.391153 45.38772 54.418354
16.591286 21.414503 25.928675
36.49954 46.80922 52.42368
36.55163 46.874317 52.544807
19.074295 29.114767 32.27018
21.04056 31.09681 35.390316
22.155987 33.954994 38.676014
12.571523 26.652224 31.565624
16.014084 27.00933 34.677795
26.063358 29.445225 31.894102
17.812214 24.004776 24.846588
32.097843 54.04593 62.41314
21.993837 34.790867 37.911488
36.915447 57.831448 66.21241
21.767496 39.454865 44.040913
18.634926 35.831734 38.035366
24.560783 39.64507 43.215714
30.742342 41.372665 44.022865
30.629026 40.682945 43.12368
31.952906 41.304268 43.78937
34.73926 45.489086 48.15339
29.005611 46.40064 50.10746
40.520687 50.899956 53.05658
33.278366 52.738888 56.857174
34.508957 54.665253 59.241417
24.49562 39.126564 42.092255
23.262434 29.268463 30.758032
29.042803 37.418465 39.97227
36.975155 49.40733 53.631714
29.297976 42.65381 45.74032
29.0989 49.408493 60.723305
25.24901 43.183342 47.600395
28.530987 48.42414 57.05011
51.265186 68.6664 75.274254
13.021149 20.245247 21.900682
15.746303 19.937874 21.304775
13.578807 19.962345 20.708033
39.688335 66.267586 84.0364
10.059133 14.253389 14.665603
65.40229 84.878914 94.94124
33.948746 57.57322 67.071724
45.807217 65.23774 76.51171
55.044632 76.20511 83.79692
39.019764 45.868927 50.225044
37.580524 53.985035 60.033825
54.440845 65.52372 72.676605
33.727993 40.89278 49.009243
56.013226 59.670444 63.055412
49.932327 51.8943 56.683735
46.754578 49.714634 53.91393
35.54419 41.880657 47.550068
23.107306 33.222797 38.07885
19.662565 29.387522 32.958626
37.758846 48.162918 52.11613
24.104313 31.16952 34.447624
26.46831 31.99615 34.74771
19.637457 27.999691 30.822578
26.66723 31.845137 34.406956
27.37159 33.27676 36.236332
21.653564 31.490757 32.56459
24.09397 29.956228 31.764568
21.268507 33.01424 36.94113
76.43006 87.97654 90.22007
24.583693 30.381557 32.160233
19.962961 30.862148 31.544828
26.376057 34.340405 37.6761
33.849693 50.875572 58.33299
28.726452 41.62183 46.447052
40.451057 59.622974 68.34423
22.092825 28.644543 32.005283
30.387787 43.059307 46.479862
35.802002 50.97421 56.67839
35.92082 55.252995 61.54921
60.97634 71.36422 76.13759
36.795094 47.93959 52.96972
36.758144 61.469498 82.45678
24.212412 35.967033 39.499603
26.659441 40.685917 45.11523
13.686532 11.517606 15.9454
4.406294 8.247051 10.529929
12.745599 9.789766 13.793948
22.749977 7.55691 15.570533
2.003499 2.2098591 2.9111576
21.76787 24.07423 32.2112
42.265118 20.237213 27.875175
22.437191 29.97795 37.376564
5.2108054 14.730413 20.644058
11.392737 15.79452 19.247667
5.6464567 7.6927376 7.080524
3.2233496 1.3608495 2.7737677
33.580547 45.71437 52.107132
9.731514 24.358648 34.19364
16.194057 28.694057 35.66778
11.26162 42.848083 60.722206
8.159375 12.111576 19.183868
33.960144 47.94879 58.194168
27.66754 42.569057 50.86886
35.083958 49.16941 60.269123
36.56184 54.912697 65.071304
11.471127 14.587302 17.489832
47.73281 69.37236 85.013405
31.928476 43.91239 52.26536
67.81074 84.32407 95.71624
40.77346 60.62555 72.183075
35.864304 56.63917 67.88077
22.441505 39.96413 46.414898
43.82478 56.884926 62.359177
32.123238 44.27282 48.682484
62.366375 80.702156 91.435036
21.713512 38.25024 45.531536
21.193003 36.092144 41.96448
29.400595 45.600307 57.54419
39.922424 57.848106 71.90359
43.06098 53.484707 62.67465
30.484089 43.13499 50.905987
26.863071 44.680325 56.11294
19.604137 41.378193 51.691814
24.984243 45.658627 53.495773
9.845445 17.341879 17.953785
44.54001 40.837322 50.669785
4.4858713 12.531778 20.022425
7.5663514 17.786003 24.130194
5.5699606 9.138469 14.37106
6.85724 15.001012 19.752575
14.613072 21.743464 30.127817
8.102157 11.146655 15.160762
5.8323283 23.109749 32.960125
6.0133142 27.935783 39.891132
2.365141 10.010541 12.989018
2.668684 12.745841 16.23378
9.020159 25.070774 29.153719
5.424142 16.449715 19.654291
8.133561 28.996082 33.063118
2.0392606 21.447073 29.855986
3.1573503 28.821104 38.561157
4.959441 36.5285 47.426872
1.9773988 6.797205 10.1666155
5.3925614 21.453148 24.64703
6.765119 14.719191 16.947756
6.255458 22.038908 26.046192
5.8419895 19.833363 22.61732
3.5429797 14.146258 17.04047
2.887412 10.269257 11.86162
34.738907 52.36426 63.65339
55.209045 60.20385 66.00942
52.661312 58.005943 65.84347
45.809837 51.400307 57.427444
23.267056 34.176605 45.4807
17.440866 23.7739 27.354336
48.3094 51.34778 60.011707
19.950726 26.123041 30.284418
17.485981 24.21897 34.674053
18.222668 18.138931 19.98805
42.358562 46.91078 56.954422
27.754688 36.73083 43.408802
32.650574 49.092716 58.88554
47.043728 49.948326 60.017277
27.924427 39.644695 50.874294
29.91096 54.245598 65.75222
9.694454 26.061752 35.74058
30.781889 36.75328 44.971214
17.537346 31.523195 34.58882
16.078081 30.930765 34.075462
15.972073 30.923283 34.07509
71.6897 82.003105 94.75187
41.67859 54.18193 65.878235
39.245964 48.098072 58.35614
57.54342 66.844345 80.822205
31.004137 45.168022 56.36373
32.7831 47.24714 58.78772
33.70891 48.037586 58.533802
58.039898 71.13083 83.687
75.53284 89.09927 97.83541
31.95 38.378258 42.735455
35.730877 26.228983 23.913467
34.07403 11.585673 16.00517
21.318047 14.094058 12.967429
24.114239 21.363842 18.266571
1.0505942 1.434507 1.2485036
7.0823064 10.224472 8.990097
27.991726 30.87029 31.189415
34.822952 38.968903 40.409637
37.49214 41.525066 41.92348
14.510167 14.537169 13.590141
36.139988 17.173262 16.554379
40.74593 44.288357 45.62205
21.348877 26.33147 27.261421
20.455677 24.117298 24.732967
22.025352 26.798239 27.05537
50.823307 54.34221 57.312588
39.554752 25.990053 25.861202
35.582703 23.951826 24.701475
26.902025 27.624296 27.362104
25.63532 21.533957 21.375154
51.475483 63.446106 67.70114
59.543133 70.54182 77.51963
41.755127 43.23966 44.872513
58.59146 55.80414 56.859726
44.968132 48.793068 53.147713
60.723614 73.852684 78.72742
9.510761 10.979247 11.726672
8.9944105 12.802003 12.265075
7.3101892 11.494564 11.084948
12.574163 16.126343 16.340868
13.141219 17.875683 17.247513
7.270929 9.548768 9.29485
22.33475 26.897997 28.161026
29.62095 35.860233 38.257042
9.780656 11.930436 10.887764
22.49956 26.615515 28.259506
20.301937 25.7796 25.328037
107.1491 117.17921 126.62973
54.96774 56.60068 59.99214
72.59529 88.71131 99.28611
65.67907 89.24254 104.044235
75.933365 97.83504 109.85825
71.18299 79.73983 83.67297
47.7419 62.20372 67.58642
54.95101 67.726234 77.82628
78.004135 93.08741 100.72669
49.694695 55.00396 64.62196
59.140404 74.86888 86.51565
17.125198 25.647491 37.72982
46.47205 59.506714 69.05284
38.379467 58.34573 70.44773
44.918594 60.50473 75.51871
47.286728 64.40202 79.09027
27.22828 35.27544 44.015293
3.222183 12.941175 17.688072
23.699604 44.390385 54.32641
24.77982 31.78761 38.55154
19.264547 23.951254 31.572777
17.3715 29.511795 36.830173
16.234638 32.71472 40.673065
20.497404 30.168024 37.116615
11.104996 20.595379 24.103323
12.012104 22.4283 28.74254
8.996215 19.636509 23.346722
5.718002 7.966285 12.805304
23.908516 38.188534 44.6239
7.768992 10.746171 13.068552
35.22359 52.512676 60.0991
12.47632 19.11602 25.206865
14.095224 23.061289 25.98552
9.6321745 26.009882 29.516638
14.445092 32.172115 37.86981
8.596413 18.66063 23.43981
7.2162633 14.3365755 17.563335
8.726342 21.838644 25.658825
28.082636 61.267254 73.20669
9.292188 21.915955 25.653631
12.662302 35.722645 43.461334
12.769674 25.510916 28.577751
31.858429 48.71063 55.822536
49.860672 64.55205 71.71512
53.292892 67.98801 75.37425
29.401255 40.72568 44.841263
25.751057 34.33136 39.602882
32.289833 39.172997 45.586994
38.39474 51.404972 60.824055
49.88847 61.08752 71.853386
43.508537 54.164986 63.337433
33.60854 51.17782 63.856667
41.480766 61.35495 77.300285
48.932484 66.57678 82.20469
47.05178 57.792805 67.61182
53.866856 65.927246 77.85141
53.350483 65.32762 77.10636
34.248417 50.750484 61.376057
2.796589 9.727266 14.840031
2.0921874 2.4943223 4.6953125
11.696875 15.126959 18.579885
12.534133 20.207878 25.856295
4.7172756 7.559727 12.566329
57.069145 70.50433 85.54014
9.025617 15.686135 20.019785
2.9239657 4.272579 4.296237
5.2926497 9.002487 11.673657
16.200176 33.9263 41.782856
21.139612 24.539503 32.11316
24.221457 31.82051 34.731754
13.328477 28.36151 34.689526
33.834244 49.3044 57.61842
33.298042 48.99419 58.07852
179.65793 178.02629 177.96906
36.57238 51.3274 59.871326
36.08682 51.67806 60.308804
31.070951 47.202003 55.336685
15.183451 28.71952 34.92042
32.41609 47.0921 55.58288
14.869058 29.801937 35.00856
11.591373 38.096634 48.765053
9.605083 20.64945 24.400309
18.72698 28.463314 34.15066
19.95471 31.20878 34.803497
19.324625 28.251629 31.086533
32.29758 41.73719 45.672955
22.030172 31.774559 34.715977
26.175043 37.7704 42.775925
12.495224 28.97247 35.303608
20.296215 29.771128 34.982967
21.15614 32.409946 37.034573
22.561092 33.539898 37.443375
23.45614 34.02502 39.11688
19.029358 28.973305 34.710716
25.047535 36.268333 40.913094
22.659266 36.24672 42.313667
12.914833 33.151894 40.94575
5.11908 11.017209 9.969477
4.8928037 17.874098 21.682945
4.1431556 29.635277 38.660892
4.822337 12.187544 13.963997
10.974406 37.765186 49.772404
8.763755 19.732635 24.219366
3.5538292 14.350748 18.952267
4.3011003 12.065163 12.832284
16.45044 18.222425 21.376848
21.1807 52.496544 67.32614
11.208209 21.091879 26.370203
8.645642 10.793178 11.8808975
17.196898 25.945335 30.042496
7.774296 12.545709 16.280523
7.7239 13.872183 16.228521
4.7939262 6.4955544 9.154841
4.5086927 8.046412 10.469564
10.356734 18.448284 22.778278
8.801387 18.487148 23.242012
7.4867296 11.177641 13.56151
8.248371 16.510057 20.705105
10.639679 31.230942 37.955875
2.9477332 11.016021 14.989459
11.350308 16.561026 20.020643
11.708253 18.895466 22.55799
4.178081 12.999692 16.771303
15.251629 25.423437 30.830128
10.880194 19.29331 23.247887
5.4213247 6.5880723 12.943046
9.744916 17.509748 20.437433
3.0808759 7.6203785 10.222271
30.520247 34.330612 38.76193
5.0485034 7.0357394 8.383627
25.22434 30.478697 34.264656
15.836114 24.41413 29.842825
6.777157 8.78882 15.983561
8.381602 12.647997 16.674538
6.1764526 6.5139523 9.671897
7.7461047 11.482746 16.080458
18.676321 25.228918 29.16261
13.766197 17.9704 22.077267
7.3299737 9.470532 13.093376
9.4943 12.047095 15.078059
5.596215 7.756184 10.913953
19.21842 27.887192 35.591812
9.002509 11.293772 14.228367
8.620819 14.028169 17.10647
4.7878523 6.703477 9.231756
8.894587 14.036906 15.984683
11.840361 17.6943 21.794102
9.099582 11.547624 15.118266
16.703852 14.143442 17.963865
20.833187 24.058582 27.76578
29.96054 36.360474 41.554863
21.557922 24.728434 28.330238
7.3792915 8.385894 9.773394
11.72566 19.168839 24.206625
2.3950264 2.1664393 2.702597
7.525088 12.550198 17.780237
9.582306 11.714635 15.088886
7.5075483 10.71228 9.634045
7.5077686 10.712632 9.634397
11.319917 9.717914 10.868596
23.496876 16.362455 17.956955
34.808605 31.86633 32.104004
17.062147 27.871832 35.116108
27.59309 21.18266 23.756096
5.390647 6.828411 4.540801
9.377728 12.081668 15.256624
5.5401406 7.3045554 9.566021
5.8567343 6.728037 7.7860475
20.298635 21.984638 26.386929
19.37269 25.502047 31.523878
13.065141 13.42599 16.03202
7.26217 11.434023 14.550308
10.12106 15.519146 20.024824
7.1796656 8.963556 11.039019
9.304314 10.359309 13.220906
6.5650306 10.910762 16.992672
121.33937 105.810036 97.54454
30.434925 27.704115 32.621346
69.98448 56.364834 45.675354
7.344234 9.556492 17.601892
10.38411 26.052046 35.149384
15.361465 18.023129 21.985344
24.115252 37.034748 44.417694
3.8913953 6.1647887 8.7358055
19.021082 28.882042 34.47762
11.533935 56.845512 52.67038
3.8196304 12.776958 13.211114
4.5291595 29.501034 29.544851
12.750924 69.04714 72.69047
6.333737 30.278036 28.752157
3.8079226 26.97861 41.376606
6.5217648 28.647842 44.46514
5.953455 21.50374 35.32674
83.88145 72.76525 66.41906
5.32555 17.313557 26.824648
4.249868 12.580545 12.186004
10.827376 17.870224 22.745136
11.841241 18.215582 23.29375
17.028126 29.632614 36.614086
20.0728 42.245995 51.312675
27.680899 54.67271 65.523705
23.477024 39.551056 47.52947
61.97181 100.2132 118.42295
19.856403 21.488468 18.377266
5.930832 9.2648325 13.39474
4.421391 7.4297094 11.8624115
4.391241 5.528235 8.582329
2.6176937 4.391417 7.4855633
11.403697 15.23158 25.106888
3.7064261 4.3682 9.722139
3.662302 6.277883 13.5486355
6.56963 8.796787 18.420158
6.890273 9.918508 15.579291
6.458847 13.910145 21.65108
19.205215 22.091286 26.362566
8.693486 13.126409 20.818707
12.563006 14.348063 24.417606
4.4611135 10.606624 16.641241
67.516304 61.360123 59.098152
5.5290275 6.930524 8.340647
5.6487894 7.2108936 8.124384
6.244212 6.2546873 13.53367
5.055348 4.9452024 9.593684
18.875505 27.26195 35.729664
9.215845 16.837149 25.144344
4.7320642 10.107196 13.259199
11.665141 21.329468 29.882196
13.795335 15.423393 15.454115
6.461884 19.14188 33.869698
29.877531 50.941967 62.662125
0.26355633 0.268728 0.2709067
61.787106 69.07599 79.75348
32.530502 36.821743 46.15935
49.486927 58.521744 66.60746
2.4201806 2.4296656 2.434221
10.86074 10.8704 10.87489
11.779049 11.788711 11.793243
6.784353 6.789767 6.7922096
12.240053 12.249692 12.254181
14.303015 14.312742 14.317231
12.366176 12.371589 12.374076
12.358715 12.368244 12.372777
14.032923 14.041264 14.045621
14.079093 14.083341 14.085586
12.502619 12.510453 12.514767
8.664789 8.674164 8.678367
12.9478 12.953147 12.955414
13.434133 13.442517 13.4475355
12.9376545 12.945642 12.950528
10.428565 10.433319 10.4357395
8.901849 8.9102335 8.914811
3.4224691 3.4313161 3.4358275
14.951607 14.958472 14.962434
15.952443 15.955458 15.957087
11.234397 11.236795 11.239018
6.515889 6.5161753 6.5170555
10.826893 10.827684 10.827839
