0.002713529 0.0027781366 0.0029396564
0.0044579403 0.004651764 0.00536245
56.72377 41.52665 34.604923
5.958296 1.9748999 2.423278
17.416237 32.52904 70.116325
92.1307 58.52552 45.469666
60.754265 39.685974 31.478647
75.23078 53.468277 44.749226
29.386806 47.2155 51.61568
37.37033 39.4686 56.367813
25.677477 40.837704 52.68688
52.552525 60.971413 76.21243
60.95991 68.08709 84.166916
61.338966 71.3084 90.73126
49.550686 54.063057 61.201416
39.95994 43.740795 49.407383
42.799522 41.88878 49.904057
38.403862 42.950577 52.913036
46.08283 39.11245 42.454742
61.390682 59.09084 67.832245
33.927315 29.899277 33.91772
55.03098 54.27513 63.763084
33.675606 30.631994 36.62466
59.175182 58.507626 68.451866
37.87172 37.589546 47.104115
39.231037 39.08173 48.744152
40.122334 39.732525 49.543415
36.83076 36.52891 45.33228
56.51993 56.466663 66.021515
46.40997 45.467987 52.135548
54.424442 54.144753 64.16148
49.510952 48.365906 54.603016
63.070034 67.520645 75.46372
41.706196 46.696247 51.736755
173.5919 139.87463 99.202065
46.535954 39.684875 32.9257
122.58903 89.01693 61.384773
124.50362 106.07149 83.763275
103.746864 77.573425 54.1611
109.30295 82.32375 55.732975
72.61125 56.579014 39.974514
90.67971 71.01592 50.354633
155.11816 112.75378 76.35379
127.28463 72.67977 43.36975
180.87447 135.97389 118.00578
128.75252 80.23032 54.602016
80.26689 46.43187 31.167173
77.5272 44.09979 30.529978
22.313898 10.944502 9.099011
61.253006 27.934908 17.393785
88.987465 54.84142 39.683582
93.60218 56.49648 39.69812
91.02533 57.04051 42.080856
87.40735 47.80679 34.27216
98.401764 64.29626 46.841225
52.352566 25.617813 26.718407
67.720314 33.03909 23.810667
21.88558 6.2384677 4.0020676
32.959362 14.1454 9.554303
15.691659 11.390457 8.712657
62.309666 42.233944 35.276295
62.23776 48.977192 52.454903
108.497574 56.207294 45.11455
81.48016 42.867424 38.293224
49.860287 26.206713 18.15312
71.134705 40.18158 27.076818
98.22341 64.090675 48.941433
18.769156 16.603405 15.848366
19.944147 18.308277 17.845911
27.077238 23.478712 22.838545
44.733784 35.268574 32.44056
26.527685 18.5 14.617974
21.653702 14.848947 11.57992
43.651215 36.71918 32.379185
41.11678 30.089256 25.874144
49.53789 34.55957 27.962269
30.519253 14.032756 9.526909
13.570681 9.627019 7.7789764
13.823039 8.1925955 5.117522
32.09465 15.5973 7.269221
15.637001 12.324816 10.511888
12.251809 10.285147 10.745478
26.907063 25.37492 23.577335
8.867328 7.5822134 7.2169533
35.24664 29.38823 29.726677
27.797615 24.736336 23.374306
13.669046 10.363581 9.493119
10.491795 9.932582 9.985948
134.58913 127.60712 113.85069
135.03372 132.47784 131.42143
87.89407 79.79073 78.935684
104.34245 96.857864 96.960266
122.00546 110.60289 105.979485
87.18207 72.43258 66.81997
94.788795 75.908775 71.41343
122.685234 117.93933 115.84187
122.18995 116.95067 117.7311
96.237404 82.202805 79.79038
107.81677 94.9677 88.2582
89.69147 76.05721 74.271576
69.30886 53.71004 45.52239
40.47406 31.191206 30.038797
113.26005 117.16617 108.487495
67.616615 72.037895 62.35195
63.00979 61.147114 51.10964
63.368523 61.556953 53.015022
67.93216 66.962105 58.386127
58.743088 57.42583 49.533436
56.515667 54.10334 46.69699
102.30479 105.84446 99.04558
107.090096 111.92134 105.74215
96.93265 101.9036 96.59433
93.083664 96.99393 91.4394
117.031075 121.30566 112.87078
108.3537 112.93849 103.417656
100.41081 103.573326 91.53615
110.495834 113.2531 100.34517
118.47416 120.25129 106.968796
108.761406 115.38083 103.13319
92.089775 91.712204 80.00895
90.1034 91.19518 77.30785
63.45374 49.202805 43.96479
97.2082 89.192566 82.3848
84.03411 73.411064 68.615715
89.56154 73.45477 67.47157
97.08784 79.91139 72.7217
99.22131 81.373695 71.62227
104.262985 87.356476 74.57191
61.683357 51.327595 43.891296
76.408966 63.70652 57.855408
83.2523 70.07543 62.92835
122.40525 118.86998 109.66611
73.45865 62.611546 59.58105
84.753876 69.61313 63.556725
90.65887 69.132385 60.511887
72.73553 62.827045 57.1422
80.89004 74.43697 73.89585
90.71362 80.521706 75.56716
84.082146 72.01922 64.21369
35.144302 27.80243 28.935974
38.921436 32.872753 29.22419
53.96689 45.34659 39.984592
46.99102 42.994347 37.184715
67.42916 62.27245 54.829338
64.03812 64.55275 67.916756
103.71014 103.753265 114.23091
66.314606 60.710785 51.82656
80.116486 70.721085 61.17386
16.28996 13.377601 15.733396
58.096653 46.610317 40.84856
65.944664 53.92221 48.77891
100.33273 91.77688 89.67402
76.88448 63.22842 59.175056
92.06991 77.0785 71.7301
63.829308 66.44967 64.62166
63.092678 67.24754 63.30666
63.273193 65.93139 62.299973
66.86048 73.29277 71.18633
65.52817 74.69108 71.641785
97.88232 87.64027 84.64075
82.99806 71.67357 66.35999
78.19634 65.35273 58.757137
77.16297 63.522743 56.49225
93.6537 79.39501 73.67289
57.1863 39.72474 34.627247
99.26131 86.957 78.6371
57.604664 42.261436 36.09982
75.2657 70.21172 64.022064
92.68 95.20016 89.96492
56.676025 53.049683 46.248028
56.22093 53.748352 47.359543
96.04468 96.333084 96.8976
94.37188 94.45071 94.544
73.52633 71.71492 67.28327
52.30653 49.42202 46.549747
43.256073 39.155674 35.016636
46.98588 44.00701 40.993443
45.272484 40.190884 39.079372
39.248028 37.796356 34.083797
19.422955 18.75252 16.944986
41.129505 36.480812 35.894012
44.753296 38.590225 36.971832
38.264698 34.497158 32.926994
53.04768 51.536568 51.341354
61.81574 58.15241 55.084602
26.704483 26.068516 24.203094
14.266507 13.153508 11.4925375
25.17835 21.703417 20.598656
35.923664 27.880928 22.724255
86.97348 79.426926 81.13261
46.365 40.155025 37.02988
51.35657 44.502842 41.00126
51.174313 45.067772 39.954453
47.4822 42.796 36.20274
42.444954 35.214725 26.936523
51.034115 55.390392 49.701996
59.778008 66.660065 64.78602
77.20749 81.80101 79.25601
89.13745 94.28757 89.39944
58.385742 57.502907 53.47406
74.614746 72.522644 68.96899
47.55524 48.808277 45.079758
51.720184 56.01224 51.77455
74.2165 78.92309 77.51926
78.43894 81.04933 79.01615
71.565414 72.30046 70.36012
87.340546 82.00378 73.1266
42.520966 32.514763 28.4027
63.691044 73.538635 80.47955
63.679577 52.518703 46.6998
71.19553 56.032368 47.98656
67.27972 51.83693 45.15018
72.884155 59.76357 50.87046
44.10182 52.861965 57.359962
55.819355 43.14695 38.66094
50.76644 41.144657 37.331985
62.868073 41.06167 33.02384
46.123367 35.107506 31.673407
69.73391 51.066643 42.597622
37.988953 30.542673 27.498999
22.513891 18.83832 16.267605
21.741375 21.040897 21.609478
72.06264 52.192757 42.869556
71.46463 54.96456 45.153378
77.62844 57.841064 47.192757
64.16524 47.56503 38.852146
56.92286 42.753616 33.799812
35.93384 24.239597 13.925313
54.71511 40.669983 32.247417
39.358284 26.978712 21.266733
66.53547 46.3431 38.006783
72.712105 54.648403 44.591484
86.98087 62.499645 50.9582
70.69809 52.389294 43.198086
57.646206 39.894463 31.7479
71.97254 52.95762 43.126858
64.26586 46.531334 37.28127
58.633446 46.20684 39.869072
68.97348 54.391037 46.705193
72.7688 58.00433 49.892365
66.12366 47.13296 38.66223
63.92764 58.8023 55.368813
75.841324 68.69621 64.52116
90.32843 83.09885 79.12001
70.15173 60.994022 55.257137
63.52226 56.274452 51.292255
66.031654 54.104244 50.96566
56.94224 44.458294 34.526684
97.25045 88.98139 90.34623
47.680515 38.125114 31.106731
71.3074 64.48482 62.849174
68.93326 62.505978 63.11558
54.61746 41.83325 36.792156
63.240116 56.784405 54.783855
58.355698 48.273453 43.943306
45.730293 42.24522 40.014084
37.19815 31.239597 30.866747
48.809082 42.455486 37.677704
36.772194 31.208069 27.557468
51.401505 46.204063 40.51796
49.175636 41.67357 36.10079
49.254814 40.8347 31.246801
43.764732 35.45022 29.399664
50.61471 40.009014 32.872013
51.42596 46.74021 40.02875
56.84804 55.844585 57.251648
56.108414 46.32275 40.015377
44.549942 38.396336 34.993248
32.918983 25.349108 21.316545
52.11936 43.26486 41.112225
37.77022 34.536503 34.26166
79.8337 67.18772 63.021385
52.81448 39.25743 29.638067
44.38713 32.744766 27.505331
25.297972 19.440237 17.173988
60.864002 52.1663 46.934906
56.009563 49.294613 43.856087
38.594875 34.353664 29.988436
34.695663 30.96046 26.809666
32.691853 29.864744 26.071844
32.052654 30.101627 26.768898
35.55708 34.02051 30.930126
33.745056 32.190304 29.068129
25.849335 22.661228 17.971798
48.37521 43.092228 38.96592
52.409386 45.374596 39.9571
37.096428 29.312218 24.58609
67.167465 55.454353 47.295647
70.03469 59.00908 52.544483
77.228676 65.538826 59.092808
54.69421 44.17641 39.146206
58.629635 48.373047 42.006203
66.82934 59.320263 54.809925
73.61041 66.24083 61.26412
55.74412 45.02255 40.002842
86.47552 73.72209 65.7784
50.45258 39.642815 33.08638
47.794743 36.105602 29.318678
53.687492 46.862644 45.70571
68.50094 58.515087 51.425926
53.33283 42.752907 37.635677
63.10728 49.30718 44.793095
38.264698 31.866617 30.094877
58.004585 50.348236 43.131252
55.426056 43.342033 39.491405
56.944534 42.35295 37.08538
61.556564 49.681065 41.710945
42.262566 34.066772 28.852856
54.903927 49.618523 46.19376
66.03996 55.811314 48.28421
78.67928 69.41323 63.476967
40.153896 42.299652 45.46999
81.25207 71.02474 66.71201
54.414684 40.6286 35.22703
52.571102 39.097687 32.89301
48.47293 36.353016 29.280495
79.44134 68.24141 64.87934
61.999485 52.73695 49.181484
74.53664 67.589 66.36568
92.70448 94.80847 99.91304
50.668755 42.776814 40.106537
71.28127 61.132477 58.302948
73.10363 62.955322 60.02591
46.43168 23.539444 18.373045
140.19347 72.866684 61.0095
73.606186 25.608896 22.78576
50.106636 28.524292 25.043545
87.745636 53.277718 44.588802
64.42625 39.501003 32.467697
78.13778 37.447247 35.117588
66.324005 42.42428 43.901054
54.68607 14.932647 18.794903
56.448345 38.14217 39.571262
90.86884 51.782013 41.772095
76.50139 43.445374 38.322266
74.2008 51.403057 55.65399
70.13933 49.044678 47.329952
71.029816 54.70513 45.93717
68.09174 50.987854 41.003716
57.971508 50.115036 46.277134
33.38012 22.326689 18.550426
54.725384 41.24877 36.212303
54.393883 38.278168 33.573265
53.268543 37.452255 32.8922
45.218018 31.380379 27.070616
68.271225 47.61258 40.50433
60.515766 37.498936 29.947603
62.13855 43.23333 36.711395
62.46747 43.90858 39.821133
60.33732 39.438786 34.087383
56.01767 38.12912 34.113518
94.62896 67.23272 58.16756
60.410873 39.788376 33.02717
39.642105 26.4634 21.148436
51.076656 37.646465 29.445148
56.582764 40.30663 32.020126
45.003296 32.1203 27.122625
44.528816 33.985916 30.789444
50.989243 31.439203 26.642073
64.142586 42.36704 34.878246
67.16511 48.17244 40.711815
71.62382 51.74932 42.63051
61.780495 45.114677 36.609867
80.60318 58.165783 51.015343
94.340675 68.06593 58.379475
96.15758 73.37721 66.74951
97.30104 77.00924 64.322395
68.20048 48.49919 39.328724
77.1214 55.364098 45.452644
52.385387 36.51166 30.710201
61.002747 44.98178 37.799458
83.05253 60.284176 55.039574
48.278072 33.004265 33.40774
47.075687 34.13794 34.72519
51.41097 32.984882 29.63545
42.878666 26.634771 27.357475
37.839516 21.85728 19.668465
45.856506 27.668303 27.78308
68.53392 51.385063 48.136387
39.30637 24.796162 23.619556
32.549618 22.291607 23.994184
34.203094 22.800976 25.268606
33.66336 24.808697 24.50688
35.76389 23.331923 23.63965
59.642105 66.54342 77.0261
30.99845 32.319584 37.449734
66.07995 42.08609 41.286663
57.5209 58.34184 65.658646
254.90887 254.90822 254.911
58.53098 67.14062 73.815254
42.19098 35.73643 34.748547
55.16365 47.683228 45.258335
27.591227 23.121431 23.0324
30.306177 26.549393 26.257656
53.47464 43.94024 36.494186
47.011242 34.14627 25.907385
46.43862 34.194664 26.307695
47.941338 36.69405 28.653767
81.75723 59.410778 48.304237
16.813541 9.6104145 8.986141
21.12114 18.4979 22.530237
31.6904 34.32501 36.828823
68.61203 51.788246 44.528103
50.429157 39.205807 35.044548
61.335995 45.64188 40.635094
42.06041 28.053108 22.160841
52.433033 39.48588 35.064125
34.09074 25.690237 22.778782
33.85234 25.67735 21.019093
9.649018 7.8486238 7.961203
41.67625 35.16685 31.146917
41.517994 35.140457 31.257591
86.81125 78.82572 73.11083
48.23963 37.90632 32.372433
43.118008 33.088123 25.748611
35.049847 29.46663 25.14498
38.59985 22.883867 18.897242
58.86962 39.912846 34.797874
62.299587 71.36012 96.029396
41.24535 37.8243 42.746384
45.514893 40.6862 45.140297
44.944534 43.99183 52.976643
28.832537 23.484333 20.409775
87.14944 87.76589 95.92124
30.896595 39.523163 44.50517
35.539444 33.993702 40.500744
20.390232 21.521255 25.418562
18.660873 19.627567 23.636162
30.40047 30.207487 33.239468
14.273744 14.771127 18.385288
24.682001 24.775682 26.346685
34.84982 24.53605 19.386774
45.679737 30.738144 25.298326
45.58257 35.3379 29.557146
40.465595 26.402765 24.996641
26.911907 19.14162 15.641653
2.27019 2.0234528 2.0640264
25.69589 18.948895 15.176024
28.041122 21.042608 18.388357
58.179996 41.07685 34.712883
41.402054 31.117102 27.6046
17.01738 17.702028 21.455969
23.401474 26.038248 29.472122
16.122723 13.055207 14.0688715
21.694729 17.320972 17.428383
27.575882 14.206163 14.595167
43.532497 17.692532 19.556822
87.06251 33.967533 42.51832
33.29151 15.994314 15.951609
31.95752 22.749678 19.721088
93.02271 32.80989 44.088577
32.079273 16.009594 17.320164
54.873886 29.099754 25.389456
35.25168 20.274035 18.00617
37.99341 25.023258 21.12269
23.395336 14.430514 15.498256
46.101498 19.2803 22.957552
16.33215 10.577109 7.05062
21.525488 6.868523 8.119686
32.17341 12.737886 15.541737
254.02733 254.02629 254.02843
16.05201 3.9779365 6.586768
38.350563 25.549295 23.08244
45.36665 21.585638 23.940561
29.832182 24.362095 17.055498
36.591614 31.418789 20.460686
36.136646 35.44308 43.46062
44.86568 46.78854 57.230877
42.252037 33.012306 31.8075
19.781141 19.443178 25.400763
30.633545 25.488144 25.600756
15.743797 14.138164 16.266119
34.20836 27.03647 14.949703
50.010757 56.515278 59.772614
46.14398 42.75297 46.394657
16.028976 13.030688 18.184456
28.489372 30.516733 44.61991
1.2466404 0.18584442 0.22118491
1.0788215 0.13099238 0.16684972
1.5148921 0.19117457 0.2555563
0.66865873 0.096717924 0.14275101
1.0505556 0.25526553 0.2979067
0.954613 0.12004135 0.16859414
2.0879312 0.30456132 0.3811862
2.438041 0.25759143 0.3449735
1.3140587 0.15034242 0.22735496
2.1569324 0.33483008 0.45571133
2.2199574 0.4158806 0.5199315
2.4151053 0.22864711 0.3673278
2.528912 2.5280075 2.513503
5.572361 5.571424 5.5240016
5.3834476 5.382414 5.344521
6.4794545 6.471088 6.4492826
7.469828 7.4687943 7.4156866
7.997965 7.996931 7.9826527
7.3486886 7.347784 7.2662487
7.3200026 7.3191304 7.3042383
7.567483 7.560182 7.516346
7.658031 7.650892 7.6416526
8.092292 8.091259 8.057759
6.796873 6.795807 6.752132
7.810699 7.8097625 7.7384677
6.8926864 6.8841906 6.8924603
6.7779107 6.769221 6.7787504
6.831729 6.83076 6.800491
7.8608346 7.8598332 7.799425
7.7485785 7.7476096 7.696537
