0.0 0.0 0.0
0.0 0.0 0.0
18.900776 17.58273 16.193144
17.269579 13.190037 7.408168
47.758327 35.211224 20.87221
0.0 0.0 0.0
181.45152 123.90153 52.045956
0.0 0.0 0.0
104.33776 89.127884 80.441315
99.174126 106.051636 90.934395
98.871925 105.63399 90.594154
99.15623 95.237564 95.492485
74.02006 74.08083 69.59224
96.51847 95.06102 90.07414
109.864334 103.79015 84.85711
105.85629 102.05591 89.88166
95.80714 93.93778 87.64504
100.45965 97.136986 90.41658
107.44599 105.76285 95.43827
93.68387 82.11382 80.7313
45.168034 33.148193 38.631134
44.108643 42.14311 45.36626
101.53995 97.199326 95.45067
82.870926 75.47491 71.28358
75.24582 71.50457 68.468346
100.75462 99.40798 94.53407
92.919205 85.578804 79.00546
75.73221 71.48002 69.217064
83.1825 79.404274 74.389206
69.81103 62.434536 62.569798
68.358604 64.479546 56.20435
93.05211 87.40016 77.83404
102.62969 97.810936 86.135796
117.000565 121.31183 110.55444
104.492485 101.4922 100.780235
125.55492 119.79703 114.5299
58.396114 58.08284 59.55677
126.85454 121.8971 112.80199
119.58483 114.68924 105.39492
118.49326 106.79141 93.522934
119.01309 103.459206 90.856766
88.32994 78.99878 67.779045
92.80563 79.88166 74.94086
63.39445 59.958942 53.2477
120.98766 111.68864 95.334496
59.406567 56.46304 50.850647
84.204445 45.083183 52.916313
59.070847 56.42355 55.171078
103.691025 89.16402 81.998276
142.10452 86.91986 102.98205
134.96007 61.385254 82.08331
63.692783 35.777065 20.312803
96.34165 83.627365 81.96443
69.76953 40.830963 25.843267
134.14267 124.452835 122.122955
115.246414 92.3608 90.40142
102.23138 86.600655 75.96977
91.10274 74.32994 67.75431
119.331825 104.58254 100.37505
53.1465 35.905296 20.20818
115.72894 86.153465 65.181564
124.59773 93.51731 73.02797
131.43335 95.54371 80.91453
74.721664 44.40142 30.26688
113.64429 79.43312 63.480648
87.05757 63.67304 56.184166
108.37546 98.3398 94.95046
108.683464 106.47572 102.707756
91.19726 80.2309 78.70879
78.06529 63.864647 64.613304
82.566185 70.77625 73.273315
140.74248 138.57918 142.01057
69.90655 61.094612 66.55309
114.038765 107.239944 105.521454
112.953514 78.04285 62.569107
53.25046 43.255516 44.01155
45.544746 36.406723 34.047462
42.697365 35.48997 33.01987
85.86449 62.139812 50.683365
46.077126 32.59246 29.670778
112.92112 80.43824 65.3657
67.809395 53.62677 56.62969
162.65346 146.87099 134.79935
49.69225 36.3683 38.41228
96.06969 67.74288 58.520985
100.90881 71.75004 62.048843
118.43689 84.664345 74.238
87.51113 60.53125 50.670685
100.50815 70.696396 61.74254
93.629 63.5967 58.122078
0.0 0.0 0.0
115.975204 121.913994 119.36162
0.0 0.0 0.0
98.55806 96.87927 88.06516
85.73397 80.07895 74.67477
130.78206 124.292274 102.252945
81.94397 77.1718 70.4637
81.57356 82.5929 70.68829
93.05569 86.08899 81.77161
81.569046 77.43174 70.019936
91.55187 86.84615 79.13988
104.29956 79.19318 75.0673
128.05792 106.95232 93.266
90.35436 85.82999 78.021126
102.40368 84.99529 73.363464
104.45789 86.99347 76.33283
90.9645 86.05936 77.25737
65.09182 62.705715 59.708195
99.12471 94.052956 90.317825
109.61525 102.96955 99.04599
80.04294 65.51339 56.92545
80.73598 58.386887 43.57152
76.11755 60.658253 51.380104
105.61751 96.682014 86.58097
74.96588 59.728977 51.222935
115.58241 90.52202 72.41036
125.797 114.0242 91.329155
133.268 121.59409 89.30445
146.19003 136.49467 102.68556
93.835075 81.15805 58.051888
54.861065 45.36441 30.29083
86.684906 75.15576 51.102676
127.90034 113.96349 83.45114
47.16756 38.739304 24.961044
61.462597 50.28289 32.81847
111.44885 91.3225 66.01293
111.0097 98.1669 71.01428
114.23775 97.10974 72.73296
138.016 129.72128 98.47641
122.41677 108.5503 78.25222
128.80537 118.78011 93.47117
77.02709 61.51954 40.930157
85.99215 66.55203 43.391247
106.63973 90.37797 65.90178
127.93147 100.92519 76.72872
118.68293 92.04975 70.28703
124.14681 98.84955 78.34404
117.98067 94.29513 75.42167
108.2649 85.88508 67.021
83.26732 56.810936 37.098
94.01522 71.81794 57.88455
75.46913 57.2612 46.53128
94.27532 75.87792 63.021973
78.93788 69.055214 61.98826
125.727974 118.39872 108.47108
110.84051 103.05211 94.92711
35.931725 32.219826 29.391249
111.68804 80.420815 61.875694
100.12748 70.58179 55.3818
67.2661 49.40964 39.387608
65.86662 46.068714 35.344917
65.29965 45.12176 34.172962
61.963776 44.156826 34.37907
71.40004 50.017075 36.80588
65.37841 65.56851 56.43488
127.37207 118.291145 106.91942
143.84355 151.92209 147.12917
139.3316 116.08513 108.1454
120.59902 95.24252 82.540726
139.0204 120.076904 111.18354
102.40205 77.501526 57.361397
67.65897 50.845905 37.53467
104.66924 75.05478 58.031986
77.95784 59.68974 50.299305
97.56951 80.4679 65.06212
126.77418 105.26503 97.455536
140.11081 117.55275 109.0889
150.83937 126.26745 119.815956
161.42358 164.30408 160.92143
114.45077 101.60863 95.7598
115.32982 103.380196 98.15774
116.065384 98.62702 86.50275
117.74781 89.38824 78.14794
127.43793 116.697365 105.154945
67.67935 61.65926 56.972343
79.98609 74.60514 70.96933
111.57089 101.01416 91.22971
122.48708 122.64479 116.95834
115.270744 100.43425 97.78416
74.49323 65.81062 62.5051
92.05208 84.398186 78.81229
101.62542 89.082275 75.08237
119.887054 102.77672 92.42741
118.086105 104.68914 95.8207
97.16888 80.91186 82.14763
79.91226 63.176163 64.62649
114.19788 100.09834 91.12782
121.916626 75.3743 75.31695
69.27027 62.238125 58.278053
106.00788 93.217155 91.328156
93.72794 88.69407 88.73463
72.03732 56.741753 55.161724
126.28427 83.62193 83.87011
22.874815 19.034372 23.620869
73.03802 70.31101 70.27557
68.92871 61.67505 61.376244
87.73472 82.6117 81.09791
81.176414 61.91333 61.340427
138.5227 90.03808 91.089836
58.574127 48.89362 48.41542
70.79022 65.63311 66.38576
84.09809 74.74712 76.6188
69.668236 62.71937 62.455914
58.522335 45.1039 47.98842
85.595505 74.9096 71.49308
144.99156 133.93185 133.52579
137.2234 131.91277 127.92099
139.10089 129.0688 129.06924
153.25102 143.51884 140.74545
111.02329 105.67762 98.29027
162.40758 150.26308 149.19846
108.86452 103.3652 103.557396
86.12622 76.687004 79.95631
114.69661 109.62702 109.38004
148.26616 138.21346 136.1894
144.19229 132.82185 132.26521
117.21656 110.36306 110.014595
158.75706 156.28015 158.35007
133.48994 128.9915 124.986786
98.57482 79.824776 63.413063
91.11822 65.97957 54.137333
157.50221 131.17305 115.680916
87.108986 64.52368 56.248547
87.25351 64.804375 56.59541
140.47964 117.03051 94.798004
109.61258 89.34391 73.214806
89.401764 64.75569 53.18627
59.147156 47.24519 41.48335
78.22052 64.875534 61.515587
118.378 101.59739 96.8342
113.26399 96.83781 92.27121
78.36024 64.52463 61.03453
104.0189 80.959915 75.34159
80.19192 58.1739 46.175755
99.71033 78.201904 65.52892
114.19904 102.6533 97.05396
92.09461 73.63204 61.792446
89.06454 68.89896 59.389618
65.58113 50.61776 45.29482
98.67178 65.61813 55.69115
94.30389 61.838436 52.815895
105.56204 71.67812 62.710613
59.433 46.690807 42.814827
87.46671 71.20793 66.95866
104.80648 87.5288 75.64968
97.108765 76.08752 65.831375
92.61007 83.549866 70.793106
85.417274 76.5186 64.81668
54.143078 61.92416 72.74411
66.558624 53.91126 44.0011
64.088425 53.841007 43.975986
58.6311 46.88417 39.072983
73.15526 57.23279 47.34159
63.726276 51.347176 44.07132
81.60894 65.52406 58.039867
53.852875 41.659916 33.06931
68.34369 53.348118 43.94334
76.29689 62.18338 55.169666
64.83913 53.514393 45.927708
68.2547 58.45786 49.55906
76.78884 60.397808 53.392723
63.436638 55.147408 52.03042
77.150955 60.92275 51.225792
68.6786 54.41027 47.08359
63.329662 48.200928 40.159245
65.23577 50.06413 41.71736
73.88919 56.340523 43.764103
82.187775 68.27021 53.261135
95.72511 81.47472 70.99234
103.034966 90.1821 76.18884
37.93245 35.78846 37.14138
40.73139 38.7302 43.725147
51.69602 54.194683 63.813667
51.834606 50.515587 58.590576
105.76511 109.42264 113.51725
51.15375 45.867092 46.422386
98.59921 75.50475 56.09301
75.71435 55.200867 40.569168
64.39238 47.59739 36.813446
77.5359 64.10685 52.4615
34.516968 28.577047 26.58797
73.20884 62.567444 54.149323
73.95235 62.318707 52.928493
80.30923 68.77795 59.07882
124.949554 102.24852 80.725746
53.63126 46.031925 39.68726
101.34247 87.20896 71.93135
50.075367 41.993187 37.600967
91.34994 74.817245 65.26754
86.61283 73.11307 60.199013
48.877766 33.409737 28.198324
50.728504 35.22874 29.67398
53.232006 37.374393 31.490974
92.000656 74.32087 65.056564
85.82368 67.757256 53.571743
95.088615 76.93025 63.216373
73.4255 59.401012 49.154472
69.52864 50.489407 36.071945
70.79182 57.27771 48.883762
87.879585 72.227516 57.137238
75.82406 59.620712 45.027058
56.1465 49.048153 44.71325
60.17117 51.67916 46.277145
78.15833 64.24547 52.607246
77.82698 64.353455 52.610573
63.44665 53.87902 48.75029
87.62009 68.08152 50.860817
62.640644 47.372726 39.068523
101.077126 78.1772 61.755314
97.27994 73.27052 57.431396
85.7226 67.62931 53.29689
93.582886 74.75324 57.463886
82.58057 69.75917 55.80108
57.56873 42.57033 34.6925
77.08196 62.392754 52.96475
96.38171 83.558655 73.808395
87.84914 72.6511 61.430832
85.66409 69.33638 59.521736
44.793453 32.049816 27.97608
104.84572 84.03538 64.60609
125.95119 112.322975 94.47902
102.21512 83.35427 68.31328
53.886993 39.40484 30.348024
114.54795 101.30712 85.45576
95.17924 74.29281 56.179646
92.74056 78.3796 63.95866
97.76859 79.43485 61.9305
55.44138 55.806606 56.997803
27.066767 26.069561 29.36846
24.241861 23.054775 26.42606
21.582634 20.687008 24.153782
15.616944 15.36306 19.886368
13.658254 13.076247 17.738707
12.981668 11.495056 15.562075
28.65342 27.341244 29.032677
33.88467 32.001038 30.394953
55.13645 48.79496 44.030197
55.98242 52.50824 50.402737
33.856075 31.322817 29.716827
49.88389 42.970272 38.765827
61.66249 54.37778 50.37728
35.830273 33.02505 30.936968
36.032017 33.318768 30.958094
33.048622 30.438429 28.8207
59.38164 50.550774 45.183258
74.67765 61.69501 52.24773
81.12955 72.89575 69.534294
99.9914 82.92222 68.42911
63.17569 46.559814 38.59221
39.17202 30.086575 24.616505
34.498947 25.867659 21.060646
103.631134 88.96836 75.87127
39.537308 30.51342 24.70537
48.69153 37.231724 28.525064
66.33537 54.433125 42.22852
58.04379 49.08921 40.10293
49.784065 39.16417 33.827824
30.438616 24.362024 24.250776
32.552532 26.082306 25.762596
65.24409 51.780426 41.774868
42.05597 29.569075 22.944157
44.43582 31.166306 24.379383
43.7297 30.561289 24.032206
55.91691 41.70063 31.750353
55.939636 43.392788 35.677402
57.948803 45.13633 37.1535
64.73378 50.561256 40.11894
0.0 0.0 0.0
78.87161 71.88411 62.009827
94.39693 88.02671 75.64319
75.092064 64.95885 50.521927
72.943275 62.657814 48.88414
85.98647 76.57912 61.358196
55.85272 39.881535 31.140125
89.081116 79.972725 66.87987
86.43331 78.60094 68.60495
81.60882 73.16913 63.979565
36.911823 27.732586 25.245691
87.9725 79.045456 69.02825
45.350346 35.719967 30.13457
52.70697 41.683838 35.620773
52.696518 41.82057 35.75029
53.7593 43.00025 36.585556
57.946983 46.662964 39.079197
60.015728 44.318047 35.217976
55.56584 41.158676 33.627964
34.826225 25.388424 24.241737
66.43319 56.009293 47.953167
87.53991 78.4664 67.97298
92.11448 77.83077 65.80299
88.68421 75.83166 66.538216
70.65879 55.34413 48.651787
68.08375 57.702263 51.33032
69.04994 57.862385 51.211224
73.2122 60.4588 50.902
73.31613 63.6381 55.436012
93.22008 82.45092 73.84747
92.767555 81.99413 73.1465
91.95181 81.07098 72.17334
76.84863 67.540695 61.09756
29.495495 23.655052 21.54007
91.59588 81.84547 74.64984
91.094765 75.441696 63.76451
94.8024 84.380165 76.318985
73.72681 66.81552 61.61936
82.30681 70.82958 61.64463
96.25464 80.62257 70.49204
66.00157 52.732243 45.120884
70.5848 62.911385 53.79505
88.24873 74.868256 64.214775
69.5697 56.35267 49.67172
71.05192 57.089745 50.437706
94.23194 84.79998 77.57347
72.54274 60.672474 54.15984
71.168785 54.893147 47.42223
78.558685 61.632263 53.433437
73.07336 61.33914 52.207207
76.0296 64.50441 55.03246
59.462914 50.297924 44.607372
103.26497 88.76941 76.732994
68.23816 60.45268 54.831528
98.23672 79.13627 68.37885
138.94174 127.2952 120.08067
109.34093 92.30286 80.06268
109.464294 97.09144 88.85074
116.50297 102.976234 91.99608
44.619926 34.737293 30.640738
70.91697 61.86179 54.42352
69.3511 60.636658 53.27115
66.178894 57.20909 50.3915
70.98729 61.638477 53.266598
66.036316 58.81329 54.47208
59.427097 49.73742 44.90109
62.594376 51.334873 46.92824
61.700413 48.244186 44.427536
74.135765 59.922436 54.732742
71.01679 56.436043 51.478104
79.207115 62.491226 52.676083
80.57454 64.25467 53.931034
68.12459 54.285244 49.781086
56.389866 46.562984 40.8734
74.1745 62.636597 54.410084
70.68161 60.25966 52.511097
61.746273 56.201336 49.59949
61.212357 52.18533 45.07967
52.193428 41.476913 37.45155
52.424774 41.607246 37.817654
72.96418 62.3113 53.94626
71.98553 62.02775 53.68142
88.11834 73.34498 61.772106
42.993504 33.267727 31.733559
47.79053 37.456165 35.35358
56.08651 44.48865 41.228645
49.80406 39.21449 36.20529
89.58458 78.75258 68.05747
103.338326 92.20912 79.57824
93.914024 84.07992 72.2213
60.93562 52.256897 46.44314
55.49471 42.551495 35.4012
59.32734 45.46875 37.788902
58.721066 44.90172 37.275387
58.967827 45.153625 37.450294
59.223186 45.322094 37.55234
60.21223 46.154564 38.32351
48.779106 38.74734 36.83994
50.531376 39.785072 36.999123
60.814953 46.84468 39.07
60.88508 47.096085 39.295853
49.50937 39.81081 37.924004
61.88602 50.213013 44.42286
54.181656 43.987946 40.498413
0.53893965 0.61292654 0.48523086
0.6290925 0.7027969 0.57434785
1.0150673 0.88486046 0.7428195
5.750981 3.6079981 3.2972345
16.731112 11.903789 11.002605
12.917851 8.738519 7.9680133
13.877829 8.076184 7.405782
20.08218 12.198041 11.212638
7.9785604 4.176225 2.1974134
19.019901 13.2340145 11.553661
15.641711 9.784757 8.371912
24.275826 17.563927 15.176162
18.36758 13.18966 11.43689
18.835108 13.404966 11.657344
16.411495 11.57146 10.160185
18.974543 13.558213 11.749223
29.819695 19.031233 16.607685
29.60897 19.186993 16.70603
17.581253 12.510281 10.914179
24.41972 12.849546 12.306589
17.111372 12.222086 10.718649
33.157204 20.952381 18.335531
30.754498 20.461248 18.145588
30.408262 20.354742 18.043602
16.448755 11.650784 10.359889
16.976332 12.187212 10.82773
33.533257 22.076122 19.477634
16.977556 12.037386 10.563393
29.412783 18.832785 16.582195
28.114952 18.11922 15.771855
34.37028 23.376526 20.552752
28.048279 17.73312 15.585899
29.080454 19.00069 16.81213
16.546223 11.779013 10.586339
16.492859 11.896852 10.468311
27.479769 17.835922 15.69272
30.15827 19.677652 17.150265
30.133755 19.628653 17.017233
17.586935 7.9041653 6.540509
17.210316 7.931695 6.6407695
6.9953227 2.7419093 2.6936936
17.550272 9.64394 8.066139
35.49983 26.439339 21.817434
35.210285 25.811125 20.103054
39.176476 25.538437 20.100386
54.658817 40.770382 34.02075
49.611137 34.334305 28.62291
33.66199 24.138933 17.505322
38.591896 29.201023 18.676022
32.39285 20.928179 20.714191
22.355904 12.086103 9.3181095
21.576483 10.246821 8.603666
19.710958 8.891798 7.7183037
19.911888 9.049408 7.8582416
63.679726 47.783596 34.79182
65.088455 51.348244 41.219543
119.47421 108.70296 104.066765
94.33126 85.32128 81.39511
27.875883 29.5665 36.4561
76.39988 69.992966 70.20112
98.684845 90.50576 91.95172
98.744675 93.51731 92.97304
44.663025 36.78096 37.07945
48.11853 29.047682 31.468218
54.42223 42.482216 41.63697
86.56277 86.84051 83.67825
92.04957 82.6268 79.15406
95.67759 86.56609 82.57306
76.16169 50.155193 51.866684
0.0 0.0 0.0
2.4024546 2.4024546 2.4024546
0.093197726 0.093197726 0.093197726
7.0076904 7.0076904 7.0076904
8.66651 8.66651 8.66651
9.844775 9.844775 9.844775
11.710142 11.710142 11.710142
15.46624 15.46624 15.46624
11.367078 11.367078 11.367078
9.395675 9.395675 9.395675
8.601029 8.601029 8.601029
