0.1314557 0.13658819 0.07451723
0.14059794 0.14669275 0.077051386
31.621416 26.175499 26.640726
48.772984 40.3228 50.287003
92.41098 108.50122 153.71469
30.74745 55.460064 71.6236
37.585938 64.98091 71.259155
9.633316 26.73462 30.14156
40.130848 61.612114 69.456345
61.271797 59.762913 73.65705
60.70421 59.48903 73.282
33.578815 91.34972 119.23946
84.04687 100.27347 90.68391
25.643454 39.818855 36.49875
14.35443 63.649998 76.36389
0.13065375 0.13658819 0.07769295
39.80506 122.407486 126.10852
28.703247 76.122826 76.848305
6.906172 25.991917 26.028902
4.872201 21.580965 23.04385
32.639732 79.270096 82.43135
70.582565 103.05232 101.25691
67.53551 103.7972 106.89568
64.93809 96.99018 99.5648
48.48072 76.07875 76.466545
74.11523 107.08956 111.58099
67.43299 99.39555 103.72891
71.02082 105.56563 101.810326
46.49304 79.6056 77.229164
38.546257 64.445435 66.85219
127.875374 2.1489704 2.561205
122.91326 2.1080387 13.790177
71.67893 0.43934047 0.6870148
28.421537 1.2578752 1.8431064
90.02855 0.53416306 1.3094566
116.15741 1.4429973 2.5455508
69.07558 4.4568553 6.7316356
66.31411 4.0484376 5.7130623
65.21547 1.2141528 1.4139347
63.62369 69.00988 54.828575
107.46189 94.44226 69.86033
106.84885 93.807724 67.827545
91.52576 87.58854 56.973087
99.797424 89.809395 61.858856
103.31494 95.43289 68.38657
108.35029 108.13931 78.82678
107.71569 105.357735 75.92
107.70235 104.59126 76.33021
104.974434 101.4701 71.03397
98.77555 95.25399 67.45028
105.15677 102.13701 73.455185
88.58167 84.662186 62.22028
139.68954 123.779594 98.64464
102.23757 99.57978 70.280205
106.897064 104.22317 74.25284
103.05062 98.937706 75.87531
92.406715 84.44143 58.55344
90.09004 84.52117 62.09415
131.86139 120.34436 90.6236
102.66616 111.46465 92.01334
111.25053 105.61089 78.777664
111.33342 101.21428 87.80538
139.56601 140.04607 122.71662
162.31747 165.85498 131.10686
100.486946 115.03188 108.12584
82.72759 77.5919 48.944088
80.22458 72.11946 45.107685
84.83621 80.80512 50.959133
77.1185 73.29085 45.42234
106.11038 101.51405 62.717327
78.30551 70.025085 42.71043
69.476326 69.966125 38.792263
76.93222 79.97078 45.57824
105.31475 103.72015 62.924683
111.357025 96.496475 57.999454
117.739395 108.56091 83.09023
88.995865 76.20495 53.989864
99.15651 92.04847 69.80237
148.53804 138.93697 104.60628
117.82402 100.95811 83.1762
142.11452 130.60255 111.93986
109.55447 107.46837 81.67428
96.033264 91.24671 54.363285
114.83111 100.32104 65.16677
141.64977 110.57542 78.78735
86.545456 84.525215 59.317734
75.248764 68.12764 45.070923
108.7249 112.85488 64.83079
98.59909 95.51116 65.50805
76.06576 81.49201 53.248894
60.60451 62.68124 42.877686
59.893852 68.12991 37.81321
77.39187 81.71303 58.15035
114.86187 123.05492 75.621574
99.720604 103.847595 68.826584
91.327065 93.524734 65.57009
104.376884 103.6013 69.83916
113.33698 104.45246 71.35042
96.18458 96.03567 65.79278
222.77469 217.91508 209.01173
91.49894 102.01302 87.83121
152.05649 150.17007 139.81288
141.73956 140.79002 128.97966
103.35581 109.12106 93.93928
192.07988 193.03844 178.78851
164.37297 161.97244 142.47372
66.73821 76.561844 65.79156
132.52258 131.66196 115.652756
100.00087 104.60788 94.68323
109.84509 84.63614 73.03888
83.288414 77.53859 60.269135
74.7682 70.00998 49.06903
77.69763 71.73872 52.186726
83.062325 76.868065 55.421795
66.43937 52.276768 37.1908
67.99772 54.42189 40.076347
70.11051 64.32591 47.49124
76.48653 69.93909 54.86014
81.67512 73.71332 56.619812
79.77895 72.46969 52.70392
82.17582 74.70671 54.94213
65.32479 58.656635 42.74001
86.810196 77.672356 55.487328
68.39456 56.10621 44.29053
105.81238 90.955666 69.28309
111.739845 100.23635 78.152725
80.60419 73.52807 59.850388
110.11548 95.20068 72.122925
106.2427 88.397446 65.25752
55.839962 51.527363 44.07362
37.39796 32.609386 28.22259
41.58523 35.609547 31.736446
37.178932 30.594534 28.681625
44.15019 33.173126 29.114069
42.624687 33.32989 29.696413
69.859116 65.5162 54.276993
42.4566 39.81257 33.174473
39.58642 35.633476 30.40261
28.989254 24.56358 23.113588
38.625393 31.070347 28.041958
33.24989 29.421858 25.805351
33.63803 29.378393 25.030153
30.554886 28.557003 25.515493
39.573875 33.24129 30.774202
41.119232 34.627926 29.094501
2.0240586 1.4937447 9.323603
64.63652 58.637035 46.2888
91.856964 95.5564 86.01296
25.650927 29.402964 21.456406
50.969524 68.48817 67.28751
111.45763 128.63126 126.59004
18.36094 23.827421 22.602585
43.68804 31.910694 24.778276
108.7548 75.533455 51.437416
109.368866 79.38061 54.09181
28.471354 23.29191 12.017836
26.306793 21.4089 13.987906
21.324694 17.006447 11.613974
9.091487 7.042279 4.5347404
12.286489 12.2878685 8.367326
12.602842 10.1319685 6.4192276
23.242605 10.53519 5.5499134
18.267658 12.080259 5.8871493
44.840218 35.42744 25.15452
20.177809 15.97206 13.915026
10.7896 9.4753 5.809328
8.426509 6.5824404 4.3349586
77.41955 15.652723 15.178065
28.457272 24.315487 22.4259
63.069096 41.51142 30.76628
33.277763 12.44011 14.148938
17.583723 22.820139 26.757105
16.383461 22.198114 26.180534
22.730545 37.561558 52.62751
28.02669 23.4634 21.791943
15.438057 18.099506 19.814365
67.956085 48.075577 43.025085
23.036152 23.665394 25.784595
33.720375 30.721659 27.67627
6.393758 22.581318 23.298294
25.3842 23.436966 20.686438
44.616028 39.67088 26.195484
20.302431 21.649515 17.419773
29.787388 28.714474 20.8254
38.30253 39.454865 33.380733
34.178192 32.296047 27.027618
55.28386 56.34458 53.392155
0.18534677 0.3759864 0.4725733
58.455956 72.10794 80.52005
30.80875 36.757362 41.584686
49.42141 55.385418 59.296593
91.084465 104.3475 106.25755
86.8015 94.93421 97.98441
21.93376 25.464586 30.013216
23.86245 30.750113 34.46462
36.441296 41.84875 47.075417
79.59386 69.98428 65.53067
7.892731 10.837686 12.8082695
49.185474 46.560917 45.12767
35.598736 39.84208 40.52836
0.24908578 0.44918844 0.55565536
16.261597 17.015398 18.001251
15.716302 17.289858 21.951818
8.647206 11.16302 11.357477
30.53458 32.528324 36.708828
5.483833 6.260987 7.983544
4.6876245 4.658401 7.403317
25.369827 22.888433 21.724066
4.914929 5.597164 6.3476934
3.6873355 5.182428 7.030506
5.289023 6.2373133 7.105408
13.386476 14.001828 13.805639
8.292551 9.366363 10.26891
6.5319176 7.5264645 8.017643
44.051163 46.117886 46.522453
9.477417 27.455507 30.247868
13.491275 29.342112 33.787098
12.908 32.0732 36.299736
16.014467 40.05588 48.49461
2.9562776 22.709309 24.93113
18.383429 30.15516 32.530376
17.733946 29.565952 31.11083
6.0492077 19.477705 12.916405
21.192371 39.588825 31.401905
12.533714 29.3092 23.68958
24.64233 43.917206 43.14839
17.566498 37.362995 29.43642
33.15468 52.407455 56.21011
16.57564 27.33714 31.611279
10.328446 24.894463 24.265285
20.602425 30.53612 28.394207
15.053731 33.03285 31.629915
28.587862 10.320909 9.937897
62.940464 1.6494515 4.2470326
92.32261 19.357574 23.381023
65.847694 1.9024829 8.007634
53.773624 5.8370757 8.587797
56.314396 11.448066 17.243826
20.044813 57.7223 58.845608
73.857864 1.6198435 6.6844163
75.417046 42.63245 54.226055
99.523 167.91278 193.60968
105.749725 176.0032 200.63559
60.29948 1.0068326 4.124719
39.963978 1.0778533 1.3984731
5.1987233 13.667094 14.086803
4.516488 16.976871 15.636171
14.40521 31.927086 31.08122
14.938699 25.299736 21.522102
6.0512605 14.384358 9.84301
19.061846 28.069448 26.227785
27.361809 40.833324 41.356834
28.372232 38.98951 40.337013
19.27911 19.94906 15.736191
3.8742862 12.70501 11.304837
9.250369 20.956951 20.198948
17.18647 33.157215 31.858408
9.008854 18.646532 18.471386
1.2162058 4.853564 8.089145
17.210175 26.628986 25.808462
25.187078 47.3245 47.051933
60.69718 71.86964 68.82819
38.461956 52.121223 48.91772
10.861166 16.983608 18.733881
50.71752 63.743248 60.478123
13.782094 20.223873 21.28373
18.87034 24.5213 24.66889
35.374157 48.66209 46.150063
3.8816001 10.113652 12.535382
13.916629 20.72368 25.436838
8.6584015 13.594887 17.105953
25.1082 27.045551 26.935009
62.230225 53.648617 33.335922
59.276127 51.442707 33.23048
59.57917 52.331493 33.707672
35.717167 32.93626 23.094727
37.932346 37.07272 24.467472
54.937096 49.73529 32.057804
66.37942 55.2547 33.939243
50.985756 40.91852 29.109547
41.353436 29.747515 21.219574
28.47145 23.98319 13.581125
28.271893 22.04167 15.181561
28.007923 22.289953 16.710335
35.272953 25.208796 18.579329
29.279303 24.708668 15.032816
26.11824 23.829056 17.420897
28.439949 24.64894 15.629595
45.85863 35.84115 26.714346
39.882595 38.732918 26.246744
59.2488 49.19112 34.684128
0.26316804 0.56649774 0.6614166
8.576987 16.410534 16.472124
38.496857 55.17598 59.37823
25.482838 37.93331 54.482227
25.126772 37.94874 43.22381
15.50664 21.262302 26.964426
9.52563 13.401199 17.56377
13.886123 16.675081 23.021397
40.982582 47.56008 46.775616
15.496311 27.547379 31.33159
33.245686 49.54417 56.876595
14.712293 18.100307 20.268494
4.5106177 10.017161 9.089305
3.8467634 8.058575 7.9940333
7.928755 15.49105 10.566498
7.871848 15.6788025 9.860396
30.422949 41.305126 38.30747
20.229036 28.507988 22.99323
80.66312 117.24626 104.87929
17.819273 30.021557 25.820427
52.69282 88.75364 65.575836
94.70565 148.57025 136.7087
20.98595 48.310196 25.254795
34.164623 29.7947 31.991724
4.028678 19.670944 19.233816
12.788029 59.69093 65.05492
3.3756976 19.84859 11.020722
5.968307 50.614616 12.3644705
13.921152 35.188877 21.587797
1.9882915 28.486206 9.922083
4.0056458 9.00032 11.534002
10.617855 13.784628 17.445404
18.407711 36.688908 41.08722
24.792295 55.40662 66.16597
12.632001 13.4378 14.05758
32.619072 54.129948 57.55264
16.87464 28.828382 31.523674
21.64942 28.27911 24.604382
49.968597 72.71358 68.74633
18.687752 28.112305 22.643068
38.180023 51.284115 54.526592
53.389618 65.50157 67.47716
48.254475 61.407967 62.232597
51.52515 68.474014 69.31985
35.86091 48.78851 45.766953
49.831333 59.238403 61.016422
19.747032 30.691473 27.936838
32.575127 52.2496 49.677486
38.639732 48.73539 56.930775
6.70485 17.289505 22.249567
27.145088 43.783314 51.05216
6.430391 16.50725 19.667416
5.879387 16.583115 19.873388
6.7595434 14.8225765 18.675306
39.24158 53.404118 55.557133
4.8440366 9.13954 8.430326
22.092737 28.888016 25.169725
3.6075897 9.574068 9.846764
79.721855 90.35135 91.42
13.619715 18.86062 19.949123
6.664047 9.279784 9.716622
20.489574 20.410086 16.511034
12.134278 19.262335 19.958683
26.818022 30.133636 28.329248
9.597774 10.198627 10.302689
9.766953 14.431096 12.695323
2.6842883 5.1621222 3.3185346
7.009912 9.8652725 8.943768
6.963559 13.295567 14.669275
7.3118944 14.162892 15.62472
11.052833 17.864117 19.821198
10.912427 17.811863 19.80365
13.947488 22.847597 26.356932
13.020755 23.14528 26.051197
11.121832 19.927664 23.154327
10.707802 19.579136 23.671072
14.747193 24.30564 27.90149
11.340156 20.52271 23.741932
11.657984 20.533169 24.201065
11.075896 19.825304 23.448065
11.577661 20.489157 24.256527
11.807532 21.331879 25.306185
15.102008 23.29207 25.809008
14.916694 23.490953 24.454353
14.792198 23.214153 24.384808
15.127767 23.209469 26.813723
27.078175 32.07949 25.5341
85.672676 93.89369 101.80647
29.745653 50.110733 56.62129
18.182877 21.62456 21.049528
5.5932508 6.752005 5.631103
19.399916 26.51915 29.61564
7.197953 12.164271 12.472317
4.312632 9.926381 9.22692
8.777699 11.376917 12.991242
14.252743 20.553602 26.005035
25.829216 35.435684 38.357124
25.027203 33.3305 32.796593
16.404793 27.710848 31.542856
20.157246 34.885513 40.455925
23.60775 35.07535 43.712902
41.967953 40.373226 45.27491
18.461988 25.685059 34.654808
8.229165 10.6482 17.990568
33.37153 49.242573 58.271988
44.37618 61.578655 68.41634
14.91464 25.203503 29.457401
20.177488 32.94075 35.257362
16.266504 35.39193 37.475815
77.93758 3.4653878 4.4621477
77.43199 3.6623147 4.6573424
12.454385 14.178899 8.794315
22.830627 19.949862 11.271925
87.57551 59.11269 38.39087
71.64983 114.229004 130.02075
36.42051 49.682907 89.36482
88.29563 6.6662602 10.730994
157.43312 56.834606 90.58639
85.672646 5.1860847 8.304453
58.7998 2.9327323 6.5268173
37.91971 0.6498685 1.0917431
32.890198 2.345769 1.795246
41.200584 1.6098993 2.4574003
64.416565 2.9834797 4.363957
70.60085 1.9880991 2.8010843
154.8654 48.35671 43.64105
94.24511 2.3872778 3.4519472
99.261116 2.5714056 3.4706485
1.2295823 7.36925 8.546032
0.8173799 5.114968 10.306474
2.031757 12.194008 4.4548664
5.694874 20.514725 9.230994
10.672002 31.974594 10.149131
4.280137 13.516681 6.6749535
4.241387 17.1499 7.3177648
4.754058 13.001957 7.3217425
14.466382 49.164078 17.891224
6.045711 27.723135 6.0647974
4.445564 20.931673 5.090556
5.210464 13.988259 6.814076
62.82389 3.2089562 4.0502343
223.92198 228.43295 237.00488
209.05655 208.01178 209.3111
32.896805 27.482452 35.54321
33.08642 36.031567 41.225796
24.452171 39.59415 41.11394
33.339836 43.060883 47.14169
23.395906 24.378841 28.035864
21.683743 32.0145 33.71768
28.796658 39.007668 41.041187
37.804996 56.64355 56.236156
25.972862 33.163277 35.552414
45.690224 55.05344 55.768238
24.103163 33.257523 34.744305
122.72724 136.18968 138.29349
88.51148 3.2816129 4.0376596
71.22762 3.2081542 4.061237
85.191925 3.416116 4.7643547
66.90316 7.148136 7.609386
43.276993 4.4105344 4.70238
55.32723 3.6631808 4.934529
102.72194 3.7117012 4.6933846
2.2800732 18.809649 21.26211
4.108231 21.463913 23.169788
5.4446974 22.631424 22.590427
9.956149 20.449253 22.778854
35.374092 45.189774 44.56547
14.282703 25.292263 26.127605
10.938635 20.852282 21.546225
11.007121 20.092352 18.918362
71.13774 62.467346 57.963528
6.3695707 9.531854 8.341214
92.788925 76.632805 63.414833
68.162155 49.728394 45.188972
96.65712 80.93372 67.46336
83.20203 68.52136 60.279655
122.70328 104.41307 97.290146
38.343395 38.593796 38.20068
20.323956 35.928722 43.11859
18.612978 33.823505 39.584877
69.61564 54.08879 49.248318
7.0861936 13.325881 17.99984
23.30628 37.573235 46.182716
13.138 24.20671 29.014114
14.247931 28.140694 30.32601
15.997883 31.876692 35.140053
12.655899 33.171394 33.55543
52.370663 18.153975 24.54369
74.672455 4.0215883 9.368192
53.415344 51.25149 51.642395
250.04141 251.96487 252.33781
27.358183 49.994164 55.0383
29.958715 49.05306 58.88529
22.440817 36.244144 39.850803
16.708378 25.548277 30.313402
10.18339 17.131487 19.707672
19.522808 32.459293 36.960995
11.306281 20.103996 22.456566
7.1182075 13.674184 15.454385
20.819273 32.571182 37.45554
23.659973 36.966927 41.79823
27.14432 45.185925 52.51899
29.367838 47.66514 52.843365
21.492943 38.7172 43.144447
105.9293 139.54956 156.4047
27.245237 47.37916 55.17245
9.180696 17.40261 20.124077
14.686116 42.037243 48.929623
22.786392 54.22073 62.881954
12.926221 38.294605 47.24533
21.535126 55.759865 67.84234
25.285494 54.08645 64.062584
10.804195 20.680632 20.511805
8.512125 17.47235 16.173124
24.1491 33.66562 29.752775
11.395362 19.381792 18.285976
13.884583 19.72753 19.682684
18.38314 33.039455 28.789505
14.064252 25.50741 25.481556
14.214634 25.77183 25.8484
11.917239 19.141817 20.789248
8.460223 18.658176 17.346956
7.3517675 15.956342 17.069834
8.819208 12.190512 16.270803
4.144864 6.274235 8.138032
10.427247 16.90399 19.24315
46.86357 60.71842 72.70277
6.98842 11.668602 13.913197
4.584333 9.556232 12.364887
5.402162 10.490056 13.431578
9.957015 15.661512 18.793642
22.820267 32.67024 41.54507
12.679155 19.592674 22.341118
4.7612114 11.445596 13.431096
9.875377 15.132963 18.567844
20.734652 33.430904 39.456085
20.39379 32.873226 38.53612
20.831463 33.45156 39.56265
77.48271 93.83624 105.98271
16.693014 20.815294 24.893244
36.928146 50.83406 62.763714
15.342914 22.224674 25.63816
15.597004 22.739782 27.634407
25.309328 34.21053 40.30224
19.92638 30.951756 35.224514
6.9188104 16.004972 19.946976
10.759094 18.906076 25.038782
248.84311 249.99529 250.24667
181.41682 173.47809 107.40399
112.27805 110.366844 58.46478
107.631584 102.810165 68.83525
107.17646 95.79649 65.81135
112.97071 94.300316 69.336624
115.52053 101.80096 69.33114
94.64871 77.67075 55.135048
127.20697 121.22237 81.16415
107.58013 109.1832 68.92125
110.58668 108.2045 61.429108
107.72714 103.12424 63.811317
103.61587 93.75098 60.9702
136.37666 125.75329 89.07156
90.17075 90.09947 48.272053
113.05672 102.91541 68.54837
103.689 95.9616 60.002213
82.50712 72.7453 49.759125
79.0461 71.82024 48.561813
80.9795 71.31699 50.183037
83.02785 73.8058 48.34224
102.963524 89.02884 58.84163
74.26262 65.07076 46.53987
72.603325 59.52088 42.589146
81.97934 72.30343 55.698402
74.19064 60.47238 43.47437
76.38144 66.90527 50.647686
98.61494 85.954384 55.08783
71.16863 60.091904 40.495766
140.74199 114.94874 84.45195
84.93017 65.26445 46.04523
87.9583 75.95958 52.52547
64.44062 60.104607 45.0937
65.975105 60.835537 45.788734
67.0128 61.626514 46.447872
104.87496 89.121284 63.094727
129.5215 105.93142 76.22586
72.387245 62.051067 29.585295
219.75621 207.89174 196.67868
77.27686 59.58308 40.938507
94.908806 76.28533 53.03923
142.61359 133.56609 132.37181
130.54488 125.515396 120.3025
115.42151 112.08135 110.33942
79.15439 63.272793 34.39318
73.1543 56.285397 31.450697
69.75444 47.720345 27.328863
59.89722 39.83342 22.157568
121.31142 131.83168 112.808846
3.2381792 3.6441586 3.9315455
14.681529 15.077051 15.337813
16.194168 16.584269 16.82293
15.018252 15.383718 15.563066
11.192821 11.573651 11.759318
10.1077175 10.485533 10.649644
12.170142 12.545294 12.6834545
9.70748 10.081991 10.208732
13.515815 13.865176 13.968659
12.643613 13.01944 13.12658
13.149548 13.525246 13.632514
12.606275 12.983288 13.090589
