0.0055853236 0.00392789 0.003110526
0.015938606 0.009831078 0.0069021885
58.81421 26.995096 28.844769
59.255245 27.23749 28.990646
0.01634729 0.010466806 0.0059485966
0.016369993 0.010512215 0.006016711
0.016528925 0.010625738 0.0061756424
0.016665153 0.01073926 0.006243756
0.016778676 0.010943602 0.0062664608
5.659068 5.9434657 5.599264
32.568817 43.224617 46.21022
96.49546 95.92153 91.52498
92.32847 89.42853 85.40317
37.178593 41.92326 41.3939
24.958042 23.413292 21.83916
0.01659704 0.010693852 0.0066524385
94.32854 63.07613 41.96785
89.042915 59.513874 39.20239
91.30921 65.79995 47.635612
91.383484 74.05147 56.007698
57.18123 33.118427 20.664473
92.49925 80.09277 57.28099
115.58115 101.99984 83.823
89.319115 81.41479 67.35664
100.93327 82.16472 59.239918
81.767395 88.746506 82.939285
83.20264 84.895966 71.7631
79.6145 80.98735 68.06582
85.14942 81.40562 72.85313
76.62605 62.527565 60.32849
49.696373 54.77611 51.82184
37.930023 39.52736 35.772476
31.66093 37.326447 34.594498
92.789345 97.64649 78.02112
115.02875 128.98915 117.15741
53.79482 51.23161 44.021523
75.57279 67.453476 65.9582
68.23302 64.200775 60.662453
87.40512 75.7473 63.27659
56.681885 59.47961 58.678482
69.46088 57.36659 35.437515
64.08289 58.28919 43.05004
81.33208 92.11216 64.334236
55.521774 70.57777 65.194984
85.735085 81.72881 65.96599
93.34098 81.72087 52.125782
116.13423 142.96965 137.50177
94.82479 146.10492 154.1596
96.481995 146.32011 157.47626
100.357735 95.33469 59.70055
119.60632 149.90076 157.73987
115.21422 129.48358 109.14529
115.68214 133.11534 116.7722
139.69437 158.48726 148.5099
104.943054 107.51389 85.29943
120.67001 138.99358 128.94821
88.259445 93.85587 72.98849
94.303696 144.35954 155.846
113.79466 120.18141 110.44658
85.16606 92.99012 70.43309
76.97237 90.43663 64.39533
83.80242 99.3717 71.60587
87.44086 104.302155 75.145676
74.76939 78.818 64.24008
98.78317 112.45711 67.300674
47.410633 61.856052 44.448505
110.27845 144.90558 151.51599
73.58501 94.69387 88.56058
84.34198 105.186905 87.35217
97.52838 103.54872 88.74596
95.10539 121.67253 102.02284
53.02679 59.978703 45.762352
54.640133 82.06644 61.85519
76.80567 105.91708 79.643196
93.28347 110.405365 71.85324
44.57438 49.91447 33.095177
35.130936 41.28299 32.49044
37.66713 43.441853 29.405958
5.4636497 12.468463 4.166175
75.784195 87.05304 80.6043
52.773838 54.14095 46.592182
53.33689 54.888294 48.47523
67.98074 73.37217 62.147125
70.058075 76.95096 66.12519
82.45323 93.18025 89.37404
45.657707 49.46985 43.132664
72.864365 88.65055 75.33814
50.8442 49.852192 41.84738
50.295364 52.752384 48.404392
46.54711 50.34999 39.911587
58.450596 62.761944 57.28158
35.948143 51.378872 56.857506
27.237648 30.86332 29.106167
32.142357 36.761536 35.309032
30.11484 33.472347 25.42403
31.628939 26.746117 25.580465
43.368313 40.569386 33.019592
16.190945 13.916946 11.810894
4.4713697 13.163927 6.147398
9.480996 19.768255 12.182862
21.217329 35.073494 25.856348
35.397854 54.130142 43.8158
9.696349 21.891563 14.16152
7.8907456 19.776587 12.077445
8.63709 21.319431 13.705681
58.457382 82.91765 69.52112
22.392334 38.0868 29.733517
27.610275 32.127167 24.05263
22.110071 22.810963 18.855371
30.691355 30.060757 26.528425
8.314481 9.9464855 6.2701845
19.783943 22.574017 15.809077
27.330124 27.468327 24.991077
8.347584 10.031174 5.3686085
16.970188 16.216896 12.294342
21.95845 21.497435 19.946917
15.497979 17.345995 14.395173
15.641427 17.255085 14.01687
22.70668 22.799723 19.505177
46.12751 46.68947 43.929047
34.66488 25.396763 27.366201
10.945713 12.66874 9.373808
15.546067 17.028767 13.206044
22.23674 23.138884 21.472368
33.01092 33.472073 22.059849
11.470461 13.590387 9.814117
11.969213 13.871152 9.722777
8.995754 11.821815 8.286214
7.65455 10.167537 6.8661566
25.487354 27.075289 20.911224
27.569544 28.7448 21.520502
25.889975 27.261488 20.740963
12.160793 13.772319 9.405481
11.797203 13.050405 10.139792
0.41883117 6.3334846 0.03589592
3.690832 12.170648 4.8134365
26.423235 42.59913 32.702526
21.559782 29.31993 25.001339
1.3293071 8.944851 1.991009
19.777178 34.25604 25.119698
8.087798 19.351444 11.249342
45.285645 44.760693 39.495277
21.866589 22.861662 17.068817
45.48665 42.718803 39.895763
30.564505 31.339773 23.178503
66.375626 52.345745 52.990486
24.278221 25.817774 25.790255
36.831715 29.856644 30.296158
36.205296 29.899555 30.607029
36.829945 30.28174 31.342522
18.67478 19.56078 15.434566
13.806489 15.41899 11.964309
14.645127 16.693647 11.796726
9.8996 12.802811 6.5254517
10.672101 12.28921 7.632413
9.415494 11.316865 6.4964128
23.0032 24.28408 18.985355
23.931295 25.126873 19.66899
13.741441 15.260422 10.584438
30.718168 33.45779 30.319725
36.60528 30.72859 22.541346
13.172305 15.328354 9.63432
4.3437924 7.73027 4.148692
80.370605 51.383663 31.871107
18.372059 20.107937 13.243847
8.049292 11.527563 6.9826083
8.25915 10.753496 6.4107485
5.3595495 8.770775 5.3082147
6.1908774 9.122377 5.6994596
6.4587 8.923622 5.579693
7.9287076 10.850831 7.0877533
7.7514076 10.122014 6.7081327
16.202208 19.012896 14.921578
30.899214 32.153484 27.848902
10.764349 12.286736 8.541527
12.812165 14.477114 10.385387
12.566275 13.558487 8.894174
7.3079877 8.3809595 5.4639225
5.296022 7.2568793 3.126419
13.617928 14.848629 10.410112
100.226364 99.00858 94.85989
28.503633 28.017664 26.916174
19.16547 19.154459 19.156912
60.865067 86.65153 72.334305
15.8235855 30.116497 22.347221
38.229588 57.830986 46.655457
90.16688 121.618744 104.05735
19.523294 33.310394 41.282013
16.11132 23.048225 50.703865
65.35864 76.66781 66.83687
67.961426 76.00388 72.11861
57.2384 59.338413 52.34084
59.70811 54.475685 55.00638
73.03313 62.726295 64.27007
73.94444 61.682407 62.556873
75.566956 66.54936 64.439606
73.656204 74.88493 61.962627
77.86836 73.229546 66.44953
54.161747 66.2626 48.258606
70.376144 70.80853 65.16937
64.27604 63.909615 56.49614
46.428005 51.649216 45.658707
52.814434 50.880913 44.3472
58.58201 51.779037 49.147125
49.315002 52.815662 49.647877
46.908386 50.390087 43.664494
64.141815 71.19379 66.818115
57.0601 58.12322 53.686996
60.18906 58.89138 53.923576
59.614773 61.805603 56.880527
66.308395 80.87167 68.18439
47.356644 66.59811 60.143856
51.105827 65.66274 64.38396
54.060486 63.736015 61.61786
57.702843 63.820747 59.92673
45.285965 62.788483 65.44065
52.0937 56.14565 56.316933
38.194103 34.247753 36.060642
46.21431 48.52352 49.64792
50.664608 49.151417 46.158615
81.311005 76.36502 72.37399
87.01855 97.849625 100.26401
54.40457 59.565777 55.956657
86.204025 76.456024 73.25665
58.695896 64.92914 47.267937
57.154278 61.428253 58.565865
33.88432 38.33537 36.809963
29.324516 29.236105 29.307306
45.082462 52.15214 49.042095
76.29311 76.1029 65.27019
19.8786 19.310894 14.512101
37.06893 37.64844 42.57304
49.671783 53.372627 58.722687
15.325697 15.492643 16.689583
75.39978 71.72859 72.40925
55.00202 55.936428 57.677776
59.488693 58.99505 57.001724
60.826263 59.0846 57.775723
51.030968 48.681023 47.491646
26.339842 25.937449 23.795591
79.21156 76.84275 72.57456
65.2433 64.96808 61.564888
109.08891 106.274086 103.573265
105.09636 109.826965 107.17632
57.406754 54.70852 48.886818
42.294865 40.177483 36.041344
85.08973 98.6323 110.50232
50.04609 47.193714 54.727478
87.869835 89.00756 92.00409
138.11916 138.384 145.65982
93.82093 96.96363 94.83573
93.128914 96.23365 94.12953
101.04411 104.774864 102.390884
86.17223 86.77041 81.70936
97.00854 99.87381 95.93377
71.63854 71.93697 69.05621
80.8645 84.57654 93.492714
57.369152 55.75606 54.63264
39.654617 40.47657 37.197437
45.44442 44.945034 40.997776
26.659931 28.81069 25.068886
22.46356 23.361933 19.47977
46.622604 46.41479 37.044956
64.494934 61.547863 56.818024
43.548565 38.796997 39.560963
81.682976 83.936295 80.35623
51.232834 44.160908 42.635387
55.15784 54.630005 47.23277
67.32588 66.985535 72.075356
68.063705 65.15301 60.027153
51.766712 46.930412 45.4288
114.11938 115.8833 130.59593
164.81966 162.61899 174.10901
123.35748 116.76265 120.2836
128.01721 120.8284 124.51326
64.68193 60.82168 53.675392
50.805058 49.45484 49.12458
134.06021 132.93954 131.98549
111.29929 110.13625 109.82136
95.26975 93.90062 92.8348
102.52543 100.03667 97.891335
110.78063 110.07894 110.18554
75.165016 70.32447 64.98306
58.277065 56.29096 52.36207
45.946896 42.93965 39.85115
17.911362 17.460835 15.239874
76.49285 84.58539 89.07679
97.54418 102.544754 110.30141
107.8106 108.113205 111.85069
79.02575 80.003746 83.27908
57.321293 54.17026 55.135635
41.54598 35.257267 34.973595
64.0326 55.616703 56.606983
52.87558 48.318226 47.906456
71.801315 72.19279 69.74058
64.247025 58.55717 60.47289
54.821087 49.992233 50.53015
48.705887 46.1743 45.59563
70.16674 62.547386 60.003906
65.94133 62.71592 58.98231
58.93829 56.23597 51.52336
58.204796 56.12308 52.225594
60.111843 57.76789 53.61148
58.967556 55.45761 57.218258
57.955612 55.439312 56.005924
68.1484 63.258446 65.409
25.717306 23.2228 21.463104
57.10006 53.375557 57.25976
34.67589 34.634296 29.994915
25.568205 23.24067 22.235106
23.155027 21.7411 21.348675
49.77956 47.876713 47.38405
46.56044 43.91563 42.381096
49.467373 52.642178 52.517254
49.258007 47.54286 45.078445
26.884842 24.379847 22.038462
60.703068 53.36686 55.39204
62.61402 59.86904 60.71574
98.96168 94.69401 102.92013
160.2201 152.48163 163.43048
78.25123 74.63121 73.42748
99.41429 96.74523 107.27699
73.00649 69.94717 74.072
31.984629 24.109344 22.123196
42.35626 42.40623 42.61416
51.661453 50.809895 52.107166
40.493847 38.83353 40.87712
80.08662 78.86248 86.0279
22.656502 22.090704 23.436064
18.356167 17.652983 15.9372
19.450708 19.103691 18.10544
14.567978 14.000295 11.931205
5.936064 6.2972026 6.2855783
7.412542 7.4053445 5.9340887
8.053674 7.918695 6.399169
22.1224 21.233402 19.229702
12.294024 12.483221 9.598947
2.7505221 3.3112116 1.1057578
6.6080966 6.6417446 4.6995277
7.073154 7.4290257 4.9055037
7.2939563 7.5821 5.0204115
6.609413 6.2806287 3.9643538
8.311393 8.6155205 7.129666
32.320724 31.22884 28.123219
20.980066 20.569317 17.949482
15.233471 17.412565 15.327014
33.720802 32.48556 29.170149
35.571133 56.686974 44.8949
7.2656436 7.818886 6.5867085
46.80254 44.616158 77.61541
94.81042 88.43586 153.447
51.934544 48.29566 66.39665
41.818726 35.475388 70.26308
37.07388 31.053356 71.726685
27.126873 22.701435 52.491055
38.867496 32.796997 74.27443
32.443237 29.365974 58.95759
5.37483 4.201866 23.555899
58.442013 52.783806 123.909454
1.0142357 1.0185269 0.9999546
0.05321951 0.05356008 0.024747979
8.816071 8.980361 6.979498
28.424372 29.964422 27.502838
9.992712 10.094724 7.9678955
12.400554 12.807283 10.261829
39.158207 38.957066 36.768505
20.704908 20.059305 16.226501
18.024906 18.63457 16.690083
18.447235 19.744505 16.736967
19.883322 20.597334 17.76998
28.81791 28.825651 29.79373
26.575039 23.885592 26.571405
29.594246 26.149624 26.543276
37.62617 33.205727 34.97473
21.572882 20.672169 21.286259
8.6825905 12.106212 13.223322
24.604828 21.79155 23.648806
14.910658 14.757765 13.630551
8.995687 9.134911 7.150259
4.883775 3.9644673 8.922873
62.781242 62.028812 59.227795
8.031537 7.1399283 11.585755
3.9606075 4.63625 9.196803
78.42614 63.362003 125.894356
146.9472 142.57332 171.96971
4.447825 8.628485 4.657229
186.59186 208.96819 229.77522
0.03603215 0.022522932 0.014167651
12.9930525 13.023726 12.280129
26.416243 24.700527 24.854305
20.907139 16.754087 27.610775
101.86016 104.71338 138.25833
0.039392427 0.0263373 0.016687857
43.058918 54.252884 55.916424
37.577106 39.83167 38.59463
37.51462 40.89311 39.179523
41.38021 44.40035 43.28442
39.73331 42.86209 41.33137
41.29768 44.07254 42.679115
40.357212 42.944122 41.421078
46.043617 46.628166 52.06557
44.245594 45.601284 53.855984
28.812075 28.908478 29.321474
53.22954 55.64565 56.84236
105.432526 115.89368 138.46533
69.480156 70.98756 78.45055
66.98724 67.15834 78.06139
124.75988 125.49553 145.45346
121.89215 121.462944 144.23322
105.43279 102.81355 127.10993
118.92964 119.98095 148.96864
127.93284 124.97369 149.07138
120.80896 113.9189 129.32315
97.017456 95.5962 119.19108
81.819885 85.07958 109.45777
68.61586 70.41429 95.369354
107.11749 102.28692 120.20026
93.09827 97.27164 120.67178
45.128418 40.301357 35.65135
4.253565 6.3099627 5.2929797
34.74328 37.094315 38.16933
37.63375 35.64052 37.613953
24.264803 24.195644 26.117405
26.73254 26.214104 26.796907
30.498343 29.737854 32.188606
69.65425 69.55211 88.82311
58.971733 54.217827 64.86893
24.984333 26.292322 26.561075
148.05989 161.98587 187.13757
18.222437 16.7851 17.529108
112.40362 106.204956 111.68155
90.635 75.51651 95.30853
88.63228 78.071335 94.40539
91.79348 89.95591 107.93733
69.99814 66.824814 80.837524
128.89095 120.55649 146.4565
119.36811 107.627846 122.83473
0.019117247 0.011806375 0.0065389154
6.7987013 8.3125515 7.297044
38.78678 38.973255 38.507652
0.27068385 7.1715784 0.25883207
0.020070838 0.014281173 0.006584325
8.3377075 16.750114 10.632595
13.754042 27.33487 17.506607
28.756788 51.37079 35.17764
65.91915 123.85837 82.632774
5.862229 15.5204115 8.285896
58.145603 120.14838 76.04209
22.856712 37.060555 27.518505
9.285441 21.699596 13.690923
2.964649 7.2532697 5.102511
9.636522 18.2772 13.376805
9.695827 22.212992 14.665402
1.6737808 9.310417 2.165153
2.635794 12.010527 4.5010023
4.5374627 13.172146 5.952911
8.621878 15.127009 6.8219733
15.275611 16.82404 9.732836
27.314753 12.08026 8.978498
49.24773 24.311644 6.8341885
23.877827 15.531151 11.1104355
33.596813 19.715422 14.368608
43.976025 23.945124 16.624172
41.66783 21.618723 15.502475
17.149487 9.823608 5.137544
19.249977 20.859686 19.58882
57.574562 56.849243 59.42703
51.09829 50.89858 55.341206
33.888042 33.690674 35.06573
6.916606 8.015348 6.942058
21.703615 21.197075 22.056534
10.481155 11.8724 10.283466
16.243008 17.835165 17.021955
26.186722 25.979929 22.036736
9.753111 10.794501 9.840728
9.765326 11.567886 10.026814
20.75218 22.350376 21.753496
13.083439 14.588434 13.59965
10.443261 10.749932 9.540868
8.896354 10.670125 8.39624
9.68057 11.428708 9.054899
11.621764 13.406526 10.276609
9.939175 12.730179 9.866316
9.41706 14.365453 12.0040865
2.4493008 8.369516 6.7723413
13.49387 30.927914 21.972437
33.87744 28.839502 29.208677
35.56228 34.944805 35.40834
16.620197 20.397217 16.73665
14.460199 17.546635 14.029289
8.926778 8.996639 8.944101
2.115044 2.098515 3.1096177
7.0728135 9.193488 8.028949
135.10754 132.89088 139.54863
127.42128 124.41279 136.99727
11.792071 15.955272 19.852125
120.57915 122.393814 139.05179
102.30379 103.075424 116.27357
55.395332 53.08766 66.4337
118.59829 126.69519 144.67447
73.07279 70.00372 71.41345
36.740284 29.397898 19.85896
66.68261 54.377327 55.590637
72.76891 59.05297 57.24017
126.34443 119.03106 122.33344
107.14499 104.219574 111.513306
97.086685 102.07379 101.29298
97.55118 102.85998 102.02148
98.82025 103.82949 103.11125
96.84066 102.08819 101.256905
204.6204 210.91772 211.5825
94.40024 99.12056 98.389
0.036940333 0.025883207 0.014008719
0.0462265 0.032581054 0.017505223
1.0742213 1.1237172 1.0639133
0.9388566 0.9899873 0.9316592
0.5379847 0.5566933 0.52129686
0.5854373 0.59958225 0.5623922
15.587254 16.788393 15.575289
15.607165 16.866905 15.660726
