0.0030075188 0.0044110278 0.0039431914
0.008755221 0.015304929 0.013533834
0.008788638 0.015371763 0.01390142
0.008521304 0.01497076 0.013934837
23.809423 45.235355 39.859715
46.18834 55.819313 50.559666
33.926414 46.44588 43.140785
27.47843 47.570927 39.80678
26.704494 42.65524 35.293034
23.704393 33.885983 30.38269
21.9196 33.841236 31.03786
16.730192 35.13046 28.60147
22.329023 46.17357 40.543457
57.139915 84.00007 84.053
57.805714 83.526215 84.6265
19.79843 42.28087 37.85621
27.74954 58.03385 53.826633
21.392916 41.000134 39.07158
42.295406 70.81982 65.52802
31.714853 43.090027 37.70827
26.558731 36.40809 26.931295
28.717293 39.1065 31.584763
38.543793 44.291363 36.251595
0.11712615 0.14680034 0.13229741
0.7172598 0.23923141 0.2586132
27.070442 34.261353 31.01106
1.0009023 0.30088556 0.31084377
1.2619215 0.36250627 0.3558229
1.766249 0.30776942 0.34700084
53.916023 93.867035 85.80608
1.177477 0.17884712 0.23211361
118.92511 169.96689 160.3215
21.367184 59.238197 42.437126
30.366817 77.05888 57.031914
2.4809692 0.42880535 0.5328321
21.753685 53.33133 43.51061
0.870543 0.13483709 0.18035087
58.145195 113.88702 92.65654
67.99756 112.12217 96.899284
167.08147 167.98146 151.31137
150.15285 149.6828 124.8135
105.832985 103.83405 74.112015
109.31532 113.513084 95.44615
116.86827 121.2922 99.105965
185.7858 180.94066 151.38857
117.869675 116.60408 90.72645
114.7199 107.45093 77.47278
78.344124 74.42075 49.250324
106.37404 110.01203 87.40287
112.90914 129.84578 115.59917
113.60371 127.73173 111.87479
169.01915 180.86653 154.81601
136.09036 147.69655 127.23692
145.50717 159.11539 138.90112
129.81477 143.86333 114.72882
149.54005 160.15411 133.5611
144.72191 152.70517 128.453
131.18272 140.55205 116.119064
157.30238 163.90868 138.00304
133.31091 140.8959 116.365814
156.27205 159.28207 133.36469
148.65962 160.44385 134.70706
148.48392 160.11983 134.46317
143.98352 145.31796 120.3306
157.72685 164.44147 135.92317
149.60796 166.81741 142.00716
133.04549 137.05186 112.989174
152.33998 156.74823 129.63435
129.064 133.24512 110.00962
143.332 148.19005 121.344765
143.84384 148.68124 121.89791
112.627335 127.59448 87.80207
128.27612 144.60124 98.377975
134.198 138.077 113.58958
147.10823 149.8804 124.60852
151.85544 164.46056 140.24661
138.84328 151.73741 132.41737
110.75602 128.53683 85.23164
127.29922 111.97237 74.447716
154.26158 154.86867 127.294136
106.38637 101.05577 78.3207
105.331665 102.24297 80.59706
149.60605 147.38255 125.310745
118.56909 105.378944 77.91903
156.84424 152.30965 131.40103
155.28682 149.9987 128.63475
139.5577 133.54562 106.366486
116.89871 108.84749 83.03442
150.46326 139.61444 111.155624
139.90887 153.20087 127.393684
143.04662 134.81795 100.33744
108.9064 94.02439 58.33524
123.523445 116.6932 87.93741
129.79863 124.19452 95.49444
94.10577 108.61006 87.83756
119.15141 130.06113 109.00414
97.360634 111.726814 69.36428
127.241104 139.8032 111.6515
165.38316 170.12679 156.44865
141.82095 153.71562 125.853165
136.80534 149.14569 121.26774
137.70877 137.71132 125.605415
133.84865 145.48605 119.05751
130.0905 143.44649 107.16164
137.48311 151.91716 111.16912
155.67569 165.38884 141.29558
131.01704 142.14088 120.6137
128.7188 140.71796 120.28391
127.06961 139.16116 118.82466
153.19579 162.18463 138.66954
129.94878 142.11108 121.17962
157.16447 166.04588 141.81377
134.54654 145.97324 125.93106
123.747536 134.55505 113.55853
116.14954 126.11619 108.30847
157.32672 169.77608 149.21039
128.12575 137.03426 113.6382
123.27448 131.79135 113.286385
118.962975 128.08348 110.07175
113.92889 121.88217 104.37978
161.34773 170.0134 145.47685
122.444046 128.04976 106.71288
151.14299 157.93274 134.051
110.99118 116.122406 96.32872
160.66927 168.90666 144.4402
132.92528 142.56625 121.42724
152.75418 162.6271 140.60184
73.32758 90.867935 60.149574
93.618546 102.99562 89.82069
97.00973 115.372635 90.78616
92.5475 109.553085 87.80408
79.27048 91.493034 65.23525
109.72632 124.347534 105.139145
85.077965 98.108635 72.25099
81.22927 93.45226 72.16204
105.90128 118.99873 101.601906
106.320435 117.08378 105.10991
103.84485 110.54473 97.860954
118.16638 116.36578 100.7881
128.76128 135.50386 119.419785
122.06115 123.3076 105.19569
138.06439 145.28949 123.03044
137.16565 143.60478 121.21611
141.45059 150.45547 127.31492
139.7637 150.33263 127.30924
125.76648 135.2294 113.070045
143.56291 149.31813 126.63208
159.6792 171.86156 148.49715
141.63812 147.99837 125.22082
127.35716 133.3725 76.19335
5.2719464 13.167485 9.785898
20.08371 48.841705 38.524944
20.706633 40.12588 34.875854
29.588137 49.758095 39.730927
28.218914 48.086082 39.01116
50.578144 69.25066 60.182922
53.196857 70.964615 66.072914
109.451164 119.57363 110.72722
83.58506 96.310875 91.87188
92.25384 106.64187 100.96942
81.501755 85.84384 81.91632
89.04518 100.710846 95.89507
73.11188 78.35593 71.40892
77.88234 86.715355 78.068
61.155823 86.29634 90.96143
37.959064 57.42025 57.279163
25.652063 41.909775 38.184193
162.62917 171.52885 147.53116
164.43161 174.53116 150.31175
131.1561 140.66971 122.264565
121.49741 125.67101 106.25474
133.78215 141.11131 122.56321
151.80629 160.19505 139.06409
146.06029 155.24277 135.76729
107.86921 117.07398 99.11599
160.9589 173.48535 150.19598
72.47432 81.83769 66.01467
33.269108 62.120266 55.548203
51.453533 71.76197 63.989708
91.27131 78.97467 54.895405
34.67776 65.24839 66.887955
31.171194 61.53567 56.995857
42.078194 60.506733 54.054905
70.23358 83.7067 77.56428
20.620485 48.30269 47.805813
32.719765 53.989674 47.494503
37.51305 57.98406 60.471645
33.64304 51.551445 46.78463
38.871746 56.65387 53.411663
26.249557 47.269306 39.494236
23.57193 36.345665 28.846048
32.794117 41.37661 28.415974
21.735271 36.22359 28.198162
19.303793 31.345598 24.498848
17.159933 33.263424 26.21848
21.749908 36.079098 27.702656
22.479633 38.579918 32.33654
70.197395 64.39669 18.607887
31.614504 77.921104 76.95622
14.928421 88.44812 97.43519
23.423025 75.873085 77.637794
43.726448 130.39552 138.51057
27.520233 65.70964 64.48906
20.761637 57.812664 54.792515
25.054302 62.56618 60.863525
19.14944 64.78035 64.9875
8.171863 44.43559 43.47158
14.656609 69.16959 73.314285
37.359566 105.76802 109.718094
26.334738 87.89223 88.87379
25.276056 76.71472 76.84895
34.524677 86.12134 82.13968
35.828102 77.99281 74.014336
27.721737 81.70025 84.419716
22.12518 40.222755 37.933502
19.384161 70.536606 67.362206
30.100351 68.923706 66.758934
40.20578 43.145733 38.986935
41.16909 66.64184 65.95876
42.339214 55.565582 55.622856
20.081303 35.98329 28.988739
17.894169 35.68214 28.586098
11.58152 27.672682 22.081102
21.008554 37.52391 30.743593
10.215171 25.930962 20.888655
20.38182 33.16638 26.006449
19.11873 32.566216 25.394053
18.801136 32.36017 24.973032
11.405949 27.599031 22.436726
29.117594 43.735504 36.68949
18.599566 35.53233 28.83238
20.860518 36.90399 29.896507
19.899282 34.450962 26.47462
21.566717 49.166214 45.388973
20.462523 52.19258 50.103893
18.403475 74.85447 72.8811
17.647686 46.217678 45.632782
14.241604 39.947067 37.96117
25.835321 62.399464 65.159164
13.717561 30.941254 34.543056
36.059483 69.87599 68.92217
27.284111 75.23569 80.03204
28.9333 50.34052 50.76595
24.074686 44.788906 45.329525
17.112915 40.970993 38.531162
14.35756 38.46393 34.678062
23.454002 47.432415 41.628338
23.209524 44.479397 44.38192
19.256441 42.250793 41.58757
25.071245 47.298046 47.48575
21.606382 41.47415 39.81036
18.554186 38.797592 34.64752
27.643309 69.47305 70.33407
33.45905 50.34934 46.199467
23.762606 42.137375 39.42503
35.367218 62.093834 59.608486
23.28234 89.162704 98.475624
13.977878 43.994587 43.944363
32.95111 76.16578 90.38416
11.148471 47.13724 50.399063
27.634453 104.41507 118.311615
28.808353 84.65537 87.937546
37.1063 90.09965 96.41601
12.552314 37.244343 34.890827
15.405012 48.95455 47.24889
12.691796 49.091698 44.059383
10.130527 38.140987 33.734303
18.92411 39.67128 44.733803
28.186165 55.79913 52.78914
16.44548 36.38453 29.880367
32.81781 90.566414 101.52939
68.31649 99.56765 95.91191
46.328556 83.29022 83.4247
28.09701 55.139782 55.391678
27.048855 45.306366 38.235153
16.466433 43.961872 38.4401
16.056173 32.47375 29.967787
15.038062 61.609024 60.525513
21.99462 50.028572 42.973434
43.887886 69.81664 60.84107
21.012465 50.703827 43.16822
23.183493 61.604744 63.513515
19.444378 42.183758 35.29801
29.04782 61.547337 68.83141
24.701187 47.108105 42.618412
37.043842 63.98697 61.354053
8.451462 41.289692 44.857178
24.385632 59.84391 56.207787
29.53163 56.07502 53.850426
36.57016 55.774704 50.51482
41.45283 87.78523 96.67329
11.912381 32.542557 28.071478
19.60284 46.72655 45.83265
25.263325 40.788673 36.192215
21.794151 37.867737 33.73945
21.906166 41.229874 33.3608
28.734135 49.81223 45.968086
31.086582 48.139584 42.33206
24.267267 45.410927 43.1735
21.772598 42.57046 41.02309
32.008453 50.9735 42.492332
77.192314 82.82757 69.2804
43.03325 57.075455 44.96859
30.220686 46.146 40.826935
19.076458 40.957058 39.168453
14.895338 34.31599 27.64802
88.93464 99.67913 87.77952
52.507103 60.824093 38.348873
50.915756 57.608353 38.108273
42.79168 61.049088 51.85009
38.390377 51.946632 35.344296
111.89735 110.05577 91.8533
42.585396 53.23325 42.14473
19.85985 32.999565 29.71706
18.92538 31.86209 28.766449
29.716524 44.638294 37.445145
97.4809 116.59087 81.368286
91.476326 112.81757 80.6022
67.922005 84.124374 60.98162
59.984093 68.808586 55.83619
75.21861 97.27389 82.99141
48.97838 63.716625 54.275623
101.32234 108.523544 76.11589
51.39876 62.427937 50.476326
92.03719 102.34386 69.78042
62.260784 78.07011 57.34834
94.11415 110.13451 75.36712
60.888687 66.20371 48.742157
27.577177 38.923443 29.465565
59.101723 61.5337 38.5464
96.94005 91.02887 66.790276
94.260185 90.82887 67.84151
115.20825 105.134705 68.73477
95.742355 91.07565 67.27823
97.47021 85.666664 53.583992
87.33484 78.328354 55.618347
97.05253 90.27452 66.9596
78.023926 72.1727 50.2656
112.36094 109.295876 82.14018
111.012566 96.99021 63.424763
20.454502 38.47816 31.898813
17.345497 39.99188 32.44301
25.742289 44.5869 38.82102
35.090057 54.883575 50.702957
14.183826 34.354485 26.835321
25.85868 46.643574 41.875923
25.081738 44.208622 40.099113
15.822523 35.52361 27.96107
24.89858 40.042004 33.64655
34.341988 45.136074 32.268337
26.898514 39.260918 30.690025
25.641336 38.55335 29.876225
26.058813 45.35923 38.77203
23.224394 47.59091 45.86162
31.421888 62.796356 61.81096
62.89467 92.51018 73.15439
68.27753 78.67506 55.084946
80.8272 93.03215 69.82636
44.507 57.769188 43.446583
47.623825 78.14376 59.027737
65.132866 78.66412 65.6286
63.918297 74.568726 55.04762
62.398464 72.746735 53.23278
48.93741 62.543026 45.512516
61.876125 72.13795 54.203644
65.6022 84.47666 66.76698
47.61153 61.14242 44.919197
42.291462 54.672882 40.994987
65.70206 93.2816 79.86389
80.52064 118.61714 97.41657
64.71572 95.96812 76.73878
64.72007 112.71759 87.07412
59.49634 103.31566 80.28922
70.04956 100.92932 77.23636
89.370895 133.51549 119.73494
92.229805 141.02145 117.073784
26.407318 43.500786 43.214436
16.988104 32.94924 25.094002
22.454035 39.039097 31.603743
30.462423 40.14072 33.43519
31.600033 39.726383 34.450024
32.623524 41.44949 35.777008
21.51609 34.95328 31.908838
31.720034 42.085712 35.943928
25.751179 35.349674 30.93006
25.10984 34.183125 30.42259
34.469006 42.93193 42.26814
160.09314 151.73438 125.56742
111.86546 112.82102 92.14967
115.10556 145.53012 121.306366
98.85871 95.07482 69.38379
67.83786 82.4281 63.02276
19.921906 39.33888 32.33988
31.583124 51.35863 48.489693
31.878096 51.676323 48.71833
43.92097 60.065563 55.145664
33.104828 48.584496 46.0147
139.25804 140.20168 110.936005
49.35746 49.771496 33.288387
60.118896 62.64508 43.59051
18.433985 33.862423 27.19609
38.09681 50.741287 43.078697
50.08147 48.57791 31.472414
87.52548 83.33668 53.184727
151.1451 144.84671 114.85377
68.402504 72.37998 49.24859
29.593851 53.194485 44.07205
68.963104 73.45921 49.95462
100.947235 102.66433 68.565315
67.53524 69.32732 45.431377
106.153114 85.65798 54.34473
36.190308 46.575203 27.912247
109.936005 81.22426 40.57153
130.91986 111.241104 69.66439
86.16982 76.108635 45.760834
122.3093 94.83866 51.542057
81.06082 65.390144 36.633118
75.26052 74.122 47.3197
75.916626 77.37497 51.673985
48.399834 47.523674 26.640402
70.11629 60.78894 37.396423
57.665833 52.099148 38.3205
35.297844 88.842575 86.84738
32.20184 53.007954 44.9611
46.49771 115.21417 108.42195
95.4668 107.004715 84.28709
79.32027 101.84685 86.192345
35.297577 52.40027 43.312416
81.632545 95.44812 77.34934
69.06352 86.08047 68.28745
33.914955 44.35482 34.73407
28.0794 41.126514 32.535706
24.81995 37.4002 30.161537
67.473854 85.576805 78.42557
24.586332 37.879265 30.242674
77.73577 96.86874 82.59302
25.809322 43.015972 34.700684
33.600903 49.559097 39.24137
30.670643 45.682472 37.49838
23.708036 37.58847 29.220217
91.718834 86.512985 66.78095
19.119432 38.455204 28.316324
34.665264 42.125046 32.0672
48.177444 52.055103 40.27853
21.245314 38.51432 29.036257
26.290627 41.11719 32.28541
60.339615 70.69133 59.876892
25.366081 36.97778 27.591612
38.374237 48.570057 36.06192
50.115322 62.255005 50.79783
22.656641 38.363575 30.116524
46.626633 51.34914 41.759098
53.455605 66.511246 58.32344
54.69016 62.083977 48.69711
44.833984 55.418446 43.723076
30.278965 42.024998 34.97093
20.8535 36.795956 30.655672
26.589775 35.25848 29.556725
70.19646 57.55031 46.313015
30.246416 36.916325 31.053099
40.79158 54.74142 45.851696
13.863024 32.982555 24.037327
39.119164 51.747837 39.987938
34.095573 47.72508 36.51305
93.56217 100.99927 85.40979
93.40799 91.33307 74.64107
6.090827 18.14513 13.842607
8.781888 20.896307 16.103392
11.582055 24.006283 18.675957
9.665898 21.983692 16.964043
9.060083 21.251896 16.341187
11.184462 23.412565 18.30426
10.212531 22.463793 17.46202
10.3452635 22.552013 17.513117
9.888154 22.17153 17.128822
8.314687 20.395657 15.719232
9.388337 21.574335 16.652866
10.723943 22.95579 17.839165
9.866433 22.165714 17.18172
8.811729 20.92488 16.16842
9.6644945 21.8529 16.893
11.384728 23.646616 18.52411
8.561671 20.794786 16.047419
9.753818 21.877762 17.063025
7.7457643 19.933802 15.239866
