0.0 0.0 0.0
0.23527874 0.17668779 0.13005686
19.608097 18.388798 16.914024
0.0 0.0 0.0
0.0 0.0 0.0
0.8455657 0.9301026 0.8918371
1.616659 1.512777 1.3343573
3.3070061 3.5997648 3.4142866
3.474544 3.7553754 3.5746357
4.2966146 4.959578 4.69868
2.01794 2.35099 2.2136788
0.0 0.0 0.0
37.415268 62.021698 62.60434
62.510426 94.779686 98.03225
53.66796 92.47716 90.86383
83.8936 122.08509 115.918175
36.46072 60.521698 62.97108
99.82201 128.63156 123.02827
9.463401 10.396314 5.586073
92.64522 96.66447 88.78498
53.92752 51.278576 40.881935
53.769066 48.89772 41.98536
55.212208 50.347755 33.70492
55.500423 50.326088 33.83272
81.69345 90.80243 85.641426
74.379745 69.620125 57.948174
59.805862 53.46461 38.015556
93.02327 97.30168 88.912
74.485886 70.23753 62.5515
57.583065 56.795895 48.570747
67.78482 61.973072 53.955067
50.548264 47.06908 33.060387
50.973564 48.382133 32.448826
69.953926 56.544083 23.592184
82.88821 79.435005 70.75521
54.64656 64.25397 60.23593
66.79266 74.8473 67.77469
63.829487 68.12071 63.02245
60.51729 62.637016 56.671883
69.01075 75.02369 70.25587
69.588394 78.875336 74.58888
51.533264 63.966145 62.369648
72.54526 81.51052 76.9635
70.80593 68.67221 58.282726
80.94128 82.121956 72.18446
84.20247 85.37746 74.363144
78.81854 83.96533 79.38527
82.9004 87.98572 83.07519
80.64898 84.48297 78.6861
63.66489 65.10846 58.1926
35.427944 26.57457 7.2960916
92.307755 58.205772 28.464773
46.771225 34.17551 5.814326
68.28776 59.65107 52.483856
51.792267 39.155678 8.627312
37.612606 32.50183 11.635416
74.0068 75.46817 69.87412
54.232468 38.782433 10.399484
38.62996 30.860271 10.445036
44.987125 32.83217 7.294883
56.132572 25.217567 7.3581467
80.78694 40.596073 4.0666294
53.63522 38.327137 5.978008
41.632866 30.024868 5.7528267
52.036274 33.767433 5.436246
45.90125 28.687569 3.660643
52.700542 34.15231 4.3753347
53.06173 30.812136 3.6836808
48.682274 29.791975 5.8290634
65.81697 39.29286 8.601693
69.0003 43.586727 18.410332
66.49147 41.25433 5.6260376
52.70224 35.324585 6.444285
55.941574 77.23005 74.53578
24.429842 53.279327 54.589375
35.568493 52.20136 49.685055
23.308804 47.121265 43.48693
26.782007 46.48082 44.239395
33.767075 51.635056 49.73126
52.241096 82.49399 79.24426
35.020912 52.183975 47.347233
39.35109 59.429646 54.786713
33.385662 68.46137 67.30171
61.450302 45.54701 24.690145
67.40834 51.923534 27.32024
78.71691 51.101562 21.073166
54.21273 38.207405 9.590549
25.431017 44.189007 43.356644
42.941147 31.70685 18.372295
56.232403 43.66917 29.148422
29.405268 49.0864 48.59493
43.52856 69.8671 68.987976
38.84168 61.593327 61.102673
36.0381 59.78488 57.892525
23.741684 46.09398 47.932064
37.627575 63.332527 60.661755
26.582935 50.10006 49.37233
54.07846 75.407486 69.75312
30.3472 57.96059 55.711292
52.797367 69.58908 67.12937
34.410397 58.67352 59.199825
42.53516 62.05111 60.52379
32.545486 64.44621 65.99683
44.51706 75.254654 73.42922
31.276453 46.55954 47.532417
25.154663 42.735573 41.837757
29.32828 53.386086 53.086597
34.07261 58.217926 58.42837
36.425037 38.583588 32.047512
43.264557 44.75616 41.157898
32.166687 37.699596 34.56823
65.22995 67.62963 60.940136
41.578754 45.78397 40.208187
35.888634 37.175774 30.877
33.95425 37.00817 26.306517
38.054146 43.14068 40.03199
24.211227 26.405594 14.95216
25.018332 26.075354 13.737206
31.172571 33.21139 23.653944
33.03062 34.591106 24.932226
27.24005 27.128717 14.168845
28.084309 29.43252 20.437618
27.536827 28.12362 18.91641
33.95762 34.261715 27.339815
80.6062 38.647865 27.337952
41.818542 46.514183 36.861187
38.294033 42.74714 37.981537
43.729004 46.44474 39.121822
37.584667 36.548656 33.266094
51.0947 54.754753 48.87236
34.45863 32.372425 21.530718
58.275177 54.929253 45.460197
37.880695 39.968468 26.549965
39.81802 38.89612 31.305666
42.36929 46.667473 44.164566
32.119534 35.575813 32.72845
39.167374 40.632313 32.413143
71.377426 74.94026 68.59803
35.62019 35.20136 27.756159
36.91128 38.764557 35.191296
34.470165 35.91177 29.54418
28.244232 27.740278 17.447323
36.803116 41.666 34.88027
90.60669 106.57679 92.4187
27.944546 29.685217 16.98706
38.95327 44.278316 46.211033
33.909843 36.8789 30.443336
29.884321 31.209234 19.453957
31.03137 34.339684 27.300013
29.948042 22.368048 12.63156
32.977844 37.885204 36.52663
34.308216 42.08199 43.563656
33.992256 38.39798 35.82583
44.397392 46.914974 46.36501
24.521143 28.051107 22.836252
32.026566 40.97373 38.384583
28.262598 32.605125 23.480621
54.026665 60.17672 57.437813
21.293837 26.668453 25.48353
25.01915 31.084276 30.78691
69.26139 74.04957 73.72675
28.233057 28.293837 27.595026
30.573132 29.929384 24.47448
29.188616 34.015293 26.269917
36.260506 42.650707 36.926575
43.55454 41.147377 26.559376
88.76132 84.11728 61.572643
27.018888 38.232273 27.16133
34.750244 36.655838 30.805798
35.737076 39.031437 24.56421
26.320143 35.586727 22.409712
35.169563 35.316906 27.674368
33.31805 38.00719 24.242468
40.44435 41.940166 32.20368
24.060747 32.169075 19.629076
31.252695 37.223843 32.026043
37.952423 33.093456 18.611399
47.70283 44.595745 31.272596
28.218874 31.581139 26.80547
46.536827 54.012157 40.66267
28.083818 33.567284 32.192894
64.2376 83.56392 91.0431
46.17087 37.68355 22.734789
56.712337 53.06637 43.894287
26.954153 27.402033 21.961931
31.820568 30.963858 27.681818
41.5349 25.857363 10.111659
66.03359 46.37903 27.250769
61.049377 34.812954 13.08042
63.786976 36.384354 10.197471
52.623653 52.000687 28.09274
53.7042 51.814487 27.507875
36.343834 40.11944 21.694431
33.64793 31.782923 12.554931
38.31681 40.440754 17.701687
32.68832 34.73113 15.772074
39.082478 37.25675 16.366676
59.91151 58.87017 31.987812
54.369747 54.60522 29.214855
36.384583 35.630318 19.42298
57.541435 60.53823 33.07333
40.15032 37.91945 19.47889
55.676067 55.534245 29.22675
53.66097 52.069733 26.65463
42.78302 43.191326 20.182863
37.272663 40.697765 21.282465
34.151134 38.07493 16.421835
56.0863 60.889027 34.282074
54.968075 58.27593 30.35746
38.015915 34.942062 14.111757
54.867916 64.13836 33.689857
37.75116 37.374943 14.5069275
33.216652 34.170902 12.419417
33.10192 32.633064 13.270145
48.560684 49.093525 25.154305
47.291843 61.787727 30.528952
39.73855 43.706783 21.108948
47.452747 60.864323 30.823442
41.399353 41.211033 18.442553
48.65185 45.00343 21.297594
25.280537 35.803413 15.286714
39.107574 55.10359 36.20443
44.278152 41.749428 18.343279
46.22113 39.536533 15.186589
40.998955 40.64597 18.226946
50.274525 49.13731 24.981798
55.67453 54.476833 29.377459
51.532024 45.69368 25.164368
31.455559 35.01575 13.114764
32.635643 30.79583 10.135743
40.181686 37.703125 21.280113
37.602737 36.953564 27.436932
31.165545 20.93141 6.4454284
35.703125 38.453564 34.525784
65.22711 64.54287 50.12359
54.56506 47.166298 25.465328
33.29289 33.26397 27.632572
41.510033 37.952682 28.590027
34.387394 34.07774 22.948957
49.918533 40.011143 23.181295
46.118164 46.83671 38.4818
44.7774 36.11924 19.56346
48.616135 40.468792 21.012417
53.04928 44.216816 23.173452
55.02915 46.117477 26.691818
62.774296 57.152637 40.433468
57.872623 51.53941 29.564833
55.52761 46.41197 27.50817
59.54454 54.628326 33.717632
55.899025 50.175415 29.765244
82.51464 57.78279 29.783838
68.975395 67.135185 50.28946
73.36396 71.00909 60.89148
55.149467 47.01686 29.320763
47.875137 37.43618 11.808673
48.638355 50.034084 28.357035
42.31743 35.97853 27.41504
44.848473 34.236717 26.677015
49.733513 34.648453 22.743513
70.934975 64.034805 45.388374
65.56493 63.030357 45.078983
46.253906 34.28802 14.921574
35.01729 22.885105 10.463662
59.978107 50.55101 28.41762
42.188614 32.39089 11.156101
58.901184 46.947716 31.926868
43.350956 40.740868 24.439873
43.275505 47.6744 31.603653
57.049866 47.89654 27.037907
58.111855 52.591923 31.420103
51.247208 41.082184 24.012188
40.487354 31.581793 16.457977
32.139565 41.92203 20.739134
65.56137 50.91504 35.434055
103.564766 77.71322 31.416607
85.90687 58.029247 27.081955
42.028854 31.186262 21.354357
54.991898 43.243973 27.560518
68.298904 63.285046 62.109634
74.00846 73.7277 66.3405
69.57679 64.933205 54.141136
59.979576 65.35818 61.821056
53.523006 48.99036 41.32877
26.118294 19.857199 10.331384
34.710476 29.279295 16.669956
37.68796 29.919744 17.155775
40.368637 35.20087 25.597052
40.978825 39.91458 35.062283
49.57137 43.032906 33.78531
47.70309 41.645187 32.547676
23.179956 21.252401 6.3947453
43.23636 31.947748 8.273315
51.486145 37.124863 13.454905
98.912 57.48585 10.863865
86.53199 52.277008 9.215052
54.479706 35.13584 9.118293
43.799686 30.436508 7.462813
58.926376 41.61388 16.019672
51.236946 38.09104 20.5133
26.005817 22.015425 3.674237
34.16793 38.46079 31.470491
61.07238 37.22979 12.23933
64.494774 43.673977 16.558918
32.809784 29.770864 20.62643
28.61666 23.47229 4.999118
31.304228 27.558231 18.786484
31.942291 28.136036 19.616398
42.020523 34.513004 16.371544
32.800404 30.651363 22.308378
41.407455 36.48304 24.4601
31.742239 26.35112 8.274786
42.97889 31.079046 7.156591
43.118458 49.990917 39.949318
43.338604 39.214626 25.281942
47.528202 42.72956 29.553133
65.42775 69.79795 53.716293
50.623425 49.396183 37.452812
63.89458 68.43631 54.911934
56.71711 54.58823 42.838245
48.66914 45.837463 34.601627
71.250244 69.13012 60.50889
67.70633 74.30028 62.579144
53.805897 64.79841 59.22848
48.591595 60.75018 49.294067
60.094307 71.01438 64.42399
49.161884 61.910824 55.408405
54.96154 66.47677 56.55565
72.03003 99.643715 87.92759
84.34243 80.62401 59.329422
53.38648 56.791157 39.631855
72.8553 70.92327 50.56516
55.558624 54.812855 38.49278
83.06124 80.71848 67.020584
98.95278 96.992256 84.41076
95.221 124.72809 112.33161
93.87383 112.94961 100.10254
77.67715 95.6528 84.313576
112.17267 46.854782 28.296223
55.042057 65.169304 47.990654
67.24283 81.59872 69.16329
77.44817 85.552185 69.27067
51.470165 55.560093 47.328476
62.059113 66.84677 55.8869
89.18064 91.96729 76.10604
40.36151 37.7791 26.466146
56.487812 52.655544 41.36465
40.600418 32.985165 17.268446
65.8939 59.94448 45.239853
62.83184 58.713974 44.5763
50.865726 49.036697 35.53052
44.940887 44.90824 32.5832
55.23946 55.743122 43.01745
65.773384 62.53258 48.381184
63.299946 58.55114 44.17979
71.72587 65.44409 50.05506
63.829815 61.14607 46.9733
59.91896 56.647636 42.44811
63.133293 82.58369 74.437065
62.81145 82.81364 74.57506
62.79799 81.977516 73.92589
74.87396 89.49784 80.226524
62.299786 66.116035 56.35295
56.72469 52.969448 43.184498
59.28874 56.58058 43.192993
53.56784 49.220474 39.626396
55.549866 54.155315 44.32024
66.98128 70.0683 60.1877
57.282955 59.014248 51.089733
57.930202 58.835175 49.786484
67.10819 70.42961 58.39651
66.40458 72.44514 60.942097
52.56679 46.572414 35.443043
58.62359 56.562416 44.481144
54.551598 48.083164 36.596073
54.306026 53.876316 41.116726
57.427814 58.17365 46.042088
64.86063 69.19371 60.827396
38.9021 36.994446 29.088099
61.70123 56.606888 42.557972
45.09578 46.841743 39.624405
47.64911 46.54268 38.5231
59.033104 56.846123 44.590714
67.77923 63.467648 53.00186
61.526142 57.396446 47.322266
48.098164 43.75433 31.81207
77.22744 75.413925 62.996895
66.758675 65.39439 53.64071
59.17953 62.01817 53.453106
62.758675 59.551826 48.02036
43.088394 39.04931 26.038136
48.56385 41.791286 29.2874
64.50007 60.802887 48.437748
61.65231 58.55114 47.88759
61.84576 58.64757 49.200184
52.875435 54.943665 46.17156
56.8871 61.15767 50.75531
56.3489 62.204563 53.41847
62.618458 65.862366 57.65643
50.230705 45.301125 30.780014
41.594013 37.882458 18.275179
40.700413 36.663063 18.92167
73.29694 63.55516 47.77119
41.49461 37.94889 19.279556
65.27433 64.47232 51.195152
62.533657 62.047253 50.2989
54.25103 51.734886 39.749622
39.145546 44.434055 40.232372
41.01895 39.11166 31.253546
38.83063 38.450592 31.27168
41.301224 39.202274 31.700869
40.82011 39.88416 32.44876
52.50464 46.862755 33.465034
58.01918 53.59581 39.497875
56.83632 51.32256 32.13375
46.30828 37.68865 24.386969
54.81936 53.646004 35.97866
53.6063 46.50987 27.236195
63.252403 58.342724 40.595715
52.712177 48.623978 31.328476
54.718906 50.958893 30.632278
60.251423 56.197895 36.929058
52.979218 54.592968 37.71041
53.320045 55.066334 38.31279
56.302006 47.31057 29.06748
58.257305 56.647865 36.983074
58.37641 54.943142 37.44592
58.710117 53.399387 35.97461
58.808117 53.147083 33.015064
57.161655 52.892162 32.570324
55.20989 51.24724 33.345665
57.53513 54.757534 37.39236
52.789623 49.467945 29.714691
52.37844 45.80818 26.426704
50.00503 55.08421 35.23319
70.00912 65.85759 44.410854
56.406445 53.3821 36.35148
52.752926 46.75508 29.346775
52.373405 45.15228 28.162668
47.66597 42.7277 27.736422
56.949905 51.523006 34.582478
49.847397 42.562283 26.717632
47.020294 46.007057 31.667702
54.521305 52.80194 35.50451
55.593884 51.410824 33.560028
71.32687 71.6894 50.97951
61.654926 54.945526 33.119827
72.418205 72.871254 48.26175
51.4933 49.30756 29.245474
72.111336 69.69179 44.57019
65.38142 67.64267 49.48752
47.007744 49.1895 29.756649
47.515556 44.31975 32.992157
56.369553 48.538887 28.646395
38.351154 32.039246 14.429646
61.97644 55.99536 34.868374
53.77338 52.165512 36.0979
52.33498 44.543003 24.920103
60.74469 58.3787 45.016502
47.04578 46.81145 25.483955
65.97395 72.91667 62.038136
79.5 79.456474 59.146626
52.538593 48.232143 26.693876
55.865467 52.209167 30.777824
63.0383 64.51271 44.769886
47.100025 47.9385 26.716293
39.719105 37.495785 18.637638
43.30338 41.202667 25.852983
46.513298 47.651527 33.589733
46.74894 47.910038 33.95092
39.770798 41.715412 28.96448
50.739002 58.911312 47.26031
47.0979 50.151035 37.84805
53.268543 52.24874 38.220085
48.927326 51.941246 39.13875
47.666916 44.514214 24.549017
49.870205 41.220608 26.596006
64.241455 74.811676 61.278576
59.956768 49.341087 32.686
53.420856 45.587414 31.002125
51.62924 44.12852 29.839554
56.28789 45.360596 30.245605
48.546368 40.14715 24.917194
54.510033 45.137573 31.232992
51.512123 45.075256 29.897621
57.97572 53.37311 38.14672
68.90262 59.21479 38.812595
51.780964 48.934025 33.418697
59.81315 54.144238 35.19319
45.28302 44.159042 30.588688
51.53526 49.93517 34.942127
39.482876 35.269722 18.386414
33.36916 32.166656 19.094177
45.87256 43.943108 31.67231
53.108555 47.426117 31.016861
44.242565 40.81485 29.667276
51.151657 47.822887 35.52529
54.81191 50.144337 36.56712
52.147114 50.55405 37.793575
38.54928 39.697273 29.416737
46.733353 54.132313 46.45471
49.624763 51.89808 43.71466
54.42239 56.086987 44.379288
51.07382 41.884483 28.357231
45.9735 42.46781 29.359257
36.762043 31.441475 9.676916
36.031075 33.09888 21.872557
37.28838 29.76982 14.262173
33.333443 30.87651 16.008759
32.047318 28.430626 14.016633
31.750376 21.31475 9.57787
27.155022 18.092052 2.548853
39.782303 36.93216 24.221815
52.661232 45.453957 33.404907
57.979805 52.266876 40.6561
50.86759 46.644436 38.96072
57.29341 51.63156 41.38772
63.389256 54.30446 38.893078
47.450428 49.091465 38.885956
42.696556 42.362526 30.160513
45.894157 42.612576 33.526108
40.684986 47.304817 37.350956
51.91076 47.645874 31.526403
33.707993 32.933697 27.421574
45.402554 46.29704 36.133846
53.169693 58.694496 46.905922
46.421997 47.46288 37.981407
64.75913 71.624695 58.23701
50.4021 52.749462 39.42053
52.538918 58.858734 47.32596
35.433044 34.48105 22.315731
37.078068 29.62705 13.990262
49.37762 39.293247 26.20943
51.920856 35.417847 14.917849
50.79815 40.873634 27.537743
30.951015 27.847265 13.604143
51.996178 40.787693 26.10274
52.460262 40.860596 26.118227
57.577545 58.535847 45.46409
51.998756 48.56748 33.576107
55.29714 44.760376 30.701916
59.70518 60.314293 47.074898
60.634502 61.293087 49.01673
56.197342 48.626366 38.180088
55.61715 46.52647 36.08199
61.82158 62.119926 49.300175
58.46072 60.710835 44.802334
72.74688 60.195248 47.768284
49.16453 43.870235 32.29168
48.738808 43.428566 31.418371
59.494476 52.822693 43.06578
49.013596 45.37125 31.972355
33.70989 30.321253 17.377197
44.743874 37.050716 27.147474
34.04124 27.058592 11.643749
49.94288 45.392426 31.343212
50.026794 46.403145 34.285633
40.92448 39.009018 22.6312
54.260048 44.954414 30.874584
27.809587 27.85599 23.13094
58.318314 40.858276 31.014019
32.965755 29.786354 23.821842
28.917227 21.420168 8.628587
53.484283 58.38857 48.81681
41.331875 36.68976 20.657507
42.395824 41.86818 26.5798
55.532417 55.49497 45.64081
42.917816 43.54908 28.228155
50.657017 52.378994 40.536434
55.390728 67.94474 57.31289
45.49549 39.122215 23.251324
41.115482 41.127575 25.72564
44.16486 46.521275 27.75812
42.47428 37.487648 18.621887
54.024117 77.65153 68.7859
57.762924 53.555912 32.763283
42.24771 35.703213 18.899574
42.55977 37.925102 18.283577
39.264427 33.29975 18.464382
45.970753 38.2375 24.445135
43.28838 38.025097 19.453272
44.00353 38.752174 24.273708
44.23737 40.447422 22.195215
41.317333 38.892914 20.522385
43.5764 38.443336 18.964022
36.558197 32.97376 13.569179
48.388832 41.008266 25.308249
45.629536 36.30929 19.721521
41.678356 40.05562 19.51647
40.378372 35.6379 20.508398
38.887787 40.24214 19.160774
45.33671 50.03941 30.568884
33.181686 27.706718 17.810665
43.25616 37.51098 25.696817
40.308968 34.777172 21.424417
33.90837 30.456049 16.24956
38.808475 46.648224 32.0448
47.085354 45.156887 31.292791
32.84318 35.83635 25.037907
51.26214 60.98804 46.634632
42.39272 61.614143 62.593327
52.00392 74.15806 73.10839
53.16169 78.87272 76.32965
52.14754 65.42915 66.57268
38.0316 64.85707 66.66544
36.498756 74.50977 77.08284
34.728287 56.530193 60.61264
57.89004 89.83214 89.80233
38.016537 62.594894 64.045685
57.358475 80.51029 82.37595
39.337006 60.481506 63.691654
38.886055 65.092186 66.818214
146.32687 173.81004 161.19473
80.50003 98.377625 97.33599
36.385334 60.40602 63.381153
41.008724 56.377785 60.4917
38.792336 51.227665 54.241978
62.71319 102.34315 100.97076
75.984085 83.70659 93.0367
48.981667 60.18633 60.191654
129.12349 146.57722 138.46413
66.80145 73.31103 71.97909
66.953896 74.84269 72.19316
87.78345 120.10862 114.78014
37.916084 48.570454 47.641888
59.04771 65.24848 63.91481
39.91775 69.02565 72.318375
72.9686 78.34308 74.28292
75.0615 74.55349 69.0549
74.15309 77.85815 75.0001
58.210247 48.03601 33.137115
89.57372 101.26335 94.711426
73.13901 68.63427 62.43899
0.0 0.0 0.0
0.14629763 0.18551075 0.245997
0.5309457 0.5843409 0.5630351
0.0 0.0 0.0
0.43588653 0.47627607 0.45787856
0.66688454 0.72344947 0.70126134
0.6088491 0.66744006 0.6427031
0.7163584 0.7951768 0.75952554
0.42451474 0.47421739 0.45425135
0.3532449 0.40402588 0.3833083
0.2958957 0.34556565 0.3246193
0.29890203 0.3253382 0.31069866
0.0 0.0 0.0
1.8637344 2.0531337 1.9642833
5.9556236 6.638292 6.357395
3.755833 4.1812954 4.0020914
7.273642 8.2905035 7.9693155
3.214169 3.5332332 3.3982747
5.6133585 6.2434483 6.007941
5.489772 6.0615973 5.829619
5.3895497 5.9149404 5.7020454
4.75482 5.232011 5.0327754
4.3969674 4.849977 4.6744986
4.438305 4.9928107 4.748742
5.204431 5.7859616 5.5660415
4.37808 4.9359846 4.692177
