0.015817901 0.015022184 0.013478974
0.25619695 0.23316936 0.20324557
90.55295 73.73915 64.59992
90.67593 73.85465 64.65012
77.21571 66.364006 66.85026
0.24462287 0.22099248 0.19249132
117.966194 111.33912 102.62288
87.81576 82.43815 74.32745
69.916084 61.843414 55.010803
116.33377 109.81001 100.92431
89.2004 77.18892 60.821613
101.03195 92.661964 85.273506
84.76348 73.84252 60.780815
80.8118 69.8594 56.010994
95.54227 86.43694 79.26538
132.9931 122.78316 111.43924
92.01662 84.5435 65.06404
151.06645 140.29788 132.39207
157.23558 153.27318 143.31654
67.04039 55.319202 43.876495
102.27298 90.84959 75.73522
93.27749 81.66375 67.61068
100.31238 90.30225 78.5429
86.822845 72.673225 60.00453
72.8791 63.536 53.52515
66.35815 55.811344 45.914715
73.891205 77.83589 82.17547
101.784966 92.26331 77.31136
168.71921 156.39554 130.13727
94.53077 83.00685 69.997635
118.66365 108.855515 99.654564
99.1346 85.66645 73.128204
142.61931 132.19943 121.35651
91.78308 87.48235 65.53031
71.66701 60.356915 47.427757
81.50576 78.838684 67.45578
79.835434 76.12018 62.655067
87.749855 70.257645 45.735653
127.42448 120.06998 101.05594
136.74847 130.63269 119.2242
167.96468 163.19476 164.18916
110.604164 109.19469 107.16548
101.63554 100.40994 97.14569
115.85135 126.88231 142.08574
83.0815 80.39858 75.77368
154.36745 156.68845 163.48181
96.61048 96.02074 93.23298
120.08104 118.946014 113.29241
139.24738 132.16705 125.141975
97.59681 93.30384 88.31088
145.88535 145.24081 142.70137
92.899765 89.34411 80.94915
129.34512 127.71374 124.33355
96.05693 89.10491 90.145615
67.001854 62.37922 57.063416
119.731316 121.43376 108.17499
75.2505 75.22926 56.7065
125.585724 113.001595 106.739174
101.62625 97.55768 87.12493
121.87835 109.92896 93.53718
125.23064 122.35706 113.45409
94.938515 94.63105 95.32596
122.37866 120.40941 115.587074
44.20751 42.09047 38.584007
104.67542 103.51671 100.046974
102.11605 101.1984 103.688416
7.285904 6.394483 6.1251445
24.316141 22.104021 22.604696
64.71815 53.962383 47.484592
28.987244 17.177494 10.561825
30.717232 16.500313 6.3740835
66.6271 61.056545 57.4063
174.92188 130.18562 139.0175
65.8457 62.783783 73.57646
33.65919 31.705706 46.833214
44.03969 36.855274 38.946205
66.24421 69.854675 81.590034
111.47017 110.69683 112.35923
85.15232 46.47379 24.411797
41.40548 39.48375 42.010223
88.76768 83.305145 82.95954
147.7579 144.31804 143.38531
95.50854 88.48867 84.23307
109.20344 100.39528 97.80232
105.22955 95.53549 92.31911
135.43747 132.41783 123.60096
110.33671 99.92272 97.01907
86.680046 77.35761 74.214745
125.219955 115.699554 113.93864
79.798515 66.16703 56.48898
133.56429 122.98818 121.06817
148.64716 143.89844 138.25186
83.16184 76.05556 71.34011
142.26895 138.92162 137.50664
25.583574 25.974537 26.966122
145.8398 143.56009 142.53639
146.76093 143.02979 143.16057
154.94322 151.03865 150.284
97.71185 89.19502 93.72066
94.68675 89.883995 89.99747
137.57884 139.90555 144.58867
149.60214 153.16705 157.82639
120.64374 124.628494 129.40962
158.78275 162.71797 168.03754
122.88848 122.70252 117.10477
109.47586 115.6332 126.298615
138.06529 147.83914 157.56458
106.34402 109.428696 112.25617
103.51731 107.17626 111.13317
144.79321 148.73889 150.91478
103.38836 92.04372 85.32164
103.61943 96.305725 80.4681
91.62826 90.40326 72.89518
123.6122 121.15405 116.84741
70.872734 64.05797 65.64586
133.7228 125.83343 117.50412
49.827595 43.87495 45.166065
100.27317 95.85624 90.92858
115.49682 106.24539 97.52575
102.34522 94.75031 86.48944
74.97118 76.68099 74.692154
116.20373 113.68366 111.69637
101.92267 98.65772 90.672066
83.98257 79.359764 73.6646
90.0368 85.61063 80.56329
90.06797 81.9165 75.642265
108.47022 99.56366 94.638885
95.41232 88.2927 82.840904
102.97704 95.359474 88.87816
85.21009 78.527245 70.763794
74.52865 64.970825 57.16985
68.4279 56.862896 47.360268
84.93499 76.88684 71.1822
70.56769 60.393784 54.308064
87.60318 76.268715 69.585
93.39663 81.14762 73.58384
106.77874 92.32323 77.83068
92.35272 81.378426 74.940155
97.015045 87.55731 81.866486
103.954475 89.678986 75.037926
105.90184 91.46436 76.72565
104.76133 90.73703 76.84153
96.55001 85.14796 76.550224
101.662155 87.55529 73.59016
90.060936 78.80367 71.11017
88.72839 77.13853 69.08442
97.45248 83.92655 73.85964
94.13547 80.310936 70.60079
106.151764 95.111015 87.85298
100.06892 88.1936 78.78805
100.81364 88.262566 78.94722
120.04729 107.245636 94.42576
90.307434 81.19717 71.75282
116.23281 102.54955 91.35578
152.82155 151.59549 150.98804
127.53998 115.124275 104.2908
90.80353 92.8017 106.98618
157.5126 157.74821 163.40193
104.76546 108.12857 105.924934
145.16168 145.09392 158.12244
53.179398 52.24361 54.22413
133.57402 135.66544 145.66594
137.79346 139.8725 148.59666
125.167534 126.71636 133.83311
165.44449 162.37787 165.16386
58.015312 53.691887 62.711132
79.86318 66.976105 60.841846
122.43837 108.21528 102.29135
104.11596 91.2345 79.07825
150.00699 142.91963 135.16985
147.78716 146.18015 148.78221
98.79297 86.39738 81.644264
112.2534 100.03853 94.14945
45.548225 38.6488 34.632305
72.68193 66.94975 65.573784
142.97215 143.82397 142.57614
106.13009 89.94461 85.66913
116.821785 118.91621 122.193115
81.71294 69.71694 61.657143
145.72516 144.34683 151.13037
132.36963 124.63768 120.97977
68.39191 74.60554 88.506004
83.45508 76.58222 75.2576
75.53747 71.07993 73.01331
126.281006 122.462166 124.41985
115.020424 114.7506 120.30775
90.19724 84.36005 80.98093
133.37291 130.72256 129.0832
118.92771 111.85395 104.6725
83.65849 74.771484 74.660545
29.552807 28.086805 28.778284
30.092785 28.53588 29.544344
91.6997 90.24539 88.82721
110.499756 108.04902 105.73741
83.32846 76.02064 76.375
89.20202 80.92578 73.991875
121.907455 109.51403 110.17532
96.590904 93.94816 90.90307
143.26353 134.00423 124.23712
131.357 127.036316 121.32113
94.03279 89.7079 85.28796
166.17404 149.87749 133.81993
77.01278 69.73336 62.89258
128.80368 118.74713 111.99834
101.61605 88.88286 77.781975
105.92113 90.6951 80.1603
86.698135 70.40324 56.64229
109.76463 96.71067 78.57586
51.049263 34.179325 29.647762
34.691647 29.453318 26.379992
40.446568 39.479553 38.43135
18.430628 19.249205 17.506655
94.44864 80.02431 70.18904
104.95701 89.72309 80.53113
28.32094 19.078703 16.107712
54.493225 52.367455 51.26172
42.957344 39.01529 37.23592
45.876663 41.494453 39.559246
42.245396 38.912735 39.431473
85.62141 72.13291 64.22259
61.029057 49.91322 42.694492
92.334465 80.41647 71.41847
64.381775 47.865475 39.05517
23.87992 19.926191 15.998264
116.9301 78.8057 90.52821
52.708164 50.839314 46.62018
47.683327 38.374157 36.405697
49.033253 38.67414 36.28178
35.811607 29.74935 26.01372
56.698666 52.399307 46.15227
32.624977 28.285421 27.568794
57.55857 53.53489 48.995056
39.30158 36.74708 28.92484
39.362946 36.708694 28.95192
32.130207 27.76114 24.441912
48.63491 33.211926 27.136454
15.889636 13.843051 17.49783
6.016879 6.4674478 7.078487
21.035109 17.769241 16.560379
18.335913 15.891276 15.217761
27.396725 23.432243 21.470848
15.958647 15.156201 15.044102
19.31865 17.458912 15.313151
17.953897 16.228058 14.227961
25.303434 23.017338 20.074774
28.981892 25.426336 25.551529
26.255667 25.689888 24.852528
14.838638 13.196422 12.614583
20.5367 17.663965 17.481964
68.008606 64.658226 70.42077
23.949581 20.421392 19.055676
130.84183 100.98729 101.26953
25.59404 19.945 18.310402
24.757547 19.401596 17.694252
20.782698 16.632427 15.453174
38.67576 30.693167 26.255087
17.615114 16.646267 17.039545
30.592182 25.20409 21.600502
25.721306 22.418451 26.623072
18.948423 20.048973 23.425058
59.292633 55.474056 57.468025
26.385561 20.69401 18.968943
34.36586 30.446156 29.56491
22.57634 17.75745 16.097946
27.877073 26.31508 26.464361
21.791088 17.28735 15.818577
36.187622 33.844883 35.526936
31.403814 29.236256 27.7602
24.057701 22.033396 22.070795
55.440804 46.22572 35.850502
76.3967 75.6394 74.69435
17.26548 17.946856 19.531275
30.355637 30.169682 30.599585
20.97133 17.960215 16.395664
23.120876 19.162085 19.529972
16.520327 15.565562 17.012514
17.380522 15.894362 16.81291
17.327425 13.721764 13.364752
18.518976 17.709707 16.852335
15.025391 14.618465 16.41182
10.602189 10.629847 9.870611
22.91599 18.724657 17.992405
19.794294 15.078511 15.803627
27.12524 23.904707 19.647352
12.504364 11.375049 11.617115
17.774065 17.16932 16.06209
37.421898 36.593197 32.329765
22.726587 20.041859 18.372082
23.927734 21.049889 18.855204
18.694082 16.986473 15.331862
20.768156 18.160254 16.012032
21.974657 18.93099 17.562475
18.644314 16.884838 15.417559
20.628979 18.468943 17.053988
20.861618 18.130907 16.062813
22.985075 20.312935 18.843267
22.464964 21.932798 25.319878
15.302179 14.440417 13.694806
54.07482 53.26524 52.98288
46.993828 31.07048 30.31942
59.902008 59.597343 59.06139
42.220486 41.206356 39.62459
36.4722 34.323254 34.55932
20.816238 19.587793 17.785904
35.791306 28.793789 24.743778
34.2575 28.9803 25.443987
23.461372 22.020182 19.785301
27.935667 26.70151 30.986858
30.299046 24.848862 21.448616
18.471643 15.899161 14.582538
71.286385 71.16413 73.94685
45.227768 42.0102 39.63192
44.573906 41.73558 40.285664
19.108072 17.495106 19.008415
32.071205 31.063465 31.373722
34.671658 35.111134 34.642845
22.2208 20.25106 19.020304
33.784748 33.126328 32.600838
61.745056 52.49279 54.617935
39.96149 32.23734 25.16973
56.779007 54.95216 53.107086
32.02457 26.834442 23.63778
18.478806 16.929157 16.020327
60.9022 59.857567 58.760223
27.870588 20.918692 17.49173
57.069202 55.35038 53.26184
14.779417 13.808859 14.273414
16.389034 13.259838 14.3446665
28.392458 24.49038 20.523245
38.949097 35.13004 31.889637
8.454668 7.7971163 7.403067
38.587265 31.234278 24.524137
41.980083 34.65314 30.09908
16.127966 14.194806 14.238112
24.768373 24.398052 21.972319
30.732832 24.131607 19.454933
20.765865 16.377941 14.044704
20.799406 15.960382 14.676601
43.409554 37.24414 36.33379
41.62071 30.166473 24.321543
46.80664 40.9246 38.248745
30.364944 23.909046 18.66862
34.141083 26.527584 21.826244
22.767723 19.83372 16.54878
51.853733 45.486618 41.840424
45.65543 38.747036 35.59833
38.5347 29.651669 24.75651
35.266518 28.467375 23.194975
68.89844 54.099247 49.71347
44.05346 38.9722 36.750195
124.22548 105.86646 104.45363
44.62857 44.30881 41.24631
13.359978 13.059389 11.021605
38.65215 37.286774 39.64774
14.582683 14.011261 15.233097
56.539883 52.88515 51.138237
52.67629 34.762974 34.83919
63.69987 62.751472 62.962265
39.9463 32.3328 25.638142
47.65391 40.597076 41.967953
26.052782 20.052372 20.039497
18.83015 15.92419 14.053988
25.315031 23.715809 23.614174
29.484447 24.664375 23.33302
15.224079 14.261719 14.24672
25.821953 22.884693 23.552927
39.82909 38.327957 38.772472
37.43702 36.93024 41.23194
25.767048 23.307196 20.142048
27.584297 23.9083 23.048828
51.055943 48.043404 39.96663
35.05201 32.01852 34.647137
30.693794 28.39106 30.018108
28.881872 27.996794 27.974442
27.710022 25.997034 28.046247
28.49255 26.4511 28.06959
30.930338 28.894386 30.550684
40.36837 36.727093 37.905308
21.035519 16.59293 15.359061
38.18239 30.42935 29.315563
68.55835 43.11603 48.395687
72.36596 49.545525 54.557896
36.860775 32.64424 34.818768
190.84906 149.31055 146.74709
54.30136 46.032963 44.844933
55.188198 31.603033 33.71554
45.08261 30.672623 25.929422
22.421345 20.24209 20.006077
23.241632 20.24484 19.101683
43.343437 23.915823 21.542126
6.3503327 4.0889273 2.961709
59.035904 49.426384 32.15866
38.857975 33.75371 24.861208
59.015263 53.434147 39.77609
23.448664 20.790653 18.87529
52.822533 44.831524 31.502846
21.755209 18.771702 14.946639
66.4267 59.243393 40.528717
19.08015 16.5591 15.991899
103.22208 83.52049 65.32494
46.68251 38.51413 29.653067
83.98151 72.97538 52.905285
50.153526 40.634983 27.465229
22.365572 20.048128 18.13421
19.425371 17.513287 16.277391
36.759453 31.397665 22.086372
21.937283 19.973162 17.61714
46.161118 40.90141 29.979624
39.042416 33.58273 23.630281
21.467062 18.904972 18.054398
20.214386 18.11169 17.515793
22.306423 18.820023 17.414087
23.670815 21.557556 20.481579
22.1583 19.171297 18.457972
22.229166 18.948929 17.791016
21.755402 18.456911 17.831669
33.44107 29.474272 27.822483
45.031055 45.70303 47.34722
21.778719 19.276886 17.818552
21.427952 19.277441 18.220148
52.608047 47.346546 45.79087
34.83174 35.369476 37.428482
14.124325 13.964337 12.108941
14.59334 14.111811 11.338614
27.694227 25.83736 23.40584
24.544006 23.30013 21.600647
47.916306 37.6902 35.016495
87.40955 66.86772 61.89774
216.39581 185.75049 172.7057
53.19126 41.404346 32.965687
45.44845 32.42602 28.31549
30.055145 24.775896 23.256172
24.530888 21.791836 21.925661
44.126495 42.31597 41.923492
30.81508 26.289207 24.510416
17.004992 14.207706 16.2296
37.207684 35.35284 33.254894
18.078583 16.40772 17.245346
33.03306 32.58391 32.74513
94.20522 63.10385 50.48905
122.17561 86.04157 75.25721
56.227406 35.553265 26.061125
88.261284 96.92689 111.521385
20.881607 19.06713 21.648438
47.035107 37.4912 31.5163
62.71846 63.451244 68.13973
57.978035 53.255524 49.842133
78.28588 63.59775 64.542465
36.622204 36.56713 42.42472
16.02633 14.239005 12.509283
40.227215 27.636791 25.666498
30.561247 22.610605 20.8431
47.524933 37.360725 32.19758
81.77329 60.777176 55.656975
69.900246 48.600502 43.459755
76.62712 56.870926 50.14646
24.282745 22.291739 20.781998
32.480663 26.93439 20.091652
49.20069 40.482372 37.55365
52.42629 44.686607 44.025055
39.55293 36.185184 36.275944
36.378304 33.239582 32.383102
42.59351 40.58384 42.121117
42.77146 40.257305 41.019123
46.88091 31.655672 33.338013
28.349754 26.377 26.42026
28.70802 26.482254 27.010754
80.97839 69.57709 76.82972
53.55898 44.824554 49.02797
44.151474 40.447845 40.12987
15.969545 14.442202 14.746504
19.16334 18.684244 18.775053
24.384813 27.099995 31.472994
49.569542 42.51425 41.566986
37.41269 33.619576 31.588928
54.592495 45.30201 40.330173
43.374733 39.727406 37.007717
75.11097 62.075302 53.900078
31.014587 25.425058 23.998167
50.32509 45.994793 46.361496
37.3492 29.805725 26.911217
46.615765 36.78383 30.994791
51.994503 45.37874 41.885586
58.958042 49.353756 42.43077
33.818237 26.704283 22.322893
55.12447 48.412445 44.561028
77.38805 65.77202 60.66698
66.67684 59.823616 51.891663
76.53648 67.82185 59.720825
14.815707 14.496311 16.656322
23.029634 19.527874 18.991415
24.255642 20.74091 20.151693
45.263577 47.275486 50.535206
51.124977 35.890915 36.444492
23.439236 21.135223 19.343605
26.53195 24.181616 23.654032
74.461205 68.233795 72.67366
21.253859 19.268953 19.04157
54.494984 52.460697 53.26982
30.433884 26.488064 22.40866
35.19869 29.061077 26.690876
27.45122 23.51507 20.175661
42.733555 35.636887 29.607857
34.290318 32.028427 29.565634
75.09433 67.03559 63.848137
56.055386 46.1236 39.397255
26.257572 24.085262 24.884235
51.115814 44.87018 40.39991
40.71412 37.94025 35.153454
28.77416 27.723259 22.863764
65.97278 58.64311 54.729816
37.09515 33.96711 31.621794
37.89294 34.46793 30.607447
27.599442 25.157673 24.708647
59.16582 58.516033 62.38913
52.780598 51.194927 48.248745
40.852673 32.851612 27.84445
50.6644 47.162037 46.08336
40.450375 34.649933 31.52498
31.305315 25.286772 23.45503
44.74139 45.986305 42.483772
79.8681 66.13438 62.953415
61.255737 55.251328 56.097534
32.84117 24.495178 22.204235
50.940826 46.452835 48.584805
56.982857 49.369045 49.270664
63.792774 56.767914 52.589264
37.273293 28.808474 25.447844
40.97227 30.67923 27.988306
78.94326 72.38886 66.985916
57.929157 52.296707 48.304688
129.2097 115.91009 113.795525
130.68094 117.533516 115.43282
117.15372 116.68413 119.563126
128.61789 124.09647 126.2547
80.19992 74.49643 74.611885
98.10491 100.176506 106.62864
74.621925 70.25663 70.6429
81.76401 82.50041 85.770325
102.60298 102.68912 98.744354
129.89082 130.4971 131.82315
99.06404 98.687744 99.10875
75.57607 73.978226 73.52848
74.22109 71.615425 70.88522
105.27305 106.55469 102.35287
117.68636 103.376686 91.57306
102.0796 90.34368 80.78735
137.34882 122.35807 108.679276
140.44249 125.42643 111.03759
98.32883 88.94085 82.17221
127.88882 93.491295 74.92344
89.0517 59.024353 43.558086
87.908905 58.454838 43.565224
88.61012 58.91657 44.482735
108.98886 88.82883 74.82048
83.29723 61.560837 47.863377
139.0617 68.682434 59.09269
89.442566 59.616077 45.86193
12.054639 12.097921 12.058931
10.0469475 10.076606 10.050564
9.628207 9.65883 9.632716
10.630449 10.662013 10.635633
9.958189 9.990717 9.96453
10.852695 10.884139 10.858724
11.6970005 11.726973 11.701389
10.992598 11.021002 10.995226
9.884018 9.9081545 9.881269
11.19131 11.21154 11.183015
11.852623 11.869912 11.839579
14.580777 14.597801 14.566455
19.60084 19.269049 19.255184
