0.0050649415 0.003961687 0.006243418
0.59633416 0.64675796 0.6959029
13.81365 13.86084 13.905772
0.6306103 0.6754927 0.7176922
0.6472343 0.691189 0.73215985
37.730328 41.507896 36.05549
30.197231 34.217968 34.73617
30.633995 34.92172 35.626823
31.592798 35.72792 36.09453
30.109398 29.980217 27.658167
28.802015 35.56652 41.36954
100.048164 102.631516 104.4419
45.83677 52.705757 60.517326
101.46537 108.67773 115.51933
99.5936 105.970764 110.18971
93.12572 102.24911 109.988815
94.90808 103.41114 111.9404
92.30382 101.23888 108.634094
99.37897 107.06088 115.58921
95.924805 102.97798 111.46497
92.143394 95.49639 100.79911
85.49832 89.849434 95.70829
87.18354 90.96053 97.60609
106.23266 112.815506 119.95389
93.37809 98.94356 102.63329
116.71832 124.45447 129.89842
125.54253 134.02623 139.18835
71.31342 77.071465 82.65945
72.55414 79.059875 85.4665
111.061005 121.014694 126.54453
115.965195 120.902466 114.3818
110.38932 115.74033 116.15208
96.68083 96.46259 72.9304
103.36683 111.8059 111.01881
105.9906 107.774734 90.26052
103.450455 108.63282 102.599846
112.99554 123.44476 123.95482
86.53112 101.19595 104.21343
78.5174 89.19219 92.416176
75.826035 85.46442 89.61446
114.977486 122.4317 127.586205
94.755226 98.672585 94.16095
67.22208 78.72722 86.23414
60.20443 76.71973 74.65383
59.959103 74.81488 72.29795
78.8731 82.295 80.45732
105.91793 111.683495 114.52666
101.68196 109.993935 112.52635
62.877865 69.42851 76.11996
120.83566 126.55822 128.72511
107.04734 119.864174 122.7969
45.68535 58.859737 68.40159
58.72293 71.86977 77.6779
75.54606 87.9582 94.876915
93.769295 108.00634 110.65995
118.76072 130.34569 132.44331
121.41701 132.728 134.24362
78.295 90.67562 92.07344
59.429844 68.443085 71.48751
89.90218 100.331276 102.906876
116.54867 126.544556 126.45615
96.4068 106.441826 105.486664
103.25771 110.77413 110.04067
120.74051 125.99213 125.60333
117.33692 120.590546 116.73532
123.05531 130.73825 131.62395
110.65879 120.38832 118.31576
66.4485 77.01339 77.26904
75.97455 75.87187 76.33737
76.630684 91.14992 94.668495
88.958626 93.07693 89.98367
106.36901 109.55491 108.61827
66.00208 65.49985 63.12567
67.03586 75.30956 79.53506
80.56038 89.927734 91.151024
82.99248 91.30508 93.03766
70.38538 77.69151 81.17038
85.30839 93.274086 100.20094
77.40645 88.084145 77.53508
63.39504 68.87977 65.4569
110.12755 117.867836 118.31874
113.86006 117.36026 118.62589
106.854095 103.89918 92.095535
105.97092 102.83807 90.4837
101.59112 117.06068 117.19706
77.31689 89.1359 89.10235
80.14513 92.375404 91.095955
5.4347825 10.580964 8.036006
17.560228 18.514292 14.666566
77.61115 83.143196 73.46119
26.201921 23.856928 25.307032
35.896168 36.837143 37.682713
33.920364 43.1854 40.304073
15.247204 20.564842 19.678326
97.38062 101.34156 64.971794
147.98627 154.28928 116.110176
166.43112 175.85928 138.29866
91.94404 98.66842 69.03573
98.353745 104.928764 70.86242
113.51201 118.16459 87.830376
30.664711 32.836494 17.694098
86.02121 90.2628 65.30452
83.818436 90.57989 58.985054
46.715385 57.097862 28.915852
32.588512 42.267265 21.406023
99.79565 109.82709 111.53664
85.027985 88.907 86.11757
106.486435 110.956696 108.01397
86.46876 88.12727 84.729904
106.9839 116.97385 117.81972
126.50386 134.26619 134.65285
100.772156 110.59784 111.314705
96.28707 104.69164 105.55559
88.40429 96.572266 97.044556
87.4406 96.22682 96.6186
105.33654 115.65676 117.393936
39.89569 47.83717 54.842636
73.44496 83.71862 84.33895
64.192215 76.4233 79.305725
62.4408 72.49318 74.98914
62.95434 73.270874 75.19773
90.3986 98.637 96.88661
60.57883 70.56993 72.539116
66.46201 77.76205 83.8977
102.710625 111.34527 113.3126
61.043026 71.987236 78.802216
63.336792 71.39976 75.48353
111.326866 112.96944 109.20837
119.4925 130.9595 128.77937
89.29986 96.912415 95.649994
22.856651 27.756056 28.866707
55.38772 61.082268 66.1185
73.10265 77.716286 81.01013
104.24063 112.722984 115.70736
72.23427 75.72895 80.884834
62.39519 66.5176 69.06173
76.0488 79.92317 81.75926
16.03395 13.021539 11.57625
26.872774 25.151823 25.067123
27.415602 28.14563 23.81157
47.569054 46.699062 41.0508
20.476982 22.509853 20.6529
3.2829096 1.6626297 11.306906
35.700317 39.0244 41.724712
27.680157 30.819517 35.34419
33.181763 33.30016 30.801163
45.571537 46.823704 42.30966
93.13856 95.95735 98.75643
106.61105 112.67063 111.819244
75.10137 79.99331 79.96139
10.460408 11.875382 11.427285
13.725089 16.793215 17.424652
36.326363 39.007572 38.00233
21.8217 23.403515 22.498922
18.112457 21.536007 20.959406
13.386465 15.126097 15.299609
14.168422 15.962891 16.239681
1.3548719 1.4861592 1.6452284
1.345745 1.4760042 1.6239406
1.0765258 1.1800311 1.2934657
1.0743945 1.1757685 1.2812296
27.860188 33.698635 43.77476
2.7686927 2.903114 2.8366683
47.80317 54.003334 54.80663
27.75553 33.052605 45.64455
47.80327 51.302517 52.76591
1.41357 1.5521038 1.6722833
78.19432 85.01023 93.08154
0.57577354 0.6432225 0.69999
56.34434 63.073692 61.912167
86.68139 95.80495 99.62251
97.51098 107.62748 112.46041
97.150566 107.25979 112.129654
96.34813 106.3645 110.99661
98.065216 108.92255 114.02713
77.38037 90.28526 91.65491
77.541626 90.43799 91.91515
79.87312 90.5444 93.32837
53.96254 64.876686 68.26285
51.461285 61.227974 64.23076
72.11707 81.42445 83.29033
77.81445 87.26626 88.4487
78.80003 88.67863 90.23299
89.435936 95.86184 98.08801
88.78888 95.177574 97.439644
100.41678 108.183266 110.96116
118.75606 124.7729 128.7575
75.76132 74.35507 68.202675
82.47272 71.71383 48.645477
94.81601 92.231384 77.59355
53.533424 39.736874 24.228474
49.622086 35.7958 21.34537
80.484955 75.3579 58.498997
87.6359 84.13951 69.558426
87.11632 83.6689 69.3487
84.47149 80.192345 63.826714
86.27493 81.80377 64.49002
85.46086 80.77318 63.323204
53.463642 39.64954 24.029688
53.695126 40.03287 24.575748
56.147285 42.248356 26.20528
51.369564 37.81721 22.794994
84.75984 80.26604 63.132668
51.947872 38.481445 23.135048
58.01848 42.300537 26.28494
58.394966 42.90562 27.118776
48.00544 34.24357 21.177172
40.21596 45.87601 48.042
111.33073 118.85387 120.74713
111.03134 118.53658 120.51555
59.442005 66.388245 71.04869
31.702423 39.51517 41.388546
27.864777 39.598415 42.21639
47.087433 53.65373 53.476254
22.372248 30.543653 33.788727
25.027782 33.274284 35.771576
57.474 61.748207 47.41089
52.40705 58.60002 41.54516
54.804924 57.523293 44.33722
16.341633 26.097637 17.134146
32.522766 41.318867 29.285744
74.16037 78.70162 69.27634
10.440274 12.997893 8.470864
108.784615 111.347824 94.55231
55.490223 60.583046 43.180607
25.752745 33.597336 20.228498
34.376537 36.972244 24.092623
36.98541 41.288403 26.35056
64.70671 94.09679 100.787476
14.240084 18.123138 21.638332
21.024096 27.19001 29.63076
20.008825 25.654154 32.112534
64.84143 76.287674 82.42004
69.43599 77.522545 80.86437
63.918636 71.5092 74.90467
86.43912 90.20112 85.72155
60.663208 60.65829 57.9059
81.9757 83.56905 82.892685
83.10536 83.995834 83.53217
95.59332 96.54395 92.93072
85.07249 84.254425 83.14696
81.153275 81.89569 82.35417
65.44336 67.96585 71.948296
82.361946 82.10308 81.359985
78.19094 79.56281 80.344864
71.73314 71.87628 70.876785
76.99419 76.24836 75.63425
85.138435 85.872246 85.64964
121.00271 121.99807 122.78855
54.147785 60.9331 63.043602
66.25754 75.48766 80.31197
71.5993 79.128456 80.39923
92.92531 106.23131 113.88524
49.304924 62.546238 63.444862
91.179955 102.60378 107.30831
47.954365 59.55391 63.65057
81.39178 89.83632 94.7529
52.360714 60.687077 64.702675
34.418056 44.682766 47.637054
116.423 124.97739 128.34035
104.21373 111.893486 115.51885
59.255177 67.77707 75.29524
60.311367 67.170876 69.22717
107.1881 114.94494 117.46445
112.4892 120.80705 124.38579
107.8975 113.80023 114.739105
100.36089 108.20648 112.09543
97.12023 104.36004 108.1947
68.692894 72.9487 65.87947
68.89577 73.72032 66.57708
64.52071 69.54606 62.523117
65.494255 70.35983 62.566322
71.86643 76.3646 68.55983
83.81092 93.20553 96.46279
68.53781 76.08931 79.40572
87.915 93.671104 92.99614
76.06667 81.32453 82.09192
74.29286 79.60065 80.719475
91.20927 97.29813 96.97628
69.605385 76.95015 79.91678
69.17785 76.498474 79.46083
84.90933 92.91387 92.719795
81.23193 90.30247 91.40928
72.40126 83.36764 86.99692
71.71864 82.13392 85.892235
71.18317 82.07504 85.92882
70.79342 81.62881 85.48438
75.63136 86.48899 90.50474
70.01479 80.552 84.49123
69.490425 79.946594 83.88228
65.44827 75.942856 77.90668
74.89101 85.649216 87.19753
90.27654 96.42871 95.09839
81.12384 91.075676 91.58861
58.0588 71.68665 72.04506
60.367836 73.7384 77.25596
80.78524 90.424706 87.303345
119.76187 129.7021 132.68172
93.66729 102.78983 107.466324
74.353264 78.897545 78.14162
115.13016 123.37511 123.63668
92.48955 99.764854 102.688
97.86924 105.80578 111.68901
81.336815 88.20844 93.51986
65.11835 75.2102 79.5865
82.732185 89.96753 96.150566
59.292286 68.66877 72.57796
57.578682 71.15917 78.93233
57.617146 66.41009 70.25751
78.278595 83.63555 87.8306
108.48182 114.57821 118.13879
113.7783 121.97751 123.44562
87.8564 97.642494 99.54616
63.15799 68.281456 68.53844
77.546936 87.016525 88.972145
47.795696 56.99353 59.849957
53.91979 63.59681 66.61223
55.617645 66.868835 72.09528
112.77103 126.85685 128.79527
78.49559 91.58194 95.81097
77.441 90.68522 95.85484
64.53606 75.21571 79.07773
52.82649 62.475327 62.36109
70.20488 76.39346 79.88228
62.574245 67.546036 70.26804
60.791534 64.99684 69.57003
55.00238 61.340103 65.9665
53.747982 61.76952 66.84663
56.318565 54.57249 48.223133
66.61953 64.15054 52.552505
117.8899 126.015495 128.40439
117.59377 125.58119 128.12633
115.049446 123.02959 126.033775
113.86129 121.77955 124.42608
116.21285 124.84324 127.77664
114.85991 123.46161 126.49
111.798706 120.00645 122.05366
105.931 114.68297 117.46194
105.374855 111.542725 113.60413
101.353065 110.04929 112.711075
102.1429 115.58568 121.203575
74.24858 74.97959 76.94055
68.80455 73.88248 76.31611
62.499622 67.50356 68.55564
54.42974 62.474476 62.59701
129.79417 132.61145 133.4517
58.768265 64.66188 62.22925
89.60145 94.08392 94.726845
70.10511 74.424324 71.86618
78.44404 83.18469 78.418785
77.96108 82.82749 78.52327
76.63803 83.142845 81.26819
48.149292 54.453114 58.102802
70.277794 78.54225 81.06928
58.590668 68.88737 68.96916
92.767815 100.79514 100.995384
84.16323 91.96868 90.70854
64.520035 68.96572 65.98749
70.060005 75.33629 72.33271
74.76904 87.98207 90.003784
79.72238 87.17499 87.61346
80.86447 92.00353 97.6027
58.77371 68.33917 69.50705
125.056816 130.56033 134.33885
124.30204 131.54515 134.5847
73.07149 83.03119 81.5591
112.080986 117.184616 117.06923
88.52824 94.78537 93.92297
92.827065 100.998146 103.35414
103.81523 101.02023 83.947296
96.99431 110.10554 110.06457
90.96512 95.17873 94.270676
49.64716 51.679855 48.79274
32.780426 31.849983 26.697231
115.4069 118.38644 117.159744
41.789703 45.65142 41.464897
31.275639 34.247883 34.09335
210.21658 202.40585 198.16351
41.310818 26.526829 21.241463
113.927185 115.05213 114.23913
119.398674 128.39783 134.79567
119.8715 128.92072 135.44348
109.124466 116.49957 120.60185
127.05709 137.23058 143.07216
86.94755 94.59546 100.50497
174.74428 177.78078 178.85023
141.4812 141.91304 144.96535
154.28702 161.47826 166.31703
144.38217 147.41557 150.78444
133.75513 136.13156 133.1089
129.47206 131.96503 129.21767
155.69794 155.25545 157.5609
172.94957 175.5635 174.59563
153.63924 152.10657 154.01697
151.91273 150.61496 152.76218
160.01239 164.79762 161.86598
134.0195 132.74818 135.66411
165.51926 169.39073 170.55637
164.47244 168.1609 170.00261
156.30283 163.21416 169.08733
160.5676 167.11664 171.70995
125.27283 128.76659 129.01259
81.08794 97.10554 96.73111
72.29021 86.563065 86.08069
83.760666 88.95301 85.07793
79.96492 84.97969 81.2108
79.341255 84.69851 81.14608
142.94353 148.06934 149.4146
69.15611 71.51896 70.28875
32.31794 37.139435 38.920414
19.94115 22.173536 25.22361
32.515297 34.19871 37.744774
33.074192 34.6273 37.62798
29.090942 30.684895 35.43047
36.704353 42.182186 45.29788
31.400507 34.11737 33.07655
37.484856 37.425983 37.292965
48.90981 47.70232 49.43117
16.344366 17.833735 20.633343
89.00855 100.35838 98.331024
100.552605 114.666565 111.95599
66.260315 79.26776 74.69445
39.166416 48.39998 44.831226
75.58681 86.325836 83.3891
86.54408 96.67664 92.60185
109.98004 121.04461 118.48934
83.21426 90.13051 89.97289
84.05712 91.19593 91.48127
76.02202 85.82694 82.28323
76.55672 84.08302 82.66461
95.93827 104.052025 101.63645
55.30149 65.636024 63.33594
59.905144 66.9901 70.55652
85.55541 92.6864 97.53528
27.614162 32.742367 35.531643
55.428688 56.882954 54.587658
48.833633 54.606415 55.998947
26.276716 30.57412 39.312824
55.023293 55.413696 50.41693
50.20651 61.34542 67.91941
64.34063 72.54576 75.14094
27.524246 28.841131 26.695953
43.93744 45.728676 42.936737
60.136627 65.212555 67.509605
34.0256 38.17973 36.13001
39.882477 47.294544 47.254677
89.98721 108.39391 105.52746
52.54556 58.530163 51.7037
88.150894 103.52949 100.14906
74.79311 99.67522 90.25117
70.25142 75.00634 73.83767
73.55368 79.98468 77.73281
65.45492 78.721275 75.855774
58.640087 70.68697 65.82601
107.45426 120.42245 119.47011
63.31806 69.36954 68.38363
61.22328 39.956223 31.235996
67.86706 66.41588 64.71967
42.671455 46.09744 45.33138
41.713078 44.9404 46.623165
95.37295 100.57858 102.89193
47.287975 56.16441 54.580765
48.603256 57.37912 55.77624
63.185646 68.00632 68.49902
49.958103 61.7286 68.351036
49.34953 50.548042 44.71323
37.496666 52.002357 53.52387
37.11895 49.410835 49.817337
29.007748 32.93842 28.230305
36.380623 44.39597 44.28938
18.9406 29.174992 31.425556
3.9980943 6.3021665 4.2323604
69.486435 74.142166 66.0404
18.523268 28.120756 30.81177
46.40013 64.50441 76.83517
17.508375 24.9656 24.742264
38.72589 49.960533 50.62394
131.19026 147.0777 163.34245
34.78103 40.57229 35.97134
22.907452 20.9745 14.515069
78.044205 93.60513 101.39068
56.39908 62.06198 66.658745
42.95562 44.87849 38.993805
35.603104 42.198032 50.004562
62.769848 68.26852 70.56369
35.377388 43.125923 48.72128
88.97345 96.48631 104.44554
82.23203 89.70556 97.402885
84.65232 92.45943 100.10328
84.06492 90.767365 96.9746
86.785614 92.43395 97.704155
128.1165 141.04445 163.7993
37.729076 34.57748 25.415752
0.4285392 0.43533424 0.4483978
0.66578907 0.63855875 0.66255456
1.2216184 1.1317432 1.1683022
0.25480166 0.2658342 0.26781505
0.21889575 0.22676897 0.22724538
0.5571937 0.52103704 0.5348779
0.35742941 0.34677297 0.3544456
0.6313876 0.5955318 0.61398625
0.099618874 0.09916754 0.107467026
0.74276614 0.70001507 0.72970265
0.6412166 0.59560704 0.6234642
0.05606539 0.059876636 0.07494609
0.96652627 0.8975478 0.93917054
1.0391906 0.9711148 1.0100296
0.13913545 0.14297177 0.15944536
4.5873575 4.5910935 4.6070657
8.412441 8.415852 8.431573
9.410862 9.414172 9.430746
9.502232 9.505341 9.522516
7.6083198 7.6113286 7.629081
7.3902764 7.392909 7.411489
7.091846 7.0944285 7.112933
6.09157 6.0940776 6.1119304
7.086079 7.088787 7.105461
7.45928 7.460383 7.4780855
8.474098 8.474174 8.492553
