0.015292949 0.011916584 0.008805032
0.042105265 0.031943064 0.020854022
99.3235 109.21771 130.15807
43.876797 49.21655 74.28868
34.973087 52.56789 35.93853
8.886826 14.777326 10.062661
13.121384 14.46435 12.59338
161.05508 169.70625 162.1857
139.86115 147.90503 142.81628
56.899174 48.420723 38.30586
56.712677 46.903606 38.669746
0.051572327 0.043992057 0.029725257
108.668816 116.22353 103.679474
88.48537 88.081726 90.17183
136.90112 143.13237 155.89673
112.42033 123.47312 120.441475
45.932175 48.127476 44.104866
48.17468 45.363586 41.058723
34.346375 34.809566 27.14045
93.478615 89.292885 76.251076
42.218403 36.35422 33.16786
128.4473 128.39653 107.05309
126.15971 126.40169 104.21999
150.30629 152.91347 127.318436
30.519695 25.249256 27.009367
99.833336 101.99679 90.99523
107.423996 121.24045 116.4753
91.52906 98.83154 105.35806
97.00543 112.124596 66.185074
98.081795 113.958626 62.654884
96.19129 111.17027 61.454353
83.35812 101.52559 55.079544
95.70335 102.39249 73.19646
87.702286 102.72727 53.809467
107.08954 110.12151 86.88613
94.89771 94.20093 62.247005
75.56409 68.90592 51.745018
92.16468 92.985565 73.8575
96.481064 96.60682 75.272194
99.85922 95.47438 75.221016
71.60828 84.60526 45.407513
96.04975 94.20212 74.86517
71.0719 81.83505 55.43224
122.73068 132.20486 119.16829
83.172066 85.282425 71.679214
80.43155 73.48878 61.70725
58.308277 56.532074 46.156967
29.963356 29.726944 22.140318
30.452003 31.084509 24.925886
32.124397 32.130024 25.602945
39.76905 41.25392 32.64194
37.42708 41.378914 36.20003
57.376102 58.42413 47.88451
55.454155 57.619267 49.036644
55.06041 57.544556 49.100796
3.037173 5.0376368 2.0233035
67.0949 64.543594 46.27322
125.45164 121.77663 104.32436
119.71546 118.92039 104.614136
127.69285 125.49725 107.77352
93.15154 100.77296 77.41096
86.820755 90.59603 66.80745
85.40407 85.89533 63.991592
82.87904 83.13115 62.70758
116.70298 115.819664 97.62386
89.23562 96.3236 71.45624
58.842636 62.419033 53.045185
113.35809 130.02058 114.6994
95.722244 103.08388 101.29795
88.671265 93.79368 85.50043
90.361336 95.49884 86.87739
112.222015 114.34806 90.64972
109.96084 126.700096 113.12062
80.86227 94.279045 70.76134
91.20669 105.25528 95.595665
58.56597 69.50944 59.636147
52.080967 59.20374 49.09437
49.905262 49.113373 43.079475
35.65604 38.100464 34.13178
62.59004 56.393414 42.385235
70.01043 65.16372 49.98388
62.25134 62.902218 51.793446
44.023964 41.494473 31.786793
37.99007 44.130817 39.2382
44.06978 50.043262 43.4332
34.44972 40.867393 35.724
36.703045 40.776497 37.478252
34.113968 37.013405 32.180435
37.63638 41.239124 37.78719
38.531647 37.211452 31.95538
44.281994 43.93777 35.18911
53.664417 58.422047 53.86369
80.58318 78.445946 66.296555
38.049488 40.37163 36.78411
70.50549 69.02145 57.384144
31.857962 33.77312 30.885866
70.1044 68.06233 56.206917
80.303345 78.16941 66.33198
79.14819 76.54277 64.62396
71.16441 78.73191 69.26117
70.8279 78.23088 68.817314
54.023468 52.987423 44.603443
40.296524 37.900562 31.126348
64.93741 64.4713 56.242504
52.285965 52.332573 46.03598
30.342602 29.295631 24.382357
76.69467 80.263756 73.33624
95.00242 90.94412 80.56402
94.39288 90.59742 80.07564
76.224495 82.51609 67.099434
73.505 78.17312 71.23323
61.687588 65.172165 58.981792
54.6144 62.40788 59.00467
33.484245 37.290367 33.459385
52.652565 56.479973 47.77312
71.798645 77.921684 66.74684
47.62873 46.690334 43.39924
53.371002 52.384674 49.69083
46.659584 51.959118 49.864384
60.438927 71.687126 70.73406
64.56505 73.72311 70.116554
32.83946 34.13439 29.658655
86.94521 96.356606 91.55531
100.54293 108.983116 103.93697
42.869183 37.032272 31.50235
62.662067 64.18858 61.620293
79.472725 80.99312 76.876564
67.37815 66.69023 63.513206
89.466995 91.95571 89.93115
45.73363 43.154552 41.626152
40.014202 37.809963 36.083946
72.35995 69.45799 69.752
90.33191 89.35471 86.378685
76.02065 74.84065 71.629364
62.599205 58.905064 53.80437
19.546408 21.33618 22.080338
24.001192 26.54184 27.654154
29.43052 30.073982 28.720026
27.143694 26.817942 25.228897
16.952036 17.73297 18.06031
21.025257 20.579576 19.112347
19.398312 20.792618 23.267197
18.654089 19.696955 21.649883
18.187323 18.942337 20.91794
18.551142 19.647865 22.580536
34.54707 40.356007 48.050446
17.940086 21.512314 24.85816
30.18292 34.835255 40.992287
21.206455 22.263588 27.767626
72.95843 86.80877 79.81695
125.42228 145.02513 145.41748
59.005493 62.7857 62.124527
64.66157 64.67547 64.00954
24.034857 25.293049 21.924826
58.301258 60.227474 57.703312
27.293215 31.015095 27.884872
67.55905 67.92211 70.604866
86.09209 86.97339 88.30592
103.78504 105.54211 106.51652
84.14949 87.7429 91.64035
86.39202 86.67011 83.71136
69.80523 70.98289 70.82854
123.47335 128.12003 126.49934
57.527473 55.56627 49.009766
53.605297 51.471302 45.110096
58.501755 62.790302 59.60768
109.32953 108.72516 101.20993
52.925224 51.955082 44.118702
48.433434 42.83479 36.423866
72.94412 68.35346 65.10119
15.238729 20.920424 22.968918
13.7663355 17.512016 19.30053
12.266402 14.738994 13.135684
12.356935 16.919 19.995201
19.362661 23.102251 19.357828
14.784111 18.188614 17.844357
18.123436 20.2762 19.894802
98.02787 103.95462 91.15753
56.633995 53.571068 48.924263
76.61804 74.17732 70.74379
59.949917 56.880104 52.45571
69.87699 69.68117 68.32483
80.645386 86.1291 73.38126
85.793945 83.67607 80.27958
86.27862 83.84548 80.0765
74.02337 74.13158 66.14624
93.16041 90.88368 87.21314
62.636345 62.49937 61.35488
107.280334 105.7915 97.56038
83.120094 81.56852 78.36458
75.06273 72.38749 69.44201
84.356705 82.90096 80.08163
85.56164 83.70335 80.44813
71.247795 71.90414 71.33704
90.58315 88.33658 84.79464
78.263756 74.62516 71.88755
45.91887 32.716816 30.609533
39.845646 38.9425 36.151638
35.92456 35.825787 33.17183
36.94773 36.85389 35.522972
51.91814 49.83489 44.066666
50.598675 48.771366 43.280968
38.936314 38.976067 37.04859
51.114563 48.97676 44.01784
38.317013 36.073982 33.060177
19.25644 29.109137 33.105
24.4333 36.424828 39.09593
22.49573 35.09212 39.05154
15.841742 22.916517 24.01122
15.980901 22.371202 26.316683
22.422543 37.24363 37.45571
74.27544 58.21804 42.71688
32.014996 31.876896 25.609467
39.826946 34.20424 25.75869
40.82413 35.31268 23.213837
62.584805 54.256042 41.101425
77.31784 66.5044 47.377293
25.99487 23.062662 18.255676
53.592785 47.701588 32.23307
60.94396 58.564384 49.137238
41.601257 39.097717 31.09113
38.560112 35.894737 28.957895
42.983646 40.654716 32.371037
59.066036 54.899536 47.36018
76.27713 69.87216 59.55346
91.49583 86.962494 75.01347
80.19252 87.752365 77.49066
74.80258 85.075005 75.723335
67.00215 66.40258 55.364716
75.1046 76.67984 67.18216
127.02205 124.20996 122.0
65.87938 63.570705 51.035717
93.81321 77.58666 59.90831
73.84932 63.393246 52.819565
48.66723 45.60791 36.790302
103.8284 98.059685 92.617645
46.22039 43.43363 35.38941
46.247635 43.44409 35.34522
67.04965 71.072624 57.49017
142.79428 147.94344 141.64813
76.87567 75.05356 61.806885
49.83926 46.30235 37.31536
94.719 87.82489 82.183815
46.20632 52.83105 51.342403
89.75961 94.234856 78.4617
112.43148 113.43595 97.62668
80.0716 74.56174 66.77474
54.981197 51.409004 43.88418
58.09699 52.717743 44.432076
38.558647 34.84932 29.768604
110.34386 90.44048 70.371994
83.61503 80.95187 68.05564
58.07481 52.192024 41.223206
87.959816 85.21655 71.33214
81.711754 81.25452 70.40063
141.28563 139.56865 128.46802
72.188286 77.39305 67.31761
91.5524 103.93045 94.95055
91.01301 103.03813 94.047035
47.030552 48.28186 45.402714
35.122475 33.65899 33.449287
40.595135 38.615658 38.095963
65.86935 75.25912 66.98325
67.033005 75.1043 73.458885
78.99788 85.70669 86.29004
20.60533 20.034822 16.647104
33.8095 34.87226 30.685469
26.17001 28.04823 27.63191
41.862396 43.150414 37.764053
29.40778 31.759914 29.879112
28.162529 29.005064 29.853426
23.964813 25.54012 25.76167
34.954453 33.453888 23.751274
71.38994 64.85935 43.63883
69.121414 63.45942 46.275967
14.433167 21.095068 17.408838
52.397285 89.75276 97.62138
15.93522 21.984575 22.737074
16.210857 22.101555 22.737074
76.00076 71.46865 58.44664
48.310627 44.872196 38.836742
54.99315 52.941643 45.308178
54.84439 52.729195 45.16104
55.21506 52.86362 44.77842
55.17971 52.658886 44.49937
44.808407 45.871666 38.483482
61.255314 63.970936 53.92125
41.358788 40.29646 31.05025
56.364914 59.643696 50.263687
52.871433 53.026382 47.5621
108.29345 120.42496 119.09248
116.708405 128.77441 126.68338
103.304504 122.42999 127.21453
92.614204 96.47372 85.90937
45.558887 48.337902 47.517113
30.57428 27.323137 28.34919
17.434492 16.29841 18.455147
41.18153 41.07246 36.54002
51.265144 52.26637 49.760147
48.781097 45.565937 43.077026
58.841343 54.718174 43.82089
52.74545 48.74227 40.97001
48.375603 47.69285 40.63191
162.84995 176.12595 182.11903
91.586624 106.36097 110.04668
109.107544 118.19013 113.91943
133.99907 127.70159 129.41354
114.40357 132.2995 130.73254
115.483154 127.35071 115.7858
67.54436 87.902916 75.72989
92.659386 98.8285 94.97335
141.26204 147.57623 137.97104
38.47395 44.51973 39.375473
48.255215 53.07749 46.943363
54.735485 61.98487 58.12827
84.71831 97.998116 90.07537
53.73042 58.173454 51.50116
63.814533 62.397717 52.123302
28.28037 27.923998 20.388117
23.29179 24.341377 18.003344
31.692982 29.612446 21.524992
31.257002 36.390797 35.185734
44.42774 40.681065 35.840813
26.96809 24.013075 20.291262
93.03684 122.13274 136.17528
27.806091 26.537008 24.399933
32.395332 28.760113 24.830189
36.045383 35.071964 30.652367
39.99818 39.123898 32.061733
32.565838 37.440086 32.73277
33.87898 34.503708 29.500795
60.37236 60.26637 52.677788
38.446476 38.17395 31.170969
43.977192 43.259052 34.83926
39.30503 38.694935 31.422575
32.700134 34.313736 29.287123
50.97276 47.52774 37.22443
44.499767 42.929295 33.98775
27.081696 27.879576 22.943926
49.897617 49.131878 39.699833
26.992884 28.121847 23.29179
36.488747 43.083946 41.032803
32.6095 37.708076 34.928764
18.17054 23.585667 22.966766
23.434822 27.25177 29.749918
21.267162 22.160278 22.418339
21.417147 29.009037 32.897087
22.868387 31.609037 35.941975
19.953293 29.389408 34.130123
24.844257 37.356007 41.670605
37.123173 57.497585 69.883484
22.721384 35.356636 40.476135
30.3336 42.496258 42.380005
11.836147 12.424363 11.594472
11.9363785 12.505693 12.293909
18.955412 20.456306 20.636578
24.729063 35.848396 36.524494
18.85753 27.594173 28.2331
22.599888 27.883604 29.613573
12.155843 17.704866 22.01536
10.572261 12.404568 13.275472
16.433367 20.70245 25.13651
24.78633 30.582985 36.67375
18.038198 23.29967 25.07888
21.272923 25.789242 29.398842
18.35806 20.754122 20.357927
12.616651 15.574147 16.078087
14.145647 17.854685 18.790632
10.952864 13.362959 12.785667
28.831247 35.14045 34.40917
33.512844 37.74833 37.335285
33.433533 42.45591 43.54336
32.19265 41.018272 43.095764
28.773983 34.41473 33.522243
33.62549 42.843494 44.0329
29.79583 36.098213 35.086628
30.579906 37.178482 36.333233
28.507547 35.945778 35.055843
28.48838 33.510956 32.319332
16.213505 25.608143 26.04909
17.394075 19.847467 19.870375
14.262993 16.63906 16.892916
14.896392 17.485998 17.532341
18.805065 21.444223 22.27696
14.933498 18.325521 18.42807
14.180966 16.70864 16.440351
19.944456 25.720026 27.142601
15.327839 18.273916 18.807878
12.570474 15.530387 19.227573
21.686693 27.78186 31.215425
18.004635 20.543 18.020357
28.346607 32.430256 27.599403
21.648758 17.062263 13.827275
23.941113 21.79358 18.990633
22.99679 21.159847 18.81142
25.43158 22.345747 19.44866
27.390898 26.564415 23.079014
32.315094 27.678152 23.639093
21.827938 20.833897 17.937801
12.793346 19.02817 24.72274
8.428335 13.398179 14.156836
18.61142 23.069315 26.170506
14.899868 18.29318 20.368687
16.159681 19.494108 21.41099
17.53416 21.954618 23.463953
16.827541 17.48153 17.182192
16.457928 17.275604 15.201688
17.990004 21.301853 24.378683
11.636015 14.90533 15.595531
23.91238 32.989773 38.668785
14.828997 16.895002 18.56041
14.960212 20.15922 20.955942
20.39179 29.637173 30.186924
24.97544 27.184772 28.80341
16.845316 21.781992 24.225819
14.727739 21.147104 22.888216
13.31046 17.748857 18.769777
14.0979805 20.703873 24.715193
19.064878 28.264448 34.245514
23.758425 35.991558 43.36776
14.60619 22.280272 26.464184
18.50321 31.236544 36.421978
19.8809 35.057564 41.69126
20.084375 35.46475 42.189472
17.265707 27.643429 37.446377
26.31003 32.11367 38.752796
15.70725 22.780006 28.763092
21.923767 28.295465 39.033665
21.027937 26.770374 31.489044
16.708738 17.519728 14.12529
12.924164 15.140946 17.299173
27.74121 33.399204 42.426018
19.008276 21.722807 22.665806
75.94899 96.66611 104.23545
14.44664 17.421219 22.402649
16.866964 19.581562 24.055412
16.036577 19.552864 24.744621
15.62433 20.740086 23.358292
18.62582 24.700464 31.703773
16.471962 20.730354 25.406687
136.4951 167.35475 139.24104
14.290036 17.009731 18.80053
22.104006 26.383118 33.338264
22.54535 27.746773 34.374775
32.12486 39.655212 48.130157
18.47504 21.120092 25.80715
19.53383 22.631943 27.97673
149.08772 168.9799 171.63942
109.71539 124.42125 103.144226
83.17375 106.45293 76.266205
83.59633 96.92923 80.5615
105.506325 117.85806 101.14839
4.639358 5.5780535 9.498576
5.205197 6.1381993 10.060046
5.0545516 5.9135056 9.875174
13.24247 13.801126 17.875769
15.060212 15.450083 19.586527
10.236014 10.894704 14.932572
5.926117 6.8326383 10.759649
9.1889105 10.045217 13.979344
16.830221 17.216518 21.330553
18.090666 18.306885 22.499405
14.949718 15.371831 19.552797
17.990368 18.360477 22.554882
16.284575 16.656967 20.857927
13.41867 13.906687 18.08027
14.120159 14.363555 18.641674
13.546173 13.325206 17.830189
