0.31649122 0.31649122 0.31649122
0.3171345 0.3171345 0.3171345
7.1418715 18.603947 60.388187
123.84146 146.49808 167.39897
1.1516374 1.1516374 1.1516374
99.3319 109.62243 100.589386
88.66468 122.89117 108.81836
19.928947 31.154531 26.362427
29.635176 52.261227 43.380817
15.367515 33.673218 24.896317
65.58462 86.79857 84.050026
22.341696 36.753918 33.953392
5.3047953 11.067076 7.700936
10.060292 14.504123 16.831287
17.313305 23.553421 25.208246
28.036404 36.0357 38.32453
12.886754 18.199678 18.182514
25.13883 33.330555 37.23614
16.960468 16.520264 19.50886
138.87448 152.26187 148.6079
72.33395 80.16553 84.32699
106.55251 117.65415 117.327225
178.35106 165.52538 155.34584
97.09494 103.70582 105.121635
136.55974 149.88748 146.96208
133.86026 137.51707 127.37307
125.64193 134.14848 126.16886
120.96713 124.064415 114.658745
147.66705 148.9693 137.32892
102.2907 108.896225 102.518654
109.43646 117.42515 108.0509
123.956726 129.50903 125.71333
120.88848 126.97056 119.682045
138.87637 145.3242 137.49675
76.80497 93.507835 100.04088
81.95749 96.477104 101.56167
64.16409 68.51956 67.27979
86.01614 89.57994 88.59339
54.397984 67.98389 64.140816
70.62582 77.88462 77.07333
46.39102 59.831287 60.934063
74.48696 79.24939 78.32044
152.76936 159.43158 157.2941
138.57904 149.9964 143.44737
116.658714 128.80362 130.11172
105.02939 114.715 115.697426
117.03234 126.18114 126.08269
74.24646 64.09728 57.45506
84.888275 74.470406 62.372223
85.58819 79.63918 71.8264
100.400406 93.42734 85.83687
93.98339 86.50763 74.21538
100.604004 97.25988 91.90637
44.610203 47.790905 53.38848
19.816198 20.307661 18.574707
66.66766 51.412163 41.144768
152.44243 156.97275 172.07378
101.21237 100.97672 110.98561
88.58819 93.64892 94.10477
100.16301 95.60713 89.28933
78.0367 73.7569 77.12366
78.202866 69.543594 65.14646
69.90766 67.570526 67.23301
80.405205 78.057365 77.39099
88.26184 84.16433 78.57871
88.14319 83.9812 78.38766
68.19889 77.78883 71.9817
68.62763 76.32664 69.89909
105.547455 115.95175 109.89903
102.14702 103.51351 96.06866
122.31772 127.12567 115.8645
93.96114 95.99886 90.86254
92.27017 100.53427 97.00436
78.82503 89.070145 88.22532
72.2795 82.253746 81.75073
88.659355 96.719536 94.558945
97.32439 102.870964 96.43386
86.102425 97.750084 97.27041
157.38792 156.53131 142.00293
86.425964 80.30473 78.95658
98.8343 93.96547 84.31421
160.3145 147.87784 140.90388
75.08687 72.85067 66.551285
82.10892 78.81041 72.61225
96.882835 94.37213 84.26602
79.011086 72.98213 61.98421
83.51114 89.33784 81.42681
41.548508 40.450672 29.774473
55.116314 56.698715 51.81199
42.207016 43.194824 38.3219
42.17807 43.380672 39.677807
46.1319 46.17725 43.596813
39.605877 41.985672 42.695206
35.365967 40.413685 40.246666
23.112135 30.85044 28.64921
24.84497 31.819649 34.01462
29.672485 38.47333 39.272484
20.712982 26.879736 28.249298
27.62421 35.496815 38.385
50.022747 53.172573 49.84509
38.677807 41.819122 40.75418
71.969795 76.50681 71.90658
58.93693 57.93652 60.294735
82.87629 79.75462 78.796524
39.76883 39.99804 41.231434
55.94839 52.210674 52.251347
51.44488 49.158245 49.712807
120.811226 137.71391 112.45398
110.81611 127.60032 107.31781
67.40883 86.089645 71.055145
30.121872 34.717426 36.804066
14.75728 19.64696 22.811256
15.074649 21.89731 23.111609
5.101374 9.164298 8.200556
16.920994 19.987427 20.228539
35.057426 35.34962 31.309795
21.424416 24.012924 23.315321
49.481667 50.42567 45.457428
37.981197 40.738216 34.49854
44.8705 44.02231 35.940674
47.24535 46.203976 37.605
45.625 48.324093 41.428303
39.345467 43.628654 41.73623
22.776667 25.59614 22.832632
22.429182 25.495556 23.048655
45.547047 47.31684 43.337574
47.936256 49.64225 45.46418
34.735817 36.89275 31.08424
17.513977 20.5069 17.4112
14.103304 17.564531 15.228304
54.620148 51.45076 45.652542
44.005936 55.2369 50.49924
91.70354 100.37953 99.93953
87.05266 90.39003 84.69003
81.716606 88.39813 80.85895
65.888336 65.95006 62.733215
49.33184 47.70266 45.239883
54.958714 54.858597 51.569386
60.696842 62.370556 59.811638
49.009007 51.411022 46.494095
77.6112 70.3798 64.88403
72.24544 63.02111 59.6205
126.80041 127.85558 119.085846
72.55591 77.08594 74.44599
72.35488 74.39585 72.588684
89.29436 91.99357 93.99207
75.43874 76.09017 74.78175
95.583336 93.30044 86.858536
86.585846 86.93725 84.69371
67.23015 62.348568 62.20892
57.42184 55.090908 47.907894
56.341347 51.12921 49.525616
47.78728 50.767075 48.142017
56.244446 57.873302 51.343567
90.12602 92.27684 86.6995
62.482895 64.26216 58.31649
90.69149 89.422104 76.85839
44.794735 44.57509 42.332397
75.37892 77.07453 69.284065
77.77357 79.60681 71.151436
52.25658 55.30462 53.23608
55.988335 54.21 48.41076
89.30877 92.04219 86.362366
81.72351 82.986084 75.05441
78.96488 80.51003 73.49947
84.03523 84.96716 77.549446
88.264915 94.1793 95.339676
42.48643 54.26219 55.969444
42.158947 53.984386 55.697456
55.86924 60.85377 60.02079
37.196316 49.27728 51.244034
29.503626 42.13351 43.78804
39.01503 50.429768 52.322018
28.362398 39.94567 44.72342
37.188625 43.311607 44.31579
32.768276 36.936344 33.359444
9.14535 12.47152 12.267047
7.677047 12.241755 13.271433
21.839561 27.379824 24.751375
26.199532 24.012808 19.284473
15.727573 13.607223 11.863304
69.888885 66.35652 55.935265
39.08731 28.859795 26.85687
62.907837 61.589794 55.41851
50.25047 50.11719 43.948364
38.39111 41.09269 36.71035
65.41535 64.71509 58.495235
45.364445 43.09395 38.109707
17.072748 16.832865 11.812047
23.215935 31.47804 27.089972
30.174093 38.424942 33.79029
23.322952 27.38804 22.821112
24.144064 29.668655 22.466843
23.521843 25.450731 20.017456
21.857368 26.210058 22.113216
14.616404 16.748568 11.580146
14.503392 15.303509 12.711023
20.155117 22.970789 20.474358
12.410731 13.751492 11.388714
22.316345 24.67304 19.808771
40.24772 49.64725 38.468334
16.752134 19.036375 15.110614
26.898684 30.33731 23.144619
26.48927 28.874884 21.438772
25.149416 34.380116 31.343422
34.073803 34.99108 26.75924
10.229708 12.1969 7.847339
20.272163 22.40386 20.850264
1.1735673 1.1744444 1.174503
202.32155 219.23366 230.17444
200.09593 216.38882 226.60939
152.55661 167.67769 183.14565
159.02222 184.02527 194.89839
156.09222 173.48804 187.18388
145.01704 166.0913 178.49889
145.6705 166.80699 179.0364
157.97856 176.53047 190.89565
161.75363 181.5338 196.58977
143.24486 164.26242 176.03421
139.85898 160.38977 170.88216
157.5807 176.31903 190.99284
133.94342 156.23755 163.73743
132.87912 143.05336 151.43726
128.48538 145.03159 155.58202
77.58453 79.17851 73.763565
51.459736 51.369854 49.785614
52.89354 56.999474 55.31266
71.27424 72.97728 70.69608
71.681816 73.48339 68.19787
37.34237 38.973186 36.452602
37.539883 39.36073 36.857807
46.650642 50.84667 51.708508
37.589005 42.60117 46.160145
43.099766 58.33629 63.14231
94.06521 107.22187 112.96336
68.30269 81.373215 84.092896
51.680145 63.52833 66.115555
68.53734 68.77494 68.38681
44.450935 55.229824 63.48883
56.96386 63.192455 62.854767
44.729706 50.35152 50.59228
57.587574 62.805584 62.985203
55.601696 61.56491 61.338802
59.460762 64.8357 63.509094
134.61293 135.50989 126.82485
132.43456 133.48347 125.111115
126.683685 124.0188 111.881226
117.19272 125.21079 122.276375
106.32412 106.618126 97.68828
106.72889 111.03011 97.16804
17.48924 44.536667 27.019327
27.395878 28.15269 25.693977
13.410614 14.2208185 13.397602
9.975965 10.903392 8.915994
15.77886 15.07655 12.185555
29.144386 25.934855 21.793684
18.8588 19.774065 18.586754
28.664942 26.359299 23.181784
43.543625 48.50947 43.95009
12.052076 10.33152 8.992427
10.679649 9.661725 8.8050585
15.295965 14.362135 12.393625
17.313187 16.234737 13.888772
5.685994 6.262456 6.365
84.74167 77.07921 73.52146
15.306433 14.234736 14.038538
9.32114 11.011141 10.917924
17.48696 18.716696 20.817368
10.775556 12.584737 15.493246
12.850585 16.645615 21.076784
10.231959 14.956579 19.528685
67.2541 64.23714 70.17225
68.478096 65.33348 71.23211
24.967924 26.920116 32.578598
26.655819 31.216871 37.569386
82.653625 81.32825 78.83559
26.703157 31.280146 29.478771
79.94605 72.89056 71.58757
57.18731 54.83436 55.77158
144.0733 136.03616 134.85321
91.57447 85.678276 83.48757
86.141464 81.27631 80.23114
109.27328 103.210556 100.25769
96.46447 91.17892 91.528595
142.5089 132.92976 128.22993
78.79924 77.58564 75.77994
75.35903 73.391785 71.79635
130.94945 122.91228 120.23962
78.72407 77.652954 73.45456
97.62851 92.577545 85.9793
98.74959 92.16579 78.82313
100.931786 92.22316 82.35295
75.87187 69.6957 64.791695
88.37918 87.80246 81.742485
100.64728 97.39137 89.32169
52.096024 59.338917 56.089474
126.65003 126.602394 116.21196
35.57959 39.769943 36.189182
43.999504 48.246403 41.144444
39.90687 45.369766 40.980526
73.01669 77.39108 69.072014
44.877983 47.29649 39.419357
107.550674 102.64094 97.44272
102.95173 101.29433 99.34231
136.22333 125.10076 117.59731
111.077225 115.116875 109.70781
11.618538 13.754883 10.963977
30.131403 31.443771 28.9319
29.036024 33.012398 29.643217
7.702661 12.506608 13.453538
29.090614 35.70994 33.34155
14.839416 19.526989 17.514679
12.300585 16.795176 16.169064
9.099708 8.288012 6.5391226
18.844297 19.875849 18.476608
9.980761 12.802076 9.785556
13.081053 18.46342 21.433304
7.3254094 13.080848 13.772632
12.769503 14.831491 15.615059
29.78541 29.788128 28.911842
10.22962 10.624386 10.822164
51.558598 56.139095 50.331665
27.18962 32.393276 33.103394
11.674971 13.17924 13.978216
11.294181 10.904122 11.798187
7.7897954 9.574737 8.25003
17.446959 16.681608 15.73731
19.525555 17.720789 13.907281
7.6811404 9.722456 11.482193
112.44193 117.19725 110.78079
88.62061 99.30278 93.17842
88.76336 99.47237 97.946815
27.512018 33.950966 32.19854
40.849033 45.091637 39.90196
37.17117 40.77588 36.387016
55.85889 64.83079 70.64041
47.935116 54.712982 58.587513
35.312893 40.215908 40.902016
67.47131 75.11594 77.57801
39.921345 60.084064 55.43091
12.832836 23.46611 25.359766
10.074796 11.40845 11.603713
13.295731 18.893099 22.490438
76.41997 78.876724 72.79807
76.93272 76.7707 73.911026
135.33763 136.55919 133.26898
82.30722 93.06845 90.55524
20.176813 20.279064 17.412457
8.098597 10.069064 11.787076
19.212486 21.969473 26.21342
9.50807 12.356637 13.696286
18.828304 22.406082 27.977573
27.604824 30.234211 39.519737
13.586141 15.666755 20.521141
29.473274 34.050587 45.325058
36.289093 40.933624 53.61734
33.971375 37.381256 48.21567
13.646608 15.479006 19.716053
17.580292 18.98462 24.904882
15.74 18.333216 24.215818
30.35079 28.760614 31.82073
39.041607 33.44772 29.44959
41.716812 38.050438 40.315292
36.040146 30.66117 27.17383
40.02912 36.928364 39.03816
33.934708 29.866959 28.067837
59.07655 64.18626 70.85491
41.65839 40.41272 42.358303
34.33886 34.073452 35.243946
38.067165 37.301697 38.85354
75.51447 89.70117 105.89295
101.209885 101.20722 100.400055
38.69377 37.38032 38.243332
36.82544 34.151318 35.58582
26.395 25.789124 27.807457
190.00255 189.91588 189.3015
43.150528 37.110966 33.060905
47.738422 46.366726 47.067516
37.72348 34.71547 36.151726
38.771404 37.29079 37.070847
61.632866 55.506607 54.523624
76.47562 103.23436 108.947716
106.3114 100.23594 86.759384
83.57166 115.93064 126.06175
111.9619 107.56035 89.85909
81.25035 77.51266 66.851814
79.424 75.90632 66.76339
176.70029 177.09085 177.06564
82.72634 85.14249 79.736755
54.503216 60.721317 67.17804
82.78252 84.46073 92.299034
74.64728 79.51173 85.684616
71.82547 74.5257 76.48591
59.40959 61.8638 64.33111
49.37772 52.260235 46.68541
136.58939 146.37468 152.32559
108.5307 110.73187 112.26187
118.234795 122.23749 128.1248
120.56049 124.20746 129.60158
123.53828 127.53804 133.04723
130.69757 135.38531 141.92874
98.64871 95.968185 89.43269
107.825874 104.63172 110.15249
101.03158 93.43836 98.653275
81.35392 86.45591 98.85889
197.46974 197.06459 201.3434
165.45312 163.94907 164.61728
164.78137 166.17339 168.63033
155.30547 156.1612 156.3384
166.12079 168.05421 170.43684
152.44211 153.56673 155.00313
158.35422 160.03772 162.25307
159.3074 160.91222 163.1757
123.68833 129.91667 132.06302
171.91135 169.94894 170.42175
190.32771 191.92162 193.41745
161.2905 168.88333 168.63371
150.55489 154.82283 154.22052
128.57439 136.92702 138.01204
58.78705 65.228096 62.001373
33.434124 32.61696 39.754562
86.4881 84.74003 89.01406
102.64354 102.31783 92.719475
75.91956 73.44141 68.30792
33.684063 42.557602 46.64547
110.736435 112.31351 106.05915
121.332016 120.30015 115.20418
133.94035 136.38087 130.44606
161.18349 160.51471 156.94737
85.288155 84.98307 80.31389
107.62851 109.45746 100.18728
128.88196 129.53258 121.22208
120.84298 121.550026 116.17322
72.96986 73.36041 73.40632
139.81973 138.95287 134.92134
142.27327 141.84398 138.43254
119.34924 119.22196 114.23845
127.15974 134.76114 129.84319
127.88073 128.8734 121.14538
122.60973 125.109886 112.62652
111.80216 115.43383 109.0505
24.17225 43.952866 29.919765
103.64482 117.55371 118.4117
116.038216 119.17348 104.96552
104.62026 111.08696 101.989914
26.087894 48.211872 36.209473
94.054855 114.206375 100.51281
120.82459 130.42535 121.21003
68.136055 77.77532 73.02898
119.12629 131.21426 122.219185
126.49748 136.98232 125.36816
110.837074 125.29892 119.466255
101.4352 132.173 124.23754
22.128128 39.944706 26.169035
35.85488 57.807514 43.323215
14.355643 34.857487 20.905584
88.04389 96.64111 89.71143
79.87398 84.73336 83.53
92.21675 99.19588 102.85146
66.31494 76.30053 76.47792
69.937485 90.49178 101.83439
64.525406 69.88661 69.40629
61.901432 66.39652 68.780266
55.535206 64.68742 63.129414
19.566492 22.795292 20.196053
27.529268 31.251755 26.918947
23.760292 29.414679 27.209911
32.17649 38.377575 36.516666
30.150322 36.616226 35.829502
25.552572 37.59225 34.284737
49.57541 57.521343 54.634033
48.168655 56.759357 55.546257
22.001637 25.083948 25.719912
28.678392 31.392221 32.089153
38.30649 43.93652 41.83889
28.6438 31.924503 32.119152
28.523743 33.185352 33.21994
18.666609 21.506258 24.142368
27.747719 28.062778 27.917135
22.121199 25.185118 27.737719
21.628128 30.120234 29.958158
15.411433 19.295292 15.632368
19.576637 21.014269 17.396667
16.288187 18.980087 16.384766
26.152544 28.67807 25.268568
66.03333 67.276054 53.234825
22.038187 24.790876 21.947165
18.400234 21.378391 18.61573
92.86003 92.897224 92.86579
39.51769 43.168335 39.393303
29.714357 33.601288 30.2762
48.531727 53.942924 50.965584
91.915146 101.65114 97.98211
50.758713 61.452778 56.05801
22.124386 24.90994 20.43342
64.412926 70.73599 69.325676
84.02658 89.76857 89.00801
61.7112 62.66643 60.83491
59.702484 61.567837 55.05149
46.222836 48.737896 44.239914
34.10547 37.111492 28.436111
33.2288 35.45462 27.905
20.557047 36.62193 29.45231
67.13786 73.46193 68.08047
40.20392 47.656902 44.804153
44.25693 51.58684 45.71582
101.41208 119.21357 110.66234
7.4239182 7.4504094 7.4231286
1.105731 1.15769 1.1045321
8.08038 8.1068125 8.080585
14.581111 14.608011 14.582193
15.641726 15.669532 15.643363
15.133129 15.188976 15.136608
11.404971 11.460263 11.408216
8.077222 8.105263 8.078889
8.472193 8.344328 8.3579235
13.957807 13.890527 13.625439
