0.013772927 0.011504832 0.008743673
0.03333114 0.026855566 0.01936099
0.022483729 0.018506344 0.013838669
139.38882 143.98744 126.93041
87.823616 92.8601 54.55026
139.49687 131.8858 128.76123
92.199524 76.25652 46.609985
134.89915 108.03011 71.348366
144.65048 133.65652 114.98495
106.0832 104.82887 86.78762
109.81806 99.79551 77.13221
115.34942 109.980965 94.2465
141.55782 142.83969 126.77483
143.72116 149.63004 115.863884
111.49855 107.91519 88.38758
90.868256 93.896065 74.19279
85.386795 91.879196 67.580894
73.42949 69.37683 55.775887
105.43044 96.78207 70.823845
129.58629 139.49149 105.67882
121.47712 123.05792 103.042404
95.648674 96.86888 77.04352
133.17744 134.14328 112.139275
120.880775 116.05519 81.67675
120.57997 109.92805 92.974724
121.850006 128.8488 104.8603
78.28989 86.22185 65.34442
95.39024 96.2726 89.10117
98.01985 85.328186 79.21333
100.763985 88.00779 65.40747
105.87328 98.06886 80.0214
75.04201 65.85882 49.59687
72.26405 72.97081 65.52879
100.80176 87.20886 63.632042
108.56738 112.9027 93.368614
96.65279 101.34331 72.52045
95.275 91.34478 59.494576
82.77885 81.871574 61.65019
110.47794 92.20926 54.120045
113.67879 93.33982 57.73562
113.116005 95.850174 52.509434
109.359474 102.95848 73.083725
104.42413 109.942444 59.960884
144.8318 153.68138 128.2873
121.22928 113.12994 81.88462
94.47364 93.96637 74.25883
102.01276 90.04756 64.93018
50.676617 51.861286 34.111927
51.474987 51.999374 40.47012
39.6351 42.06867 29.843765
28.734304 38.292355 27.03205
55.654755 58.21915 47.255013
32.04063 29.11002 22.639175
56.801624 54.10532 46.148872
54.298107 20.752087 22.959044
50.258068 42.112812 30.12573
99.62205 80.554794 55.671455
89.15091 77.908325 41.279205
98.57541 81.1087 49.506477
95.35905 87.04668 67.05864
79.653114 68.40208 47.37108
94.77566 85.10039 64.27885
130.24304 109.25478 70.49415
144.77194 138.39967 111.95895
86.748505 63.668465 45.8531
83.38761 62.801197 38.86181
47.251034 38.21616 24.436066
78.623955 60.788246 39.893135
86.125336 71.47196 46.16794
103.46703 86.13257 67.62698
98.657845 71.77697 43.31214
109.649956 94.16126 77.0617
147.35194 148.32802 126.342186
124.86684 132.97713 131.89238
78.5191 99.91378 96.53981
79.82503 99.846954 92.796364
110.03366 128.36154 121.649826
108.77023 129.91983 124.11219
123.14433 87.98186 44.634804
95.335976 76.03034 45.452305
103.39008 90.69509 70.99261
74.69588 61.420616 32.17757
79.996185 67.64838 46.093254
88.2061 73.42469 44.65946
91.84488 69.46187 29.01351
119.436134 110.936165 83.87424
82.73579 69.13651 39.286503
157.54135 155.09851 127.76701
151.62183 141.2604 117.155876
93.4601 79.334595 49.86148
93.38972 82.95881 44.664585
121.69249 101.750015 70.67103
100.08954 88.684044 60.853855
73.57373 61.775986 32.51203
100.41496 99.62136 64.035866
114.20633 107.74255 69.13563
99.99356 85.8503 65.29285
98.66895 88.36299 67.00188
104.49418 87.708466 51.38699
80.9126 70.33525 42.89169
80.35386 72.612915 44.46519
76.25685 67.23026 38.843437
73.085396 63.742027 35.63717
69.434654 62.65686 30.572546
113.57899 108.74738 63.55621
169.01105 161.65253 125.09815
109.83035 102.49701 73.64272
93.94307 87.45421 66.486
98.4646 94.85688 78.40273
103.80892 101.7819 73.33035
69.40595 71.80166 38.42512
80.068565 67.68339 49.653343
207.85593 142.25465 122.24022
111.13106 99.23999 76.45825
119.914406 102.03731 74.63214
133.74101 116.25968 93.51525
114.25215 99.07534 76.034546
114.11048 99.49096 75.06298
106.76336 93.92604 70.1114
139.50279 111.16291 77.16452
129.59691 108.50687 75.56035
135.87541 92.965355 64.28907
95.9287 88.11377 57.462627
109.0191 88.02768 58.539444
164.74335 143.04027 108.879036
131.65897 102.04211 75.24239
112.525345 90.77424 58.814903
103.857994 100.73831 84.16492
101.134834 98.13576 81.95691
173.5235 175.99493 157.28168
167.65706 174.56969 163.59865
135.8341 120.311386 86.83841
142.29008 148.78923 138.73227
50.64059 41.740387 28.192854
62.17816 54.350307 34.15768
54.346886 41.394516 19.033627
51.991882 40.32243 21.015022
38.861645 34.697094 22.788048
45.747616 37.532017 25.18148
104.527214 159.87712 180.4219
24.03011 34.15308 42.350765
49.069687 62.93212 66.690254
31.769575 44.761948 48.29712
48.81773 82.15357 103.02261
38.321083 56.76254 61.29528
56.93173 66.67043 68.37726
28.39271 42.131615 28.36753
25.81178 35.499935 34.449642
22.30491 38.195286 38.987904
33.318027 61.694595 56.229572
40.921734 34.084476 13.731083
34.004173 25.965025 12.745349
37.93482 30.696995 15.352377
27.250477 24.284004 18.674446
57.827625 49.114456 33.748077
21.881435 21.436691 13.304056
53.76402 43.269905 25.486162
41.986687 34.994083 19.895042
20.209354 19.334791 12.893926
129.59227 95.208694 56.54474
135.21478 94.434555 64.2627
29.311289 26.420683 13.071823
151.88377 114.69381 83.2461
103.92729 83.327 51.955166
47.71777 37.537636 15.856387
155.75047 123.451584 97.66311
194.38383 147.95921 132.87253
96.977875 81.554924 55.619946
141.58139 126.29354 95.24772
93.46664 74.40572 52.183914
54.349022 40.23999 13.112649
92.794426 81.5095 55.817104
77.661 67.739494 49.25945
103.77569 88.686775 57.6968
139.79877 141.34203 127.47998
146.81688 144.66267 125.897606
160.83772 153.6496 142.24289
143.69315 134.25722 126.51243
122.26313 111.69746 98.82138
124.579056 116.00503 104.54283
120.60558 114.5924 95.34939
150.37187 147.21843 127.18822
147.8952 139.65703 108.43883
137.39609 127.940506 109.95973
141.45927 131.52715 114.27372
132.29143 109.66679 92.56019
138.21071 121.8906 105.436
127.70896 123.83851 115.30895
140.39334 133.87791 124.908455
107.92433 108.68493 96.76724
121.7772 103.322365 91.58195
122.962265 111.76448 101.41608
154.81583 147.22687 136.28334
122.99093 108.07751 94.75554
67.83548 59.389587 45.306915
131.6539 122.92226 98.08987
150.8889 141.6578 126.7324
128.82742 112.71349 93.2016
124.52761 105.00326 84.368256
116.267204 100.582245 79.182236
122.553185 103.75636 77.640785
138.70853 123.406876 103.339554
49.248867 41.13066 24.082178
41.813293 40.607685 39.621197
40.974262 45.270264 45.411972
42.748634 47.301395 46.564724
45.55999 43.716686 40.13313
35.150288 40.823383 31.985176
25.917953 27.870686 27.80915
27.614292 32.057884 33.171455
39.474754 43.377655 36.448524
29.536257 34.25564 33.958878
24.482645 27.363256 30.489153
26.092794 31.209026 30.754389
24.903952 30.226645 26.855532
58.930378 60.560745 57.968575
31.583855 35.74489 36.74778
49.674576 54.764416 55.38071
20.37509 26.3104 24.374138
79.25478 65.63033 48.459866
78.26159 64.08714 45.89915
58.410625 47.035995 33.642365
68.46664 53.35977 37.591084
61.913452 51.230164 33.211754
59.796528 50.277103 32.928276
68.339424 49.153046 24.822958
73.218 52.95602 27.40566
66.057526 48.238117 25.73723
70.26898 50.897575 27.960161
58.608704 42.073433 27.392479
63.629414 45.95924 24.445566
46.694233 46.1967 39.490204
45.611828 42.37621 37.249687
72.36562 57.58681 36.16991
70.82526 52.93173 28.356289
64.402275 49.047466 29.668201
32.64779 32.947636 32.17609
39.273518 31.491453 24.500132
42.843533 32.925514 31.865295
40.720203 32.56088 31.63418
35.156597 33.89307 30.507462
101.58182 91.37667 73.52459
81.97952 72.46496 56.927715
78.36927 51.546806 31.886234
10.922951 15.502926 12.275754
67.35037 49.034023 29.697094
92.394615 53.39741 39.21925
78.030045 52.775063 31.16314
91.05045 63.4169 37.361023
62.6967 46.683945 32.40382
66.500854 50.53747 35.608276
75.23049 53.252415 36.42134
50.928047 39.45753 31.647228
42.152817 36.248867 29.39833
50.08849 32.779503 29.970745
24.798862 20.055452 15.61564
45.37542 36.82253 27.844652
47.83775 38.34784 25.90681
50.84843 40.02551 26.245152
28.481133 22.614786 17.885576
48.91835 40.421997 26.638025
54.38926 45.009926 36.12376
57.158207 48.088257 36.4715
60.87874 51.040924 37.586548
50.04615 37.079285 14.020873
67.86181 53.695877 31.678686
71.53175 56.859215 37.460884
74.03843 57.62307 36.31211
73.94787 57.95007 35.161625
69.399155 53.007397 31.235718
116.23233 105.78318 84.56778
112.825096 103.296394 76.42561
85.43547 73.76425 47.66922
59.9078 44.022354 25.311682
60.243244 43.883736 25.593517
82.692856 63.41608 35.194565
69.217865 49.66041 26.639898
64.66041 49.867958 23.8105
73.3413 57.685062 25.632765
28.988527 23.505457 17.396555
39.158535 37.565544 31.779173
50.409603 50.05427 44.85001
36.28841 37.86776 30.154593
29.208895 28.594275 24.096048
34.14789 32.888733 24.367168
31.510387 30.58484 22.005095
39.480114 36.752842 28.378904
31.320492 31.17494 24.396324
39.39248 38.408554 27.99142
51.002464 49.9147 45.978733
21.986128 23.94892 21.150911
21.627275 27.911905 22.90474
22.600454 36.92446 30.16225
24.889029 34.373085 30.84393
20.834265 26.238808 18.583557
27.899382 31.84498 24.836006
23.710308 27.802052 21.974327
31.499014 33.533463 28.776379
24.709553 30.527678 27.12629
29.730293 34.38587 32.151073
24.005983 30.73013 30.881863
15.298567 24.005852 22.789724
42.37759 50.218296 41.222633
34.15837 37.346558 39.238117
33.779766 39.624252 37.471928
40.358887 43.109985 54.335217
37.90497 44.52669 43.485176
49.332096 46.7609 31.760897
33.38479 37.849712 41.06719
37.492603 37.859707 39.105087
29.039906 29.652061 27.77457
44.66899 48.519096 46.37187
47.12126 43.116398 41.2418
49.394844 45.014267 38.46933
48.554565 58.996548 52.77628
61.725395 64.408455 63.514133
65.53113 67.212906 56.20768
71.24577 65.96825 53.979424
51.37016 49.79094 36.55713
35.589935 29.529322 19.305109
57.543358 42.061108 21.398823
53.04983 40.66143 20.770922
54.667805 40.789986 19.279173
67.76931 51.441654 21.52357
111.28453 86.53228 50.880775
57.696274 44.435936 22.700974
84.40678 64.45947 26.243969
57.1992 45.24058 25.497864
74.232 59.134476 33.05703
112.777466 89.26938 51.782032
90.45671 68.05831 34.776016
38.223457 38.0286 29.927881
40.37654 27.080975 22.037277
118.88712 104.15337 74.997406
80.5615 65.19239 39.264282
54.614918 40.72017 16.137335
71.97663 76.468475 73.07133
41.316612 46.787457 43.58678
37.548977 45.94238 44.352245
49.81533 51.19614 48.598415
42.495464 48.045525 49.20061
53.505787 58.128426 58.83308
21.036684 24.202782 25.626652
33.45743 41.285976 41.463512
49.51065 54.998257 53.604893
46.243706 47.197323 42.46302
50.809578 33.440998 14.11541
64.59214 45.854183 25.421637
74.47742 89.1848 89.48721
43.53757 46.67389 41.9098
50.483303 57.983498 69.68273
28.230919 27.876373 24.477812
37.712345 34.900566 31.131945
26.972092 30.98935 31.209322
55.353035 64.20199 59.541416
39.031326 35.235554 37.116264
64.95477 82.15837 81.92768
84.55654 99.70893 97.6541
66.923935 79.943954 77.59013
73.07826 85.520935 84.26872
63.027843 69.98264 70.362366
65.914276 74.690155 70.93682
45.302742 47.712936 40.669514
64.12461 71.048355 65.00115
50.083294 60.840477 56.411346
134.37157 127.60739 113.248474
101.40914 96.9052 68.13957
86.30804 78.97561 57.54707
59.117973 52.336994 39.392643
112.525314 110.593254 88.24127
77.11114 79.38808 69.31398
113.337456 103.20485 101.9289
73.96621 56.597332 26.608376
42.005524 45.88239 38.30238
68.5428 59.342514 35.458385
58.63408 47.89843 29.229603
45.842087 37.599995 21.554598
94.26935 83.277596 59.9053
153.6942 122.27559 96.30596
152.49031 117.52284 91.7675
101.828186 81.40424 53.983467
70.91499 59.661957 36.300705
50.394943 40.597168 26.04888
101.66163 82.91687 57.97456
147.17503 118.6874 90.383965
90.28358 74.88341 42.70919
89.919205 73.60331 41.613174
60.82079 48.596508 26.173492
83.46486 65.985146 37.522156
63.510452 51.294456 29.569128
30.746105 28.096378 22.251396
51.261456 39.942116 24.657057
109.502495 86.33591 62.282066
119.23213 114.85957 94.70528
72.63352 63.2464 49.22714
65.096146 57.918777 48.428276
125.42036 110.44251 78.02906
126.3202 119.4241 106.4265
113.18927 109.04017 96.45829
101.74137 86.62438 55.1587
79.62767 68.399445 41.330715
99.1231 85.09651 57.48524
110.602325 89.58948 68.7631
95.13681 80.30737 47.859905
34.826374 27.40852 20.170961
79.61511 71.9027 67.23266
47.651863 37.404575 28.517586
34.577442 41.03813 35.06597
126.08353 128.63237 117.72165
80.98935 77.286865 73.89258
102.22434 91.32953 71.66458
121.77391 114.47101 93.622086
141.28342 114.71067 95.98498
116.83091 112.756165 91.064064
59.01634 83.3863 71.47716
22.986753 21.997437 18.590296
31.748865 37.20521 24.223259
46.34623 64.08662 56.413383
48.801525 65.2937 58.064228
32.69923 38.9999 33.075603
39.53754 55.89708 47.891922
63.45615 57.940536 39.20025
109.422165 104.480804 97.08579
41.442806 39.695614 29.570541
99.483894 95.33489 84.645584
128.47725 122.34416 107.871735
35.71448 54.55838 48.2652
31.326046 51.45602 43.841133
32.230392 44.788902 38.964005
42.033165 55.034153 48.86559
30.871607 41.959633 33.23601
92.47847 110.98015 105.47538
30.50723 35.41598 30.074223
49.37861 48.47173 40.158604
99.70268 89.142334 76.28989
120.9214 86.45411 70.979324
85.00473 75.54398 61.25646
77.84189 66.05065 40.266647
84.63089 77.15794 63.986588
66.96789 59.148838 46.917725
126.162254 98.43475 75.72819
91.363846 81.4291 60.211063
90.31113 89.77589 88.8696
110.29981 93.11867 77.31316
116.38206 114.53116 101.30501
85.14095 80.89899 71.968475
93.3343 85.83791 72.96473
97.69867 91.79137 81.315956
114.15236 103.256096 87.17813
108.54592 109.23112 93.827034
113.73351 105.21544 87.22447
99.78433 95.72102 88.48192
94.53836 86.770035 84.96637
112.20439 105.31365 96.64638
164.15028 99.369736 95.71987
155.80629 99.60657 93.439255
114.41572 110.47564 100.32355
60.317795 55.77306 45.918182
90.32467 83.62757 69.09217
70.86188 68.40014 59.483826
116.42331 110.08408 79.15712
132.39008 121.88304 104.93636
132.75816 87.597755 77.85113
122.6662 90.59086 87.91993
114.88029 92.8297 73.660446
152.59714 107.25189 95.88433
130.52412 111.55394 95.51276
131.80103 89.43038 73.42785
96.17701 77.80978 56.766647
26.49428 32.488987 30.254257
41.73437 39.35103 37.815037
127.22181 92.376434 85.2182
73.40142 71.82769 54.154953
80.47673 78.193344 58.086056
67.64588 67.95099 57.25524
68.22398 65.065475 62.085037
54.420586 62.735325 61.97009
82.60496 81.01552 53.54165
124.84978 119.57787 110.691246
71.51364 74.367134 65.50056
80.30958 76.712906 67.12879
109.379295 105.26149 82.782364
165.16162 171.13951 166.3629
159.27707 173.37325 170.93916
94.671524 95.474686 85.052
57.119816 53.778088 43.70393
110.17261 119.34899 121.95553
161.92436 147.46913 118.04333
197.71843 151.40172 99.84297
64.31635 50.86066 41.708664
109.682076 90.5049 66.928734
159.57057 144.00322 110.496155
162.4022 146.51956 112.39574
93.51851 79.43833 57.91904
70.77352 66.57856 57.902374
58.44869 69.1757 73.00335
66.637535 77.195816 78.06377
58.572777 67.08895 66.983665
85.86362 74.71336 55.855335
84.26024 80.80971 79.70071
105.98011 93.5004 66.368546
84.64059 76.36914 71.651436
64.54296 55.99438 43.467262
77.86618 69.70689 60.763264
93.8152 83.02603 76.65565
46.17139 40.36513 34.990337
70.8934 69.57964 61.380054
54.285122 47.888042 40.531982
56.650517 59.41608 57.241634
51.814476 40.120964 32.46105
66.10657 63.189995 58.97009
77.25051 80.2201 74.987144
75.61896 83.0092 76.82194
81.619484 77.11235 70.87233
132.99586 133.3672 121.153244
61.402046 62.440372 55.256
109.840546 114.27335 100.58803
79.210075 69.67024 59.819244
55.875122 53.709553 48.32618
71.06805 67.76119 60.944447
56.34981 53.108902 49.130497
55.413483 57.32253 52.71297
55.98179 55.268097 53.265102
61.803333 61.10673 59.228386
63.606895 62.51755 55.89205
45.794327 36.124317 28.111992
64.577705 63.883537 58.192593
55.519722 48.728848 47.045166
64.61091 70.259514 65.462
64.82427 70.46966 65.66462
64.68346 66.43682 61.238644
101.98258 106.8745 80.368454
69.956116 68.64046 62.137203
70.348724 80.34271 75.52051
71.057655 80.58441 75.65495
132.18178 108.0779 66.05045
146.7497 122.61186 95.22421
145.69722 124.31721 113.65357
86.688545 80.07117 86.16774
61.390114 57.719807 60.48067
0.7560647 0.7836105 0.7375912
11.021991 11.105187 11.02863
10.245316 10.410657 10.285189
25.81418 26.243738 25.815725
0.8286109 0.86611664 0.81588984
11.948721 12.040333 11.961442
7.6217213 7.6640916 7.6120243
5.0481887 5.2732234 4.9906974
16.57488 17.229471 16.472553
8.234271 8.276478 8.224542
