0.0010130961 0.0010130961 0.0010130961
0.0023227083 0.002396837 0.002396837
1.6445515 1.6446257 1.6446503
0.0024215467 0.0024956758 0.0024956758
86.64537 93.13586 96.80158
124.28589 128.23543 126.6448
0.0021003212 0.0021497405 0.0021744503
0.0021003212 0.0021497405 0.0021744503
15.346553 11.027428 4.730541
41.773785 40.264046 40.08169
61.505756 56.535633 55.47761
59.03383 57.400593 60.38695
44.809216 46.450703 48.130295
120.94638 124.25493 128.23235
118.55572 117.5532 123.26039
158.85878 165.97012 160.63545
128.97348 131.00156 129.81836
115.223274 117.26321 114.73825
108.525375 109.13793 105.022285
113.17133 115.589226 112.54137
122.67845 123.16526 118.63692
117.46059 116.17991 111.00121
117.0659 124.63998 121.27571
48.204918 47.838078 46.960415
53.11003 56.85179 57.973907
55.028294 53.354633 51.79182
68.38866 77.57598 79.649124
42.482628 44.899605 45.956707
40.489475 42.713444 43.590363
40.512257 42.69264 43.267803
101.96113 103.26187 94.09911
126.7062 127.567406 129.75293
93.552284 98.023895 100.79091
124.260414 125.66002 126.3338
124.8105 126.586754 126.92167
120.73257 120.95382 115.240944
101.727875 100.122536 99.629555
123.21391 122.36494 118.691475
115.07737 111.401306 113.315094
98.22093 95.00939 102.55374
90.026535 86.93156 95.45701
115.19538 114.85436 117.26823
117.760956 117.74579 118.89192
62.24275 57.02619 63.087273
83.31463 85.120705 89.3856
111.76054 118.83964 117.85903
113.60323 113.722336 114.55286
119.96284 122.10949 122.0787
86.0169 88.09914 85.44638
81.765434 88.16353 83.77944
26.74633 28.768322 34.440895
58.74648 56.302174 66.18824
64.20378 63.572548 65.65283
53.582504 49.836422 57.680035
67.50104 68.049225 76.62278
51.548504 48.00057 56.112057
57.777664 56.714775 59.066566
49.35305 45.63551 53.608376
57.372993 58.09921 64.60887
58.33289 60.970966 71.58681
57.215 60.16422 71.05765
52.065655 51.697926 56.06449
57.907288 60.881565 63.01132
13.71663 14.210724 14.93531
21.371683 24.32943 27.955917
29.06086 32.096912 33.275684
29.622116 32.545517 35.90519
20.465925 23.64722 26.909712
24.650827 28.30079 31.583593
0.0024215467 0.0025945145 0.0024709662
14.686533 15.683247 15.415889
18.404966 23.69575 25.75184
106.34786 108.63686 113.80601
140.44981 141.57312 132.83116
112.69224 108.27581 113.34126
108.82967 105.435905 109.07406
123.345665 120.19048 121.3726
108.05456 114.709045 122.88001
112.847466 108.4687 99.93294
90.60885 92.7258 98.58957
89.63674 94.255005 99.00828
123.52469 121.434395 118.85229
144.89397 147.93628 152.4151
118.547935 121.809784 125.268745
117.360466 119.06118 124.310005
64.34445 63.14979 66.89264
68.98775 69.27228 71.13385
105.613914 104.93385 110.546135
86.16897 91.6683 97.7147
86.190414 87.60203 96.2557
137.7943 138.2848 144.57254
87.04478 92.1132 101.7743
131.55026 128.66377 137.29358
114.0619 113.75784 121.8857
146.45894 144.51788 150.90573
104.25273 103.37946 109.13101
107.62434 115.64996 125.3277
96.64915 104.36346 116.03417
38.663406 36.759476 38.463676
131.82617 135.2298 138.83766
111.79328 109.69192 112.22389
118.30195 123.4169 128.31737
0.0012601927 0.0013343217 0.0013590314
0.0024215467 0.0024956758 0.002545095
7.223672 9.866123 8.204744
0.017988633 0.018062763 0.0181616
27.2064 20.993698 21.162441
40.15053 39.058735 39.303387
35.21223 33.82434 32.833282
43.337112 51.176945 58.9743
10.627601 10.651792 10.791673
121.93519 119.69036 122.99012
97.5937 97.28601 99.852806
105.45967 107.51225 114.09723
116.726 116.45199 121.68439
110.092316 121.853966 127.66108
80.87613 82.189575 79.25953
65.97959 66.80158 68.04351
86.84116 91.146996 93.086685
109.95987 101.06886 102.905014
102.50351 92.03445 95.08216
114.25706 109.974724 104.27348
145.25159 157.73328 153.05652
134.6832 141.46913 135.4871
112.774796 110.15224 99.34114
109.09842 100.275314 91.28399
144.55095 132.30923 122.97917
109.39899 105.19113 97.256805
97.18725 89.4252 82.99625
107.01949 106.41431 97.27358
117.95392 110.25557 98.86442
60.229156 53.864914 48.43652
0.0017049666 0.0017790956 0.0018532246
26.077465 26.87109 27.612923
25.390413 26.312107 27.090067
0.0019520633 0.0020261921 0.0020756116
8.948554 9.534025 10.073412
5.807126 6.798828 7.6394167
4.168767 4.38342 4.5362983
17.464294 21.127329 26.308475
12.250235 13.555844 14.974253
12.619496 13.777737 15.193007
9.513936 11.901878 14.267655
13.767482 20.266815 26.501482
11.735014 16.786707 21.3065
13.63914 21.401186 27.454386
11.289004 14.5924635 16.761724
11.8580675 19.543686 25.8639
17.260637 22.851124 28.0404
19.314184 24.978453 31.35797
15.541907 17.13195 19.794317
19.593996 21.474129 25.63032
20.764862 30.80262 38.635532
10.4890785 14.448456 18.497084
17.248802 31.278255 41.699654
16.373165 25.80126 32.5127
14.002965 23.91285 31.381641
9.79533 19.09911 26.015469
9.689647 22.020039 30.444231
21.647146 40.28473 53.317493
18.722584 30.751741 42.603485
20.06684 29.147072 39.185543
22.735533 34.293575 44.301952
16.12251 21.938423 27.077045
13.917198 19.255003 23.975586
21.676105 33.60541 39.584187
0.0015567087 0.001606128 0.001606128
81.250435 95.42691 98.700325
90.6295 97.66348 98.614456
57.493748 62.308228 65.85782
86.105316 94.46459 101.95231
65.194145 69.30274 73.4063
66.127106 70.07487 74.113365
70.774994 73.06148 75.48275
117.56892 125.392265 127.94798
100.298195 106.62434 107.97858
60.786633 66.3641 69.606224
108.02755 113.519646 114.327675
81.13341 86.314354 88.27007
81.35466 87.432396 89.87519
82.40932 89.92162 93.59567
78.04865 85.019424 87.903755
86.5402 94.29145 97.565285
76.55737 85.49162 89.0451
99.831825 111.55016 116.06918
117.443565 127.1447 129.84122
46.774105 43.2045 42.95997
59.313393 57.623497 61.654285
59.279293 56.48878 59.815197
38.878403 36.57902 36.713913
31.335804 27.019842 27.196812
32.58206 26.874796 26.53232
33.63252 28.819841 28.64428
31.921818 26.176525 26.249691
27.103237 22.772572 22.874622
31.656239 26.752707 26.598764
56.19681 53.326736 56.60274
78.6382 82.73548 85.88972
113.28156 116.780525 118.61416
86.47327 92.383 96.71463
109.26015 118.8868 122.29847
129.51245 128.66699 131.79716
132.14569 131.50279 134.61841
109.09515 107.97895 108.340775
103.099655 102.988884 102.33719
144.28041 146.60289 143.90628
101.552704 102.03056 101.41959
113.18453 111.99096 112.15088
143.2379 146.60349 144.00682
75.55903 69.13388 67.74492
141.54555 144.31433 141.77113
141.35004 144.15535 141.53714
141.02126 143.72777 141.23569
141.59311 144.2827 141.82906
140.82977 142.71544 140.15323
143.19536 144.81645 142.05965
146.89488 148.2128 145.31665
143.1877 145.5106 142.65543
143.63022 144.78226 141.83261
140.7 142.45998 139.7166
104.08404 103.43338 103.93511
115.1727 114.669754 114.40485
137.90428 154.02023 159.24544
121.760315 123.67292 127.440056
98.293304 97.11554 99.14707
123.46931 136.7815 140.80994
77.42053 80.209114 82.731804
95.90477 101.64248 106.55246
86.67057 100.27754 107.33541
118.74611 121.89155 123.57119
87.86128 90.31196 95.33158
110.446846 113.81142 118.86103
126.19019 126.28994 128.89024
110.47285 107.34519 109.84519
108.70109 115.40086 121.83328
117.39795 116.828316 117.48624
78.88164 87.67017 93.11324
121.42345 135.21472 138.64317
113.33212 119.43509 120.83509
100.27972 107.127205 111.119446
98.9383 106.151375 110.36657
110.81238 119.74715 124.79076
111.49352 118.96172 119.973015
150.09088 163.58525 166.68527
79.31972 83.28258 82.18394
102.56042 111.519745 122.23901
120.23061 127.172844 132.21654
110.90549 116.35125 123.86259
95.6873 91.923546 97.38762
140.82474 149.28651 152.67055
91.32412 100.43202 109.7975
144.73901 153.59308 156.7003
95.66973 93.52792 99.541336
117.41241 121.10289 122.62634
97.706795 108.05543 117.81465
88.59068 86.637215 92.13323
132.79926 140.32579 143.78577
127.69098 134.91809 138.7893
60.374252 64.170815 69.865234
67.69575 72.50121 80.46326
70.81411 76.306595 85.01636
56.131256 57.978775 61.80766
57.493305 61.8254 67.937485
68.89671 71.51468 78.91895
90.70101 92.4997 98.67598
62.934147 65.90966 73.16686
74.02595 76.76311 83.872795
39.47828 39.588238 41.596493
61.445442 63.82177 70.25142
74.64089 80.33496 91.06074
88.46382 83.89553 86.80398
53.335434 50.969013 54.174053
59.90435 56.259697 57.736618
82.56568 73.81515 76.70625
51.505463 45.215393 44.78821
57.131874 52.295403 56.20215
39.91606 35.247196 35.190315
33.00126 30.573511 30.890734
68.009735 59.933952 59.26049
65.45859 64.81124 68.45283
77.68762 66.348656 65.49328
47.141315 47.4278 49.914455
62.44979 58.992786 60.786434
0.0012107734 0.0010378058 0.0011613541
67.14344 71.368645 73.73113
79.38851 83.92592 94.462494
76.79417 80.51626 91.1961
87.138794 105.05031 109.14994
87.65955 95.03615 93.00544
81.23091 86.13358 85.823326
106.17507 114.73704 113.77677
77.72943 75.39486 72.70079
64.15431 64.26434 62.70714
125.63756 132.16449 132.06224
76.972496 74.40988 71.885
55.16002 53.295727 52.488213
50.61295 49.206177 46.62019
45.12525 44.225994 41.90593
44.912727 43.90141 41.463455
92.385345 89.19321 89.249176
69.895035 68.041046 70.49839
102.64079 103.03966 102.09595
73.46481 70.87326 71.09214
84.495895 80.94744 82.94129
70.75856 76.36274 80.45607
90.88999 90.69575 90.881615
72.422905 75.44959 78.87212
95.73029 91.004005 91.050804
92.92538 89.96756 90.1125
68.27974 66.12547 67.441414
61.577515 55.906425 51.38955
73.63736 69.98512 70.629974
64.4575 60.204647 60.327896
54.04591 50.249718 47.513268
60.147987 54.635853 51.76069
103.04344 91.81154 97.9451
116.211784 103.12241 109.466194
98.647865 87.066986 92.67079
0.001383741 0.001383741 0.0016308377
57.460537 52.142082 44.383816
57.264294 52.188263 44.519
80.191895 86.36953 85.63257
88.87116 86.87064 87.32357
108.93422 103.39538 96.429405
135.73805 147.33815 137.23323
150.38351 153.7888 151.2256
76.931335 76.5852 73.16501
72.82871 77.262566 82.697136
65.488235 72.2063 77.833534
55.52943 62.41579 65.98416
72.82318 76.28189 82.965256
93.957695 99.29987 109.91453
65.35718 68.14628 77.76057
63.82189 59.68426 66.765656
34.66743 33.659428 35.14786
39.22093 43.653744 45.716187
40.664444 45.41438 47.423794
62.330788 60.296345 64.93509
51.449543 48.23783 56.45851
123.26024 118.05812 125.48048
98.54139 110.14462 108.88839
93.69961 104.82965 110.6292
101.47205 110.10257 116.83027
77.21537 100.953545 102.32175
35.52619 37.52671 32.977985
44.001755 46.28075 52.598717
140.77484 149.27057 153.58868
58.710056 59.765556 61.22224
84.32058 89.32313 92.00658
71.046234 78.89629 77.5678
121.49553 133.7578 136.93944
95.163574 108.41841 109.66963
96.00008 101.11759 111.21735
90.922806 98.42345 109.48164
91.046875 98.056335 109.15718
93.121376 100.543785 112.0551
90.29733 100.681595 113.10445
72.98829 67.44821 67.828835
72.099655 67.43358 68.11174
65.50447 62.059525 64.498146
57.479073 54.40163 58.083492
72.28124 73.00499 78.04401
76.17504 77.19842 81.70442
71.46822 72.02029 76.678375
68.12276 62.251717 62.28814
74.14013 68.38221 68.16397
70.65569 71.49901 75.90008
83.66763 88.80909 93.322685
117.515495 121.3191 124.399185
101.218704 105.34038 107.61312
114.66578 121.2408 118.51905
98.86291 99.5767 103.93373
77.96489 83.622536 87.69758
105.287476 107.13333 106.4004
102.11342 104.126884 103.18021
48.32256 31.954262 41.6829
45.664074 35.27964 38.446823
63.171906 51.233704 59.702
82.481544 93.70013 98.129555
125.76921 136.8528 142.17445
75.81552 87.58982 91.87356
89.09182 98.44562 102.23316
131.48784 139.80696 144.25925
114.09308 111.4934 113.013466
102.873116 106.27119 108.565506
129.18703 137.45874 142.0506
58.765507 76.2429 80.15241
108.56844 112.571266 115.479935
112.530815 111.16724 115.61942
125.44082 128.7597 131.0787
87.79582 89.59064 94.4383
117.55226 126.57675 132.70692
118.98895 124.75868 130.6447
121.044876 124.13469 126.53588
120.60682 124.1657 126.29723
111.84856 116.19718 117.824165
116.5893 120.65063 121.917595
111.818954 115.624954 117.46434
111.05098 115.25147 116.15073
111.11972 114.55903 115.47784
127.128586 134.33086 135.52026
115.1216 120.15004 126.98041
113.847565 128.64116 166.71233
114.55241 117.00638 110.241066
126.4149 126.906845 122.53758
91.02053 90.88139 90.70803
112.90647 113.24463 111.117966
108.821396 109.2277 109.00884
142.58769 145.77133 140.76958
149.93748 153.70311 147.41698
148.96071 152.28261 146.10999
148.64539 151.74057 145.42058
148.48647 151.63991 145.16528
146.78326 150.62286 144.51984
141.12083 145.0426 139.77287
142.62402 146.69162 141.67445
117.64151 120.83091 117.857254
105.43353 111.80949 110.46543
106.41351 104.937386 106.51843
71.19592 79.086876 81.88901
109.83773 110.84485 106.50158
104.47099 108.236275 111.88253
105.4704 109.053276 111.66338
60.966988 41.732468 57.165924
81.47349 82.44084 81.445465
104.347984 102.48624 102.63776
120.765854 118.85251 116.27423
92.75485 88.411415 90.30724
153.50427 156.43298 159.02406
145.9297 152.47264 147.58961
38.807858 39.578873 45.12555
25.326143 28.912651 31.452435
56.75824 56.44213 55.46323
44.540276 44.443417 43.162987
27.291277 30.288363 35.925205
32.89422 36.93217 39.559254
75.65661 71.174995 70.493004
28.540918 34.096863 38.008476
55.715393 58.94942 58.84984
37.19674 38.313072 39.58295
59.240353 51.612774 52.160835
79.681046 70.264786 68.82941
85.109566 70.781815 70.38083
51.596935 53.275043 51.676994
64.92043 69.3999 65.23847
100.98337 87.4704 83.845314
100.86434 102.4596 103.433136
41.04418 54.861206 53.813812
94.454384 101.89326 105.605705
88.683 101.48307 99.19143
45.65787 53.21705 55.176033
38.486286 47.093403 49.963947
144.86978 154.87189 162.95273
116.46108 147.17447 149.99321
68.29444 73.018974 66.30974
86.098145 85.83659 76.1047
97.476746 99.14969 89.79189
64.456535 72.613045 76.128265
58.673534 69.18631 74.01369
146.64877 138.57516 127.0698
115.977295 113.4828 113.84072
77.50457 77.04715 72.40559
74.52822 75.21831 72.71959
138.77269 129.91698 116.306816
134.05458 117.294685 115.02029
89.88065 78.42404 75.0895
73.88562 59.571484 58.374523
75.32805 65.198814 62.60225
128.09143 114.117744 112.44327
90.91043 94.98285 98.32933
124.95698 121.42019 106.51636
62.29261 57.035904 47.206894
75.37791 73.44734 53.485718
111.830986 109.227875 90.434715
107.85614 92.45562 92.20969
107.245514 92.92533 91.648605
108.684456 93.57628 90.232544
111.6641 96.35977 93.45458
63.88735 50.87225 47.740993
72.67356 61.62073 57.937286
101.391304 92.897156 85.10744
72.863525 61.452087 58.79469
90.11164 75.41885 70.18288
117.97853 103.111885 96.79765
129.5878 110.386604 95.79276
159.21072 150.69647 144.68784
71.54327 60.206055 49.237114
68.612724 47.71621 36.373585
78.56736 57.59466 41.46118
81.91364 63.145443 47.0298
68.73917 59.674103 44.461723
133.39304 125.468544 106.12224
53.919346 44.594837 32.766693
44.116653 27.842106 18.618038
67.35911 49.154533 35.44769
65.99523 45.15095 32.778156
48.907955 31.07754 21.309587
57.242428 42.141933 28.904102
149.96318 144.9613 123.63929
129.14517 101.23111 85.1726
56.93793 40.558216 30.352015
148.65492 131.78114 114.85123
77.825775 69.87359 48.999084
183.38649 169.99991 167.9941
83.603485 76.12797 73.90485
42.73232 32.261353 22.909908
196.40784 186.47173 188.05533
161.0707 138.41785 132.2298
97.05164 84.90222 72.51987
103.58384 91.02402 77.08639
227.64952 214.17174 200.33911
0.00145787 0.001531999 0.0015814183
133.93959 119.38754 104.8127
120.69195 107.5083 100.656586
127.025795 120.82817 110.25088
153.85463 142.40721 125.116806
0.0015072894 0.0015567087 0.0016308377
8.6483813E-4 8.895478E-4 9.636768E-4
91.99422 76.73049 68.249916
0.0014825797 0.0015072894 0.0015814183
3.233284 3.2332592 3.2333581
3.767062 3.7670867 3.767161
3.4777367 3.477786 3.4778602
3.8983197 3.8983197 3.8983939
4.4774895 4.4774895 4.477539
4.109637 4.1335063 4.120163
6.3404 6.416333 6.374475
13.831604 14.064789 13.935236
16.89375 17.220928 17.040722
14.047542 14.283716 14.15325
11.303287 11.421695 11.3563385
9.457228 9.502768 9.477687
7.6977763 7.7715344 7.7307634
8.0447 8.136842 8.085693
7.4710155 7.558043 7.509464
12.710848 12.768816 12.736793
13.291648 13.29155 13.291648
