0.0029696894 0.0029696894 0.0029206038
0.005571236 0.005669407 0.0054239784
0.023806602 0.024248375 0.02319303
234.92235 140.3911 142.14949
0.0075592096 0.0076328386 0.0074364953
21.545244 21.276426 13.800835
21.89449 22.5584 17.017597
50.216763 55.286613 61.00945
41.4847 48.26295 62.210674
20.855148 23.281729 29.643612
12.050043 11.3927355 12.261014
24.834728 24.857014 21.218382
26.495153 24.038336 21.50713
51.176586 53.13047 50.260254
50.53452 52.73938 50.15283
68.342964 70.29813 67.34924
52.81588 54.77428 51.85066
96.82707 60.702835 65.550446
40.805473 41.52588 40.429108
49.17811 51.235023 48.244274
71.19602 73.08273 70.24737
42.107742 42.400417 41.745884
86.9139 87.32959 86.26838
83.02067 85.14186 82.07164
89.130516 91.69398 88.2039
83.82693 85.620544 82.86536
85.23124 85.86926 84.869896
64.994156 66.53324 64.26725
64.90654 66.870514 63.91702
81.311844 83.44241 80.37588
31.213892 31.450386 31.113192
253.03421 254.07861 254.4655
105.64398 99.48762 89.27159
127.36434 115.77342 102.595726
35.41033 26.635563 22.657112
41.873238 28.973396 24.083054
50.730618 38.155945 30.774843
68.98795 34.925293 30.788294
45.26806 34.01087 24.118517
45.030727 33.94181 23.983973
15.438532 17.024912 17.980612
15.919892 17.574427 18.693779
15.672524 17.816101 18.47547
10.551994 13.057234 15.374156
44.764755 28.003584 17.617844
4.0306787 3.1179776 4.5434284
19.142864 25.425133 17.489704
23.625475 24.7355 22.026482
27.811338 35.766697 27.235243
11.212198 16.768414 12.735035
29.825794 35.957443 30.224297
32.808784 40.179554 34.409496
24.547945 25.917217 19.013817
28.400589 32.555676 25.944878
4.8267765 5.6019387 4.7025895
26.424076 32.10924 25.779728
19.518763 20.443098 13.8443985
11.945883 12.159652 9.394601
9.419144 12.630384 10.378893
35.38368 22.258043 13.552289
56.667835 45.841034 30.709215
17.55732 16.252449 28.101437
21.642017 21.515032 34.556633
60.956165 72.474365 77.54851
66.784904 84.2698 105.65515
61.456253 74.69827 80.05716
66.666046 78.41973 83.5693
91.25328 99.07952 100.70166
72.4872 81.52961 84.786964
55.299667 58.131157 61.35975
55.57433 62.76765 64.73771
42.119156 46.39249 46.67974
57.461308 61.761444 64.953445
49.665382 50.085506 52.607265
81.62722 88.71194 91.8808
74.38601 88.31273 98.833305
73.49358 77.424614 61.03448
133.36214 134.42818 133.09262
82.61055 89.26114 84.47388
60.900013 62.323696 60.047787
79.73263 87.89908 88.04891
56.106956 60.825428 60.098785
115.9463 112.92912 109.87108
81.97664 87.76338 88.40464
88.53786 95.95119 97.069214
83.39087 90.167114 88.24101
52.97752 50.98216 42.1127
56.320553 54.463272 45.126812
57.560143 55.65657 45.86197
58.16365 55.369812 45.874733
60.5073 55.349293 44.32654
62.144657 59.341587 50.201252
55.34834 53.534153 43.418285
73.19315 69.94171 57.4938
64.04847 60.703865 49.62631
65.68146 62.545612 52.239635
59.42695 58.35538 49.80626
69.038704 66.42533 63.17838
78.13911 83.71096 74.13668
76.88875 76.62243 75.410355
90.00405 92.816986 93.57072
84.49851 92.88897 86.03937
92.3058 93.71697 95.47991
87.05375 87.98886 89.1369
81.572685 82.478806 84.70519
74.31999 76.91057 78.0175
88.69336 95.825035 90.66322
110.23384 118.03465 114.11837
76.28131 80.24116 77.95678
10.284673 8.643293 17.64354
15.484256 16.276894 22.655983
48.573643 51.544582 49.782795
80.376686 82.55364 82.16056
88.16502 86.69017 89.173935
92.17038 89.03578 88.831856
108.95386 110.3395 107.88227
110.41922 121.33224 130.906
63.101536 59.81377 59.77072
58.859024 55.03851 56.188465
74.21564 66.82231 64.0284
99.67081 100.82062 92.7799
78.72585 77.98447 65.14409
35.007607 30.367186 25.877531
59.835686 67.60756 67.5141
40.86592 37.52107 48.246067
66.347084 77.70909 80.20159
75.13361 84.18326 95.92689
25.48622 23.32615 28.954327
83.07861 87.42191 99.17293
24.518763 26.674414 17.417082
45.967823 47.32809 41.891987
84.92973 88.87471 81.90759
67.47005 70.234116 62.028175
43.36986 41.985718 34.284107
39.499325 37.76063 32.51427
40.273384 39.485065 31.86445
82.94863 89.794846 90.8951
53.621403 53.29589 47.1542
51.766964 54.961246 52.572536
99.15209 103.613625 97.08023
94.01264 96.79811 92.79251
51.860767 52.757687 50.729637
45.025845 37.34591 26.484648
64.96473 68.55452 68.33845
102.644646 108.20461 106.326324
13.354718 9.721635 3.8449135
21.251614 16.810553 11.077212
41.090786 40.29412 39.53226
85.320946 80.90408 75.70693
33.975777 28.36375 25.606455
12.742202 17.230825 13.071739
39.456326 45.649063 53.210136
24.779875 29.663935 30.298613
29.620543 34.067 37.889313
29.44089 35.737637 37.788612
13.822849 19.876574 23.470781
13.121266 21.015463 26.510443
11.752975 20.391361 25.204075
12.247025 15.100135 18.689924
6.6168857 9.972193 11.867935
6.8800836 10.152215 12.023414
15.675813 19.223978 29.03004
12.766327 15.783139 24.830973
18.942398 18.94252 18.942251
11.871813 11.871738 11.871469
1.7824028 2.9119155 2.2929194
3.0518837 4.258559 3.670757
2.9229352 4.180906 3.4290097
20.075274 33.194355 32.94652
4.176856 5.5249233 4.5837526
3.4315867 5.5330715 4.9052153
7.4176464 8.715131 8.664057
4.9231563 6.949589 6.5719476
3.4436862 5.506541 4.542226
2.7218063 3.9294882 3.3896184
4.2446437 6.451884 6.13933
4.9430113 7.3358693 7.0399065
4.047466 4.8334517 5.159406
6.6703153 9.251074 9.831071
5.337146 8.250902 8.722666
4.78363 6.285262 6.082292
10.365395 12.93744 13.525193
5.4811144 6.187704 6.2968955
0.01580562 0.015731992 0.0151675055
53.712013 53.71194 53.711376
3.6130323 4.3826237 6.228519
3.8163946 6.3016567 7.834041
4.4432693 5.309265 8.153025
4.5713587 5.6619954 8.834115
7.2665114 8.067002 10.017229
8.62177 10.24992 12.551871
6.8095717 8.238852 11.432372
7.265333 8.396638 10.783041
7.5807095 9.088036 11.441895
7.1141 9.012099 12.291373
6.9439197 8.111964 10.662511
7.1382256 9.0084915 11.9549885
7.0720086 8.120972 10.180219
7.294441 9.706516 12.461161
7.5999017 8.381003 10.273726
2.329243 2.2859 6.2889433
2.0822186 1.8856547 5.8975334
2.068033 1.9182967 5.9438457
2.0590258 1.7565836 5.8134003
8.615045 10.181789 11.929095
2.01907 1.6617254 5.9978404
2.4139159 2.3976438 6.369199
6.380071 6.4388022 6.967579
4.6482267 4.638532 5.267984
5.017769 6.091594 9.506835
4.041502 5.0747824 8.180562
3.02577 6.210676 7.3632345
3.2014725 3.5236225 4.0326176
3.6544607 4.4238067 4.9528284
2.9644864 6.336213 8.144778
3.5709412 5.031464 6.057357
5.222285 7.370156 7.7278194
6.310713 7.2093263 7.468499
2.7283838 3.3833845 4.17369
1.7541049 2.027537 2.651491
8.032764 19.51999 28.712946
10.151479 12.5109825 17.37207
7.043858 9.688919 10.271493
10.151454 11.130642 13.014309
5.961664 8.137661 10.855295
11.040275 12.261112 15.549663
11.908921 13.232176 15.181936
10.018505 12.505829 14.32534
10.935575 13.404688 15.723794
6.5863786 9.250116 9.669971
7.899276 9.557639 11.093533
9.833796 11.960584 14.4493065
4.9871397 5.5261993 6.1642656
4.1393547 5.5232544 4.717806
5.141858 10.285237 6.1410236
3.6882563 4.2708063 4.695987
5.571702 7.3227634 7.0483985
4.581519 5.8474903 5.2685237
3.657504 4.6653085 4.4135966
3.7059762 5.768413 3.5903301
6.7301264 8.366695 8.24322
5.520407 7.55381 5.6721315
1.9724383 3.5340533 2.3530986
1.9394282 3.4595902 2.7288747
3.3097312 5.7198186 3.272647
2.4172783 3.8740213 3.7981594
4.013155 5.4980736 3.6927722
4.105633 5.8881826 4.613965
7.192686 8.226261 10.433673
4.83409 6.236348 6.0807214
4.5365567 5.7803655 5.3061724
4.50794 10.317928 11.692674
27.106663 39.11334 42.682365
7.8858266 9.1866 9.813302
3.8761075 4.317487 5.8267026
4.3917537 5.3751383 6.3474045
4.9968586 6.5260525 7.4558105
3.978746 5.106344 6.4031906
6.027635 7.3150816 7.6866364
8.261014 9.494441 11.409645
6.4017673 7.759013 9.213204
6.0206895 7.100307 8.697411
5.830924 6.6636395 7.6013255
6.4406185 7.661136 9.467518
6.127942 6.9937415 7.997693
6.8596883 8.049037 9.603902
32.26082 50.793694 60.644596
19.6524 29.247393 32.8683
11.92161 20.366352 21.39762
26.632618 37.69594 42.136703
15.894269 24.066658 27.148632
16.370401 25.985594 27.760315
9.151307 16.022285 19.615364
11.959652 22.247686 23.238852
27.885065 36.59448 37.029377
25.01772 34.131527 34.451195
23.83144 32.662167 33.1516
8.798258 14.950939 16.102884
12.05532 19.81826 24.64619
12.372585 22.162106 23.23625
9.712431 18.311031 20.684649
17.721954 26.142914 28.057283
13.85581 24.469236 26.328997
14.9750395 22.66396 23.453848
18.240913 21.175014 24.18444
17.96694 20.816885 23.204247
23.302122 26.560804 28.111277
28.028543 31.455074 32.95354
8.674022 12.20486 12.3356
7.291987 13.466683 11.232642
7.4661674 12.110148 13.141465
6.0512457 12.356584 12.614848
5.2812123 13.737956 15.469702
14.846411 23.810505 22.662241
5.0469503 8.427635 7.8867345
13.546914 24.975752 26.495129
28.8457 40.605965 43.686317
39.102417 63.141 74.69827
7.3302245 13.615683 14.381323
7.6568904 12.378525 13.832789
11.978623 17.243294 18.20864
9.905019 14.953786 17.200588
4.4625597 10.763357 11.3074
7.09449 14.696281 11.76618
16.649086 21.57001 19.763554
15.661578 19.99119 19.31032
10.716186 14.3772 14.020665
14.281458 18.233698 16.777372
20.493313 24.309559 22.836397
24.219854 29.033182 27.69373
10.48325 16.716995 11.606896
10.821843 16.820911 11.969321
10.9871645 14.981667 14.344484
10.083814 13.749539 11.06575
16.322298 20.278734 18.656792
17.682734 22.707327 22.801449
13.383286 19.01723 17.80373
19.094515 23.561861 24.298466
12.210823 18.444202 16.377617
17.533537 18.758865 18.1436
8.058781 11.99465 9.658952
6.7426434 8.686464 10.001644
6.7294884 9.987556 7.5288258
11.198601 13.997742 12.674315
12.780906 21.639858 14.610111
11.20805 14.704406 13.5362625
11.17018 14.61988 13.446558
7.8596883 11.742496 9.750767
11.334151 18.257038 12.469555
8.433428 14.229476 8.557786
12.101485 18.258387 15.64079
11.372315 17.061604 15.332507
15.600687 17.965935 17.633894
11.331623 16.037134 15.706246
16.84965 19.704748 19.77855
13.198675 20.00589 17.913584
13.331599 20.105314 16.309437
14.746349 17.169592 17.376806
15.265726 21.865555 19.05267
7.6940975 10.637182 9.337391
14.711695 14.905044 15.9964905
15.662143 15.780415 16.857014
16.486195 16.896797 19.986109
19.08536 20.412025 21.269482
40.32151 40.3207 40.320286
18.223757 21.083029 22.809866
19.234041 21.718763 22.848154
22.893581 23.311106 24.91994
23.56672 23.71329 24.283766
23.020052 25.120235 26.85964
18.45051 21.413548 21.936409
14.0902195 16.36667 18.079617
14.811413 17.771433 18.23858
25.76915 38.23431 42.14488
29.546913 40.867493 47.41951
20.323278 30.769272 32.174057
18.380243 30.398037 30.872278
24.307768 28.568537 35.792587
34.169617 11.856031 14.130224
144.90883 42.109684 41.109413
42.76898 4.7800956 3.2293777
18.056644 18.493607 19.582943
19.672377 19.936901 21.343452
8.143232 9.021573 9.331599
20.653578 20.54495 22.843637
11.850387 13.032568 13.679004
10.845969 22.362743 23.032078
10.028028 19.016321 21.088232
15.653405 27.756706 31.179188
57.45095 70.211 85.71435
37.26914 37.267788 37.267124
8.487667 10.067321 13.747134
13.386158 14.896994 16.879347
12.60076 13.781667 15.42226
12.312161 13.401841 15.314002
11.971996 13.159554 14.98687
10.397571 11.019586 12.2423115
11.001694 12.731624 14.079396
14.371506 15.4254265 16.914297
14.222506 15.179851 16.547184
11.268941 13.182403 14.592441
17.26931 16.511229 23.586428
29.150227 30.511303 33.764046
16.942448 17.664328 18.882538
19.106491 20.166794 22.006454
13.22361 15.154694 17.357737
13.280992 15.234311 17.456326
25.006823 26.788366 28.444742
22.475002 23.805498 25.431808
18.127132 18.719572 19.565615
29.294785 30.135035 32.180416
17.789202 22.811878 25.181078
24.093533 28.377714 31.492796
22.952534 27.138422 31.387901
5.177764 5.087373 7.2920604
19.093876 19.092552 19.09216
9.411069 9.821892 15.670487
11.264572 10.469898 16.534863
13.318076 13.563971 18.139084
6.3306417 6.2780952 11.293754
6.393496 5.9421277 11.422923
10.626187 10.200638 15.316259
5.6438336 5.05878 13.185937
14.424862 13.970009 19.466831
13.23841 13.408689 18.623194
13.070217 13.687863 16.876917
21.23873 21.702148 26.340754
25.215584 25.590158 29.750816
18.319107 17.14468 22.87871
13.959995 13.830507 16.682661
9.339158 11.281605 13.322715
28.173788 27.600515 31.49292
14.88941 13.628126 19.943035
12.304455 13.102515 16.783213
21.121315 22.30119 28.213768
17.076672 16.929365 20.632643
11.756461 12.695275 17.528286
14.404884 14.716407 20.349884
5.617622 20.27434 45.23576
12.004025 11.624911 17.12296
12.816198 13.039023 18.893166
16.302246 14.632642 18.409498
17.700674 18.878439 22.291962
15.245601 15.054853 21.303768
15.879175 16.94446 21.541416
21.27034 32.614285 45.05451
74.21151 75.462875 49.000294
73.91211 67.552414 49.12446
87.44216 87.36598 63.494713
86.271736 87.89095 87.530914
85.09326 76.23016 69.65542
60.271347 52.421158 44.45088
95.022285 96.54112 79.34065
49.692894 50.654533 43.022385
75.11226 75.51221 71.40258
114.16682 111.47991 110.57941
76.03558 74.16164 70.1905
85.94115 82.21774 75.06406
45.459393 35.38277 31.777617
64.30838 60.20925 53.614357
61.272106 48.41772 41.25245
101.70357 102.37401 93.23662
142.22992 142.76132 135.38676
62.62356 48.03851 30.315008
128.9072 111.29368 109.34166
128.9826 103.78716 101.66268
210.33202 211.3318 215.19278
135.75887 116.01674 114.540535
63.43792 58.4604 55.752216
121.40729 117.268845 116.68472
115.50946 118.22221 106.842926
68.084625 65.889755 62.311104
104.73059 97.255615 93.70126
136.43863 132.73175 127.98022
56.488968 49.9005 43.872303
97.7219 89.56532 86.250114
56.13366 49.87682 43.114788
113.083885 108.55909 96.33653
63.86953 59.69368 55.612984
114.754005 111.69999 102.311424
113.9477 110.816956 101.33199
31.951551 35.67429 31.174034
49.3637 52.40567 54.00032
106.349396 109.27895 107.67434
22.01026 44.745415 86.48764
16.724138 32.25311 60.807312
54.751995 84.85735 118.06357
78.62032 74.199585 71.7827
66.82758 59.919746 57.735012
75.64626 71.88222 62.4403
136.81485 140.86954 138.99294
145.52983 150.01826 147.25526
71.59679 75.633965 71.74586
118.17349 126.77599 120.9625
83.01031 89.355774 86.75774
88.23748 93.47326 88.70367
50.785374 51.914173 46.298367
69.28941 64.19063 60.14981
87.78837 87.94875 85.809845
63.279152 63.913486 62.33842
80.87994 90.31116 89.4641
50.184364 58.40815 40.540657
77.6507 81.54687 80.50087
107.1383 105.355675 93.51309
51.316727 58.89218 47.635464
154.55254 157.5516 154.49611
45.006504 51.86288 50.763577
48.312798 57.329563 70.55744
38.02486 45.845234 62.310566
0.019977912 0.01894711 0.018456252
6.1841455 6.1830654 6.18255
9.918861 9.917757 9.917192
13.056399 13.054485 13.053651
10.703963 10.702123 10.70146
11.670316 11.66845 11.668057
11.221598 11.220493 11.220272
9.116824 9.11572 9.115499
11.984047 11.982943 11.982722
10.060425 10.059467 10.059197
15.899914 15.898932 15.89854
17.086464 17.084623 17.08433
