0.016608391 0.013209013 0.011137011
0.06960632 0.05377493 0.04406242
18.272177 39.92382 42.83217
100.903946 107.399155 98.93981
28.611143 54.70639 66.31465
21.247118 46.323944 50.71691
29.181591 39.695515 39.76415
22.126522 27.904818 26.486013
0.06931494 0.054033928 0.043835793
3.0887399 3.081326 3.0760489
3.5271304 3.5119464 3.501813
3.1992683 3.1914983 3.1867068
193.21979 159.8352 136.63441
183.06424 147.41414 121.27072
188.70383 158.30054 134.89365
171.50433 141.61752 119.46857
188.24226 151.4054 124.29283
107.32106 92.20801 71.89883
103.911095 87.453865 68.241066
169.53888 135.83531 110.21326
153.56125 120.132675 91.5912
181.10817 147.29927 122.28442
172.78908 134.8031 106.084236
176.81145 138.77063 111.98899
77.312325 61.18564 46.41877
130.70885 97.94069 76.274216
7.4809637 13.156274 8.486597
3.5042412 3.4948523 3.4900932
3.063617 3.0515735 3.046361
151.84247 123.327736 102.51016
148.77914 122.69691 100.33816
150.70338 129.84479 112.0822
142.82747 124.79872 109.44189
151.21063 123.99424 102.6789
111.67363 98.606834 85.15472
152.67136 125.779816 105.58796
115.05332 98.57799 80.18687
113.4447 97.47688 79.63131
111.28085 95.382545 77.75375
108.562904 92.7376 75.154915
158.38309 125.70141 100.83829
127.23864 111.03918 89.87448
157.78195 146.3027 132.94011
157.26509 143.17635 128.06831
108.22727 91.2455 74.42162
127.01172 109.828766 92.53901
100.688225 99.5619 92.71154
66.28387 65.39549 62.995434
117.70681 119.047134 122.59959
103.4604 105.05494 106.223
78.720184 80.62801 79.88682
44.312614 46.48336 43.02904
72.76975 78.23821 78.21245
76.066986 79.76418 79.491196
35.966652 37.776062 34.014988
78.04371 78.83133 78.81715
155.30876 121.50188 95.812584
59.593044 59.422787 58.10577
60.615578 59.716587 57.746407
78.056595 79.45982 81.17829
74.247314 75.339874 77.05446
132.44023 131.8132 131.90796
138.27159 137.7106 137.96306
86.55779 86.73902 89.50107
71.497154 78.35292 79.62927
79.2567 84.5834 85.985855
91.018715 95.03927 95.22734
145.40611 144.18431 144.79662
126.40288 121.497475 119.99589
205.75081 207.80225 205.81332
81.59308 82.13513 76.75019
119.42039 121.56876 118.42233
125.8333 126.15255 123.415375
144.51033 145.2309 144.5359
115.24877 116.24783 113.87555
158.23926 131.53496 105.56999
131.31209 117.6531 100.88546
119.43913 109.48724 92.89248
121.60182 114.09107 98.80598
115.21206 105.93609 90.5313
121.14585 110.98436 95.62364
28.791279 11.732194 3.821128
25.396885 20.821613 15.820027
41.24391 29.897274 21.896885
40.50492 29.968208 22.653393
122.24838 122.50062 119.6249
112.48977 112.02972 110.20034
82.339714 82.98582 81.496765
120.399086 117.818405 114.53344
108.746635 105.52681 103.05484
107.329094 106.97886 103.508965
110.32233 110.687775 108.838936
106.60648 106.556496 104.61946
88.25508 90.46497 93.72546
119.56627 120.274734 120.920975
122.18369 123.508705 123.88516
121.07754 122.03937 120.796265
117.2783 119.76823 118.40278
114.28969 116.27781 114.47935
133.86577 138.31953 137.99004
123.16158 122.823166 119.155365
138.29404 141.40181 141.2251
134.48973 134.72417 131.17563
109.704155 111.37914 109.35959
118.96108 120.68587 115.75777
140.98259 144.18224 142.67302
115.171036 122.18447 120.806755
144.57877 113.40028 84.65608
85.39825 86.659966 87.25068
116.44636 116.81394 118.25434
71.339066 73.14857 72.736015
121.69567 103.937584 88.45529
133.73682 115.81876 101.89245
128.59836 111.752754 95.8007
127.32252 110.78856 94.33592
126.6037 112.51671 97.03658
133.40326 130.31757 121.915596
156.18347 143.17747 128.94551
3.0258677 3.0175796 3.011655
124.53192 96.84214 72.91204
146.53474 122.68583 103.671234
179.56929 158.92906 142.18379
145.2972 128.09239 113.25404
118.10311 100.43671 87.34392
143.30591 128.59937 114.736465
132.68826 116.715324 104.588
134.7536 117.97504 104.94464
134.54283 111.85279 95.48362
147.83984 129.00456 115.741776
157.08687 133.0381 118.34943
130.80374 110.79354 96.970345
129.98598 112.42333 100.31468
126.71844 107.736984 94.229996
137.96346 120.58884 108.84878
147.58041 125.31045 108.7715
115.05462 115.18845 113.63656
97.883675 99.7104 96.89526
78.93587 80.76075 79.54788
105.219795 105.09201 103.47802
105.09871 106.04021 105.693275
89.6676 88.34881 85.100266
105.65916 104.9391 100.30475
112.649216 114.9673 115.71151
82.05484 84.980125 85.51075
59.30361 60.296265 59.59771
65.23834 67.10693 65.98935
68.611145 67.59473 66.33068
71.69671 74.90093 73.42363
62.914886 67.634 67.42447
53.386623 58.477436 57.319412
85.19447 83.89109 80.953804
82.52587 80.38669 77.210434
91.773895 91.46031 90.47131
69.55251 73.19033 72.459694
65.13973 56.03338 51.867134
47.317017 40.5427 31.52577
54.760715 47.088253 46.460243
59.793705 48.347126 42.446938
57.441727 45.951244 44.21837
44.16913 39.377106 37.67544
72.0428 61.06216 55.454803
43.979862 40.897987 42.20448
37.824947 32.772274 29.705484
40.40951 33.56967 32.301964
40.627655 34.84596 34.43376
31.56216 26.357517 23.608036
37.604378 35.120888 31.071321
37.679165 30.42256 24.176767
24.180555 23.180653 16.787943
50.90119 45.088383 41.194088
31.744722 27.87173 24.056236
40.93117 35.55944 31.345604
22.163656 20.873997 15.469729
49.254272 43.24427 35.218433
38.693928 33.06423 29.917152
17.699268 16.746569 15.966816
29.578703 28.781015 23.52208
29.817081 28.368979 22.412199
12.517741 11.728211 6.8259196
28.297915 26.436998 21.789627
12.177933 11.047818 6.2077184
19.653782 20.40035 18.52292
12.035159 12.118654 8.37649
26.162426 25.480673 20.464872
24.302092 23.281954 17.755472
19.431753 18.852629 13.976301
7.6134095 8.08152 2.2278879
34.544388 46.145687 52.369106
25.530659 24.877266 23.182142
56.62989 64.56647 67.209854
199.22934 197.45468 196.68169
20.070642 18.16848 9.558566
28.361338 24.091362 14.599586
37.199623 34.381573 28.622053
31.146109 28.536325 25.067955
45.19383 42.623898 36.726433
43.94273 42.152065 36.528233
31.989607 22.08249 16.990547
30.035095 25.273083 19.703543
39.593662 37.62024 29.560703
97.91721 99.34648 97.32563
74.360466 77.86526 77.742065
54.5833 57.88617 53.886364
57.30659 53.205387 47.96533
78.67065 89.74297 90.57223
99.32116 99.52885 100.42968
107.817825 103.9559 98.01512
54.724228 52.308468 48.370564
88.15349 88.55468 86.74518
61.541992 59.341846 52.930847
99.752785 96.638405 91.534836
49.403717 35.47193 8.8018
23.087154 6.774346 2.8596218
63.247475 34.95186 7.3105736
36.240578 20.88005 9.174437
34.902485 19.022566 5.0115256
52.569057 33.377396 9.501392
36.90964 17.311285 3.8587801
68.045166 61.526093 51.930428
13.464646 12.474295 12.748608
65.87714 38.699852 6.7212186
32.34622 23.28257 6.4819994
112.93434 81.64578 3.9281597
64.551056 43.203705 4.1989446
74.28351 47.07411 3.64245
68.486336 53.66194 5.889698
75.197426 55.130505 10.940332
36.058567 14.938973 1.9744238
123.21202 79.057625 4.883838
32.625713 23.9268 14.272242
45.10648 38.14044 29.25942
69.269554 57.161842 45.951504
47.41618 38.827797 20.921944
47.608295 39.826923 29.276644
54.667896 49.73255 38.333496
64.204025 51.93664 31.715618
32.78571 30.85331 22.35169
71.80051 54.101948 26.324722
50.846348 34.99372 14.410159
50.48459 36.265896 15.748155
22.819412 12.864284 5.4398794
36.09133 28.104797 15.2370825
36.50586 23.71743 6.5473647
64.85519 58.41181 43.832882
91.0687 89.949234 82.75945
72.796585 67.59276 59.660168
102.85619 91.45772 81.339355
87.2928 73.1768 62.991646
113.37079 101.66142 94.97867
97.1069 89.040436 82.64883
114.05886 107.45568 100.959564
100.36545 95.4875 89.0722
75.40913 70.17554 66.31744
106.54202 96.686775 91.59013
99.236305 97.34858 90.77156
95.59334 89.594536 85.33531
108.27882 101.4448 98.08087
100.899796 98.562485 91.6171
71.143936 60.82971 42.59065
92.588936 82.99809 72.07611
84.469986 78.94538 69.182144
108.050606 96.56634 83.14886
70.79827 61.37542 49.978764
75.40715 66.61849 57.55918
73.00874 65.61565 53.251846
80.22785 73.12966 63.423725
93.91307 85.87963 79.79552
100.81058 90.66431 78.65637
86.07796 76.51752 64.23695
78.90702 69.03137 55.800957
84.96776 80.46348 69.709236
91.334206 87.4064 80.78413
98.15819 89.64452 79.942245
75.87425 67.731544 57.146206
112.40297 120.86768 125.74893
75.94736 73.48209 67.143
100.46134 85.0518 66.296364
99.18506 83.475624 63.479992
102.55267 85.29199 63.116516
37.569866 36.29377 31.58411
73.60324 64.9685 53.806236
84.464386 82.2825 74.70312
86.45179 79.04905 70.791115
103.74984 92.51055 63.257996
83.16547 81.5213 75.92838
66.85503 66.159386 60.316467
90.470764 83.72798 76.32893
95.95448 88.75563 81.67806
120.19658 109.56087 96.71782
106.813034 99.48993 85.4268
110.91372 108.06015 103.872574
122.32527 119.76208 110.100296
110.936966 108.893875 103.0934
68.790695 69.154945 66.693245
17.32035 10.703412 8.579577
18.888824 18.320415 14.835761
57.266804 60.972027 52.127914
67.42978 62.01544 53.492165
100.71678 97.709206 86.87144
149.3038 118.63494 107.101234
21.915339 18.809214 13.134194
52.590878 48.556885 43.502396
201.81 196.82692 194.69713
138.14462 157.19395 178.82971
42.465034 47.715843 46.489414
204.1148 202.94386 200.25124
226.76712 222.6876 217.77875
75.790955 67.32812 54.071873
93.019135 75.9278 54.055103
52.000584 46.063583 33.991776
97.513756 78.3637 54.420097
98.13144 79.41427 56.001587
95.8794 78.23203 55.564976
53.35742 46.84706 34.67732
55.285484 55.851917 54.857777
5.608877 5.274637 2.9605024
33.9302 35.67405 29.342043
87.486275 93.33852 91.33103
72.27276 69.5089 57.59039
38.03234 40.278133 43.79529
50.218662 53.46824 54.28694
23.212122 19.19493 14.714841
19.143454 21.374968 22.459337
58.06637 70.986145 62.404655
86.116745 93.95267 88.04322
106.41689 107.90099 101.36946
85.87552 86.37471 77.89546
32.51311 38.54824 39.219017
58.664173 67.34667 70.346054
10.768616 7.5414076 12.849359
11.68062 9.817372 14.7179165
57.416733 67.03312 70.0214
28.917542 28.849035 26.332136
87.55604 79.54474 65.80193
120.38737 111.44956 102.97151
125.8908 117.59243 107.39672
49.745728 41.61153 33.462574
57.79157 67.26768 53.73119
84.23297 81.084236 75.94134
80.68554 80.28293 76.616356
84.665764 80.704315 73.05627
96.77283 90.16848 83.59777
74.67564 74.80309 76.12882
77.29345 65.90028 46.37866
64.53335 71.05999 58.97277
68.0202 64.57731 56.734978
105.284546 103.51975 99.95662
57.579124 47.948166 39.583202
53.689457 43.61904 35.16262
36.5191 20.946484 8.147662
51.783413 68.96886 60.130634
31.036455 21.53367 12.75913
26.560024 27.82236 25.739058
98.15682 96.481575 92.47245
106.404465 104.82585 100.84628
87.475426 80.07825 69.70568
60.813908 65.55012 57.04348
23.460892 24.398958 22.01907
22.085405 21.093498 18.457136
26.787458 29.803936 27.96345
56.716167 63.78791 65.051636
78.31452 82.91197 83.198296
73.361244 78.507256 78.03056
26.52263 30.610043 24.985497
56.840034 56.37267 54.29552
56.11943 61.544388 61.074883
56.41851 63.145752 65.12455
64.916214 59.53778 52.94794
17.890314 15.462121 13.554067
127.57262 10.281501 3.2644393
122.77247 67.58482 60.107357
106.35191 11.031145 1.5906501
68.71163 27.502234 12.688617
85.60849 15.953704 3.4455776
93.18308 44.77166 2.2060022
112.82987 30.978115 20.733456
91.11079 41.344017 15.980089
136.26134 38.808826 13.344794
90.55384 17.20963 1.2348485
94.04788 26.077862 3.4676573
102.07375 44.576374 6.8248186
100.50016 30.646011 2.0973842
99.7442 73.693344 48.23391
88.497604 83.959755 69.11396
98.00939 96.86066 90.22815
46.701374 39.15475 25.324657
135.54736 138.52551 130.22403
148.44318 147.41437 144.3818
126.280205 125.97779 123.64841
137.44441 136.0429 134.14426
109.787 109.12112 109.18369
148.84671 130.7425 109.18674
82.38432 71.24498 53.548595
128.90034 124.08644 121.062904
130.83748 128.97137 128.47151
111.64689 109.09774 102.03798
126.02856 126.24427 118.45496
140.5884 137.39455 128.74583
127.25606 120.23877 116.49945
110.95393 111.71837 110.41003
87.12934 82.72222 76.753235
18.128366 15.488475 11.453769
48.38141 47.92298 40.84298
24.754015 18.793447 11.049501
70.213905 67.11881 61.134193
35.604927 26.740353 18.929195
58.12435 55.41644 49.7151
83.149086 82.20082 75.621216
81.00612 83.633965 76.447
90.01752 90.7273 85.388405
107.8378 106.546165 105.83077
45.918255 38.002785 31.009228
60.80672 49.851368 37.19752
12.208883 10.656598 7.785321
14.532601 10.686771 11.6189785
27.276709 25.687258 27.42544
164.44363 161.32582 159.62569
76.71947 67.40705 58.786163
99.334755 95.52101 89.70616
69.67304 64.81566 59.59855
80.720085 73.426544 65.866745
80.58301 72.54999 65.067924
67.41427 67.214874 62.096607
103.513405 95.643 89.671425
27.615902 17.806042 10.65336
26.527065 17.676605 8.428937
65.05808 57.55604 44.896206
91.704704 86.59936 79.97704
27.837898 20.028393 10.022371
49.009098 41.387722 30.796038
29.031727 22.991583 15.618946
104.75945 98.83521 98.4718
142.86617 134.30786 130.6521
141.4525 132.72809 129.12325
139.66301 130.94632 127.28616
109.37102 102.377495 97.23818
109.606285 102.69062 97.780235
109.72831 103.13157 98.132256
111.00593 107.191986 107.26282
100.56119 93.80863 89.27315
103.87335 101.00877 98.02635
107.280106 101.4357 94.5349
115.453415 106.72436 99.53442
115.58816 106.366356 99.19098
114.65391 109.279205 103.09473
109.86192 101.87154 93.736015
71.563 49.069122 30.976366
69.05488 54.58994 44.542057
70.23945 51.11095 36.799988
91.360596 66.31271 47.153976
78.27185 56.146725 38.081875
82.768715 62.55436 44.286842
91.257866 69.54837 53.376488
80.921265 59.401646 42.67861
73.20753 54.804974 36.505795
77.07465 58.028168 39.496407
114.91003 79.66152 56.149704
91.8232 73.62199 59.058987
103.69415 66.98909 23.511105
103.981064 73.98472 48.047657
94.649796 72.52625 48.806236
72.86218 58.213966 37.01065
107.953835 77.61755 50.33356
70.33573 57.58502 40.42301
100.35619 72.768906 42.796135
109.69405 79.43703 49.065655
113.96368 86.56973 59.370888
76.08006 56.483067 34.77742
108.7758 80.86881 48.996696
103.18616 75.790634 45.230965
91.07019 66.583916 38.597126
86.09742 62.662327 35.487988
101.73782 74.24291 51.859493
108.258514 80.65382 56.355835
129.74748 99.29387 70.58129
93.96847 66.6283 37.566563
114.95837 90.052155 61.115707
86.57239 67.51648 44.260326
104.94118 83.828415 63.99401
81.94027 62.866516 38.745564
121.39187 99.2285 80.75706
98.60635 76.34295 51.26664
119.11034 91.361336 66.29494
125.4911 91.43881 63.25722
95.87442 74.491844 47.799953
138.1437 105.33871 75.38675
143.63957 109.34185 73.11308
138.39734 107.60894 76.32559
132.4922 101.16495 71.48769
135.41052 91.78432 47.058468
172.27379 140.25072 117.17518
171.25398 139.42828 116.46339
143.09392 109.14601 77.32641
171.8186 142.71494 117.622665
141.05238 98.96698 59.674953
153.8821 116.10318 83.9503
167.62775 130.57948 97.366615
165.1596 130.97746 104.92291
44.412716 30.73404 15.343564
44.32592 30.682499 15.328898
23.160095 17.899475 4.014245
27.916601 21.373446 10.021011
49.401127 43.152615 34.444897
87.79785 75.54762 59.94564
77.65041 59.873833 38.621696
88.75687 78.15057 65.93438
77.91401 64.62937 48.421684
72.523766 62.237537 48.679035
68.470474 58.07398 43.83932
63.44862 56.927124 47.048046
65.80397 58.43473 47.57349
72.74029 62.34437 47.40281
88.95519 75.16427 59.935184
80.068214 69.7827 55.221478
59.607677 51.014893 40.76541
181.60947 155.87723 138.02199
103.77328 87.910774 68.752785
110.71426 92.45322 73.589745
95.415695 79.508286 60.038883
169.60707 154.37775 131.90384
2.0234394 2.0186803 2.013209
41.753628 37.783474 27.458948
63.099457 54.33699 44.81012
84.5609 68.9548 61.90187
38.889244 33.079254 17.191238
86.21339 74.301445 58.28464
111.30225 94.28361 74.861885
78.91314 68.926735 56.60305
100.37649 89.60726 73.198784
78.14297 69.578835 54.627365
71.96121 63.891674 47.78581
85.546196 76.34615 79.19418
1.0031728 9.925376 6.920843
213.21326 210.52104 206.4211
214.21031 209.71898 203.69095
72.52638 63.06048 42.147015
26.0991 23.394457 17.34612
43.232 35.63355 25.944899
48.675827 41.72258 31.53121
37.362698 31.68567 23.829384
37.38526 31.843176 23.82851
36.998413 31.376295 23.428871
37.25855 31.862309 23.99291
37.204967 31.703154 23.856125
38.559765 32.128883 23.504177
36.884228 31.209597 23.522985
36.587574 30.835567 23.283346
36.65035 31.00942 23.14491
36.704414 30.839905 22.90336
39.55166 32.565075 23.325893
38.81598 32.072876 23.167864
36.94098 31.159285 23.418415
26.283897 23.504307 17.347902
21.396044 19.247637 15.059376
16.102304 14.477758 10.681235
0.009291634 0.008514633 0.0058598807
0.3701761 0.36939913 0.36677673
0.3715035 0.37066174 0.36803937
0.53674567 0.51667315 0.4786001
0.27625614 0.27557626 0.27288914
0.3070448 0.2848679 0.24643874
0.009226884 0.008644134 0.005892256
0.0093240095 0.009000259 0.006086506
0.009485885 0.009259259 0.006313131
0.035612535 0.03551541 0.032472156
0.41660193 0.41656953 0.41372055
0.7130601 0.7130277 0.71017873
0.662037 0.62024087 0.5772792
8.137853 7.963578 8.039724
10.276159 9.980089 10.0545845
7.673077 7.4872117 7.5679874
9.578542 9.290372 9.416699
9.9556465 9.718434 9.821548
8.680944 8.514601 8.585891
10.4113245 10.114899 10.244172
10.772889 10.505536 10.62296
10.548531 10.1996565 10.29131
9.132317 8.942825 9.025867
9.131119 8.8538265 8.911811
10.557368 10.231935 10.394166
10.108003 9.814524 9.94574
9.5955715 9.323038 9.440171
10.556656 10.313844 10.419451
9.785774 9.519166 9.568765
9.73828 9.496957 9.602111
