11.6140995 76.6384 86.724785
12.145697 77.09491 87.054985
15.607489 107.374374 109.18207
19.800415 38.67171 30.797552
20.64121 29.656914 35.21044
22.299557 18.283041 18.062574
20.629087 32.038757 25.93387
95.9254 100.57112 98.781876
93.284805 98.0941 95.92638
92.51928 97.33096 95.1172
92.27166 96.64651 94.62844
78.97673 85.489426 82.21405
91.843994 96.40287 94.251686
140.93095 144.84856 144.3223
188.72133 174.1976 183.70076
110.93186 99.03317 106.10451
30.017206 29.622309 35.027733
99.319176 77.6935 89.22273
125.796814 101.387024 107.3385
90.02754 86.88624 78.828316
131.3602 137.83794 144.32005
83.59844 85.20968 88.49024
27.624792 27.258556 27.436638
42.95449 44.47105 49.374325
51.212208 49.49 50.411915
77.80287 74.66417 74.540215
73.78889 71.29263 73.795166
71.13785 66.499214 67.98611
43.30142 40.778843 41.462173
68.19398 60.87576 59.55895
8.96024 8.774879 7.512983
50.11823 47.837215 45.134148
56.62751 58.079685 58.963676
61.224667 61.49155 62.90917
41.53408 38.586487 39.832825
58.09083 54.20085 53.747078
46.374184 43.60763 39.506824
92.54775 92.29269 85.168015
62.080784 63.323948 65.17107
56.54885 55.99518 56.73135
55.65114 39.82471 35.970814
19.294687 21.723116 24.52315
23.551716 27.156532 31.82731
27.180182 26.46055 30.82366
84.4921 91.88366 104.53336
47.76741 48.44313 63.63813
83.536705 92.91812 90.0106
70.55818 57.764355 57.320366
41.74672 43.401722 52.787647
18.52525 14.74722 15.798053
45.55754 36.69159 35.431458
41.072575 39.921364 39.9821
32.98943 25.049353 26.75877
30.719154 24.00766 24.995632
60.651733 53.920506 53.106724
61.293423 54.581596 53.879528
61.047657 54.49067 53.752663
65.18044 59.633217 59.346165
24.66195 25.56983 24.062479
42.279774 32.941532 25.679203
36.473606 17.513699 9.168226
45.77894 33.301846 24.477924
44.306168 23.721779 12.677676
33.612644 30.807384 28.255978
23.023268 17.368551 17.719965
24.85268 20.091452 14.882941
29.7019 24.805927 18.587992
23.127464 19.108253 12.847478
4.3890743 9.027278 7.0584936
60.308197 55.611546 57.394135
78.15961 73.20894 77.066246
81.967804 75.193954 76.92384
88.69493 82.40482 87.91552
50.81824 46.67331 48.740227
52.64114 42.838696 41.22691
116.66612 110.72548 116.97814
62.221157 58.610733 63.473965
46.324924 45.260586 49.8333
63.884613 58.21667 68.754616
49.45308 44.972103 46.325974
53.85798 49.3402 53.947235
69.91492 65.11672 70.359505
30.852346 29.437044 34.751873
69.4291 62.98864 64.74192
53.76975 49.054844 53.68722
60.07847 54.110283 57.465324
74.4652 62.18725 65.3002
51.445683 48.13374 53.96981
47.497684 37.834995 39.011074
50.189083 43.076344 46.92375
52.425587 46.62935 47.054127
40.15245 36.33781 36.873707
77.563484 49.479523 27.407856
55.950623 37.825233 26.45783
86.33354 51.965466 29.24834
67.99205 47.821774 35.66837
68.71729 48.152332 36.118347
84.05021 50.66102 26.209919
44.268818 26.975992 18.797337
69.873566 48.83435 34.089687
46.9632 30.854755 22.286789
79.31442 53.27419 38.974964
51.00945 27.67147 16.1656
61.21758 39.531956 28.401388
24.91948 22.658585 19.041763
25.360413 22.918428 20.951435
39.385017 29.552002 24.177486
34.58343 25.351273 18.377571
41.215 33.68486 30.23352
55.187317 46.609993 40.71665
64.17486 57.685577 51.204357
44.86662 40.643524 39.04043
58.329243 54.15799 52.7366
58.457497 51.65061 44.860676
64.5925 60.357166 52.791515
60.483654 57.279057 51.40683
67.377426 65.66878 61.099613
61.58365 53.87521 49.676697
55.689156 52.693596 49.61856
43.001194 33.479572 29.857262
56.88683 50.003605 43.45246
58.368027 55.332966 52.024868
125.716934 122.43003 112.07766
51.91819 51.85032 60.36569
54.691162 53.610138 55.1635
49.084267 50.346737 52.626293
21.334877 21.40838 19.72357
56.81607 59.751778 58.612118
34.921413 36.34743 37.20555
33.45537 34.745525 35.12608
52.516514 50.616344 50.11768
55.424515 58.66436 60.642284
83.581955 85.586365 85.61651
38.161327 36.763256 35.409073
24.050356 27.806715 26.475872
52.49575 53.088898 54.0158
32.139874 32.987877 32.455326
46.60281 48.196625 50.574554
30.880627 32.58558 33.19469
68.259796 59.891224 53.786335
48.183453 49.08909 48.38103
41.101093 40.26779 37.016468
138.12875 190.18312 73.83793
78.16147 72.23801 63.901653
32.39805 29.270775 26.806215
36.921604 33.533028 29.704357
66.63288 63.563076 62.815666
35.22391 30.461687 33.441616
39.64663 34.206554 27.467377
130.3621 135.40822 136.44148
109.64868 110.02621 112.70293
136.49701 134.86472 131.35753
134.562 132.8113 130.11552
45.533794 37.45573 32.671947
79.30867 74.76684 73.02403
62.318314 53.48957 48.04663
41.447044 36.915638 34.434704
68.55114 64.95566 61.043938
124.03436 126.83218 122.7675
50.751373 48.209415 48.950836
70.37712 76.73297 79.32096
59.244904 56.93351 57.875732
68.655365 67.51189 72.1941
83.53288 82.182785 80.28576
77.6266 78.21271 76.52711
66.92907 71.7508 72.30225
59.3549 35.61782 20.908812
104.41487 84.20851 74.69596
69.10104 49.41981 35.657368
70.39936 56.389744 46.900314
101.752945 77.94614 62.6577
106.26502 87.27877 78.37509
30.1982 20.850222 17.935684
35.783638 25.562073 21.13744
103.61706 75.532196 56.707912
49.084198 35.8197 24.75309
33.144028 33.787888 36.164955
74.389694 69.11577 72.440575
61.043148 56.23567 58.003746
52.05969 49.09916 50.59262
49.048492 45.761658 44.631115
62.46852 57.59238 56.36936
38.596725 39.590664 40.446423
9.378359 9.905923 10.362966
54.29576 52.964012 54.136105
45.05045 40.464966 43.757195
38.426613 30.333755 26.814043
35.16386 29.732376 29.337406
62.41108 64.82512 66.881226
71.86137 77.49752 83.82745
45.822777 39.04322 42.082478
44.350723 37.46413 40.144623
53.017635 48.43351 55.01611
6.385829 5.0318837 6.4508376
14.787743 12.335497 13.076201
40.033817 34.1924 32.512577
80.982605 77.09808 78.35347
104.2665 87.38065 80.73212
85.35146 83.5279 84.746574
29.667057 24.196339 24.038208
81.802185 73.052505 69.067825
55.247242 47.4506 41.16467
78.19679 76.42217 78.870605
87.220825 67.36139 57.54532
71.86208 67.53632 68.644745
73.00575 68.58384 62.60083
55.936256 58.803898 56.677723
59.79526 56.015705 60.676723
58.26777 49.961456 55.385517
51.452747 49.93869 62.36361
79.84822 75.5568 75.248245
74.56776 67.46558 76.1451
53.944107 49.48554 44.822754
39.379337 34.787983 28.00871
70.45502 54.05014 53.471935
52.27235 46.557346 44.37022
71.17422 71.78271 81.8821
162.14745 150.76543 157.93535
37.87392 40.34044 50.074245
64.83287 57.387093 64.41449
35.86855 38.871532 48.13985
70.62384 66.05191 77.08966
38.56713 35.59902 32.109447
73.84347 68.48945 79.529236
22.623074 23.764189 24.487734
35.43707 31.28865 32.395424
51.183548 57.068184 65.524704
48.282875 55.238342 67.82354
33.05816 28.407354 29.640064
60.471718 64.32447 71.93862
29.738628 30.860435 37.731014
44.02045 46.703953 50.642403
29.274092 30.679012 34.055748
42.142094 40.765717 40.19395
43.768986 36.19271 34.784927
24.377237 22.393871 21.98518
60.98809 54.84409 54.31204
106.62515 80.45735 76.91995
44.66787 37.80915 38.604626
33.033985 28.018066 25.431244
250.77077 249.8231 251.04033
87.2786 65.01809 56.621044
46.78037 48.864635 59.18992
36.55594 35.602524 34.576057
44.315212 49.750774 64.292465
53.226387 62.4585 71.00649
49.335735 58.87428 67.27755
32.957066 32.599567 36.949715
58.956707 67.62696 76.36922
77.18412 86.14629 96.733185
47.009857 43.976112 43.14331
56.31989 50.952675 47.396854
53.47826 43.511337 43.911007
53.435444 45.942436 45.887524
42.64708 37.9017 39.10162
43.66276 38.075367 39.190395
67.57553 50.57119 49.771587
41.166817 38.657486 41.629444
65.384186 62.758556 65.777794
74.957565 73.625626 76.55706
52.409813 38.39096 35.460407
39.55582 35.767673 37.87387
35.906162 38.15615 43.174095
34.033604 34.38869 38.205647
43.553505 41.479618 45.501385
68.75359 61.28433 49.223568
63.357788 56.792755 45.832706
56.84724 59.299366 66.79297
55.309364 53.442986 60.328697
71.15274 61.873203 60.526394
22.966589 25.731659 28.216887
88.18983 68.218414 62.637894
35.17214 33.034534 28.57458
29.872345 27.459667 21.749128
104.27161 89.96501 85.16312
52.136868 49.44141 42.099136
32.425232 30.463247 28.132595
25.570927 24.934443 21.195503
40.380054 35.01666 28.69061
33.962578 41.97451 45.97487
176.25159 165.12376 155.92892
53.121162 53.288532 53.080162
52.420578 48.0 44.380768
36.27247 33.714977 34.957855
68.48048 61.439262 59.658848
30.603146 16.483843 10.811942
32.231945 22.681925 20.57551
31.317646 24.753855 26.563934
37.069256 29.447878 29.780296
46.00184 34.869217 32.9989
49.639156 39.279102 38.959812
44.043602 34.335567 33.387596
45.959023 35.39017 33.356403
93.20913 76.493484 70.702995
67.27588 52.08546 44.752018
75.76018 51.816643 51.32318
42.30063 29.356617 27.117393
49.917236 25.05976 20.599972
18.830725 13.266312 10.800582
24.341892 13.921268 9.66331
41.136845 20.830725 12.568971
34.281513 16.748102 8.471982
64.984085 33.860603 8.883513
32.128513 15.0721445 3.573314
50.184765 26.162952 8.910338
38.750084 19.411366 7.1536202
146.99649 147.36363 145.25342
119.90592 117.477425 117.93074
73.361465 74.63832 76.79958
30.91306 27.155792 21.713045
37.100784 30.236385 27.28347
37.050903 32.032578 28.602978
42.195503 34.684143 30.509022
44.26686 41.13961 40.9868
49.82526 48.64126 48.719368
43.563457 41.73111 40.744785
57.808197 55.112644 53.387905
46.347073 41.66245 38.452316
41.77834 37.45442 34.757507
72.32481 75.799416 75.05862
46.365593 46.447567 46.198605
61.497517 58.54408 56.327335
43.850605 43.26123 39.936234
41.2434 38.981052 36.699467
43.008163 39.572193 37.582623
42.359005 36.695766 33.806786
37.210205 34.39189 31.796692
58.63763 40.874683 36.39017
92.458496 78.567154 74.07699
31.01537 26.96807 26.325306
30.332514 25.845139 23.809008
52.686123 50.43492 49.524845
29.500286 30.204214 28.052767
67.26612 72.54933 70.93399
62.59083 45.09238 37.16436
22.861702 12.46382 6.903131
63.00828 46.967377 41.29433
67.62835 53.91091 48.475586
40.1151 45.218296 47.06458
35.364567 35.615578 34.70913
38.559044 40.699966 43.596104
6.0795903 4.645721 7.355186
51.982746 50.483772 53.097416
40.909096 39.674885 43.55892
17.136007 11.219823 12.603981
26.736004 25.210587 27.175457
35.161854 38.953583 44.097824
22.207867 21.41535 24.160326
27.944323 25.054914 27.326189
29.385662 27.653835 26.279987
16.483246 14.067921 15.649372
44.352417 47.85743 44.13157
41.029163 38.55107 34.96265
51.36793 48.937378 31.901724
96.402084 27.324972 28.511265
45.956184 40.91122 41.084984
43.14052 39.20901 41.48647
40.30216 33.42752 34.06644
93.50981 80.629585 76.221756
8.520357 2.6961958 6.6079183
22.610567 15.796239 14.368813
19.8428 15.125077 15.165958
47.70906 23.488617 23.926853
35.985012 29.389862 27.697556
24.8123 23.455587 23.309317
52.644073 45.31349 42.46067
65.14894 53.57725 51.23061
117.59512 87.09093 82.59918
64.6095 41.85132 40.08508
30.088898 25.635363 26.27581
74.98322 59.71269 57.955276
47.078827 39.86089 37.498474
39.483868 32.524437 27.560785
42.618084 36.623814 32.506824
99.07255 70.21629 68.218605
97.85003 97.41769 102.53637
112.87321 102.95521 108.008354
88.60038 84.365616 86.9353
35.512623 24.820604 21.882702
52.865353 35.35762 32.062576
4.661162 0.7846642 1.7494869
0.73738724 0.7892225 0.77201563
1.2294879 1.2923489 1.2780058
39.682808 55.524582 66.74457
11.992029 9.418166 7.5852466
54.02945 39.836235 35.092834
45.250706 38.61224 35.547325
25.201517 24.747889 22.927664
35.807743 27.280535 21.774952
46.82299 44.38139 43.956207
1.3147343 0.9226051 1.0829316
20.790154 19.995441 20.078302
40.591644 32.929214 35.16572
46.175003 41.494965 40.286476
32.17059 26.22765 24.094889
41.250538 34.816597 33.014652
35.438904 28.88416 27.551
44.26001 43.869003 44.586273
26.852417 31.516706 35.055557
53.544746 57.844685 60.242138
38.73154 45.35232 48.923084
31.23142 28.21882 27.42585
30.496277 26.55983 23.742805
14.855449 9.894874 10.280822
49.52928 49.93592 53.10162
28.194216 23.42306 21.664478
28.117727 25.370985 25.388931
20.9285 11.956995 10.664718
70.171974 52.596798 47.333923
55.615482 42.142307 41.808456
44.528664 44.32762 47.20574
29.11923 28.849243 30.99871
5.283805 1.4302897 1.4855615
58.505085 2.2347143 3.1596344
35.372417 5.778149 5.199704
82.383255 72.93981 63.8081
18.827168 15.328934 15.297384
30.083338 27.603216 27.133837
14.894325 13.476779 13.313422
16.210564 19.688892 22.201853
26.713188 35.03845 33.469738
27.354755 35.63157 34.06391
70.65135 79.57587 88.419
19.32514 12.905684 12.212974
18.343039 17.989643 18.957329
13.104744 7.4124146 6.5038424
25.983486 28.550283 31.871056
40.704357 37.691326 37.363373
41.741276 38.82867 38.50408
79.58193 84.382706 81.97597
80.59408 85.49439 83.100685
22.783161 25.30094 28.903538
13.738557 8.538519 8.159658
20.83879 16.40368 15.346022
26.978594 21.078016 21.650398
1.2035464 1.2528042 1.2527087
71.91055 51.146843 28.136772
75.6515 50.415207 19.516611
60.370243 29.913298 11.0995655
47.636055 23.304424 9.018233
90.26667 52.41931 32.379147
202.65851 164.98308 108.679016
70.26739 24.284449 5.17844
49.61658 19.28278 3.4986396
90.71109 40.742447 27.537731
76.93924 38.87793 12.6866255
65.43079 29.139397 8.143001
50.745453 24.249535 9.899647
75.47286 68.1888 57.978355
31.677032 28.489452 25.309103
102.455185 102.68484 104.77552
75.48981 76.995445 79.081764
48.74889 44.90134 45.199013
48.425182 44.23975 43.91769
29.61651 26.553291 14.523817
50.670208 42.330654 27.372272
25.275738 26.066418 27.689108
5.1593003 5.7969785 7.4482365
15.029497 16.76087 21.79767
11.656747 10.485752 11.715503
20.785906 13.472484 14.655745
51.143932 10.040857 12.552694
25.535774 14.835903 14.598993
40.44215 9.50253 10.73765
7.2302995 7.4795713 7.225073
2.5120518 2.561262 2.5611188
5.9739633 6.0349865 6.0347953
19.25896 19.320127 19.319937
4.0522647 4.113121 4.112978
4.215121 4.2645698 4.2644267
26.842035 26.891413 26.89127
21.736052 21.785522 21.785332
16.189323 16.238796 16.238628
16.620543 16.66992 16.669754
14.349936 14.399074 14.398907
16.552767 16.613026 16.612835
23.167868 23.228031 23.227818
19.69388 19.754332 19.754116
15.201016 15.25037 15.250203
16.869577 16.918787 16.91862
19.893967 19.943033 19.94289
18.155792 18.204906 18.204693
17.725788 17.774975 17.774784
16.574436 16.623716 16.623526
14.573504 14.622739 14.622548
11.734619 11.437998 10.998401
15.749773 15.810128 15.809914
12.648155 12.69739 12.697222
14.383227 14.432246 14.432032
13.461649 13.510882 13.510644
