0.0025728988 0.0024189646 0.0026388706
0.012776531 0.011413115 0.013370277
17.521837 17.686745 16.018824
0.012776531 0.011501078 0.055878084
106.97286 39.34259 108.198265
135.94687 137.23755 164.2475
53.583366 38.742798 50.10925
69.48043 66.26453 73.140564
69.16693 72.04827 79.05524
56.016537 62.44456 73.5318
68.34301 49.336147 41.34213
26.651274 21.021551 19.35693
53.505917 50.4264 37.762634
43.49127 37.506134 30.534592
39.877426 36.112766 29.14947
41.5897 38.868935 38.960922
51.938713 32.654636 13.297005
0.0077626775 0.0069710165 0.006179355
1.044311 2.8191495 0.26036856
0.58512557 1.4236047 0.33946872
1.2527158 3.3862207 0.33225578
5.2091966 14.925672 0.33916083
2.156507 7.266966 0.24888948
2.5461142 7.2156177 0.33469674
0.9544355 2.5111492 0.32407528
35.640057 132.33311 43.45595
26.776005 32.79718 83.356445
53.42257 28.126709 28.951094
33.768154 29.024937 40.886726
40.645138 19.654484 24.07369
20.623808 12.3886175 8.336412
47.746735 24.876083 34.028786
29.430576 14.990434 89.97805
51.664753 46.367462 85.25747
45.258785 36.677048 53.189384
38.980427 35.191517 44.807495
26.986805 17.967651 38.80701
35.66957 35.786934 45.278732
37.986122 22.281986 41.486588
63.194244 59.93383 55.273563
58.16825 55.66748 62.54086
68.36258 61.115364 54.676277
73.86078 68.61378 69.89882
79.730156 67.85022 60.6624
39.773476 23.893345 19.254498
55.450325 42.807934 39.753616
52.496326 40.346703 37.119015
48.20185 38.530983 36.127415
73.799904 62.25997 64.26954
72.17144 53.492283 52.06461
56.829967 36.834236 25.580397
53.311783 38.37342 33.676407
54.20788 39.45393 27.392597
53.199017 39.96554 30.913797
71.46064 57.173264 67.09647
66.326035 52.899372 59.84332
83.67553 66.21916 82.87065
63.78139 45.697365 42.854862
58.76888 40.79228 36.853367
81.69796 56.350067 54.24326
68.67841 51.30877 60.886593
41.970642 29.471258 33.166954
43.424156 27.500307 31.762678
72.874084 34.55733 44.619343
70.52518 35.298367 44.86315
70.50501 51.676453 55.323612
67.3314 38.304832 43.914543
82.87355 70.550514 76.27897
79.724 63.58253 69.387695
78.24255 59.558342 63.327793
79.498085 61.65387 66.67012
71.09825 47.106853 51.009808
59.50376 35.08849 38.646767
102.059395 86.554886 75.88459
75.75621 72.10083 72.93693
83.78775 77.63087 76.32955
80.88358 76.215355 78.32612
65.047455 46.032722 39.172802
57.83949 57.498306 57.41109
57.883408 56.54783 55.855785
62.484608 57.370056 57.22182
89.60333 78.041695 70.53589
82.05999 70.92119 64.798874
76.97781 64.30628 56.754253
86.44667 73.93667 68.43777
84.4123 72.37514 66.843735
82.16422 71.912895 71.086205
78.65721 70.05605 69.27972
80.17177 70.95 67.79656
80.908516 74.05821 76.410324
86.89785 81.100365 82.6023
71.30945 64.80237 60.113033
75.77739 68.53855 62.695717
76.62623 77.93425 96.675285
91.03751 91.81405 87.62609
55.697475 52.28016 53.427277
53.25388 49.834873 48.478184
52.713463 47.375027 36.802372
42.477108 36.778446 33.44133
86.85161 70.39842 63.223797
106.201195 80.90826 78.861786
72.235825 59.745525 54.810925
86.85284 71.16693 68.30756
94.8798 81.43557 81.46904
79.2885 67.95696 66.537186
79.57382 68.00182 65.979706
79.83349 68.74258 66.96745
83.233055 64.91479 47.410324
80.32267 70.58269 71.01785
60.51058 44.029533 27.74856
78.39143 58.35317 56.2775
89.66462 73.63991 64.449265
82.18756 71.28658 71.78981
100.55212 83.71373 86.24379
102.66319 85.55542 87.88378
108.576 74.72613 61.87353
75.45287 59.532104 47.149273
104.14472 101.674736 110.53173
83.14263 62.84033 53.495205
85.31323 63.413223 48.148964
109.9019 99.394775 99.09812
51.677574 53.479088 61.88435
23.825878 18.884968 10.802195
25.736113 20.13555 11.287439
25.166096 19.92145 11.738664
22.377491 15.106501 7.6093154
31.640541 17.731606 8.001869
32.498085 17.782778 7.6321855
27.250032 15.288868 6.24779
38.53028 26.49846 18.93194
35.124355 31.577826 28.240665
32.29771 29.225998 23.85915
32.21564 24.675001 21.708317
33.278072 29.798588 26.470093
19.902538 15.433083 8.341514
30.704468 27.76769 22.125698
42.006245 29.28423 27.22228
40.875336 30.628996 26.399107
43.131042 37.351673 32.29329
46.052513 40.9421 36.635857
52.923122 47.603752 43.25333
50.96521 44.874676 43.41283
49.190437 42.268505 40.84321
47.229206 40.671394 40.075714
47.625546 40.742096 39.461803
50.875576 51.58075 40.879845
56.371464 65.29584 61.310486
43.344242 37.843624 40.70733
39.603775 25.833157 26.659697
36.49848 23.126688 21.398535
42.66638 39.93847 27.0981
23.685776 10.472996 10.334323
27.335642 15.478317 13.023156
39.943417 26.053349 18.978493
37.007103 29.888815 23.778797
46.113033 30.394072 21.603796
48.0749 26.078243 23.975216
30.955997 16.36975 13.993249
13.650745 7.991204 6.4874434
40.216255 29.271452 25.980341
44.578045 32.65213 28.356182
21.473545 20.140718 20.992456
41.61466 40.888924 69.186264
122.86981 111.318405 126.22575
116.630226 118.98931 132.5755
117.888664 120.4379 133.17023
111.94083 115.760124 125.35036
106.74359 108.095924 117.709946
95.09929 89.236534 95.69657
69.04108 61.754673 61.09557
69.16225 61.946827 62.301888
76.55313 69.223206 67.9859
87.460045 79.54887 83.702644
100.27345 89.38279 93.183426
107.207924 93.53945 100.413445
114.50501 98.659584 115.57791
115.46668 100.09632 115.78942
52.28746 50.372433 65.57701
35.00222 32.859303 36.67379
37.682083 35.667965 37.018867
33.295444 26.362316 23.334455
38.154263 37.809166 40.134933
46.527817 36.006092 33.234066
35.480495 36.82502 48.304768
34.93737 36.33637 49.174362
39.99072 18.36986 15.70361
76.92976 43.82929 35.421844
68.90955 38.065884 29.179224
48.88743 14.351212 8.15919
33.876766 34.234837 30.12583
33.635746 23.204403 20.82381
33.616 26.8449 23.061266
32.317986 32.794937 26.558912
31.939262 32.824604 26.2373
38.44012 40.752956 39.243458
39.0645 38.76811 36.53292
40.70526 41.77805 39.911686
40.506794 42.039474 40.152702
39.612923 40.714344 40.801357
47.750957 38.224655 39.569557
49.863987 39.354576 37.964462
47.96275 38.284405 37.411552
38.44564 26.691427 28.522144
50.886505 39.313477 35.762962
49.695915 31.085522 14.778137
56.977394 27.14736 18.705063
49.147667 22.474667 16.185051
56.429718 32.904163 30.880108
58.711704 31.65046 26.920284
58.92556 33.208427 30.503122
55.252518 29.012403 27.479263
61.786823 32.58561 30.339094
114.28449 97.11582 100.81583
121.61855 97.33375 109.69457
123.18059 106.15851 122.10047
57.53923 29.444584 23.265514
93.081406 82.257095 88.47251
69.87828 56.36786 46.114
57.880108 20.837029 15.5127325
58.166027 21.481857 15.744997
49.53316 29.660444 29.76932
49.442318 29.472424 30.304855
63.834873 45.45125 33.38369
64.3646 45.60342 31.277962
51.6489 34.350048 27.276356
57.05493 44.313564 31.884483
62.429035 34.09016 18.55058
58.702843 49.84565 42.4072
58.552578 50.89858 42.617893
61.272354 49.675266 33.053062
97.64083 77.15598 74.34363
84.35161 64.38785 59.897568
101.14483 81.48595 81.1604
92.21566 74.79072 68.72644
96.18644 76.715225 78.25947
92.6668 73.91496 73.975044
111.54825 94.07112 97.86282
98.285835 75.08728 66.79918
94.638565 73.29566 62.692394
80.884636 71.6915 64.359985
85.21698 74.08812 67.44056
85.93561 73.350266 63.94001
105.500656 92.941505 83.657936
105.58948 93.08985 82.19499
29.581871 29.191427 108.96609
44.351345 38.246933 38.929035
81.49875 77.82896 86.59685
74.03059 69.89207 75.036156
82.69101 58.009983 46.911137
66.01355 58.76305 56.998615
64.364296 57.704006 56.475613
63.45824 56.5435 54.893982
57.192394 41.8778 38.814972
65.7556 47.933697 46.28423
63.37406 47.187428 45.104412
60.695145 53.293377 42.290234
26.866583 20.161829 13.414721
36.78687 25.785416 19.759907
38.114395 28.704117 21.59632
62.16084 35.84756 29.136803
41.237804 31.520935 23.509764
56.794323 40.579582 32.385033
48.06085 37.20768 27.571798
33.72347 30.228703 21.151516
41.86777 33.571075 24.851717
42.539253 33.656178 24.940472
40.60298 31.3429 23.7415
52.226875 37.064453 31.256191
65.73061 44.726635 43.815323
46.280293 31.964617 30.980406
70.37947 78.97627 92.59025
104.2267 98.132164 104.54459
93.25676 92.428444 98.51097
88.90313 67.46174 38.895237
69.49813 43.214344 9.738664
57.65963 42.990192 42.46739
58.218277 42.232704 35.840107
79.46772 65.73961 70.37147
52.048534 38.625786 43.089283
64.793335 48.99659 39.149975
76.22837 58.806946 54.00046
90.30712 81.576836 63.290627
82.63038 65.478386 56.841515
82.04664 65.4609 56.807606
80.83076 64.45542 55.59025
80.781105 65.32313 55.373795
83.67729 67.49918 55.88787
82.06346 64.90465 56.20473
81.972755 64.575516 54.255287
75.828125 58.982826 46.76813
81.98254 74.007454 57.92719
68.503914 85.84002 66.803185
64.92857 61.277477 37.88455
66.29481 73.31579 49.899612
51.832695 44.958637 31.084444
85.427895 95.73116 99.2121
56.629856 62.958923 50.650436
61.481857 58.468002 43.56892
50.922966 37.95503 34.85251
54.91373 43.352333 40.562542
59.00926 43.134098 33.33155
65.85654 44.39504 34.629215
78.28212 53.14404 45.15279
72.01667 59.032127 53.837402
69.09084 56.040024 50.02698
67.65215 54.46664 50.121475
64.8639 55.46387 49.423077
59.05808 49.08396 44.76747
77.62517 79.0418 65.01311
60.617165 51.114395 45.478737
68.94771 57.969543 50.121586
66.78865 54.24834 50.886417
61.92143 52.719994 49.20715
86.1341 65.74761 49.976097
89.58473 70.095436 52.654045
88.71239 70.34523 53.352993
63.10155 48.308945 37.599464
64.63748 35.80534 29.667217
57.455074 27.84756 24.661192
35.974007 20.686436 13.675331
37.426067 20.873774 13.519989
39.251835 23.1489 14.44984
39.56648 21.168953 14.063157
61.895634 46.325153 44.82388
67.64178 52.69365 51.718258
83.72421 62.30934 48.72257
57.783283 43.680916 37.878105
48.0727 34.708206 23.870365
41.185005 31.28491 20.20968
39.177155 37.83252 32.021835
65.4019 53.105026 46.496197
61.21298 40.974426 40.6321
57.34732 50.76336 43.890003
31.947838 22.676342 23.206755
43.94465 40.49061 32.588974
77.105225 58.76591 56.46774
86.93433 83.54867 79.686455
85.87912 66.66365 62.840416
78.25149 59.6372 57.044994
94.72503 82.304985 84.26503
82.81884 67.98724 65.51383
73.73935 58.43561 61.868057
80.83263 82.7015 81.83344
151.1869 137.51845 128.83435
75.755486 65.72648 71.46776
80.661125 60.236576 62.47139
33.076946 33.089214 34.610855
29.044817 24.980627 24.597616
32.622334 27.59179 25.972864
35.13445 31.031952 25.204996
27.670801 22.55733 20.483727
32.27429 27.655869 24.267868
36.73288 42.278927 41.002243
51.503914 24.408762 17.827396
50.615604 23.773058 17.497252
48.48278 21.114944 10.470687
33.342392 9.368166 5.5271583
49.8913 26.393236 16.042046
60.282513 59.132404 63.222897
48.79674 37.47306 40.590317
64.5957 68.70552 106.21804
44.405464 52.526676 69.82733
25.858294 37.078373 52.267956
60.244713 67.34512 114.11125
23.426376 34.44366 47.946255
34.842087 35.63678 39.25208
30.636145 24.54352 34.14905
30.636166 24.538374 34.164555
29.057638 30.625917 40.176056
28.005915 22.394884 34.420506
35.90577 38.04906 58.412193
31.42123 30.980583 47.744713
32.169636 34.162533 44.02639
21.65543 22.988916 35.353477
46.17126 45.332672 34.479702
53.711285 50.414566 44.687756
41.400513 37.387695 36.39627
55.56872 53.930267 57.05975
58.818974 56.88061 60.146214
31.263514 32.30479 36.375885
38.06342 39.354267 47.598232
49.07767 49.663216 64.35787
53.246426 53.665745 69.07479
52.194023 52.257027 71.1186
47.03371 40.73765 49.173573
25.00574 19.420372 24.529974
40.592274 54.20636 95.263054
57.348816 75.28271 125.671
52.707436 62.13799 107.65112
32.993446 52.749767 95.83861
56.403397 66.72727 84.29621
58.260216 69.00972 86.35726
61.52597 72.78177 91.69006
75.71544 78.46336 84.51911
76.862206 75.52874 76.264656
76.602585 81.52808 84.28689
93.764946 94.15112 88.61165
89.05577 83.62583 78.92121
77.01403 71.86126 68.74816
68.349625 64.063576 58.815895
83.608345 81.71074 76.5382
74.56366 72.588356 67.01785
77.29074 75.92319 70.4786
102.19145 110.52995 117.25219
85.678055 97.62163 100.848595
43.68914 54.597706 62.644016
109.21388 80.40383 71.181046
56.91327 30.585081 17.880833
54.57017 27.840986 16.65191
54.46046 29.635374 19.182104
55.928463 28.522299 15.842569
58.451775 30.340063 16.996086
55.63742 27.898975 14.796741
52.163876 26.285614 13.180103
53.05403 27.055922 13.957932
62.765118 33.7859 20.358227
57.01069 34.125565 17.42853
52.012775 28.704205 15.557945
52.146435 28.567204 14.459889
52.76677 30.06353 16.006662
111.55854 82.04103 85.44938
85.79553 51.44771 42.71025
81.344925 42.68415 44.245834
83.02124 44.61787 46.088005
76.65479 39.87505 43.092537
65.81226 39.89383 40.18184
66.78566 41.607975 37.471542
65.02041 39.30523 35.978954
47.72758 28.018164 29.274069
53.698357 42.203983 42.851826
59.65653 46.325283 49.07787
60.259113 59.390774 58.65501
33.799973 36.347298 39.956875
48.883736 50.07191 69.785484
53.225666 34.911224 48.98465
72.39825 42.60252 45.209835
68.29672 36.20869 24.888727
67.84897 43.51093 37.687206
66.964005 36.17643 33.182148
60.236816 42.960327 44.243458
89.18384 81.92085 85.734375
93.668884 82.88329 88.21747
92.27356 79.55992 86.32252
87.20328 75.980804 81.2435
71.50251 48.83582 40.47748
60.037273 38.210472 20.66946
70.812004 47.240707 26.246075
68.2992 42.793705 24.094757
69.64274 43.799885 23.896248
37.386417 25.548666 21.815653
48.438362 48.419384 44.65037
42.843426 32.90898 21.896336
38.42609 26.628756 24.049128
56.69112 36.37415 34.534504
36.567905 27.376171 22.331465
34.42994 25.906166 23.168713
88.409004 63.970005 48.476448
90.42459 64.86434 49.4956
77.56421 55.654793 45.23466
84.53686 66.02896 55.95382
82.02036 77.26719 78.764
72.63284 55.506046 48.115627
67.19477 51.5367 44.642323
83.06861 55.970444 40.687534
68.94751 46.466026 37.21817
58.47438 44.538944 48.05104
67.5659 51.824535 53.623104
69.35517 54.75729 49.46917
44.081345 38.27992 44.99369
48.28148 38.240314 47.301556
42.128998 32.920284 34.844173
48.278225 31.157694 35.642258
57.968708 45.93783 54.306175
50.810287 34.103245 35.679707
43.970642 33.715748 29.65565
51.79815 40.761753 37.034943
42.617607 32.416126 23.786318
40.612106 30.83839 15.9750185
47.730858 33.330563 19.985683
63.791794 43.46686 28.562387
61.582573 47.49958 31.433699
59.04583 47.182983 32.651516
58.884968 39.554295 23.562475
92.95316 70.04033 55.949444
66.42611 51.489643 41.813763
63.475746 46.067818 35.85161
71.732506 52.404606 40.250053
87.52819 46.834587 36.783394
88.50655 54.3577 41.24216
59.13942 35.83076 26.073866
48.88842 25.335642 24.327023
63.005257 40.373356 31.768946
80.23018 61.48078 45.66073
36.844658 26.71863 14.933236
35.46699 27.515041 13.388727
36.583057 27.65897 16.806108
47.65807 35.613472 21.029776
29.422571 36.52531 21.932598
31.297401 44.056053 24.612108
30.769913 32.0241 17.693956
35.65633 36.457073 20.093767
25.563025 25.986013 17.599222
31.580442 29.212736 19.245085
28.576439 28.675947 18.33452
30.901417 31.827572 19.140938
29.167326 29.659784 18.19554
27.27088 27.086708 17.55192
23.948454 26.825901 15.353631
30.646566 33.744953 27.513678
72.0252 65.36009 34.892597
56.457207 28.173395 21.481705
40.436646 48.596317 45.26864
37.07138 44.544422 38.563156
89.66262 48.38369 28.92222
113.12955 65.24253 35.567116
95.45158 53.325306 27.540352
95.32247 56.00596 30.116814
95.83078 56.791748 28.917162
60.09036 38.010006 23.597923
68.52986 41.520363 23.076923
56.69455 37.19653 17.883692
64.69422 40.238003 18.308594
99.53846 38.187557 14.388288
76.359856 25.429058 9.25597
93.95578 31.923056 13.766658
90.64076 30.462265 13.213704
90.63225 32.454437 14.643708
108.23198 39.24687 15.73398
107.998726 57.618332 20.89108
96.09264 45.78636 13.859986
67.47308 45.825283 25.29296
82.026436 41.10771 18.691164
75.380745 44.26483 26.702116
85.7826 46.524235 18.600674
79.26094 40.582222 15.623873
51.792583 37.083214 25.807648
53.196243 38.11565 26.405024
87.88329 22.61345 8.692814
70.74944 35.755554 23.29685
83.994545 23.467607 8.435304
72.744446 36.322514 23.167986
76.00301 42.53545 26.04684
79.21054 43.746933 24.391388
88.44421 36.74889 17.153494
61.785503 30.659212 16.926134
86.32335 29.352312 13.4482565
57.019375 30.260588 14.504596
51.861702 28.922264 13.589656
24.611954 26.187075 14.764173
44.884834 31.023903 28.623169
29.941967 26.24216 15.787527
60.23145 31.310244 25.705393
64.09298 29.770771 23.882263
63.984123 39.47594 31.07723
64.40966 50.85383 36.5687
45.363506 51.9074 52.929783
60.45965 51.642212 58.813564
47.672077 35.661633 35.66484
50.178257 46.07103 43.759445
49.385143 36.952522 31.97979
66.48764 57.75507 62.93174
60.26404 59.598606 59.65455
55.48586 52.99048 51.472862
28.281128 24.262875 24.561707
46.782845 44.214695 42.26954
43.917118 36.24788 33.85187
97.926025 108.28586 134.99855
73.944916 69.24322 72.89979
53.691273 46.292103 45.441196
29.884945 20.932247 14.381339
39.576023 34.418175 26.945683
48.731384 37.834564 33.277237
37.60905 32.230988 25.600914
41.283897 39.352158 33.08407
34.002308 32.34565 28.624182
66.2254 56.52819 61.48874
20.204271 17.578968 19.654726
35.043037 36.252583 37.150986
45.264767 39.958305 40.973324
42.851078 37.34523 36.637177
83.50022 80.68892 76.045105
82.38875 79.62513 73.928246
87.29052 80.957886 72.271034
100.43168 92.92508 94.274666
73.69673 64.96042 62.53327
81.53292 73.87835 71.67599
87.02685 80.36663 79.36742
97.55221 91.12796 91.86753
101.42721 97.11449 91.743835
81.42912 71.67764 63.674187
92.282295 80.40997 74.197914
113.54832 105.843056 112.4373
112.00508 104.37903 104.306
95.99681 80.21219 71.71261
63.552315 54.99072 53.970444
104.66198 91.09753 95.87661
109.40511 96.86489 101.08264
140.35985 128.97429 136.8512
43.243217 47.284733 39.16779
94.1348 80.791595 80.20676
89.023155 71.53105 73.24005
0.010951313 0.009170075 0.0078506395
13.047939 13.04618 13.044949
15.779215 15.777433 15.776026
15.554141 15.5523815 15.550842
17.167282 17.165588 17.163698
11.410432 11.408673 11.406804
11.181994 11.180279 11.178475
6.5930643 6.591305 6.5896997
