0.020795107 0.018928055 0.014936424
0.06982134 0.06290037 0.048285853
0.8986641 0.8058265 0.61545146
32.28389 26.778528 27.141735
3.8031225 12.189957 10.899856
74.31402 92.66354 86.01574
72.89587 93.66496 84.11521
67.84384 86.70832 75.85244
56.707615 72.10172 61.50536
112.95007 128.72008 108.99981
33.273685 51.812878 43.011074
32.535328 46.891968 38.996845
27.986898 44.79189 39.21365
32.674488 50.747337 41.96076
28.572348 45.56002 37.45508
196.9221 184.27075 156.30466
114.89886 88.19868 65.82881
132.18494 98.781525 71.906906
130.67416 91.656975 69.60399
109.97 84.15567 62.398037
83.47565 84.87858 87.15558
176.60814 173.74762 157.21352
28.711058 34.177273 31.555223
200.6404 196.65196 177.59456
133.97476 132.86354 121.32567
121.649796 122.360275 112.36356
61.688236 56.16089 47.8038
138.43164 127.24494 86.00303
152.2702 137.74576 98.09538
162.80605 145.53268 97.657074
128.98059 94.55999 16.084469
107.788216 95.38313 55.42469
126.789955 111.95934 52.051216
85.01796 80.505424 52.876644
138.98808 120.63454 80.54099
49.52799 66.25672 41.457493
114.28012 106.18957 73.96443
131.23857 126.0188 86.487656
142.66957 137.15039 82.382774
108.344986 102.68437 51.460583
100.83026 101.362495 64.85521
150.0823 133.55438 84.83064
104.88653 98.84288 71.05051
244.45282 239.61388 196.40112
94.39597 91.26254 61.176598
54.353645 53.79823 33.178753
143.63612 136.69426 88.52625
115.01993 112.67648 79.2225
92.34045 100.98171 62.306324
122.59482 120.11231 83.196556
87.94962 87.499664 59.984486
86.75516 93.54469 49.837437
82.44539 77.788155 51.058006
150.97476 144.82823 111.46129
142.0984 126.7371 57.33993
164.60413 149.26663 112.15078
92.56642 82.74116 50.700756
152.93378 131.12239 77.47179
109.1785 97.67626 59.92033
97.08466 92.58568 64.342026
93.39536 92.65202 65.39295
107.98223 101.28811 71.57283
181.76411 160.43599 108.30308
124.32188 111.89191 73.42153
125.9839 119.81915 78.206055
136.00685 126.86802 93.87256
117.502144 105.950294 68.4245
160.03801 144.5896 102.95709
104.47906 103.518105 67.8403
134.65031 125.12132 86.928406
78.7504 75.87655 49.698277
86.55361 86.42285 61.42115
136.07945 125.68666 94.86651
129.56642 117.058586 80.57489
145.15964 131.7877 94.28295
128.5211 117.647705 77.45965
136.22183 122.7756 79.55004
126.67178 112.347885 75.24117
160.43544 152.09962 110.69078
110.1728 98.39517 61.574665
129.81558 120.13842 82.88267
86.8874 87.10281 55.394142
153.77138 147.65112 112.24465
162.25766 153.33208 109.904816
103.36047 108.17512 72.98535
124.938995 113.72548 72.804924
100.09647 86.72983 47.038757
68.88019 95.04652 79.51698
83.908066 108.13938 91.70977
139.28186 160.45369 134.19939
103.356255 130.60547 113.4733
97.3963 124.43988 104.6066
39.6554 42.685658 34.486946
63.011265 67.10465 55.856335
52.86142 58.251183 46.386223
72.354485 77.17805 64.486435
102.77634 105.96465 72.01146
98.480606 102.29776 68.9726
33.93208 51.820377 46.529728
104.33517 96.46075 73.32059
124.080475 117.85183 88.516884
119.97499 112.063866 83.486046
134.64742 123.68292 94.640335
115.17602 107.53043 81.82623
97.051796 91.72213 66.44639
132.0357 127.31805 101.06084
128.4364 122.71492 93.66734
103.31151 98.87095 75.40637
124.7325 118.42305 91.635216
87.58519 89.86264 66.87298
113.24777 124.00959 97.60628
141.3851 154.92249 133.17598
136.40852 149.00235 127.61552
133.59659 148.37904 128.05946
50.777016 68.350975 59.67362
45.667664 54.833157 45.806404
63.159954 74.41101 62.736683
36.299374 48.927185 41.206955
26.084661 35.25482 30.063866
37.102493 54.86261 47.763947
21.367424 43.891903 41.64188
28.545502 58.69406 55.77283
91.08714 107.493225 87.00164
127.82369 145.57315 131.5786
122.233604 144.33311 131.08096
108.942055 132.33794 121.351685
54.19823 69.351326 66.0018
56.9136 85.38564 64.31512
79.74306 96.29683 83.621216
72.28991 89.072266 78.1125
93.30723 110.00531 95.69667
50.41619 65.57402 60.35931
71.18149 85.1644 74.89741
37.41059 57.63364 52.86731
84.40112 101.09512 88.69663
75.73234 91.98561 80.61381
71.15313 89.349815 77.59215
87.76939 106.88972 92.8714
66.77824 86.54437 77.658005
65.3325 80.5954 70.797844
74.073265 91.214836 80.02485
86.70632 106.95187 93.85801
89.46216 111.16527 98.42086
53.478546 71.0443 64.640594
54.584614 78.12046 73.068886
30.896894 50.87391 44.43628
98.69029 112.52174 97.6235
79.9953 98.801285 86.16536
88.72464 104.10613 90.643616
103.96169 116.70288 99.86738
91.73765 104.82169 92.57341
103.5615 115.628395 101.623566
72.29667 84.54138 72.95496
96.90433 113.00856 96.7352
78.44858 99.13398 87.76987
91.97135 102.97557 87.89107
58.93713 68.72413 59.742863
85.503654 97.18204 84.02836
78.39971 91.71827 81.01606
52.683372 77.96842 72.14209
67.787544 94.02385 85.638145
72.942184 86.793755 78.45585
49.55223 59.069176 50.63103
43.322258 70.32738 57.118107
64.89722 105.28492 71.214676
54.389088 61.852856 37.96179
80.363365 110.87719 69.56443
42.81822 76.99005 59.935524
45.645325 56.13713 38.218765
46.090263 49.58526 29.161146
33.87787 39.7051 32.25762
56.742573 59.640755 36.565075
40.73063 47.274715 31.196362
51.19543 74.63071 56.597683
34.12715 51.069176 38.089523
58.401447 68.11212 44.19488
56.363464 68.040596 47.20518
45.88801 47.835022 27.060389
56.22176 67.8601 47.760536
60.70246 71.5201 49.753613
31.131176 48.44639 35.82704
55.76018 62.152485 30.5033
45.403862 72.916916 37.81217
79.86699 104.22791 62.143795
85.80763 105.01822 62.9079
32.58014 40.368874 25.321873
39.7615 43.855595 25.242813
9.2188 22.563013 16.553291
60.6686 72.356026 47.746468
57.030743 70.86213 49.321682
56.182972 69.56472 43.18281
54.65366 65.10056 38.658424
23.800097 39.186447 32.591953
14.162852 18.7878 11.017061
20.288267 31.186705 21.021053
27.111217 31.415098 20.159601
38.151844 48.051826 34.624496
48.555866 62.20003 37.80911
49.7727 61.78339 37.216545
73.2516 81.9174 57.374474
44.659454 55.47803 36.041428
42.031322 52.838596 36.798874
27.13858 47.425236 40.76842
31.318108 46.894802 37.102688
20.769901 38.354385 32.02569
33.689552 43.039722 27.916046
41.365364 45.51753 18.938162
33.70977 44.266216 25.281055
34.23525 39.302944 17.529793
35.14933 41.871624 19.14943
41.241623 49.13375 30.778013
18.967552 33.528248 26.58149
54.033028 69.28914 53.900402
37.508385 46.062416 34.81088
37.515533 49.464027 37.8704
26.65511 37.31476 28.437244
25.099663 41.69625 33.760212
12.079929 28.451086 23.1765
29.569258 44.011204 35.283276
40.85366 48.80805 34.5296
29.549461 39.0864 29.089779
38.790665 53.543507 42.7991
31.408564 40.594044 29.353228
18.493223 29.245518 25.82308
29.374601 46.483246 34.98207
24.557896 58.80644 49.85875
8.291067 43.999454 41.69261
24.96137 57.447643 51.07568
12.08244 39.966427 37.16868
9.269306 34.600803 32.0864
15.893771 44.025368 42.304073
10.197103 36.56578 35.478546
8.447739 33.31212 30.910606
24.89596 56.480186 50.33639
14.037437 35.850216 32.721905
9.327217 36.892643 30.02984
5.7304363 22.598003 21.553389
8.559666 27.037792 25.344181
21.553452 27.887493 19.891905
46.43084 53.2198 38.607952
28.615805 28.569258 17.712732
58.273235 71.62646 56.171608
11.072268 14.487397 9.505392
57.93237 56.92857 37.19269
17.258715 30.89728 24.163656
16.6385 26.703236 19.245035
4.202479 17.509094 17.251987
42.225655 51.345596 38.256947
17.014292 39.475517 34.52326
17.548367 39.265797 33.949234
22.84703 47.256817 41.233543
16.734428 38.131886 33.382294
23.9577 42.36826 36.461903
57.433605 67.25401 49.745663
60.016254 72.80769 54.64381
42.98651 51.202316 36.4216
26.64542 49.99028 43.725574
11.497376 32.000675 29.880991
13.842202 33.858524 31.581297
21.707163 42.95136 35.86477
25.195751 42.37135 36.526928
40.72992 50.063995 40.192886
39.42765 53.491455 38.231354
37.01133 44.536682 30.775438
54.161983 51.8526 30.979559
39.574474 52.87169 37.606697
17.652245 22.845808 13.96855
45.71637 43.37312 28.486786
34.434284 34.48701 19.83055
38.774086 36.962723 20.698214
51.966007 54.701336 37.348206
62.542477 65.53645 44.899597
22.257332 23.861902 16.212908
33.104202 38.57856 23.151682
40.775955 38.599743 15.176018
59.79456 62.771545 35.811234
54.27349 75.03094 55.49815
53.368004 79.520004 59.77344
50.32535 71.03284 51.99836
64.59878 81.22498 58.328506
35.27494 46.310093 30.82057
54.08437 68.46268 47.413326
10.636697 52.80953 45.35329
35.07536 36.206665 18.089746
76.9587 63.873394 31.217995
16.825045 46.522648 40.319622
23.548817 46.149075 40.79717
29.795525 52.466923 48.3605
43.297474 69.68002 62.40547
38.21349 62.823242 55.85376
29.765717 54.822567 49.23512
41.86844 55.962177 40.586254
15.777016 32.59025 30.76414
14.808016 37.7164 34.17061
54.04336 56.013714 33.45363
45.392178 58.50153 43.12641
15.240689 26.395622 20.873009
51.083214 53.412586 37.13285
9.778561 26.234089 26.180717
26.707678 32.02028 20.011621
28.224884 43.232513 36.388992
23.884113 44.348206 37.620056
30.751617 41.300404 26.689007
42.518044 62.004635 47.965652
4.966393 21.656012 19.439884
41.76298 37.285625 5.3242555
39.142185 35.051247 4.4534683
33.051086 47.11376 31.54885
39.98001 38.68759 15.288363
48.525703 45.993176 20.754707
16.267117 32.639046 23.621117
12.645485 52.491455 44.78043
12.429455 45.047676 37.44069
40.610977 45.203735 31.571672
41.569836 43.91363 29.436085
42.793594 40.954773 12.848576
6.655078 38.000675 31.944794
15.636954 41.29622 32.321133
26.002672 42.748108 32.995945
17.762337 24.553904 14.457042
75.16649 66.98316 31.1812
52.036503 51.36649 27.96018
33.23435 38.522484 22.288042
38.21001 48.538967 29.278095
40.604313 53.74254 37.99166
42.2883 57.415356 45.392563
25.367004 45.50172 41.741898
103.494514 96.16997 59.519234
9.391341 35.64397 35.034958
10.756607 36.41175 32.98474
26.893803 57.16192 51.67082
4.2987285 30.674973 30.42836
9.592661 24.955673 22.300756
54.84162 57.0619 32.038853
70.34138 53.983326 18.973282
36.002995 42.98207 27.862837
58.77914 55.34579 30.110607
25.903976 39.696957 29.953163
50.962788 61.771996 40.78265
44.080444 56.16369 38.62057
47.01088 59.881184 41.036953
70.37682 78.47697 52.170353
65.47697 73.082405 48.109932
68.38355 64.6853 28.128216
41.58162 51.70169 27.104652
40.178463 60.5794 32.00879
35.561855 56.20811 30.511992
63.028618 54.531563 20.15223
28.815678 57.56095 30.857782
21.872814 26.585257 18.180428
41.678158 45.52297 29.314276
5.163721 14.580138 11.137872
12.510607 26.220152 17.340544
41.203026 46.048416 25.756575
26.23277 45.42678 36.34991
17.190826 37.538292 31.343796
8.126251 27.19176 24.488138
30.003605 44.12274 29.88305
26.14621 36.448704 20.875134
34.77914 47.42353 29.06982
30.042845 37.11743 22.977724
23.273298 36.887653 26.2498
34.878353 42.289974 23.646032
105.30176 83.70639 26.706036
85.86908 70.02559 23.075615
96.637794 74.14241 20.848866
80.0179 66.60976 23.912796
95.8404 64.68588 8.042749
72.29937 50.119297 5.44761
74.3756 60.1475 16.577305
100.71183 68.85884 6.4035087
73.5719 63.897797 22.125769
7.4602284 44.236084 44.15326
42.932495 66.8403 52.972477
16.857943 27.194979 21.010784
6.9406404 16.745533 14.072204
55.183517 66.39923 53.524544
38.43586 48.72902 35.966297
41.081474 55.73517 40.2789
34.688137 44.399452 31.618702
34.585064 44.04468 30.292227
86.909355 70.41555 16.178787
94.30903 62.500175 10.938548
90.94859 64.8244 9.183196
97.39456 65.95712 9.363077
101.51112 71.201866 11.70124
86.04246 60.42382 7.6343474
119.13298 87.83322 11.237083
100.43422 69.14869 11.130082
104.53832 82.14679 26.094479
102.87507 80.59038 25.807919
80.7381 59.70819 19.708708
82.99205 61.774925 17.032448
90.5962 72.95937 30.421406
85.94901 74.31277 29.501465
85.61149 71.38126 25.744503
48.438725 57.50317 41.692356
42.378754 58.578304 38.894768
71.70642 75.946014 49.423466
67.30906 73.481895 49.180008
81.4525 79.13308 35.28833
23.740416 33.974117 22.513664
20.858265 34.35503 20.33182
12.439852 26.41706 19.915693
38.91202 56.605442 34.344246
22.908482 34.542927 20.491098
29.218767 39.72271 20.934975
31.079092 39.92184 21.732239
23.729277 47.971478 33.32934
14.380557 37.485435 27.956318
87.16768 58.628036 8.647932
20.317173 52.715725 45.42965
18.666441 46.427135 38.844936
12.844391 33.249477 28.508127
95.05218 70.25826 9.596491
91.00924 59.887527 5.940029
93.87468 69.370125 14.036021
91.03129 64.60593 14.412136
97.66319 72.15374 14.512989
13.629326 39.957478 35.167713
118.202896 108.347305 60.87803
73.771126 65.072624 23.853308
74.15835 73.38976 31.020634
112.925026 103.66515 59.713245
91.46348 74.657104 23.620441
84.87694 73.39742 26.827297
69.647194 56.792435 13.834669
63.078964 55.224884 18.85614
81.75001 66.86509 20.85482
94.28856 76.17135 23.466827
69.61388 58.679832 20.069242
84.11176 69.32181 21.92316
79.31161 62.47803 16.183132
75.1417 63.36005 22.86258
71.1662 56.700466 17.853405
57.492226 54.950943 18.644875
10.360792 41.62765 30.80029
78.667244 64.85711 22.766909
74.60158 62.83409 20.865187
111.60364 87.70423 14.739224
75.83837 67.27542 13.155513
68.0131 59.886883 15.756382
79.71222 65.93462 17.955578
72.49419 61.171253 15.200032
109.48418 92.786354 34.971222
82.91682 100.40869 60.282215
41.514694 43.06628 15.721262
53.718494 50.139805 13.491196
6.785868 36.63309 31.838951
14.76298 31.770546 24.11096
13.962755 33.05305 25.952744
72.40119 79.46123 43.186962
73.636345 75.67606 38.887302
72.80058 72.47314 35.543056
64.4094 66.00711 31.520971
68.88115 58.8366 21.877966
60.335682 61.036472 18.006117
14.585675 51.9023 43.977562
13.234927 57.22746 49.815968
11.266731 54.99871 44.823887
57.55474 133.84233 110.44845
58.476807 134.18169 110.68488
55.19446 109.363525 90.69454
36.20428 79.26528 57.669758
22.165878 38.921005 21.59839
43.874424 52.484306 28.398842
64.32017 76.75841 47.946533
63.902687 77.5764 50.412716
59.633446 80.503716 56.12448
80.72316 93.25601 65.74273
16.967133 50.4066 38.13974
14.082858 70.83361 55.607307
29.629082 50.573364 36.002087
28.19192 68.73185 50.138035
58.855656 63.187122 40.58326
37.081154 46.3662 31.241108
44.766617 54.43451 32.79691
48.78664 94.52493 69.31637
35.734943 47.62723 26.23924
21.706615 35.479156 23.812008
15.8842745 15.679317 8.851312
2.96723 3.0199583 2.1095767
7.8401737 12.442492 7.2357316
22.614422 22.11138 8.410784
28.140963 37.325703 21.63425
24.129889 31.916594 20.276903
4.593691 25.655657 17.750395
55.482407 60.022533 25.010977
14.131531 33.279896 23.253082
13.263802 34.47906 19.468565
14.098857 33.289234 23.31711
5.8521485 13.058361 7.4929986
10.382617 17.516981 10.58442
15.146435 24.035475 16.785385
14.708128 23.771254 15.453597
15.190954 24.054853 15.984741
19.743055 36.804024 18.121809
41.749847 38.530758 14.929728
22.902142 24.87671 9.225141
53.12065 43.7268 11.813327
53.27391 55.36298 28.685884
42.784935 45.322613 24.28862
56.762432 53.16401 24.297602
44.13655 44.13066 19.712828
53.210945 45.604668 17.890553
67.210266 48.20724 10.898953
47.048607 40.163948 14.417157
50.609787 42.214005 14.810043
80.74621 62.99028 21.466925
19.434057 32.45115 18.334974
21.128794 39.342186 24.223532
19.686272 33.8995 24.796234
13.633929 30.51315 20.641977
44.315758 41.2122 18.9878
57.5652 46.59939 8.773314
57.165558 54.527378 23.918718
17.34872 18.21909 11.728569
33.041077 38.271496 18.82115
43.14119 48.107258 26.296347
51.79057 53.723644 29.42572
44.83309 53.189697 29.261452
69.75957 64.72954 34.809723
47.021954 49.90037 24.404667
35.61117 52.112732 30.023273
26.987286 31.335297 16.411299
39.289234 46.6507 26.68891
43.17972 50.44288 28.844294
64.69325 55.634636 20.832737
44.388508 31.496315 9.870498
52.84291 47.001545 20.367777
10.467342 26.913504 15.997039
50.897633 38.414 12.99472
39.048477 48.246258 30.405987
28.009272 42.949364 34.304684
39.79662 47.979847 29.722937
17.721584 39.07684 31.647932
31.113762 45.248062 30.339256
18.364012 27.28524 16.51241
23.028425 23.668856 8.383904
8.96414 33.52033 28.768324
9.095091 34.72123 29.79852
51.810944 42.754288 10.324674
61.00116 49.045486 13.235313
70.772125 50.824818 14.4263
40.19652 36.02176 17.491776
75.31743 55.560276 12.917238
49.50449 39.868084 11.429294
78.43657 53.107098 10.691293
71.54054 52.324257 15.123065
35.674618 32.197586 13.434315
44.036827 42.28022 20.110445
35.895317 43.403446 24.82469
54.817867 56.20621 27.162401
20.467922 24.51109 11.273652
28.46364 28.068565 11.713729
110.75423 98.350975 56.953453
7.7372284 15.251247 12.191438
33.1323 25.629519 8.136649
17.103363 15.388347 8.003445
71.58114 56.338806 26.241913
18.119299 16.406664 7.3748593
35.1296 33.662674 14.606695
21.946339 20.0038 16.630453
8.616224 11.850507 8.247513
35.938934 33.46216 21.813358
20.27555 17.70803 6.9904714
37.221214 34.640625 12.836085
58.991405 46.86097 13.896732
65.25562 51.840336 15.595365
74.85604 54.993786 14.424948
46.18973 35.509995 11.391341
73.70449 56.187317 16.007242
114.7502 95.776726 48.00998
38.498665 39.08936 20.616032
29.189957 33.63541 18.31257
12.478223 14.280187 10.978335
39.266956 44.517143 28.862352
29.531048 26.188025 6.890745
63.42044 32.970387 13.334203
67.59553 39.031612 11.336843
44.324127 41.55332 21.06216
52.263737 27.803766 10.852278
30.652697 32.555546 20.156446
34.178238 30.924932 20.399227
53.301884 60.343086 37.92538
111.54956 49.725124 21.819218
21.020569 32.951973 20.190117
59.01362 42.250217 23.817865
52.855885 43.64217 25.404797
83.45437 75.02553 53.41629
44.675392 30.486464 19.468212
59.07127 45.458073 25.678963
49.78577 40.889523 19.910284
48.108128 38.7944 19.427685
10.099887 26.699244 22.919395
23.322388 31.086657 18.734524
22.805698 35.606533 27.00351
55.0695 43.777756 21.40116
49.497765 35.02025 10.229486
26.009657 38.790695 27.252953
52.469563 46.051247 26.124804
30.135843 31.358475 15.248608
37.682278 44.416836 29.205248
50.808594 45.86039 23.866667
62.462128 46.42012 23.745438
54.68643 45.222824 20.420216
33.55815 53.189636 43.48991
37.448994 37.00628 24.414871
59.20042 42.05891 15.653339
55.231483 35.892677 6.944246
13.383518 11.958539 6.6092067
24.640688 24.318075 12.368067
75.780426 48.165073 12.447095
51.674263 44.93182 23.761179
61.560116 53.749203 32.253983
43.450314 40.394432 23.313118
62.100273 59.965267 36.77943
114.358086 67.66747 14.744793
59.19916 68.73086 37.268406
107.13356 65.217545 13.2451315
49.152454 45.3127 18.728924
39.098568 44.032127 26.753035
45.005924 36.218735 16.605408
63.694706 63.83071 40.480507
52.446644 45.01304 20.407244
52.678997 47.340416 22.877096
36.52181 37.07407 20.229069
43.155125 53.61896 40.77634
45.753773 40.142056 20.112055
43.34869 62.6742 42.071175
57.78268 58.415516 41.13594
24.789667 22.099436 14.097827
144.57495 123.85015 85.337036
14.136392 20.709898 14.651312
47.79282 43.817352 27.036022
33.654713 49.913227 39.79473
34.185707 42.324547 35.176308
92.65923 119.649635 90.28885
80.356575 106.41072 74.83058
85.13266 105.8139 76.45836
84.40396 102.89204 86.5126
74.776375 104.43947 66.82034
48.522614 38.57119 26.262
63.29345 51.211555 34.562176
81.2571 66.219666 44.136875
63.789375 49.587994 33.845
53.349976 43.199387 28.72371
83.63541 58.502174 41.63982
44.92606 37.502625 26.247288
47.12171 29.715145 16.541607
71.13198 63.01114 42.201836
63.02318 55.753323 36.492485
54.58532 43.667374 28.348528
33.009594 30.349493 22.315983
52.704685 47.80718 30.525093
29.616224 31.86245 23.318783
40.891228 40.851536 27.646612
31.490778 31.053371 28.777853
55.668568 62.34785 59.819378
85.40772 112.228905 107.57203
66.59298 37.85881 31.344568
36.19778 36.16855 46.547367
62.975952 61.13079 50.057846
54.70716 48.411877 43.449253
65.783714 70.53542 64.9671
24.013552 14.972316 11.071366
24.055979 23.579882 20.415998
25.31785 23.37399 20.14782
17.4554 19.567778 17.35152
36.720005 26.456816 22.24848
38.4498 32.278225 23.318043
17.64188 21.292484 17.096508
12.57972 18.578657 15.658844
37.21072 31.180717 22.682407
25.948881 26.526123 20.46274
