0.028658258 0.023756618 0.016012026
0.079831384 0.065126464 0.041892685
1.0856153 0.8754003 0.56453824
9.41958 11.670871 8.507124
2.1233253 1.9117705 1.6043396
4.526044 3.9599373 3.6162996
6.309065 4.556042 4.207699
1.5978041 1.4835305 1.3109274
3.7223058 3.5059474 3.1763284
2.1496308 1.931083 1.5965623
54.725376 27.159597 8.438044
130.24364 115.65734 87.23142
181.6842 165.487 139.164
89.30187 89.36798 85.694435
90.93807 85.02778 79.4238
182.24992 170.02333 153.3755
90.57264 92.2261 87.562675
84.4683 87.3802 83.34187
98.135025 92.5229 86.88599
182.18982 166.25061 140.02957
67.75776 73.00804 73.309395
41.747044 34.23649 29.118391
135.1593 140.13525 134.29037
151.29515 156.49059 148.77417
88.556595 87.14101 77.66133
179.88658 160.92635 133.3336
115.66123 98.72407 76.26364
105.46585 107.85743 102.409676
104.437294 113.494644 108.08346
138.01909 143.54265 139.59195
146.75522 137.11848 122.445915
150.13611 141.1326 127.06166
154.6161 153.20816 139.76988
154.27875 153.45396 139.87305
122.23482 129.39526 125.01235
123.485916 131.70528 127.892395
153.21835 152.73862 139.55643
140.18561 133.50238 123.22623
153.05894 141.11874 117.34037
151.84053 150.03455 136.87036
151.04099 148.30455 135.12503
150.06177 148.42438 136.04137
139.37837 146.37245 142.44046
87.30698 88.98095 88.97987
92.7559 91.15476 88.707016
147.4556 139.30669 122.52506
124.69179 138.27197 138.16257
119.68682 121.61565 108.509445
99.65385 90.3706 77.90572
100.352196 90.79874 79.05395
94.35325 85.01653 72.696686
115.99611 94.1294 80.741325
121.024864 118.243614 111.41916
118.3771 104.85138 78.21678
135.88968 152.25018 160.85475
88.94308 80.59637 67.7243
63.659107 56.402817 44.097282
116.17237 134.93121 140.74338
162.62787 168.99016 170.54817
92.76041 82.31518 59.6478
85.302956 73.87821 53.289783
117.6893 111.8038 103.04434
107.890594 87.866806 69.3273
106.977875 98.8121 87.83031
65.48726 51.167603 42.766323
83.56219 76.71652 65.07607
69.08957 69.57911 63.71152
69.45928 54.34403 45.402065
72.0631 62.83645 53.22737
68.60202 60.175117 50.755047
99.03216 99.20852 91.74453
120.85743 102.06879 71.90579
8.830861 8.589504 8.27838
4.034998 3.7944906 3.4839227
56.04212 50.271942 17.902098
78.29832 63.459644 19.14169
83.37409 67.82684 33.640644
143.12885 146.48961 135.33775
148.53261 154.95667 154.95697
219.86935 218.89005 215.09735
89.13248 79.73469 65.28305
161.76024 145.86661 138.53223
149.6111 126.93353 108.07869
138.96823 111.14208 72.886444
86.02951 72.98885 63.816547
92.08745 91.694336 91.02728
114.067154 105.64117 100.81717
57.1246 46.981342 38.16682
53.440525 50.73064 43.802956
46.729168 37.2409 30.342854
164.1127 148.03369 125.12369
144.14568 132.60294 117.61983
135.01285 127.62966 117.89131
155.36942 151.19574 138.33168
107.12983 106.964775 103.83446
106.04771 106.08019 103.16721
145.6192 142.72777 134.5781
108.888115 101.27701 90.09734
200.52023 200.44337 195.99356
74.00193 71.003334 65.51144
119.279884 113.14466 104.98389
112.39011 98.28014 81.61084
91.562675 87.84485 54.06431
90.115486 86.875305 52.337986
133.12819 101.686035 77.90598
132.95134 91.18489 71.445885
145.99287 110.8504 89.85795
115.03461 68.87625 50.676785
114.24211 68.23371 50.383373
137.10889 135.21844 127.61221
151.24068 130.5586 116.19309
152.66191 137.75737 121.36364
145.05382 135.49582 124.46667
149.79207 153.57257 141.47398
163.15022 134.60225 102.70423
157.63168 128.54408 93.48271
173.22952 143.54366 106.47614
142.66525 136.92598 132.07578
115.96791 106.65378 107.88952
141.1296 131.77896 123.18907
131.83517 152.2742 162.08513
141.5283 132.2641 123.99091
160.24635 153.24162 149.332
118.471146 106.609924 102.25531
154.83145 141.06773 127.57052
136.97974 123.71492 111.67927
147.36809 137.3607 125.34439
140.60826 127.58065 115.1743
148.95045 137.94304 121.788475
158.1816 149.62558 138.06271
108.158 102.8788 93.868965
103.19505 114.00166 106.28077
20.657343 19.745932 16.893993
62.052742 43.59068 32.17463
61.53101 42.905594 32.121136
57.535748 38.347786 28.995262
51.136005 34.817135 26.653128
49.093655 33.49317 25.718777
58.254658 38.846676 28.798903
68.34249 46.97098 34.636787
70.86736 82.01866 86.832825
72.63545 82.58215 85.56454
24.620613 28.545324 31.725378
64.84518 75.013725 78.76972
23.425234 24.546272 26.536108
48.13192 37.81511 29.731716
48.25015 38.0382 29.764395
45.732597 34.567513 27.17891
52.72015 41.55202 33.311092
61.470882 46.464806 38.166035
23.435331 29.169369 25.92373
21.199398 22.938599 20.528496
37.8472 42.642868 48.029705
61.08735 78.14234 86.36063
24.003628 28.047089 31.741684
45.74897 63.18744 71.677376
115.50673 96.624664 83.89586
59.663975 80.95252 93.179726
40.261585 33.17015 26.84109
58.63084 68.67342 72.50229
104.02389 127.358864 138.27852
72.47402 53.505 50.04052
67.96556 77.53352 80.232956
58.55029 68.80988 71.56179
60.28959 72.473175 76.92314
59.59264 72.11002 76.11993
67.15359 57.578655 46.71492
64.47428 60.621464 55.59398
19.827396 26.71273 26.038626
69.25505 83.11731 83.505394
31.14107 28.522318 28.6079
35.803215 36.27253 36.84318
36.3987 36.047123 36.508495
26.521862 37.141296 36.09797
29.064962 28.175348 28.57336
45.92412 46.28969 47.147213
15.100255 23.216784 22.268446
15.344063 21.324783 21.007221
24.34769 24.569702 28.088491
40.785862 39.1063 40.08395
50.05225 48.37256 48.2459
45.494152 40.264557 38.800175
20.884354 34.160904 31.865335
76.20136 70.64679 70.00791
75.01925 62.391674 55.57764
82.020195 69.03634 62.738842
78.33864 64.90612 58.767597
73.68652 58.895267 50.598427
69.86135 81.83622 87.06803
45.359356 55.9054 61.643456
29.470263 30.062218 26.646494
29.121529 29.783968 26.37112
1.861839 1.7415855 1.481864
22.816875 24.412066 23.503038
22.115417 24.714201 23.123455
46.333572 19.380236 16.559702
30.146265 36.656918 29.89357
20.435266 34.21482 29.59568
85.58372 55.88821 53.96095
18.70538 19.950396 17.692503
34.067184 34.77214 28.07287
22.509607 33.593685 29.679857
23.570583 24.613325 25.07408
17.376055 23.192667 20.643456
19.673714 26.99853 26.430103
30.465034 32.925037 30.086203
16.9502 26.23309 22.490719
130.6905 143.01474 149.1327
13.708549 21.497124 16.456278
77.918434 74.12607 64.42788
14.895333 33.25165 32.498627
33.38537 49.716946 48.859486
21.075289 34.123848 28.944317
9.331514 20.859062 21.409353
41.385563 35.02882 31.1445
27.341024 29.424189 25.541697
31.94569 33.733578 30.666492
27.29132 29.800045 26.476406
43.128098 35.92824 31.942749
41.842167 39.14385 36.174137
30.205835 34.42837 32.46693
28.857918 30.816418 30.067348
19.036827 28.64365 31.01954
6.209104 18.659956 19.070454
122.17796 141.38206 153.35478
59.275406 75.475426 76.724266
20.56016 26.666035 26.402752
28.350925 45.22577 43.953434
38.519638 42.617573 36.88537
16.59947 30.088589 29.700804
101.56156 109.13986 102.28273
47.905888 42.636265 39.662537
30.18868 40.997288 36.659172
162.91295 166.43494 164.26456
25.76593 40.338444 36.256485
15.945331 17.973303 12.658878
13.747762 22.009378 21.009247
5.046043 18.517809 14.781583
31.990099 37.580944 33.493107
20.000523 40.6429 40.44919
53.817986 50.42301 43.663586
29.797922 40.279034 40.839584
52.953697 46.71482 37.1545
32.743904 40.873245 35.79949
47.82351 50.669205 47.71319
69.245834 90.85468 90.50481
59.62535 74.120514 74.43043
76.54274 97.798836 99.138916
12.671819 16.758251 18.796942
13.159794 14.947618 9.26897
46.79279 55.08921 66.91112
69.358635 83.843216 106.44285
88.85083 94.94072 104.34406
75.27312 85.680084 104.43847
118.86828 130.6814 146.65225
132.73315 128.39929 132.04706
33.20342 44.170185 53.059147
73.77038 74.99722 79.62372
57.24887 61.256683 67.384285
110.603065 120.33818 138.13365
96.02307 104.48065 122.56787
90.78681 96.047615 111.31044
79.00203 85.241425 99.03771
64.93771 66.186035 75.484085
72.44833 81.74113 91.32818
64.828606 75.03657 87.78482
83.12362 88.88442 96.84753
53.557514 56.309456 60.87161
76.04506 72.74642 77.4684
90.97053 103.33128 117.9235
90.707275 104.19564 118.95049
158.073 164.80649 167.45609
178.43674 163.3668 141.31573
84.30596 81.49615 74.87814
163.21524 155.0945 140.44579
100.61483 97.63757 88.381676
143.63617 140.50049 129.91197
80.32191 80.058495 75.30201
93.54055 95.30688 85.11692
147.73991 147.52376 139.05742
120.78315 125.847496 120.40681
151.79965 133.62532 104.17427
179.19087 179.2243 177.31155
162.45697 166.03317 167.44376
131.05676 154.82034 171.49562
170.91982 168.34952 161.40648
151.01491 142.80873 134.59781
109.75472 117.72557 117.396835
95.04961 149.59937 167.3488
45.33975 65.00418 71.76992
148.04941 142.58833 133.3953
115.64806 118.76766 105.32955
157.74472 154.45099 145.29482
140.80354 150.36858 151.63391
22.278053 16.9734 16.758577
138.01274 135.41951 130.65758
146.42062 134.78021 122.64483
107.08248 99.815865 85.62323
104.1877 96.456116 84.78067
142.9597 153.0035 157.60431
114.1892 107.04454 98.799034
103.8655 91.516205 72.21714
146.22949 137.95935 125.98745
98.35347 99.53199 94.87827
139.38184 129.42194 117.294525
142.54558 142.08493 135.35266
163.15558 165.17747 163.07254
158.21103 146.56673 133.25502
121.290016 109.252144 94.08071
94.76122 91.47925 87.188614
142.79851 130.49654 110.53026
140.12656 131.93066 119.52853
112.06522 110.33472 105.59787
128.18114 115.45546 98.27544
163.83257 151.9315 135.02313
82.164665 77.8423 70.50379
176.41837 175.76888 169.67139
68.12123 68.90687 65.71574
118.91677 118.03957 113.70502
50.486668 49.5315 49.077904
152.62698 133.70653 112.93164
41.769394 30.688223 13.3582115
114.073265 109.443436 96.7955
99.19626 94.320244 82.039314
114.48866 106.26812 90.83841
111.5764 104.59058 91.15829
142.93344 127.11516 100.16829
131.22064 116.70237 93.603
66.005356 59.822887 52.39017
93.63022 85.4186 73.04755
165.70348 170.96774 173.75354
156.43546 134.37344 108.79501
118.46415 101.37187 89.575356
114.78717 99.75953 83.93893
131.57535 153.05908 165.39203
121.06637 108.01559 91.432686
133.04163 151.87321 162.00638
101.35321 85.13228 65.133064
123.61434 122.175606 110.92768
159.42497 162.53624 159.4289
147.98889 130.73653 111.60205
125.0465 115.36952 103.637146
159.86243 144.79367 119.454216
152.81213 137.20757 123.92386
137.15443 104.88792 84.770966
147.86678 140.72609 143.2592
141.50702 104.0451 65.103134
124.956505 148.63737 153.40056
152.6739 123.205574 86.55679
150.69542 121.27946 85.50402
150.93098 120.626625 85.04451
142.10626 112.68999 86.48471
170.67303 152.39452 132.1599
131.72456 106.00588 77.36605
155.00706 149.88203 138.5683
147.41513 145.84691 135.56758
124.32965 116.990425 96.89197
70.484184 62.82962 55.16819
39.00778 29.171133 19.931246
30.418993 24.32916 15.642671
1.8133456 2.1166918 2.20564
52.464348 34.505688 6.9237304
70.37442 47.14146 15.341514
63.877525 45.165318 29.83194
68.12143 50.25129 34.285374
55.6662 31.636526 20.295994
53.382 29.162407 16.904842
51.40442 32.649433 16.981472
108.78943 78.13218 54.41373
115.724266 83.67172 58.40968
102.590385 55.40089 32.76093
61.25335 40.917946 29.062546
79.46 53.121593 37.177734
81.909904 57.3704 41.861023
113.094604 82.694336 60.470753
113.43987 88.96562 65.1578
101.488464 74.837006 52.912914
134.3916 115.48785 103.61362
87.051796 61.853962 43.261063
87.59532 67.726715 51.77338
92.173225 61.45422 41.42422
75.68698 49.118618 32.16963
75.5846 48.74348 31.435528
92.64689 73.17917 56.00807
146.58356 132.32324 122.458496
96.907524 69.97974 49.12545
69.51251 41.42687 28.144892
102.68728 82.00425 65.9334
98.371346 75.639565 57.93311
143.96445 143.11705 137.5999
102.37007 79.01853 60.656723
97.0681 72.36583 48.052284
93.573524 70.42991 47.57862
92.68309 74.9849 56.27335
80.05751 52.52147 37.260082
75.02062 51.04075 33.56248
112.705215 66.89102 37.997974
60.217045 35.74139 21.408077
53.83256 38.265114 24.99513
79.00951 57.254753 40.242958
76.66525 47.168324 32.65718
105.67734 87.84187 68.598656
105.07055 87.29596 68.32982
114.98768 92.44847 72.64238
144.55046 122.26822 104.512024
104.690674 68.62594 37.799652
181.3041 106.586105 23.989248
16.458336 24.14669 21.399517
17.235638 24.960526 22.148846
14.529475 23.744297 14.964807
28.249756 50.158684 60.199627
23.48183 37.199825 38.36292
15.69381 25.533495 19.91079
24.128618 35.03441 29.232141
10.305732 11.522351 10.338508
23.125286 29.856611 23.740114
16.147932 22.3472 18.88187
28.778414 39.363407 36.294685
28.787073 52.197666 61.051697
20.840435 30.244102 25.937454
17.476145 23.503628 19.94461
19.452715 25.414156 20.61901
27.636265 26.131298 23.0897
18.382328 18.806189 17.564539
1.5681982 1.5482975 1.3020064
80.892 76.16855 65.14224
66.67875 64.545456 57.970623
56.665283 60.45458 57.58591
60.42138 63.49265 58.866512
12.520587 28.322462 30.414091
41.873734 52.569244 49.292595
42.913666 53.589962 50.093163
43.019867 53.336483 49.61937
42.452946 52.747303 49.332855
43.131363 53.088753 49.863407
43.70492 53.559048 50.225605
44.359062 54.02516 50.651722
44.01052 53.405823 49.97013
9.369747 20.045095 26.171263
30.46843 38.075417 38.276566
35.939545 46.144894 44.159107
36.676327 46.778706 44.64715
38.946636 49.08127 47.169075
40.06212 50.026405 47.867657
46.719658 62.167667 60.4053
26.731684 35.223255 35.632477
48.337658 52.749233 50.75982
52.897 67.175316 64.36824
44.852394 53.466278 52.76263
43.02791 52.082184 51.50317
47.888668 62.710476 61.44863
40.209167 49.836285 45.349747
43.208057 54.591335 51.26289
28.288576 39.84599 39.390823
55.71943 63.41824 59.20714
32.10424 44.12666 44.22992
33.604076 43.753742 43.938828
34.387165 45.225018 45.764526
34.28639 44.91481 45.129044
43.2209 49.811123 45.317463
61.001766 65.55127 58.878212
75.31648 78.349976 70.66613
44.78691 49.429676 44.041893
45.78116 62.23433 59.1712
44.498302 48.81534 46.612442
60.276615 60.789917 54.866707
67.1295 66.43017 59.78158
40.275406 52.77459 50.19332
39.351383 43.80733 41.720673
43.57797 52.850403 48.257076
68.654434 70.87677 63.58068
49.186264 51.234364 46.733646
37.847134 43.253677 39.60924
57.008366 59.613586 54.972126
76.50922 71.5831 63.427685
38.2907 45.26485 41.858406
27.37808 33.49219 33.710052
60.100876 66.07829 59.52
50.661884 49.108948 45.627213
35.216064 42.094013 39.051792
43.635483 50.218613 47.334946
29.757793 36.419384 36.632114
35.359028 43.06307 39.540813
20.612509 37.19914 37.16842
17.32158 33.8903 34.112347
32.645317 37.912357 37.880302
51.997288 60.72139 56.715508
66.08722 69.67816 64.09319
29.21796 35.16074 34.666134
44.052906 48.897884 45.2908
59.521893 65.8107 59.498627
35.161427 39.671722 39.353573
29.844357 35.473236 35.16061
30.285309 36.150513 36.074833
33.889256 41.29338 38.289524
30.14195 35.21809 35.36599
36.786453 44.07882 40.66718
56.65976 63.471046 58.81485
37.984085 45.172016 42.21567
38.25518 41.578163 40.373962
35.30864 39.225967 38.39161
45.942356 51.69816 48.061172
42.02977 49.88262 46.392654
41.689106 48.745834 45.22381
29.59849 36.564342 36.10826
33.723614 39.008495 37.746685
30.092249 37.019703 37.85341
66.53859 67.56238 59.422424
69.29224 69.211914 59.580257
67.81756 68.298775 58.95788
53.751553 62.520782 57.656166
29.498432 39.65463 39.341057
45.055683 55.47141 52.611984
22.698875 33.047153 33.392525
57.062904 48.815044 45.632442
47.29165 42.246258 41.30861
84.61081 70.77168 63.408276
37.125286 44.73296 41.460297
33.108196 41.14976 39.09532
51.794456 49.64022 47.587803
44.166916 42.031143 41.49026
34.88746 41.58617 40.054573
54.812824 60.005096 55.816483
68.57637 72.68509 67.20407
34.714527 36.462128 37.685707
62.09986 56.699398 53.098198
64.42102 72.45056 67.91935
42.203255 40.709072 40.249657
34.210052 34.2109 35.362328
31.259068 33.632313 35.292595
37.48294 37.471798 37.889877
43.804295 52.33413 52.599243
38.26802 45.312954 44.131657
33.906544 44.20747 44.483074
55.171753 52.986473 51.48108
27.998562 40.857296 40.89909
45.65741 57.229168 55.76691
105.596794 108.92066 105.66192
56.198288 58.117477 52.35184
93.46379 95.81655 84.95602
43.95644 45.199005 44.63535
10.015195 27.415201 31.359552
40.567905 50.417065 48.858047
61.426212 69.06232 56.39971
40.537384 43.340893 41.447617
56.33818 49.508495 42.978302
43.98007 41.144238 37.281418
54.49036 52.842953 48.77106
61.55934 58.241585 51.088394
52.678387 52.17355 45.8339
85.94693 79.951935 66.671005
78.34707 67.67793 54.907455
71.734726 56.48696 46.452877
96.9387 87.88341 69.17224
53.667995 53.36292 42.811646
24.541304 55.734398 57.430233
41.566696 27.072676 13.713941
32.190544 20.495556 11.330076
40.383472 21.254427 10.304359
56.337887 67.80374 75.15182
52.074505 31.664206 25.59849
82.31455 47.964935 21.115515
49.065845 31.5166 22.772074
73.97053 53.76361 25.760767
81.04742 81.57421 74.81956
46.441345 33.260048 24.656853
77.46768 77.23975 70.78014
94.232666 156.38187 176.79004
41.861416 23.08372 5.5348997
44.99582 21.370302 5.9638586
34.995556 14.664825 4.269688
47.06686 32.21819 17.552904
66.6544 93.29544 103.18777
58.55408 29.846088 12.526371
67.01212 30.72247 12.121855
105.566696 73.066795 41.027187
69.15587 29.868963 12.373995
40.782726 9.566336 3.793935
64.89635 20.691425 7.6451864
109.84485 69.73796 41.971504
93.39409 54.023167 29.310078
40.39798 18.01134 4.694105
37.106987 23.385433 11.66548
66.641365 44.814194 29.648552
32.220314 13.687079 10.828443
58.858505 70.17009 76.7573
35.07575 35.78292 57.455658
48.109894 29.52918 25.862003
32.32472 21.286322 14.623129
45.63241 30.90615 17.47389
56.626526 38.335567 27.301516
42.06307 22.383766 15.743318
56.225117 37.420986 29.806417
49.020752 33.480133 27.170643
28.709757 18.681883 14.209758
60.69672 41.42726 32.585712
5.550193 5.0567937 4.3231163
5.573492 5.075387 4.332985
124.57829 84.93379 53.656494
113.903114 73.44448 41.159008
144.91988 117.93598 85.23619
115.65803 89.69561 52.26779
125.44915 105.01915 79.47262
124.14496 105.66548 71.08575
11.232207 10.67074 9.878537
14.172767 13.492974 12.53637
15.393111 14.815143 14.005947
16.624828 16.03892 15.225704
94.18466 118.105484 115.03189
94.586266 118.21515 114.984184
2.8452063 2.248317 1.4375858
2.8326254 2.2392 1.4347428
4.1709037 3.5815632 2.788249
3.6324422 3.049343 2.2792628
3.6022809 3.024214 2.2677276
2.7064898 2.135318 1.385563
3.5718253 3.0089862 2.258774
3.7125025 3.1581922 2.405333
3.7348213 3.1808052 2.4258218
5.671492 5.1140447 4.3563166
14.670577 13.999934 13.091236
15.047546 14.4816675 13.719561
13.323378 12.753807 11.992876
12.735671 12.162342 11.402947
13.399811 12.710182 11.804784
14.010555 13.428436 12.669858
10.172636 9.587413 8.830174
10.169434 9.581955 8.829913
9.767041 9.177995 8.4385
10.578394 9.9914055 9.259787
8.940037 8.359977 7.633782
8.733514 8.054703 7.1923733
