0.01630642 0.01675143 0.016878575
0.045041323 0.046694215 0.047139224
12.479212 10.663827 12.182073
0.0029561347 0.003782581 0.0041640177
2.034234 2.0356326 2.0361412
56.873966 49.70092 32.954006
56.92918 50.953148 33.471966
3.6935472 3.6959631 3.6963446
56.124508 50.857216 32.437824
46.516212 44.863827 30.068596
67.55092 63.785603 44.785538
54.570724 49.08239 30.522505
1.3368404 3.4620152 2.960998
19.219835 27.190115 26.007534
8.982454 27.420216 24.226002
1.7705022 18.276827 17.48525
1.9335665 13.476351 11.950699
2.9208837 8.465225 7.8712015
19.069073 47.68811 49.13735
3.9811823 20.489986 20.939829
19.368595 43.55289 43.76262
0.044469167 0.050921805 0.05130324
66.8726 68.72928 51.599617
94.53922 98.34078 77.32683
99.8719 103.84536 83.1562
49.202606 55.068848 46.34059
64.85013 69.89358 57.35016
47.436142 50.054737 39.512207
73.5535 75.362045 74.521645
37.09428 42.229275 42.135
51.2514 56.52581 56.34434
108.686905 105.84542 107.96144
110.68652 108.04164 109.90741
109.648445 107.016335 109.16068
62.164654 56.661125 55.340717
124.68541 123.60346 125.70588
57.682262 55.652576 54.665638
57.57085 55.78916 54.834774
112.75159 112.70922 113.37664
57.584934 54.578957 54.33652
113.501015 113.45035 114.13617
61.01694 57.949936 57.801144
92.55464 88.96761 89.34253
142.09882 139.50278 140.81346
77.55747 73.90642 75.83414
122.0931 119.62397 120.537346
120.46964 117.21097 117.85807
120.73948 117.53592 118.11275
68.859665 70.233406 72.534904
105.96342 100.3651 112.7419
58.39469 55.577877 53.440113
66.10998 63.272312 65.89902
58.310234 55.281914 57.15925
57.942913 55.022884 56.78608
60.935856 63.728893 65.77905
95.983406 94.243195 62.46408
103.26548 96.3918 60.15423
97.720055 92.76052 57.32635
57.046375 53.494595 30.518723
60.829086 57.176765 33.058933
53.85445 57.392498 45.238365
41.199078 33.728577 14.777019
105.158585 106.454926 98.32581
29.593864 26.622568 13.498601
85.903404 86.01828 78.769806
114.72676 118.088715 106.38115
82.4828 76.52756 66.7083
76.50359 72.13137 65.72123
110.79192 114.29234 102.5069
112.37158 115.90222 103.679436
61.08379 47.252766 33.706963
43.213127 32.184105 22.779943
55.330643 68.826225 73.967896
45.056896 57.084393 60.878956
44.247807 56.583374 59.773903
15.257852 12.678131 10.278481
22.31707 17.263763 13.044564
98.06647 100.024 76.67743
98.45861 100.64393 76.92518
26.370598 23.479656 17.68045
17.686205 16.594374 12.8089
11.791386 11.649237 9.623077
24.577654 22.312365 14.639543
34.329468 25.704355 18.745201
34.370438 25.943357 19.11513
33.71297 25.283693 18.676859
49.900574 40.82756 28.04749
45.19164 35.44895 26.118786
38.865322 29.502352 23.334393
38.073013 28.829657 22.581978
35.934772 27.139542 20.801876
64.65369 54.90172 42.295265
54.042213 44.971043 34.022503
73.84812 58.846153 38.806675
49.589607 39.45785 27.580324
39.002354 30.961094 17.529276
50.399174 39.338905 27.61157
46.136078 37.528606 26.517197
57.469677 43.62257 29.229721
55.99088 51.310585 27.931755
44.140274 37.815067 18.94911
68.563385 67.8514 74.68007
125.36036 122.97082 126.5054
65.114525 63.108456 67.9671
20.26742 12.738938 9.145105
23.372982 14.216688 9.517101
35.487953 27.095646 18.544691
41.467007 23.490019 18.738367
31.814367 24.565449 16.270979
38.520565 22.507565 17.43878
40.256645 21.90801 16.917768
24.818531 19.939129 14.22848
23.946249 19.298538 14.080165
26.176605 19.842022 13.098284
46.241226 39.053814 23.765322
42.728447 36.133408 21.515734
43.58118 36.926064 23.677717
45.08592 39.381184 26.464527
22.40337 19.549206 14.109313
35.688015 31.735092 22.292912
39.61478 34.94555 23.238874
45.086777 37.246788 21.114813
45.671867 38.667515 22.080229
47.8212 40.985855 25.36548
39.233727 33.706963 20.862715
77.8616 68.65184 45.862427
43.967484 38.026794 23.40248
68.28544 58.711063 38.45019
59.771297 52.86742 39.924698
56.704227 48.70073 33.31281
51.024666 45.33735 28.420948
33.452732 27.771614 18.45534
36.116116 32.83341 22.223555
57.577908 50.71799 33.052734
47.84539 41.986362 28.10035
57.928417 48.57845 35.341705
58.09784 49.73859 34.081055
54.244595 47.62219 34.186905
55.75003 49.184837 35.614906
54.713253 48.48983 33.427845
67.74234 57.500793 41.232517
53.785854 47.507595 32.98147
63.35391 53.49965 39.02616
67.97514 57.08716 38.923237
61.76383 51.30782 36.486332
63.19072 55.25121 37.368023
65.32238 52.39784 34.430866
64.305626 51.80534 33.633217
65.119705 56.68544 38.846153
63.346375 54.29466 37.621582
51.974983 45.829468 31.878513
36.17686 31.153973 18.864557
37.95111 33.478638 21.460361
39.616146 35.157246 22.535568
57.30413 50.530704 35.27473
55.944183 49.811188 34.95143
38.36904 34.078354 22.205849
38.74091 34.475746 22.360268
57.315956 50.74094 35.346058
42.556835 37.381786 24.844755
56.61049 50.59002 34.08544
57.566654 51.70397 36.911858
37.589893 33.756516 21.539001
46.386745 40.578163 26.967833
45.63786 39.291225 26.004292
56.187603 50.538937 35.450157
45.310013 40.998093 29.09768
55.7432 49.64218 34.825462
45.236237 39.728065 27.061825
62.940018 54.54482 40.166943
62.276352 54.044563 39.51815
45.82966 39.59968 26.179213
40.72559 36.244278 23.515036
46.213318 40.030514 28.006643
41.162937 36.17616 23.70534
68.03929 57.773872 42.4843
45.08627 40.437572 26.1603
60.873047 53.049046 39.15372
48.968914 42.403305 30.543135
40.510265 34.73242 21.918278
40.845234 35.99911 25.662174
45.542435 39.858837 28.255022
42.168724 36.60286 24.399937
64.758675 56.260777 41.196503
29.799936 25.186205 14.340178
62.523235 55.47441 40.15073
69.26862 61.476543 43.53881
47.06214 40.74752 24.834362
65.931755 59.494976 42.60302
79.620346 70.22451 50.973076
54.581467 47.703495 32.915257
58.784267 51.63786 36.964813
62.557724 54.617386 38.491035
55.682327 46.932358 33.591576
46.12597 40.830452 28.152733
52.87527 45.42012 31.503242
77.7671 69.86618 51.72813
44.763447 38.633217 25.813286
28.950191 28.330196 17.408836
49.80782 43.051464 27.15906
38.789223 36.72069 21.569962
54.70855 46.89841 32.056484
53.92778 46.270535 32.52009
52.162525 44.532898 31.831978
35.44949 34.344788 20.480038
36.710014 34.499905 21.065893
62.775303 55.580708 45.052067
70.93808 60.871044 47.40925
69.681755 58.1493 41.79377
56.154354 48.54342 32.336903
66.228516 55.569454 39.203148
45.54682 41.52276 25.158964
57.0712 50.511124 32.79765
34.728767 31.475842 20.268595
42.38703 35.802986 21.517769
61.282516 58.64269 43.490498
57.76421 47.319263 33.166878
20.21653 18.296503 11.150032
69.30649 60.117195 46.672314
66.11087 57.21141 43.641354
63.90566 55.543358 39.5171
36.82508 31.975746 21.443548
33.93306 28.019772 23.331532
48.08385 37.480038 31.5356
61.11904 54.05537 41.454865
58.91653 52.09164 39.662937
49.98433 41.978542 32.577717
39.972122 38.791702 23.066528
48.86707 48.388557 32.40229
45.896885 45.978256 30.70499
32.40448 30.954927 22.446726
55.78363 45.018055 29.015099
45.89555 40.689194 25.981373
32.007595 29.275557 20.797203
38.807217 33.790974 22.621075
39.7151 35.398537 24.42241
43.185093 36.720787 25.804737
29.722345 26.325716 16.816116
56.1623 45.143356 29.625652
48.87848 39.647488 25.663828
37.61885 34.520344 25.702988
49.78115 42.569324 27.024794
37.559345 31.460331 20.64895
52.510395 44.379784 29.529562
47.430134 39.82778 25.480833
57.815956 47.690178 34.855946
50.898666 43.96491 29.643547
47.588875 41.344852 25.100254
45.55013 38.599556 16.418182
13.435283 12.890973 4.134202
32.983727 32.570057 21.094055
41.466816 37.396378 24.152607
48.9322 44.664146 31.270216
73.271774 67.762146 49.208584
71.870186 67.3891 49.601303
50.00515 45.41122 31.268087
71.25051 65.33741 48.633312
43.719357 42.524254 32.349937
55.59291 52.629944 38.761982
59.991356 57.95286 44.489735
65.25569 60.55817 43.749683
37.09434 35.270344 24.274412
57.89345 51.25102 37.18039
40.967865 37.706165 26.825747
34.12762 31.945137 22.364685
54.105022 54.266148 46.06818
12.741259 14.057247 9.376161
11.198283 12.788366 8.589352
11.430801 13.07616 8.642975
51.295773 49.659534 36.550667
44.468533 40.911728 28.97384
42.08757 38.93649 27.024475
44.02708 40.59628 28.50693
48.40334 43.48703 30.541386
43.30556 38.629498 26.772696
58.221775 53.622856 38.739002
63.605755 61.00305 46.02441
47.490147 43.30248 30.427496
41.993736 38.155594 26.46068
54.84396 51.186172 38.5151
43.4048 39.497967 29.239256
61.357246 54.433186 41.09186
52.740623 48.444023 35.203846
47.19097 43.052956 30.1226
60.831882 52.800953 39.34466
52.388813 46.82222 37.36195
59.59889 54.899395 39.966686
49.569134 44.757343 31.512365
49.82718 46.081627 32.27848
48.998123 43.987698 32.566402
53.92238 49.827908 35.786873
60.75248 55.88805 41.165257
51.998856 48.604862 36.025173
55.69342 51.411125 37.654293
56.63789 52.783695 37.914463
33.30569 29.38808 22.242054
53.165607 49.255466 36.083534
54.581406 51.95906 39.509026
57.508583 52.889446 39.329147
61.43849 54.944088 39.22457
57.146282 52.665417 38.025364
57.178608 53.769802 40.855946
61.154736 56.661633 42.03757
73.66987 67.64854 49.075237
49.87012 45.92263 33.17794
57.027336 51.018818 38.01459
41.435284 39.682964 28.040781
56.513 52.226383 37.948093
51.505627 46.96227 33.915733
52.006836 49.644787 37.0692
44.2013 39.50944 27.666275
18.282137 17.172632 11.607025
25.02117 23.368086 16.359758
19.904926 18.941736 13.776542
36.012363 33.297966 26.98042
47.09574 44.42114 34.19733
29.109568 25.290527 22.557692
52.349396 48.451527 36.176003
47.869328 43.145676 31.91726
58.887478 53.946217 40.458584
47.367737 43.997204 34.06281
51.097744 47.272568 36.589226
48.720978 45.64342 34.431534
77.07184 71.75442 52.045612
46.47241 42.146027 30.558168
25.520693 22.549873 20.150381
68.57432 62.442562 48.319897
45.816307 41.23554 33.56227
52.594852 46.558994 37.646282
45.432804 41.86831 34.298378
41.38932 38.575397 28.907501
51.94606 45.949585 32.10299
40.897236 37.588715 29.644024
45.5952 40.24196 29.96729
45.8342 43.093166 30.772028
40.933823 38.117165 28.080864
35.934486 32.726097 23.012747
66.421295 62.911 48.093166
36.176098 31.412397 23.999872
45.98474 42.297775 30.340528
53.110615 49.71192 36.555626
40.671772 37.19221 27.028639
22.974222 22.912714 17.165924
13.578735 13.076733 10.270375
43.07457 42.2308 30.721329
27.7466 27.329752 19.498442
29.6185 28.848475 20.043007
45.061634 40.572536 29.978258
41.42473 38.10696 27.492054
53.205116 48.750923 36.421806
53.514973 49.296314 34.852478
34.511665 31.12047 25.77756
51.982296 46.493355 35.465828
44.141766 34.750126 28.746027
38.82699 34.662586 25.480896
45.789352 41.287 29.53239
44.714462 39.66084 28.326605
39.790592 37.993706 28.646727
30.041227 27.092943 20.950922
27.865702 25.114494 19.438366
21.645931 20.2493 14.449046
20.21726 18.9322 12.765988
61.65375 52.10728 40.42012
40.77171 35.95782 25.739288
35.97832 33.82419 24.526922
34.984108 32.47524 23.888462
38.385506 34.93598 26.07867
69.480896 68.22858 50.812683
40.552544 35.72168 24.63468
40.93061 37.66799 25.83506
26.943325 25.06672 18.86796
64.7733 61.801273 44.960205
40.64927 38.94361 28.380547
29.429785 27.175365 19.984838
36.264973 34.6555 25.965258
35.510777 32.76529 24.47791
38.829372 35.606167 26.534489
29.721424 24.45499 15.3001585
40.914303 40.703815 31.827559
40.254387 41.31958 27.584902
29.005466 29.88468 19.408646
53.559917 55.033726 46.804928
46.655117 41.9438 21.87511
25.395359 22.863033 15.051494
17.535696 16.21408 11.054958
26.005817 25.639097 18.541513
17.142212 18.846123 13.084583
26.874094 28.009346 19.450508
27.4 22.308264 18.13897
37.216816 36.37279 21.164335
46.38255 34.298824 27.047045
33.054512 34.14698 19.237095
34.62406 35.253212 20.793165
42.62406 41.916054 26.163065
34.55137 35.185314 22.284838
35.70146 34.89142 23.054642
17.240814 17.811888 11.957597
29.237062 27.943167 17.22864
25.333885 25.536682 14.531977
40.077847 38.733185 30.195232
39.807407 39.49005 30.539225
39.876415 39.29256 30.340845
39.704067 39.424603 30.577526
51.751717 50.988525 37.603466
31.080166 30.175652 21.068405
62.045773 61.308422 47.416115
39.7616 37.851303 25.923395
39.756516 38.16491 26.32047
31.809187 31.75194 23.594055
43.809696 43.023647 32.05038
53.35073 51.000984 36.229244
34.503815 34.452576 25.211983
35.02063 35.68045 26.572886
29.656612 28.678194 23.156452
41.06936 40.143547 30.301018
33.239162 33.563828 24.895899
42.77203 43.793037 32.419518
42.18007 41.905945 29.053974
32.89981 31.554895 23.807756
31.958582 31.548283 24.82012
27.934011 26.985569 20.812841
41.97454 40.845074 30.590845
33.061825 31.863287 24.857756
37.409058 35.24523 26.866274
41.56049 39.467102 29.421234
41.493355 39.396408 29.330387
25.124634 25.781595 20.21869
30.936682 29.746695 23.242912
27.649618 28.239447 22.080006
30.632868 29.790623 23.005499
36.46497 35.52473 28.631468
24.83042 22.904419 17.465162
27.70016 28.206072 21.92152
38.958138 36.232166 26.529211
23.693579 22.86745 17.95356
46.59434 45.389954 33.962303
35.451653 35.257534 28.701527
47.891705 47.984234 37.336967
39.238365 39.11866 30.168468
41.109726 39.84733 27.942434
92.30728 95.19107 77.32692
58.28827 57.681946 43.197968
44.684105 44.398666 33.01462
35.472122 34.29809 25.152893
44.5658 43.54809 29.329052
47.20521 45.50499 33.830326
35.89949 35.148125 22.844278
53.507057 52.458233 40.691925
44.644375 45.831276 35.04145
42.687 43.93379 33.503815
38.99215 36.622314 26.191322
33.51758 33.91405 25.77311
34.502068 35.349014 26.955244
39.053974 40.162968 30.835823
36.795803 38.16723 29.533726
53.62203 53.315163 40.08862
35.704865 36.696823 28.244978
45.4096 45.197838 34.17362
34.796566 35.600952 27.346567
39.93935 40.512077 30.66281
41.139988 41.998028 32.308136
39.287506 36.51405 25.851366
51.470024 50.743546 39.30804
39.257343 39.51774 30.770153
50.922283 46.55623 33.707947
43.028225 40.03452 25.603083
40.26122 38.46084 28.19768
46.84679 45.228447 32.57759
32.650253 30.305658 22.44965
59.99463 56.58137 40.673428
48.72934 45.917706 33.78592
115.55607 106.929085 85.950226
72.86802 72.0932 58.304928
48.895264 44.35324 32.043514
38.108677 31.672886 20.378132
74.76993 74.841064 60.597393
43.267357 41.77686 29.008965
29.57133 28.201017 20.92314
41.70334 37.707153 26.846186
42.76179 39.115574 28.311888
37.52991 35.716496 26.96656
32.80013 30.8404 22.713413
44.609695 41.264748 31.03665
31.545073 29.793135 22.247362
41.450794 39.020504 30.309155
44.771328 42.620247 32.741673
61.313892 57.212524 42.572983
43.615288 42.205593 30.557852
42.564114 41.022663 29.326447
30.907343 28.375238 20.189924
47.002193 43.962048 31.622028
26.580261 25.163033 17.767069
58.270374 57.407597 45.34253
40.424286 37.957405 28.566593
63.570503 60.046345 42.35461
37.610744 35.465416 25.559282
33.504322 31.345041 23.563065
38.846313 38.138653 29.548187
23.374508 23.151716 18.610077
53.010265 50.05553 38.72686
24.486204 24.017483 19.263319
37.361443 34.503654 26.888493
23.885252 23.560236 18.943834
44.62905 41.127907 28.48916
24.266943 23.778385 19.01354
36.765797 34.236397 26.39873
34.279594 32.142593 25.344501
26.961983 26.340878 21.56211
35.216816 32.60839 25.190178
25.16103 24.355532 19.87419
27.523968 26.883312 21.328735
32.03611 30.395296 22.962873
26.491259 25.616688 20.59431
50.356613 47.672535 35.970215
46.31567 42.483536 33.007027
46.17349 44.692276 34.893135
49.367516 46.53166 36.18538
42.93077 40.06567 30.62438
47.021805 44.53989 34.479465
40.62263 40.13112 30.773077
38.316402 35.815323 28.058645
31.540337 29.442434 23.625715
36.92629 34.024506 26.9767
6.6897964 13.2254925 26.029434
14.533789 27.35089 53.11977
30.300318 23.084679 18.951908
3.8752067 6.507565 14.809472
32.060776 23.756897 19.728163
37.50747 27.877686 22.942085
34.10922 28.361061 22.609058
69.062965 74.95347 59.160393
35.163414 33.825684 24.455467
61.36726 57.149143 42.981373
41.763542 38.156197 27.008137
42.9973 39.27276 28.38862
60.655212 52.208645 38.921295
138.86096 122.787636 99.107056
59.190434 52.56904 42.053463
64.01218 57.247837 47.00537
26.880484 25.042212 12.691291
50.907055 46.280865 27.879084
68.712746 67.99701 65.49526
63.063763 61.40051 59.159855
1.3525429 1.3813413 1.3822314
4.2402096 4.269199 4.2698345
4.4421806 4.47117 4.471901
9.128989 9.157787 9.158614
7.025143 7.156516 7.158582
9.640115 9.668086 9.669199
11.813032 11.840305 11.841703
11.416624 11.443643 11.445073
12.70658 12.732899 12.734615
9.61548 9.641481 9.643134
10.436586 10.461984 10.463796
12.138303 12.240051 12.242085
11.23897 11.263382 11.264908
10.368087 10.3917675 10.393356
