0.0040064105 0.0032536907 0.0033750972
0.007502914 0.0053661615 0.005730381
51.290985 19.285208 20.676186
31.214767 16.247475 19.210907
7.4633837 5.644644 5.760951
92.84018 96.53698 95.50634
99.8555 100.70797 97.20438
94.87995 92.407295 84.92958
138.10631 132.74991 126.20097
104.86995 101.55301 94.313835
131.21321 128.8849 123.984314
88.14287 89.60623 88.6589
75.30439 77.210106 76.994316
81.42255 81.697334 83.01731
5.2198668 5.218337 5.2187014
89.71127 78.56667 77.071266
97.39989 83.967606 80.49604
62.92701 32.72443 18.53647
57.850452 40.320053 33.095303
35.19481 26.154453 24.85033
72.543365 37.981327 21.477661
71.6166 38.77785 22.145203
64.63648 33.307182 19.169847
34.883232 48.323013 49.369705
67.38792 33.832436 18.833017
105.65266 111.786255 111.44551
93.156105 82.341125 79.47708
88.56221 75.35759 71.302086
67.76651 34.770226 19.547203
65.28659 33.545116 19.0912
156.93988 163.40717 159.12865
73.44405 41.172348 24.249321
84.46185 47.574326 31.963432
38.572285 30.429317 26.642725
120.76826 104.23279 99.58566
110.73388 109.46783 115.32236
133.86565 89.24269 60.868275
101.50474 64.9298 42.142994
140.83743 102.02957 69.38202
91.60397 56.217075 35.03754
115.41968 69.40011 43.69488
113.17732 83.65965 57.94085
152.18689 140.8885 138.57715
16.28147 34.53467 51.287975
17.72589 24.797932 37.93733
57.129322 58.394936 58.39644
83.01469 75.302956 77.74478
77.01437 70.76593 72.8419
32.351837 39.554295 53.899208
22.538486 53.181454 71.445175
64.66674 55.111767 58.958893
72.08047 64.11531 62.555702
53.42594 59.679585 61.708504
40.464573 41.48162 42.952507
82.005394 53.325394 68.1775
50.025036 49.841396 50.710033
54.24643 38.955345 35.55172
44.62461 38.39785 37.888817
47.987812 46.830105 50.80864
54.62818 61.212265 75.52341
61.847054 69.79951 69.649765
65.102905 73.75634 73.67641
40.016876 47.875824 52.18949
59.935047 49.23344 44.103268
19.933567 72.44138 103.00204
16.615313 60.44646 93.91776
61.98713 51.056404 47.543438
61.352272 52.79815 51.930046
29.435558 73.97013 90.58593
25.890322 73.843094 91.67475
20.92417 46.327797 63.745216
23.801622 58.88833 79.20799
35.77331 72.30342 87.92781
121.24388 108.104965 97.99396
125.984825 123.4046 119.76505
106.358536 87.60582 81.29888
125.90358 113.68475 104.84171
132.65494 113.79864 109.524086
102.18481 77.09091 72.84106
172.26216 147.61386 133.08653
111.04985 107.7838 104.97788
58.423977 72.710106 52.14598
20.037903 21.49291 21.97465
20.99966 39.091152 47.895565
18.192745 22.674025 24.76639
14.250704 15.863587 17.144135
19.573208 45.254856 60.631897
8.023189 20.999004 30.447382
16.973946 58.759277 83.79708
18.671694 46.33678 64.64372
12.043026 42.174072 62.27076
37.48067 25.891949 24.654963
41.287296 36.57253 38.349625
67.998566 62.330856 61.67922
27.790186 27.693983 28.623276
28.069008 28.291666 28.04849
92.02848 104.23667 117.89343
46.844456 45.244053 52.092365
33.10101 38.4434 47.46319
32.5398 50.96421 68.770805
38.80286 37.49847 42.926476
39.502525 47.27052 47.99432
24.847198 30.407246 36.39093
38.203648 46.68745 51.041885
75.12653 83.11322 89.89637
74.63367 75.04895 66.37726
45.125607 47.81478 49.805214
42.513405 50.497986 55.08331
55.946922 65.09506 66.492836
90.471085 122.788315 131.43462
43.584282 54.117863 55.45678
58.589283 57.19753 60.163387
65.31835 60.598778 61.933857
33.52977 31.918537 31.938835
65.3827 62.694298 63.33921
92.51605 93.62233 95.43524
64.00148 64.45226 68.690125
81.530304 78.05815 79.2466
77.093025 75.89554 76.54983
66.086464 66.43422 67.4501
54.047447 48.845425 51.740337
77.89899 79.649086 80.85123
92.92461 87.94569 89.367256
130.58311 123.82209 122.63032
117.38847 112.06252 108.00211
120.76797 116.20255 114.81537
49.491623 39.30211 39.98575
63.94379 56.2982 57.471954
68.82032 53.940754 55.446873
94.88061 85.33962 83.36619
55.584816 53.465374 54.285717
76.272194 74.10128 73.94709
77.00146 71.08022 69.70816
142.87794 135.3559 130.3766
63.610065 57.73531 55.266293
95.84217 89.22955 82.19325
31.906834 26.69556 25.114971
59.428127 51.73181 51.872936
100.16645 95.34659 91.44432
50.892845 45.335835 42.335518
72.01197 67.29024 64.13051
65.71027 55.886242 55.353634
60.1436 55.811092 55.194443
99.94464 93.19782 90.37519
89.16662 83.0348 80.87558
0.017482517 0.011970668 0.011533605
34.16504 41.382793 45.915817
85.288 98.52256 111.817696
103.035645 83.31129 67.03963
36.00046 76.737885 78.42298
53.28387 78.5025 68.31706
58.0668 87.99041 80.37974
27.537563 89.44476 105.70581
44.785717 76.69818 79.86482
29.254347 31.097319 27.724554
73.59858 85.428276 77.20192
44.261753 39.27637 25.346033
31.899136 46.57787 50.512943
49.53897 75.95435 76.221565
60.52967 43.080906 47.381336
51.75697 66.26474 63.192623
62.07986 56.7989 56.719795
113.797516 108.47516 102.8565
103.82833 99.253815 94.798904
87.12748 82.661644 79.739
48.212875 42.81267 42.873566
140.63013 136.62947 133.69211
109.23191 105.6807 102.99852
79.78103 68.63432 67.0354
55.372208 50.865894 49.73577
83.065025 80.1151 78.601715
57.215057 52.89161 52.092777
114.498886 108.821 109.75655
93.25762 85.1697 84.71479
94.30495 85.90336 87.08426
116.06439 109.02343 110.328186
91.3209 88.28965 80.61291
121.032974 113.934395 104.03412
103.76197 93.47392 88.69651
114.11976 109.9283 97.96411
111.37136 106.59254 94.11878
55.797348 55.91652 51.29674
116.92031 110.24415 104.73191
122.2516 111.250534 105.55264
129.39825 119.83455 110.46253
101.380585 94.87492 87.97499
103.45008 92.23891 85.661446
129.39421 119.90399 112.03332
104.49981 99.57989 95.289505
84.57527 77.91946 73.49577
101.8589 93.188835 88.508835
104.87335 96.58661 85.64822
121.90263 112.180336 106.32826
95.63589 84.66894 80.58036
94.98053 86.69068 80.622475
93.64695 85.49152 76.04739
101.76318 96.02612 89.877716
98.99912 89.630196 81.25932
97.05405 87.17664 85.29353
102.150276 95.14554 94.01887
93.18475 79.76437 78.35674
94.12578 86.88003 76.96904
106.13253 97.99779 81.63799
114.46421 106.33343 105.13481
31.595327 73.42878 77.96438
71.980865 98.96974 104.38046
97.20391 109.07449 100.29468
63.294388 90.70996 85.55431
73.02756 82.93262 65.42002
73.57979 64.19107 53.88811
64.42286 78.83654 64.42157
97.117714 71.91633 48.96307
59.79016 68.054 51.91902
55.87437 94.70409 119.696144
47.831245 80.74762 85.949104
75.52911 88.09802 78.61592
41.938496 64.59219 54.97492
50.54555 63.273018 58.378326
80.72086 100.855675 82.78914
81.65662 83.93194 58.827507
49.663727 71.936554 71.615265
101.35951 102.422226 99.06376
110.76515 89.3642 78.099945
104.0532 88.37398 76.13114
119.93995 106.96538 91.13389
146.95229 132.8952 122.0415
100.146805 82.94571 72.46309
93.54072 91.749756 83.60274
123.61849 101.93354 90.82
100.548904 73.29662 62.092342
162.35793 122.633354 96.43539
134.59052 91.25444 69.22397
107.39513 72.51673 57.201584
103.24663 59.971325 41.480938
106.2755 69.40348 55.59652
104.47101 64.91453 48.878204
106.201294 66.830444 50.79402
98.5574 58.66079 43.5287
168.2298 96.87403 85.97601
129.55096 79.86976 56.48536
122.194176 83.879906 62.243397
102.83746 61.58076 42.671062
115.8421 64.15443 36.21341
86.42186 52.917225 29.280886
143.53912 104.90227 91.303635
123.62393 74.65584 57.75585
97.91703 95.6758 91.55218
116.80427 57.51583 41.09035
135.3084 83.510826 56.53443
104.563545 61.38787 41.454838
72.704254 44.214767 34.466248
79.58839 48.82294 29.275835
104.24342 64.71154 46.989437
102.18849 68.88947 44.88901
96.28482 97.40331 76.79659
87.74553 57.01311 41.224068
63.456318 72.30221 79.97125
115.24624 96.68027 89.79242
101.69097 94.80699 92.37527
69.13685 69.03215 66.95916
111.400085 103.320076 99.13726
146.42844 144.92062 143.27365
81.20498 80.376724 75.60771
118.35989 80.66074 54.469795
93.627014 58.790573 36.529114
72.19896 50.73502 35.472416
103.778336 61.252403 32.924946
76.03924 46.941433 32.178978
108.536224 71.731865 44.20787
160.5402 107.42876 64.854095
110.739365 82.66487 72.88748
106.42931 61.43794 35.02729
94.11767 51.711758 29.606424
90.93223 43.42264 24.877914
121.64994 73.273384 43.362373
137.83064 64.20795 35.88083
92.15477 55.13544 43.755074
90.46506 52.9603 41.697212
44.712437 46.91902 50.14275
72.94374 96.7914 104.008255
71.19374 95.051765 101.200806
42.572018 100.11548 122.37845
22.821606 58.74728 70.114174
17.818182 65.68879 83.24869
16.900763 39.461052 45.710106
20.890272 50.70207 58.03249
49.441288 90.89428 103.564804
63.254856 68.21965 64.086975
54.14984 90.16482 89.94112
80.86089 96.184395 91.85414
54.718506 79.458015 73.33438
35.804123 100.66863 114.89845
60.737885 98.584984 85.5102
55.335617 100.58447 98.19522
75.28261 98.84827 84.879005
58.883766 70.38724 70.30566
101.34256 100.836006 93.178665
56.00731 55.213894 53.8074
85.184006 82.13265 78.13357
99.34341 95.66077 80.91574
123.30589 117.29174 99.03946
74.96125 70.717804 65.82889
79.91052 75.40263 69.12874
100.42689 95.71523 87.97618
100.07823 98.40489 94.334816
82.127014 79.92534 76.83967
72.138016 72.449425 68.23623
138.50883 139.30992 128.89377
76.526955 74.5971 69.28174
94.22871 91.22655 84.50536
116.96523 113.03579 108.883255
104.584496 101.831 96.83911
101.605865 97.24869 92.02006
54.891293 52.983803 52.087414
125.18964 123.28069 119.03754
78.20253 75.620674 75.60045
71.93483 70.91077 70.490364
85.21812 84.51267 81.82042
50.18835 52.06403 52.15552
48.817963 46.715446 45.73033
37.506798 38.81131 38.565197
63.712727 66.66315 67.517944
23.868662 24.12738 24.345327
32.332798 35.01452 34.804295
5.2242374 5.228535 5.2294097
18.39729 17.215763 16.274427
24.26792 23.178467 20.449446
21.313398 21.650982 18.631508
28.700611 22.17531 19.056139
23.93194 19.551573 15.689176
23.996916 20.293512 17.051039
24.220669 23.214088 22.817064
25.572699 21.359047 19.996698
21.869051 22.182766 19.576487
26.883522 21.419071 18.95185
27.150568 22.057983 19.471834
29.062742 23.887407 22.25709
22.477102 19.65739 18.63039
22.525276 18.819542 17.207119
23.27501 21.944881 22.235067
29.319542 26.494123 29.271927
29.920067 20.02365 20.381653
0.024232712 0.025228243 0.025956683
26.073889 17.262213 17.97861
82.04145 76.42097 75.09157
41.297688 32.65057 29.772995
45.008472 27.241089 17.09778
46.375584 30.938982 16.930458
43.263477 31.822796 20.915915
58.049973 45.33756 46.189808
91.25753 68.425896 56.53516
12.732008 6.9647436 8.213651
20.82986 12.295042 12.641002
46.94522 34.65897 28.146173
60.565536 35.15591 29.564613
19.227491 13.516827 15.550845
24.950127 18.33586 18.673246
53.982323 43.2787 41.319954
27.382479 22.042662 21.156542
22.90795 19.187038 18.340788
34.99354 26.837656 22.821678
29.636267 25.50034 23.43007
26.350136 23.326826 23.005924
30.314249 25.783289 24.623762
30.5465 24.032804 21.68024
23.98917 21.689102 20.157368
28.519886 19.27297 18.170624
19.331123 15.718799 15.447334
5.011145 5.023553 5.0286517
47.079666 46.768745 44.096325
59.45207 59.53322 56.22023
43.055748 42.09875 40.466904
43.11339 46.67322 43.573574
46.212364 76.35502 93.205635
54.35572 56.80859 57.568447
41.433735 31.560728 39.31597
89.398094 44.235916 46.50617
42.209595 42.722027 46.06369
74.00405 78.71897 83.705956
72.13853 76.82112 81.576584
72.17434 77.03661 81.81478
71.51263 76.88547 82.052864
46.474457 46.435413 49.347977
50.1867 51.301598 52.168465
130.4239 129.9831 125.92206
130.13663 129.62682 125.55963
40.15086 35.80791 35.45117
63.1056 61.880924 61.102345
46.809223 44.438786 43.401833
75.712776 73.06464 69.121796
56.44872 52.15858 49.685726
101.014084 97.49473 94.01998
47.790745 45.466152 42.24155
64.36067 57.55672 51.84171
91.44384 86.19925 81.2946
111.352104 110.51401 112.09006
111.49133 111.1056 113.21805
45.035427 42.11167 39.808567
113.73308 108.98133 103.75753
80.87444 75.48368 74.17536
86.36662 83.525276 78.14635
74.61077 68.950516 69.51719
86.20144 80.46045 80.1628
89.04392 84.9038 85.109146
130.7555 127.12646 125.60451
72.40635 65.745895 61.41278
72.47079 65.49711 61.540573
46.668488 64.045135 76.015854
30.065195 34.962193 41.500824
36.829132 64.780815 73.37859
40.839985 38.72045 32.595814
35.970158 74.00051 93.407486
55.8927 75.36213 76.944466
75.51683 59.810337 27.034237
36.994366 69.56638 79.31733
37.191845 70.667786 76.777145
40.99386 73.141754 79.89081
43.92213 62.418926 70.65397
53.653263 65.29781 69.73499
62.54458 76.12806 69.77809
73.37379 69.201584 59.701923
50.567795 64.43228 65.77681
75.74973 78.91186 67.53851
83.22771 93.34205 86.79628
33.969723 100.24211 128.97298
58.484993 58.212387 56.882236
57.478607 87.598946 89.46936
97.67912 106.45284 79.36827
124.82153 107.961975 74.00333
62.316093 54.70865 44.28171
60.210957 91.36655 109.871185
58.386726 105.18233 119.79121
54.34834 64.80614 77.998566
48.40312 58.403725 65.752335
46.620945 53.654526 48.97057
60.123737 54.767143 68.33328
47.845936 56.808178 65.69729
56.646755 110.99337 121.72302
39.229286 98.39469 118.38255
110.05538 106.42779 113.78329
22.381289 22.292128 26.760101
58.49762 54.220184 52.456684
131.78812 122.56272 116.181816
122.533585 118.76967 112.91368
119.28412 114.79759 109.62344
87.76484 81.82802 72.84654
92.072235 88.103584 80.83326
90.94738 81.54992 78.09611
115.08246 109.77734 105.9567
118.78973 112.73912 107.8942
106.549385 97.8751 90.49376
142.74551 134.94563 125.97559
110.06505 96.4982 84.439926
133.71603 124.06721 113.99641
85.3997 72.18789 55.859413
124.92584 121.709114 114.96994
111.875145 108.16096 101.86718
116.140976 109.92631 106.67378
88.40467 78.13401 70.87859
85.64163 78.174385 72.68481
110.80254 103.63357 100.16693
133.22011 124.140564 108.60553
129.51007 120.52246 109.81335
73.89141 69.17694 62.49383
100.51916 89.45035 79.37095
116.96739 111.503815 99.90683
65.49277 54.247765 47.772022
25.941458 21.820026 20.905788
101.57775 93.945244 88.234535
78.21936 66.227806 57.590714
67.2308 54.462414 47.762093
116.78868 100.9706 89.122574
64.4044 52.095837 45.896393
77.31262 64.34268 57.32981
110.81879 94.12597 84.148384
64.89321 55.675457 52.826317
99.95253 85.61842 78.086464
74.04385 72.796326 66.68767
106.28026 90.40793 79.37369
144.17944 141.10094 135.6579
79.91963 76.32369 74.55269
97.260735 78.11162 72.80162
79.490845 66.928055 63.16198
70.6257 50.109413 63.65506
89.85985 80.62944 73.79458
51.180748 56.909966 51.93745
95.67524 88.66963 84.57044
74.44199 69.141975 64.1757
66.58078 64.20979 61.940342
91.77975 91.89321 87.785645
85.67771 86.56743 82.93641
70.20071 69.644646 67.20899
76.936165 77.53958 75.38532
77.98682 77.675964 75.45117
46.655132 47.51651 49.27972
39.805992 39.429295 44.101227
48.506386 48.693012 50.55716
55.187622 55.196144 56.204254
53.319977 47.89151 47.583527
102.27229 30.661081 28.243275
61.044434 61.82957 58.844723
56.429195 53.449787 51.804802
71.50394 68.55289 58.354313
63.794216 60.634518 58.02921
90.982445 82.55952 73.96045
73.34734 72.42563 69.57034
80.35375 79.55376 72.287445
73.63777 64.21234 62.96921
105.8402 106.42691 106.26513
78.73854 83.732445 84.99803
56.615555 49.29786 52.223167
43.279625 43.842487 47.639084
86.11937 81.2932 78.90101
33.98043 33.06704 33.424923
77.33821 73.00867 70.85812
61.679802 60.095863 60.974697
25.22992 24.056746 24.320805
90.88104 87.48883 85.190605
89.85487 89.14664 86.770004
64.70003 65.58712 65.22001
94.356834 90.82318 87.882965
43.62306 41.07413 41.798733
84.59006 80.64535 78.05755
92.87949 94.40385 91.66446
67.14822 60.270638 53.42446
65.15574 70.0389 75.41771
97.15892 95.18546 100.5609
53.283897 53.64593 54.555023
96.76345 98.89668 103.89649
77.02372 77.233826 75.63818
61.54674 56.559975 57.174145
81.542786 75.05291 80.31913
94.7147 98.277534 96.62825
62.41786 61.19634 58.63986
75.88219 73.002014 66.206055
66.824036 72.142456 77.21484
87.09703 89.630974 88.1048
72.441315 72.53696 70.708916
62.032803 62.651005 63.264812
97.76413 95.350815 97.74606
75.79961 68.153534 67.95409
74.19678 73.54152 75.13627
79.05655 78.5378 77.2347
75.9906 69.00792 69.02865
83.74121 80.032005 72.99782
72.08467 71.728485 65.84892
152.49849 149.52522 148.09567
81.475815 80.01534 75.74818
63.569954 66.6891 64.78982
50.623226 45.255146 43.65523
61.222076 62.76156 60.771343
62.409092 62.1436 57.160015
71.2914 69.689224 65.79295
86.64877 92.64025 91.138084
78.127625 75.01394 72.68364
108.29868 107.487274 111.848
104.03361 110.46545 117.705635
42.881847 39.02501 41.59222
69.69362 69.57566 72.74631
80.96339 70.60397 65.78307
63.795357 55.746845 53.00347
70.2515 70.15533 70.48349
75.738396 74.066795 73.0083
58.01588 48.627937 46.9105
79.52093 80.54511 77.05538
91.22237 85.49815 82.30862
142.16249 138.92572 132.02348
87.66844 84.94974 81.362595
108.59693 102.34244 101.84504
88.2308 78.43056 74.972176
123.50515 118.46066 115.34249
7.486961 5.7846737 5.837728
6.861427 5.5242815 5.5421524
9.239438 6.091249 6.1124225
8.628545 6.0318084 6.073621
7.4942455 5.738612 5.8431673
7.3381896 5.7568474 5.813714
15.50357 6.919605 7.173247
23.396755 8.544508 8.851375
20.657732 7.9509277 8.266147
19.220232 7.8209743 8.020712
21.904526 7.992934 8.276053
22.561165 8.175335 8.433615
15.050165 6.833916 7.0830665
