0.0035211267 0.0035808068 0.0037896873
0.003640487 0.003968728 0.0045655286
32.2984 26.62673 27.294373
2.5157256 1.6348771 0.96529603
0.0036106468 0.004147768 0.0047744093
0.0038195273 0.004117928 0.0045058485
107.42084 90.59101 66.03023
55.383175 33.561142 19.534048
49.488003 30.098293 18.380789
50.489258 29.635563 17.762085
49.308846 29.122435 17.331106
48.348293 28.155437 16.745344
154.30273 140.67996 103.00015
151.14908 137.96709 100.64156
154.29109 138.67238 99.41779
43.10611 30.304518 20.32263
42.767067 33.997105 19.181875
37.41761 26.189245 14.39556
31.555712 26.063082 16.883623
61.68847 48.22938 25.029692
24.476307 19.006058 14.092027
29.771574 26.105663 16.792492
12.646484 11.089103 11.238601
62.573288 51.314396 29.100262
69.70822 60.18313 36.01665
29.029303 27.357544 17.112467
22.407436 20.322004 12.509131
23.418507 20.38792 12.107931
52.85981 37.52026 14.743644
38.827526 29.894068 12.025483
63.41985 46.78324 20.258951
77.719894 65.99344 36.337433
57.084595 41.937275 18.08585
65.43471 57.59283 34.27032
75.29058 64.78757 37.12321
50.250717 36.91967 14.863302
81.24472 69.56036 39.511547
34.293507 23.362974 9.722667
59.408154 40.58755 15.135205
75.74788 65.39511 37.19566
25.116795 19.204971 6.695721
59.40902 56.355904 35.2238
29.862736 21.745464 8.942647
70.33848 66.11879 47.51274
153.40857 142.13412 105.16722
0.0074898545 0.0076390547 0.007907615
46.944946 30.72204 8.360915
48.408005 33.694645 9.252178
58.111244 44.98469 12.983887
50.678265 39.901855 11.281988
50.08161 38.835163 11.537688
52.478218 41.00922 12.331493
78.90162 60.47911 25.181934
47.544434 16.521843 12.5904455
27.717325 12.48314 11.114049
42.415165 32.69208 14.02796
42.17483 34.464043 18.161106
33.366676 29.475084 17.026468
44.947273 35.5447 21.39532
38.364437 31.05037 19.274529
10.12321 13.624731 10.488183
17.4496 13.864556 10.663285
49.208523 34.69557 20.340714
46.532703 33.49135 16.381655
53.93301 38.62536 19.17337
47.59862 33.543358 17.61005
43.240242 30.014652 12.792552
6.643889 8.683815 9.993585
58.515247 40.420116 18.581076
42.306545 27.524559 11.268471
42.03736 27.49824 11.241108
51.142784 33.924477 17.626343
49.107098 30.29091 10.945781
55.126373 39.60304 15.563082
79.750626 55.338715 28.866495
46.12536 31.250776 19.281242
55.153496 36.318127 21.878998
36.984184 23.933187 15.572362
55.15126 37.186768 22.198227
2.7335582 1.1244032 0.9770232
18.762772 17.550072 14.220309
87.59683 72.43471 56.185696
131.27432 125.00281 109.84704
56.791508 60.60465 50.44936
64.069824 61.86414 51.982273
91.5882 81.07018 63.420296
97.465385 95.69378 81.02301
113.94563 114.87697 100.93166
114.507164 117.323944 99.57251
89.91803 105.03608 104.872765
105.038704 120.987885 120.8101
40.989616 60.30804 61.573345
58.699123 70.685486 72.254715
64.99881 72.53041 72.433304
49.812008 57.685066 57.822243
44.269547 53.046818 54.648396
57.27951 63.563858 64.89314
51.385174 56.47762 57.849815
56.00591 56.57263 54.69244
64.87339 60.66188 55.21276
42.30028 48.63219 51.28763
57.56478 56.544582 53.169044
48.3357 51.55592 50.657467
26.92707 32.60417 29.383743
108.90887 113.58191 107.86474
92.8491 105.25331 103.45193
103.691696 109.50943 104.43399
82.90684 91.04219 87.49385
93.25481 97.59686 92.47738
44.153557 57.93635 55.26534
105.358765 110.369 104.58842
23.895708 18.319767 19.69229
40.666508 41.030945 36.538612
36.888786 41.131416 35.84471
25.996748 31.777006 27.945185
38.33773 40.12336 30.353395
12.204643 16.988363 16.642427
30.040314 38.56517 37.04082
29.287449 34.228546 33.965954
48.269753 54.147976 53.303474
47.71676 53.686382 52.838417
20.213566 23.58973 19.65484
61.388218 63.444798 51.429966
37.20354 52.743347 51.86387
27.361572 39.51161 39.277332
44.181904 49.936768 43.803146
41.245434 47.35969 43.297863
52.25755 54.61954 51.678562
83.22121 82.31872 76.56174
57.14944 55.200375 48.87482
73.72864 73.53029 65.92298
55.188828 53.481888 47.37628
75.85945 77.11465 69.003494
102.66645 100.96977 92.97825
104.78333 97.046906 88.91275
87.70038 87.08218 77.59808
61.647827 58.63825 51.542194
59.355453 56.84474 50.059948
69.491104 63.180683 52.792225
70.90087 70.292435 62.9909
57.27432 55.128372 49.026527
71.67994 65.57732 54.126583
84.13031 76.43987 60.454105
84.6216 77.673904 62.146336
49.351425 61.743225 62.96601
52.790524 60.4197 60.084896
10.854828 12.434053 14.323615
54.14884 41.78488 24.432383
10.621867 14.973949 17.115063
13.845906 17.258863 18.861155
72.66875 56.13995 30.022678
47.724846 35.076958 14.911405
46.353695 36.81962 20.676205
34.29712 24.40093 18.499613
92.82454 96.87864 97.294014
57.25331 56.17194 54.992928
86.40317 94.77548 96.009605
118.74149 118.821495 110.71031
70.48311 56.260086 52.584953
108.69131 87.950226 70.661644
75.20005 58.57481 41.371212
19.990719 22.222488 23.419104
20.028795 22.82099 23.832985
8.698884 10.590624 15.491764
7.034853 8.6666565 11.12312
6.7002864 6.732275 9.3392515
11.511041 16.833641 18.835611
10.650543 15.182024 19.203241
7.485498 7.193035 10.580151
8.048729 9.661405 12.663016
8.962342 10.559412 13.766531
12.654572 21.982903 27.568214
13.683009 25.96279 27.753193
9.504058 14.245345 17.331463
15.075734 27.093637 30.278526
17.476873 29.600681 31.61181
28.025454 56.394127 58.431667
10.387801 12.988362 16.80243
15.847398 24.703808 28.688679
59.501553 51.829792 36.335373
28.156988 19.731709 14.600561
123.04792 141.05598 140.60289
117.46225 142.13437 148.5251
111.38598 132.18921 137.1222
53.096294 58.8309 60.61906
68.18161 75.189995 75.19742
84.73845 107.85931 109.37008
80.76853 96.93024 99.97025
32.894485 38.215057 36.152184
30.300966 35.519306 34.712193
35.853367 41.741287 40.359035
28.437634 32.593163 32.27611
29.33397 32.745167 33.924564
27.985617 31.723919 35.17161
43.26456 50.66218 51.470398
56.962013 66.46816 64.27238
27.343996 32.197453 31.366198
21.888845 25.386787 29.65114
27.691992 32.368793 35.50886
38.295776 44.687424 42.96046
37.89422 44.431606 42.889202
37.208046 43.97804 42.774975
31.179428 37.474308 36.817112
33.1159 40.599216 43.204433
79.2876 85.420715 74.71926
12.941364 21.055412 25.094921
21.174713 28.614735 30.809412
29.602142 35.25039 34.10784
52.01993 62.84937 61.389503
65.520706 72.151825 74.23415
62.639084 75.31717 75.320694
59.76883 68.33427 63.947033
44.172775 48.30467 48.256832
42.27193 49.48338 48.167225
52.132282 60.72416 57.190975
61.067886 69.61891 65.50397
59.698288 67.96028 64.54923
66.06233 72.87348 70.14294
99.54464 109.51313 105.91973
79.46395 87.35331 83.60742
63.654423 70.637505 67.04166
34.615482 34.41454 35.07639
74.546165 82.70652 74.53348
61.696228 73.69832 73.98857
39.93059 47.35232 43.14565
28.822004 35.372704 37.42886
39.59325 43.195065 44.901558
35.096653 40.661854 43.94769
39.333282 44.370823 46.02444
39.057354 41.519573 43.232754
55.51871 64.76388 60.94387
30.228008 35.161495 36.659824
35.40505 42.61921 43.025455
20.30759 24.9963 30.301355
36.178802 41.95327 44.310455
95.577736 75.270294 48.139442
50.355484 44.07669 32.081432
87.6099 79.551414 57.71267
90.16627 70.689575 43.511757
155.96547 139.81552 78.54214
77.4499 54.22953 26.378342
71.07371 51.859512 27.109632
36.545685 33.73308 25.43835
67.79381 53.684353 31.006355
24.992062 27.883564 21.404064
16.685724 20.102142 17.59683
39.48511 31.885683 18.805294
28.1287 26.615152 18.229887
24.295744 27.575584 23.801474
71.42382 69.31672 54.92558
60.85671 56.283092 39.9439
35.03142 30.09131 15.688142
33.668686 35.10077 22.654034
30.283062 26.634699 17.699808
36.857155 29.398783 16.367569
54.4943 43.375507 20.82439
22.607244 20.549026 12.514025
39.413017 34.72938 18.932234
38.862648 33.484722 18.357544
31.486244 25.752834 16.488333
24.676504 20.01677 14.661613
40.168507 16.980902 15.67164
79.404366 59.23138 33.1355
87.68459 66.56795 36.0441
51.22371 44.462788 25.692348
75.230934 61.0336 36.693573
19.420477 20.328749 15.687037
53.118496 44.33782 30.730783
23.92534 32.932713 31.046223
31.221592 35.37124 30.841042
30.464788 33.52796 28.503939
28.474874 26.549385 18.953926
114.96189 89.1993 54.15717
118.96921 82.98439 49.332775
77.31102 58.37118 29.147858
56.29324 42.57481 25.002417
45.332268 31.22565 14.692976
44.816185 33.505848 16.931875
25.578331 32.19202 34.80201
48.681847 55.32263 56.629387
36.499672 43.630074 43.656662
50.902245 34.78969 23.447123
100.45216 86.256 65.00089
89.37312 86.30482 74.71613
106.732605 101.91964 85.034645
75.21225 74.65031 65.202614
78.01877 77.44136 67.84695
78.97102 78.62912 69.02751
90.13846 86.08078 72.358765
51.736065 48.166626 41.37076
18.607365 19.692945 21.819498
21.845995 23.269754 18.340773
23.591908 23.88452 18.197601
24.010832 24.139532 18.332806
23.44957 25.513159 21.882013
48.405914 35.86172 21.800758
10.876044 17.252089 17.677488
61.470757 78.937096 79.23144
67.22207 87.10483 88.99024
45.640667 69.026855 75.800995
44.756893 53.322273 54.62276
55.159138 60.432682 59.949867
98.82827 118.00376 121.02414
65.9479 74.455124 79.97177
53.522945 66.93044 71.11739
55.474277 67.19142 71.61229
178.36258 179.89714 178.15567
111.39929 107.999405 103.612946
92.793686 95.0686 88.73404
28.145052 34.56311 33.562218
94.80064 98.043594 88.50442
65.434204 67.011696 57.272976
40.950912 45.22007 39.707
42.557472 30.47037 19.744778
24.637741 15.273723 11.958015
77.478035 84.032135 74.107124
72.96643 76.80219 67.70038
55.755253 58.307205 50.1455
68.84593 63.429012 48.505966
59.507816 60.814426 48.204823
30.91048 104.13891 105.392365
64.93444 67.84698 59.38974
53.57418 55.92507 47.79109
49.814545 76.89947 74.07433
69.43972 74.08809 65.44843
8.363214 19.337013 22.613184
9.94023 17.995823 22.859245
8.77438 14.767038 18.544909
10.424773 13.352382 14.985826
34.72765 24.032019 15.08382
39.657467 28.673908 17.077286
11.9355755 20.938738 22.959776
9.635235 19.573586 21.89753
9.528049 17.571795 20.588118
12.266382 21.266352 23.100382
14.451509 27.649826 30.710104
15.974457 24.663374 28.969952
14.032675 23.146633 25.491346
16.137861 22.512026 24.573465
28.781929 18.176266 13.615302
36.732723 29.070662 25.294401
44.664566 35.50355 26.210045
25.043566 24.662867 25.93098
17.861183 16.571348 15.603157
10.794849 13.451778 11.70324
9.740958 12.59713 11.095876
23.069677 21.055622 14.449869
65.55897 52.558723 36.903767
65.85581 52.94808 37.491554
58.402035 47.62461 33.723083
56.549503 51.366226 28.928144
66.221924 60.254475 34.945244
74.37038 68.366135 54.437813
72.6936 64.76656 45.920834
107.05577 96.785866 69.76707
57.623775 57.428772 55.085583
26.249552 25.066633 24.85656
61.5268 59.209 55.546223
62.418568 60.252357 57.11569
59.38252 58.16779 55.236572
57.575108 56.124016 53.304848
47.441544 49.400097 48.821796
41.806934 42.37673 39.295506
49.31947 51.532288 50.833015
38.576183 39.522263 36.666718
41.063828 27.852232 17.7779
65.80231 49.71291 26.972755
60.477562 45.749702 29.555532
58.054935 44.089848 28.247017
58.550846 44.127148 28.152035
86.31398 58.680355 37.857304
93.292435 77.3044 56.692112
49.644547 47.05416 27.93277
144.84462 136.14783 104.34113
119.93719 110.68244 81.333015
118.03885 108.84262 80.52584
118.409706 108.88452 80.49681
55.63219 43.048134 28.289837
40.114944 26.15648 17.340206
55.624554 42.892876 28.043955
38.545654 24.85286 16.66794
50.5373 35.11775 20.913136
50.974277 37.263905 22.607037
35.12557 23.226337 15.714072
59.859512 45.48099 29.02447
53.331463 41.63064 27.591759
39.88607 26.250566 17.28157
35.965088 22.208551 14.928145
38.419254 24.631058 15.761757
76.077614 65.16567 35.31738
22.038643 31.40851 42.64371
65.28819 51.81204 36.83033
34.949512 35.27274 20.795595
19.584 18.686172 14.234692
18.511608 21.228395 18.590206
22.962431 27.637444 24.763428
22.656004 27.266203 24.433695
9.880431 15.724755 15.172685
42.894726 38.80246 32.603695
39.77805 37.12115 26.979649
37.345848 34.672535 24.854977
17.613571 21.7221 19.749134
16.08576 17.644575 17.982634
34.297924 35.86029 31.54097
31.509012 33.010834 29.729082
94.70455 85.96073 71.91752
36.311142 38.129116 33.704823
44.2648 43.392548 38.998898
55.51346 63.873478 73.23651
53.114765 31.58752 29.46279
82.370316 92.701096 102.62061
59.176327 51.095516 47.52993
62.503582 71.9063 79.47864
91.39216 100.4146 107.74621
73.5914 83.57469 88.17916
73.5649 83.46941 87.98762
86.50785 103.08248 110.543625
99.97541 108.50829 111.408035
101.05401 110.89028 114.71019
100.8827 110.62506 114.29971
89.24466 103.38231 101.939095
113.10372 115.84788 115.69542
45.17689 64.08859 85.37617
77.83289 81.775696 83.07597
80.48105 96.60411 102.16884
82.271 98.10336 105.965866
80.18244 94.69763 101.995224
61.683754 51.229084 24.55416
66.437706 56.20776 34.87062
72.58149 60.27292 38.161224
39.069168 53.084896 50.361988
54.094593 70.99549 72.08773
39.4775 60.896397 70.783775
35.765396 47.05189 48.913048
34.164448 53.056488 56.659256
2.3106947 4.745673 3.6328778
36.280346 59.11739 59.537777
51.502716 67.24609 68.85113
34.74645 57.69793 57.89729
50.43277 67.00901 68.97332
62.36614 77.30649 84.46306
52.43796 59.77107 52.532288
46.555202 63.639862 66.20652
0.04580449 0.037717834 0.018202435
68.586266 79.12002 79.7201
64.12205 70.8038 68.83105
57.618942 70.393265 72.23621
51.266502 58.960762 59.59504
56.212105 64.2073 63.973053
39.323765 42.493435 40.202435
29.743435 36.38222 37.18796
47.35244 51.407047 47.331375
73.97288 92.1999 94.377266
41.95691 64.62339 69.97944
26.366854 44.21061 54.52107
0.089758895 0.07251134 0.03127238
1.3426832 0.93330747 0.5731678
135.81633 121.78444 113.15442
106.16466 94.51274 85.50901
95.21485 77.42988 68.23773
95.34149 77.55416 68.54601
84.010086 82.160805 76.73031
83.45372 81.305565 76.614914
119.73389 123.08328 119.20032
107.19602 110.964165 111.67829
85.891594 82.64314 80.27387
57.982723 60.202644 56.915314
94.63902 95.130905 93.25117
100.18083 94.1646 92.79282
71.80016 45.241615 44.18868
133.78766 115.42826 103.704704
117.53438 114.86238 111.86581
97.874435 87.73887 82.87697
85.00328 78.65362 72.138336
91.63595 76.28593 68.453896
91.643265 76.29962 68.098595
161.7864 162.41475 158.96974
175.36122 173.66472 170.04172
147.81105 148.59436 149.00809
113.86748 104.85859 92.747345
151.12228 152.68259 147.05592
149.20718 148.53616 146.94339
119.16922 103.33701 96.65955
91.6976 73.93772 68.93397
97.91522 91.00078 74.85232
98.13649 90.747795 74.36071
154.76077 155.4353 151.22914
107.44498 97.98195 80.151886
97.395676 89.90794 73.434204
99.32779 85.260445 67.195724
117.70366 114.52041 91.41508
59.079075 57.468163 58.977024
8.075883 9.670118 20.199003
43.60853 52.284824 57.474995
42.575523 49.364674 53.6549
31.73302 44.581314 40.262234
19.875298 21.680412 23.48699
52.19074 62.853275 62.849575
47.078777 54.989674 52.73147
42.174953 52.896336 53.24624
72.94518 85.56472 82.6999
49.222935 59.705627 57.7947
43.02802 49.113422 47.86175
12.987646 11.97586 16.920149
30.284494 29.819347 29.037777
29.308964 32.018055 31.13425
16.537241 18.040106 21.719652
12.674206 12.348561 20.830181
16.08179 15.567916 22.22201
26.955986 30.917343 33.223324
31.794193 37.139862 42.33048
29.461895 30.804905 33.506176
33.54306 38.49388 39.956047
42.991108 44.374283 42.782852
46.244926 51.32463 50.803772
25.719206 25.496717 28.43871
49.094296 55.74221 55.210552
49.035004 55.55246 55.23469
49.211685 47.282944 50.98872
43.4553 40.367004 44.612823
42.502895 41.92146 44.75182
48.549355 54.733646 54.18483
43.297028 48.9291 48.803593
31.653915 36.433846 40.499672
27.35638 34.00012 40.562218
39.71864 47.26623 53.796104
19.792791 19.375149 24.342295
31.572212 51.05723 66.53065
31.407913 49.280468 66.7169
42.057472 68.44295 89.41239
21.720726 40.61372 54.551624
5.267516 0.8325077 0.94076747
4.291955 0.5462521 0.892725
0.088804014 0.071645975 0.029631177
4.7471952 0.62914777 0.94399023
4.162181 0.54371566 0.83614826
3.8209 0.80398065 0.81305206
3.5031333 0.4953151 0.72201
7.2820783 0.97400934 1.552041
2.6634638 0.40119958 0.56388754
6.2568035 0.7556696 1.2262771
0.5645142 0.45043567 0.1758773
3.1554668 2.3780735 1.4041537
11.746569 8.941275 4.9446764
8.405079 6.3799834 3.6242242
9.92167 7.5384936 4.2086415
12.167433 9.211178 5.1415014
9.905467 7.544253 4.3763127
10.783869 8.236602 4.6131835
11.953658 8.997941 5.0996957
9.640457 7.26307 4.093429
8.813619 6.690931 3.8381803
9.911524 7.5365243 4.362885
12.335283 9.328957 5.157645
