0.28572783 0.20679627 0.14515568
0.30080608 0.21814446 0.15337443
31.01609 28.03983 25.552078
31.594625 33.632782 32.7364
195.94487 137.81094 112.08032
0.3176229 0.23015647 0.16409041
0.32170066 0.23328592 0.16668247
40.132828 40.97051 36.87849
27.153753 33.300995 32.28263
11.653011 21.062653 11.903493
0.33665243 0.24602497 0.17651336
0.41321322 0.3021337 0.22566777
0.54907537 1.0613245 1.2192508
9.485064 6.859997 7.591655
1.6778252 2.3081713 2.6203256
0.6099257 1.0599968 1.543259
34.32154 14.177019 19.577335
73.693695 51.534313 48.581318
76.53071 45.923374 48.507885
112.107445 75.11174 74.63622
70.68548 26.488699 41.097076
40.00702 32.391907 22.189346
0.6124862 0.5089616 0.36930615
11.418081 12.871851 7.6575313
18.804235 17.41432 12.335388
26.559223 16.85004 8.067393
75.12262 43.7364 40.641506
61.732605 47.794624 33.55388
54.533333 41.783657 28.73368
52.045803 42.058037 28.860186
56.70871 42.586502 40.389946
62.84631 52.91266 46.717087
62.774868 51.08816 36.963963
51.9174 39.046562 27.915316
69.03208 53.185047 36.681145
47.796177 34.750404 23.35151
64.17029 49.64277 37.58726
55.84963 46.259113 35.240746
60.06679 47.823833 29.724861
40.364914 33.58549 24.821938
41.318096 32.21255 24.202593
59.872547 48.448933 35.244255
29.859365 24.19864 17.716106
61.176323 51.774616 40.68377
83.89689 78.008095 76.36374
78.95888 63.486835 51.096443
54.980053 43.077225 34.036068
65.51105 60.00885 55.69028
55.16981 46.09869 41.491703
97.6733 86.85086 90.18122
67.82741 58.33798 56.054527
39.58808 30.731468 25.208504
68.12641 60.571865 60.009926
58.857628 53.006134 46.72584
79.288475 74.35252 72.72224
61.811634 56.38075 50.991245
59.67324 54.124516 49.08061
53.658226 41.605247 32.333458
74.261765 56.578316 60.638535
81.80151 67.297646 59.784763
81.05519 66.68778 58.930836
81.36248 68.96159 62.499794
80.17458 66.1542 58.79665
73.07327 57.518253 50.123882
72.28301 52.2098 46.99466
76.767944 60.775944 50.329605
78.88222 68.47662 61.653866
86.95581 70.38369 58.913166
80.03882 69.429016 61.24087
77.27223 56.851967 47.926537
74.42564 64.48807 56.636986
74.6648 65.906654 58.373417
80.40888 61.38587 51.283546
22.65554 28.852758 33.783752
9.882251 14.150309 16.727707
8.547368 12.155777 11.790896
4.269132 4.182962 4.1418996
1.8091038 1.7232496 1.6840209
60.48228 42.117306 54.825035
72.7357 48.041756 64.58116
50.89148 32.196743 33.198452
52.904568 38.965324 48.106842
56.93776 37.97942 51.86496
37.96017 30.968927 25.781097
49.2495 60.857468 34.118034
43.787956 42.419853 27.42845
103.06771 88.46186 85.45345
121.33757 109.7793 100.236855
120.819595 99.55926 83.76772
112.324356 98.032906 84.85004
95.143036 78.86341 61.383846
135.90355 117.265434 93.13087
131.79071 117.419945 109.25741
147.5309 102.50817 98.908394
91.52034 53.44138 48.77291
93.71924 65.14038 58.14364
109.65662 76.157104 69.67008
92.965416 79.75359 72.57661
114.30991 95.53254 84.125145
141.88759 101.31983 96.904755
110.088005 70.73545 63.84963
118.173164 93.71715 85.73011
149.48349 115.39282 87.98419
145.12811 113.23566 86.15514
151.62933 129.38329 116.69344
151.01572 130.1463 118.665215
138.73903 119.98928 102.949486
86.537155 75.08326 61.741108
58.622128 48.21397 40.00882
74.08203 67.310356 56.90251
67.70384 49.54699 39.183277
69.0673 54.560013 43.2734
69.74237 53.362606 41.933365
70.11218 50.046783 40.285633
64.002464 42.77171 35.57879
62.78963 50.80079 41.483704
57.319046 48.727707 38.49499
80.60187 69.77079 56.236256
138.10823 121.57481 127.940475
136.42656 122.27138 121.05488
125.280136 102.4098 118.73466
90.40322 74.57383 74.482315
139.00696 132.54753 123.52907
91.59523 75.46866 62.647923
137.83 126.44056 116.95246
111.12821 90.99801 79.130424
131.79494 128.7854 117.15116
116.07662 100.83259 88.02779
111.07466 90.207016 76.76883
92.18252 84.715065 68.71554
101.30947 93.63749 79.25557
99.735954 80.9236 63.335926
123.95676 116.892685 99.86803
111.141235 90.17446 73.226395
115.3175 117.33188 97.722115
131.5286 126.37332 126.98404
129.15947 123.84132 123.201485
130.95012 126.10365 126.24043
151.13905 146.08844 147.90295
143.9272 129.40607 123.862656
143.4544 138.96198 140.41786
140.35144 127.929825 122.089714
135.81767 122.274475 115.299355
138.70464 129.35152 132.84071
50.318096 43.392857 32.054085
44.064644 36.01941 28.192572
47.465973 38.765038 30.637047
64.83629 50.07207 40.469166
90.49872 85.66806 80.57838
54.15486 48.23831 41.113987
52.821117 48.58979 41.496475
56.710163 50.677856 43.649975
118.37095 109.20895 97.946106
59.36956 55.393803 48.933586
82.45766 77.063095 69.71765
93.26781 87.87463 80.19361
55.75505 50.92679 42.80114
60.86553 54.79842 47.253136
22.127453 22.024593 15.881366
56.105705 71.98211 61.12679
83.26626 76.67343 61.69755
89.00923 82.2288 65.92246
51.164787 40.597248 33.652443
100.36011 92.91674 75.48026
103.55907 97.07024 79.69474
94.33229 85.99867 69.36839
81.42466 75.16918 60.085033
88.60604 81.50207 65.36906
67.6484 62.690025 49.29755
116.68225 101.84776 91.475235
49.51718 44.417797 34.989788
137.08424 132.71323 114.91664
81.41909 69.88579 65.64669
59.540318 56.119076 49.0618
74.347435 70.39655 63.422413
21.234583 21.139214 16.655983
89.16289 80.441 67.755806
90.52202 94.06278 81.62115
97.574455 100.47207 97.71209
75.87801 67.663155 66.40543
60.93681 56.502956 51.570286
86.11709 89.45241 87.0178
70.89344 68.43493 67.28238
107.22238 105.07716 97.629585
86.52037 76.68197 68.86262
98.15755 87.90978 80.766685
94.58609 84.134285 76.85905
98.16539 92.96172 86.19134
125.31225 122.848114 122.46262
115.61407 107.13994 101.90583
107.85693 99.34446 92.73311
88.187195 78.862434 69.34611
94.37588 75.691956 66.127106
103.90223 92.71285 83.782364
96.93922 90.1479 81.63942
61.274033 58.87147 51.288383
57.50163 54.87552 47.468754
96.821526 86.00733 76.13097
137.51692 146.02336 148.73328
70.58745 66.7388 59.6373
141.23758 137.0185 134.00156
71.533585 68.302986 61.213245
118.242516 110.17209 105.65393
129.13504 118.228165 112.496346
90.217545 86.62883 76.56482
90.597885 87.881805 77.98606
84.981445 82.05519 73.14781
76.76365 70.1793 57.030693
155.07085 148.85585 154.73567
114.151955 113.185394 120.0715
110.97907 98.00835 84.93842
127.55457 116.87141 103.28785
144.21368 128.98085 113.95786
112.18479 97.714935 77.68408
102.3316 77.07492 63.440556
80.800224 69.995 57.48734
66.5774 56.339622 45.662243
94.60594 72.65411 59.89085
103.208374 81.244 67.50299
121.27748 100.17651 82.83411
105.21896 81.84928 64.2881
93.20019 71.638535 55.07049
116.30602 100.03752 81.205086
110.82042 87.17576 69.02965
71.0801 60.105896 48.140034
82.247665 72.16573 59.25497
103.05507 81.44938 63.62282
100.73728 78.7626 60.59744
92.70141 72.116135 57.89575
103.30403 81.691864 62.406418
69.5927 61.765923 52.337444
84.61615 75.99696 63.336685
90.72353 71.37086 60.99918
16.508045 14.262431 6.9269795
19.855509 20.73972 15.644413
72.677574 66.2783 52.89524
47.56482 42.912754 31.375818
46.415806 42.336464 31.836952
51.464676 43.976387 33.986534
46.00348 39.160328 30.093061
62.729286 55.30918 42.217987
100.055664 83.71418 69.768486
103.52451 86.728874 72.17538
84.04805 77.66967 64.44444
62.27457 62.602245 53.606575
54.014763 54.09164 44.13229
61.416943 60.10852 51.58862
42.220894 38.241062 30.365103
122.833916 127.48693 96.899574
59.223644 59.079247 49.193455
59.616596 50.72464 37.667995
104.05832 102.06215 85.65504
58.96681 52.749107 39.039986
62.340034 52.798008 42.063663
59.13485 52.791843 38.745758
72.40977 58.802025 44.893757
64.387764 51.086643 38.007996
50.152172 42.355873 37.27084
0.4054686 0.27172434 0.15713608
48.73823 46.966114 23.456867
44.767124 41.003067 22.054592
101.76766 92.32328 74.24017
69.63641 61.566334 52.298405
78.71626 79.83306 68.09461
47.001865 54.003666 46.25769
81.16687 78.89287 65.76842
66.36396 60.8275 47.560993
77.78707 72.173134 59.948982
2.640019 2.5055478 2.3928876
111.92859 82.18856 68.573006
123.76858 116.564156 105.87685
102.82526 101.82317 80.7553
98.155174 86.70861 72.746925
97.51851 91.856995 78.98473
99.9809 94.81995 78.35091
89.59554 79.16567 66.80977
93.86297 92.7357 80.7926
70.22257 61.476467 51.486393
95.901566 80.08222 66.10808
65.45412 55.946323 45.756535
137.06888 127.425385 113.533714
135.06685 128.26483 109.60572
106.8203 86.652855 72.2881
117.79564 112.71001 99.277664
126.69392 114.986694 92.21442
136.48576 120.45459 100.16586
122.686325 110.05535 91.05684
137.66998 121.13144 102.62718
108.13672 87.938515 72.9541
100.091515 80.56656 68.35284
72.4312 60.836414 47.66477
113.958145 107.59624 92.86825
97.949615 101.30943 104.65848
113.16109 115.15862 110.59703
102.562096 105.32875 102.92306
90.59662 92.07982 94.70296
86.16299 77.50454 70.76782
134.3666 129.36125 97.73887
138.4074 128.85551 97.90356
68.52714 60.493378 51.587105
96.63237 83.92493 68.04211
66.876526 58.541996 44.54677
67.09888 58.120815 44.50539
78.75663 72.585396 58.239006
130.12575 122.15328 103.610245
121.732666 114.155426 95.41403
114.40894 108.25333 90.63262
120.977875 111.732445 91.90542
118.0337 107.18859 88.91544
116.773445 106.09543 88.364
110.56475 103.02286 85.06268
121.77424 113.71244 96.82819
128.52347 122.24362 103.85819
62.18467 48.631706 37.368675
127.88061 131.28067 122.7675
97.4287 98.73592 88.45137
108.90201 111.59605 100.21694
99.65516 101.551476 90.3713
77.32173 72.14196 64.803825
73.08731 68.087975 60.84656
97.86363 102.11178 91.87969
51.132355 50.6067 46.55154
76.70312 74.99589 75.16358
77.904755 68.66625 58.416153
98.79282 88.71481 77.17841
89.77244 77.596115 67.46373
135.49612 134.5554 115.093124
94.07928 90.38413 81.00066
106.968864 97.235565 81.63123
111.49066 99.37506 88.816246
98.61404 85.11228 74.0564
106.418236 91.03939 79.95982
101.5786 91.69041 81.7493
81.57041 69.17873 60.26711
122.999084 122.848076 112.09657
122.46967 115.5737 100.19501
99.78394 91.52882 82.39226
65.44776 59.708298 45.957863
100.28086 81.57016 68.463066
118.21862 100.15129 97.58473
92.37828 76.837395 73.67027
60.35701 48.74933 41.35998
73.117874 60.647923 58.873936
103.66076 97.49265 82.320404
98.40022 77.74651 68.244606
132.00522 102.80262 91.61887
77.8721 59.42573 48.583435
106.1828 85.24125 74.16991
70.63895 61.438816 54.250072
73.99292 63.646404 53.135452
85.03711 72.384254 60.792034
80.82971 69.16501 57.608566
104.17398 87.58066 72.690346
104.09521 87.61796 71.81571
73.74747 58.01334 41.73289
80.45124 61.07128 47.5908
58.45475 52.457058 43.309402
70.51086 62.5168 50.472485
67.75176 59.775692 47.54291
63.01805 56.98821 45.740414
59.08788 51.33311 39.581444
50.337093 48.387386 38.24868
133.01189 133.085 133.70287
75.14076 78.3181 72.702736
91.87953 92.489395 87.805786
97.96099 90.125114 78.88927
76.09196 71.70033 60.878677
87.63348 80.54945 70.88841
67.01849 64.12783 54.753975
96.95161 92.0 83.31114
100.929634 89.899574 78.525055
78.09768 72.79263 62.601864
90.75527 84.17812 72.92903
80.271126 89.1883 91.830475
161.86021 157.84567 159.23436
135.59895 130.61632 123.81701
148.73225 141.04141 145.51791
128.05183 123.00025 126.492714
131.09386 133.33662 138.64679
133.434 127.029144 124.72464
135.13646 136.06812 140.54134
136.34412 132.23155 131.06844
170.17319 173.08595 174.89
172.22621 175.3822 177.42058
134.41966 128.3473 130.9168
125.196304 111.62298 104.898186
116.33795 121.696915 125.045265
124.833984 121.672455 111.05886
126.160675 122.602875 112.196175
100.795135 91.03006 81.52679
85.27378 72.644005 58.217922
102.76213 88.831955 79.08674
115.55587 103.77626 94.58138
111.71516 96.55761 87.102356
85.04599 69.90002 56.875202
102.36987 89.6826 75.68734
135.74747 121.330864 101.08475
95.34996 79.42624 63.285442
92.12429 77.23784 71.66455
79.00736 62.943134 56.35167
155.9185 150.77737 144.04501
44.280922 43.03733 38.424656
64.579704 64.35271 56.93542
103.41916 98.974014 94.49322
167.25642 164.3205 154.79134
121.217384 117.4605 112.84217
147.71956 145.06271 139.36719
125.67008 119.10476 114.5401
103.82671 104.65794 96.62873
116.29688 113.59479 103.92429
129.1295 123.05358 113.284904
112.396935 109.73492 101.08598
60.355778 67.18302 61.173256
102.40974 108.315445 100.07438
56.114716 60.581192 51.018208
104.851875 102.24909 91.61758
106.95711 103.17582 92.51317
85.83787 75.302864 69.050545
46.744934 48.553753 46.5896
123.70482 118.7039 108.77316
89.439705 90.082 82.37667
89.32088 91.38761 84.36276
85.41043 88.02706 80.33887
79.54171 80.38543 71.689644
62.112343 58.020042 47.948032
93.37351 97.0264 87.72426
95.50482 93.32919 84.67896
103.98344 104.57746 96.61473
107.23411 112.28693 102.58802
104.63177 108.970474 99.2092
43.36447 46.031357 41.979263
55.457817 33.430347 21.121763
2.8005059 6.2825036 1.1959223
112.90055 121.064804 101.21871
65.356094 72.07463 52.818398
95.57003 94.201866 72.69167
47.77117 54.04375 38.05358
43.556976 43.71759 30.365417
44.054024 44.064423 30.0471
47.65415 52.70321 36.989883
48.489773 49.337223 29.852726
46.202435 46.60158 27.726442
35.461452 41.1113 29.223043
34.58701 40.101944 28.084211
49.31522 53.136745 29.18979
51.368484 55.071598 29.894136
51.784733 55.230885 30.09423
41.69284 42.544617 22.856266
41.82488 43.13027 28.024181
23.248112 30.735989 17.42257
9.084369 17.887434 6.8137507
38.929825 43.270016 29.213625
28.163805 31.009735 16.19706
37.480953 36.9945 22.392256
37.153847 42.010685 31.85611
45.616657 49.4373 33.119297
34.25576 30.92875 17.69439
33.986725 38.05491 25.84397
12.96918 15.1192665 4.243338
25.2832 25.938866 12.309878
40.79918 45.826206 28.751951
90.50839 85.844505 67.55366
113.633064 105.857155 83.52265
95.3927 90.062935 76.57854
132.84694 132.96147 130.54771
151.70924 142.07434 127.28023
135.1964 128.72128 128.65288
106.780594 104.63367 102.45342
188.77992 191.66057 192.14642
71.490814 75.070015 75.49053
0.26600283 0.19026394 0.132954
38.657185 40.809483 42.33681
87.38565 88.13267 88.9541
148.35852 142.41371 143.46426
83.228195 81.11949 77.258575
147.5678 140.6888 146.24489
0.2643591 0.19333017 0.13519835
0.26385334 0.1937095 0.13409199
2.0163743 1.947811 1.8860123
4.1072545 4.039292 3.9776828
4.832527 4.770476 4.6916704
3.5673463 3.5065277 3.4269006
1.6107792 1.5449344 1.4844317
4.5474634 4.569243 4.428892
8.478363 8.625889 8.275359
9.58881 9.783784 9.413434
7.3372216 7.4243717 7.165102
7.741299 7.822886 7.5780306
8.425605 8.557768 8.32679
7.0936937 7.090722 6.923534
6.8511457 6.89009 6.7247353
6.3121543 6.3541017 6.198546
7.906243 8.027975 7.7962384
8.173037 8.217639 8.044855
6.135388 6.1794214 5.9544177
5.8956537 5.9475265 5.6933146
5.867362 5.9200883 5.647479
6.814035 6.8869605 6.64201
7.0364785 7.1308994 6.8725777
6.2258573 6.302892 6.051146
5.344492 5.4178915 5.1710763
