0.0062111802 0.005688133 0.005709927
0.010308379 0.009000762 0.008673859
49.50027 76.671394 87.76138
14.914111 17.723701 21.519733
17.064901 19.72503 23.080265
19.5108 22.459497 28.06499
12.097527 12.126316 16.969707
13.854746 18.067123 22.481247
36.120518 45.980297 52.46257
36.815453 47.325268 54.267365
33.12699 45.74486 51.91642
31.648664 36.816933 39.792896
27.129192 39.98978 45.6389
28.38675 37.309185 43.735382
16.722654 21.43707 27.194965
17.323025 23.508728 28.135643
21.234848 32.0809 37.018066
40.705982 63.037113 82.3091
13.82783 20.433977 26.392918
23.016651 35.421947 39.801895
25.101973 30.860107 36.129803
25.000631 32.55275 38.224342
31.386553 47.47131 54.91102
29.457144 40.43535 46.409
27.883709 43.194572 47.2377
30.810549 44.73682 51.497723
33.20817 51.91252 57.13826
21.96478 35.2712 41.50365
29.010918 44.452282 51.135555
43.23875 61.779186 67.13767
44.98239 64.43153 69.53242
49.383305 64.49077 66.91967
56.025826 59.855183 60.169422
103.12409 130.59596 150.80586
46.811268 40.211334 34.978947
49.948284 45.971252 40.91923
43.6238 43.354496 40.166286
44.008564 44.290813 40.755585
49.483753 49.29223 44.964737
66.35251 65.09715 58.852783
49.892384 44.10339 37.709732
48.16914 42.590412 36.258255
55.968006 49.172344 43.83561
49.711388 45.969814 39.247726
51.423275 49.27584 44.26063
56.30993 49.71795 42.853046
58.37971 52.461678 45.29465
57.739326 49.076977 41.43572
60.646442 49.806667 39.889027
46.316967 47.619877 43.018307
57.740417 54.081356 38.882313
52.211792 50.53514 46.09127
71.49718 76.474144 72.10977
55.06109 60.930477 59.413315
75.45751 87.052216 85.239685
51.60292 61.029793 60.53669
51.21423 60.30439 59.75744
69.93292 99.31027 108.17402
58.333008 80.1215 87.19856
74.26501 98.681335 104.82764
64.241844 104.661194 89.95909
97.71834 106.576836 112.27327
65.083015 82.34144 97.8037
8.252719 12.312847 12.982653
16.165174 29.652306 29.984678
17.455791 46.749176 55.628834
47.505417 100.74423 134.68648
62.296436 110.43426 128.24214
33.05322 58.525402 69.471504
34.637943 46.868496 50.11638
40.79052 55.154255 58.322308
54.15238 78.45048 90.424736
18.161926 27.462242 30.723614
33.375046 49.127625 54.435413
30.50912 51.92747 57.650955
17.436657 32.195946 41.035088
17.382587 29.411682 39.543293
12.678021 24.24993 34.611225
13.838357 28.386814 40.491295
7.5562167 18.172823 25.176723
18.694824 31.135208 40.451782
20.145515 32.61922 40.747414
19.960531 39.306744 52.13828
21.466906 51.89866 66.53549
28.746998 41.346455 48.845985
18.172737 28.05858 32.823364
38.23997 69.517204 88.24531
16.96208 36.927055 43.813534
6.3658495 16.420399 22.707115
16.913784 22.340721 28.93244
15.9384985 36.43027 53.195446
6.0307508 9.048229 14.508445
12.678108 24.492012 27.72479
27.4887 37.45041 36.611702
14.002005 21.870699 24.802746
36.49999 47.297005 52.931
24.563953 28.648949 26.837725
29.501144 32.8666 35.5881
32.672222 43.88362 49.82404
45.069893 65.483315 71.98379
41.68977 61.222206 64.082535
15.028986 17.476889 23.098028
43.038292 64.90224 72.74665
23.153101 35.74715 40.403946
45.846092 62.2593 66.94456
39.72054 59.560337 64.69864
51.092842 63.570362 68.95186
41.455116 55.993332 62.86442
55.058517 67.41637 72.538345
47.328712 64.437706 72.015015
55.81449 68.22594 72.83515
56.023865 68.49105 73.34545
38.97522 59.20475 65.11568
40.17921 61.1582 67.7735
45.97363 65.79571 71.38616
35.202396 52.439903 59.34277
24.12163 40.302517 43.986683
25.561708 38.78762 41.996906
22.502125 32.441864 33.556522
20.93451 31.250801 33.0401
22.439054 33.80704 35.521152
22.696524 33.580406 35.824432
22.96367 33.7441 35.669346
15.248229 34.22345 36.038685
54.301495 52.68116 46.85383
20.959158 30.969074 32.381824
26.958614 44.5803 49.624844
49.48883 71.725945 76.69034
33.08323 51.275124 55.426044
34.67329 48.3752 50.787514
63.915962 70.060455 73.107574
20.862047 30.869217 33.83365
33.64302 57.42977 65.44315
39.031254 51.08166 56.045025
47.479134 60.24725 63.14983
35.547413 47.870766 50.675274
30.461588 24.384636 22.037878
30.461807 40.35199 43.61059
24.561274 38.815735 45.90838
26.97472 44.99331 51.547737
25.235523 35.582977 38.454266
57.412247 88.42753 107.777466
35.666992 52.417587 59.66965
34.041256 49.82809 54.69746
32.35931 47.986794 53.580975
19.52793 27.128866 29.765
18.113087 28.830511 32.672462
38.178905 50.442215 53.72906
27.278696 41.33026 46.6435
30.218983 38.457294 39.944885
20.644459 37.960205 42.316116
20.806494 35.879417 41.66826
23.912848 37.289944 44.144188
19.69149 32.06889 38.17511
23.63012 36.74083 43.302452
32.946518 55.723614 64.092865
20.814188 32.913067 39.07183
21.956347 41.463985 47.385094
31.955389 57.440166 66.981346
21.803488 35.49295 41.540394
13.128429 26.05819 31.113806
12.857121 28.519102 35.292164
43.340023 66.13634 78.85882
17.554909 32.61896 37.41299
58.485367 82.0642 92.327126
20.36306 36.472137 45.046944
46.262657 70.506226 80.67576
57.09332 82.47987 94.26482
53.561775 78.27172 89.81471
45.75321 66.62546 77.953255
53.692863 78.918686 90.25871
8.661567 10.936319 10.391631
27.368116 48.09914 56.708096
32.48225 51.305023 58.152794
31.753862 44.485714 47.8469
60.07207 73.57509 80.417305
26.90402 41.806126 47.58503
24.289856 40.73344 44.571297
86.299446 106.09753 118.25658
30.045265 39.594704 39.264202
43.964085 63.071854 68.03868
43.24664 60.174282 64.114265
26.46198 38.7886 41.895218
98.583916 123.335205 134.17688
35.29831 48.976246 49.078327
30.760424 51.58941 55.508205
30.636852 52.494343 60.790543
19.86124 34.580887 40.72747
21.758678 38.135315 45.711758
18.682117 31.636766 37.766525
24.37668 40.16685 44.150745
20.505438 35.482292 41.12091
24.104021 43.528866 50.4168
23.489943 41.51117 47.5266
23.898376 41.03744 46.61214
25.277977 43.05566 48.76112
25.909317 44.574764 50.168507
24.973608 42.8617 48.37167
25.70158 44.25069 49.850235
28.627003 44.59893 50.45895
28.868126 50.63633 58.120956
28.738739 50.68977 58.081615
29.177334 41.73462 45.825413
30.601873 41.70825 44.86754
32.316486 44.001633 47.191673
25.270502 37.603638 41.42953
36.315353 54.754974 62.598866
22.86706 32.382523 35.07571
26.566874 41.58479 47.603683
25.78784 42.904022 50.218414
38.203575 59.18956 66.398865
63.28724 85.61404 89.32472
42.18106 53.263203 52.691902
35.59671 48.36221 50.241234
34.250126 47.641647 51.43437
58.362427 71.41299 71.9925
58.13597 71.139915 71.73231
37.678783 54.4231 57.26632
44.58773 63.61652 68.01445
78.04845 100.7808 110.115875
68.48295 90.32723 98.43982
61.17668 80.146385 86.0496
55.093994 74.48282 79.453896
51.950268 68.366615 70.69702
35.1502 48.395752 50.805294
36.12063 51.542072 54.307224
25.709208 36.09306 39.370296
40.535076 56.64483 60.736668
50.08517 67.40619 72.41613
34.37008 50.069847 55.19647
37.05322 53.89637 57.9951
34.746822 51.752205 56.157547
54.493233 81.49114 84.9045
36.005558 47.481705 49.870808
63.473423 88.83945 94.163345
77.96308 100.97583 106.535774
29.724987 40.118187 41.312782
79.416954 104.33124 115.404465
43.124832 58.62942 63.440014
71.40767 100.2836 104.37339
46.72224 60.072792 63.551205
55.283688 73.505936 78.662964
51.451935 73.21981 78.573654
33.945713 53.658035 57.548
43.553276 62.662395 67.60739
59.383415 86.64422 93.78513
51.056293 79.03657 87.59429
29.359312 45.327995 52.85372
32.319275 55.633495 64.37965
30.061544 40.243282 41.60778
64.146126 66.81704 48.19296
12.676692 37.461372 37.309994
22.464334 27.156303 20.96317
28.734728 37.349396 38.837116
40.935165 59.266273 61.93752
28.740612 34.9247 31.3327
35.852848 36.86758 34.81445
53.332874 80.547714 85.02606
33.852764 46.1689 46.44725
103.196556 121.2518 122.24797
58.334923 80.77858 80.52751
26.177662 36.228638 42.628418
30.995533 44.49443 48.41046
43.803444 60.213184 57.462917
30.206255 44.45102 48.166656
34.04313 50.208675 57.82428
33.416912 45.88345 49.956936
48.566483 72.286476 72.76143
43.096176 54.82273 54.56103
54.49988 67.22526 62.36548
55.0153 66.733025 62.571537
33.427788 43.53353 51.476734
28.936363 40.664684 48.65078
21.012247 25.93499 27.677563
18.566612 37.884647 41.706287
23.431906 49.004642 53.60824
28.459105 61.317074 67.8427
32.55469 68.68164 75.82112
32.429268 69.07323 75.98337
30.69513 64.814865 71.32789
28.667212 57.576443 63.48029
28.566307 56.498486 61.832756
28.579208 56.02345 61.84254
27.88225 56.477715 62.787685
24.83025 50.71485 56.290268
23.661959 50.37184 56.068474
29.26514 57.910275 66.36308
32.727516 67.15593 73.748215
37.703453 68.492905 77.0999
43.093082 83.662224 91.512436
34.273838 65.70548 64.430534
12.18882 18.514177 23.580452
20.99575 39.18058 48.636524
22.16744 35.12324 37.47262
18.509884 29.31337 32.05782
43.2384 94.22066 109.64583
28.828615 51.094673 58.751423
24.801743 44.71191 52.873356
15.99806 26.807018 27.617697
36.15264 74.62988 84.671394
35.264095 68.942505 79.29731
17.743183 27.252457 33.132027
27.58481 47.73854 56.2819
39.722282 73.50712 79.95458
30.694258 54.73715 61.31664
30.719734 62.632385 70.6833
19.539806 36.003616 41.55602
27.488438 51.8447 61.093758
24.708248 45.43975 51.94327
24.77995 44.654266 50.46987
27.108358 43.3509 48.036373
28.02709 44.37849 48.912
28.073576 45.17012 49.88138
20.851345 37.698986 42.68582
32.87096 53.698048 61.080746
31.622906 53.079067 60.546932
29.265554 49.0503 55.332134
32.124596 54.343315 61.131435
32.346214 56.77487 64.55574
29.393702 53.07155 61.188427
34.32974 60.151836 68.55606
77.27362 112.36764 115.16653
74.208084 108.900925 117.084274
131.74886 155.27951 162.40076
87.8685 112.14244 119.83051
113.63478 133.87506 139.93399
65.58093 77.75053 80.4413
63.911453 77.00931 79.78418
57.22822 74.905396 78.17631
56.862614 66.09489 68.36602
101.30875 117.17047 121.228004
87.243324 101.269066 106.946304
60.16088 71.149506 73.74004
36.593746 58.12091 66.969925
38.515835 58.424995 67.93202
23.016455 58.44485 66.836266
31.792677 84.58636 97.58784
15.651237 27.340263 30.632734
17.602354 31.52758 36.691513
21.44459 39.531788 44.922283
19.957197 37.78734 47.86477
19.239271 37.9847 46.74266
15.855945 37.329063 47.37507
25.198824 61.740612 75.35149
19.461763 39.025192 48.200935
15.466296 26.481487 35.793266
29.524593 56.421444 64.01116
23.962515 55.265293 64.32196
16.793026 34.250538 41.198105
21.325727 51.718884 62.224037
25.695564 55.91204 63.182217
20.883099 46.51459 52.835373
28.214754 60.716183 69.421555
27.10012 55.996883 64.57681
23.811049 54.16659 63.139957
17.691315 43.58335 48.536972
12.972257 48.39209 52.621204
22.71677 53.069935 52.362995
18.410963 41.0406 45.435524
18.956915 44.309666 46.893604
22.798714 50.418743 52.02748
17.580256 41.22831 46.65357
17.287392 32.1711 30.398016
16.5254 33.77487 35.20253
17.06087 39.912933 44.986313
14.962973 35.13778 37.277344
13.926272 37.04614 44.7385
16.655247 41.723484 46.05758
14.355759 42.252872 52.45616
17.847881 36.242477 34.701233
16.432146 28.021837 29.621052
30.057295 57.86272 67.316185
19.973368 37.153908 47.748936
23.919603 46.734795 57.9837
16.409742 30.997515 35.289833
23.700577 37.724224 43.582043
18.033213 33.17849 35.60985
24.694912 51.023624 53.728886
15.069848 20.855988 26.748327
15.807126 19.9305 28.906506
59.8724 107.50334 108.47979
29.29393 44.602135 51.65442
43.64143 74.79331 75.543816
19.52224 33.870655 41.66826
24.417566 47.42676 55.30217
19.20048 30.879395 37.738434
16.942617 41.91947 52.99623
5.5624933 17.423624 23.356478
7.5666556 21.944883 26.444721
9.34593 39.498398 45.895588
6.9449058 23.29029 27.600088
7.8670807 24.599869 28.236591
10.83694 34.38176 40.047073
11.164106 34.810394 41.785072
16.263332 31.943947 36.88386
7.889877 18.606777 21.219679
5.2860413 13.093603 18.917467
6.8013296 13.653329 19.674927
15.456468 19.033476 19.704893
11.477215 16.147892 14.613599
13.727014 18.85091 22.013948
40.5983 37.496937 23.248339
40.438553 34.805775 18.882946
39.89598 34.055332 18.945364
40.461784 44.875427 41.155956
23.830359 20.317032 19.392765
34.360313 31.457949 26.897657
38.470154 36.926685 29.053984
28.198997 26.049297 26.468475
29.574305 24.151989 21.680767
32.998257 28.347782 27.76149
94.71483 88.96064 60.759464
51.537342 53.029507 56.409893
42.52032 38.848686 31.221466
36.946823 28.753492 23.758135
33.83417 30.187555 21.263506
40.150288 43.138325 36.246117
30.935425 23.221401 18.545626
53.061916 41.287457 25.661959
47.616474 49.68855 49.710754
121.154564 147.83762 144.83275
33.128407 29.96901 22.537735
32.859844 29.187948 22.40937
35.97692 32.032494 23.807323
64.975784 62.294823 46.595314
41.808193 41.374634 38.044502
36.671547 32.513523 27.553688
41.402004 35.558113 33.79697
67.14303 53.09249 50.426304
49.283646 44.105003 42.738758
43.441277 65.73833 77.67874
91.24452 99.3373 86.90184
45.041016 61.791065 63.41979
38.39272 52.74377 45.507027
87.13111 97.58522 98.79497
90.36543 96.40329 92.824455
58.276974 73.885994 79.250694
30.672071 38.869194 43.02953
35.63927 44.881397 51.203835
13.10583 12.250997 12.334815
25.04908 23.901297 21.146976
20.138128 19.39989 14.218961
3.9619265 3.8736625 6.383611
71.64572 83.38087 69.6773
53.058624 57.177597 44.356064
47.528473 49.58396 37.90607
20.988493 21.685148 17.952927
18.27521 17.587622 13.247554
22.942574 21.633236 15.743533
22.891861 22.079264 15.783045
28.426435 28.472094 19.933138
11.812837 11.778621 11.915637
6.8371363 9.088787 12.449471
9.802528 16.198147 15.884516
11.544753 15.025498 14.8158655
9.473902 10.091076 11.788907
80.96639 68.91906 54.645134
66.033646 54.220074 42.406166
34.458035 32.153275 20.821684
63.26599 54.17522 42.276714
27.803421 34.31143 31.806211
35.439598 35.472332 30.966677
28.539152 27.81519 25.757023
40.961533 37.809853 35.90158
20.2486 30.126598 28.769272
9.739981 12.178315 17.174807
11.449733 16.776812 17.976528
47.545776 48.775764 43.219505
44.790104 45.39015 40.52481
184.90424 187.3803 185.67828
48.53453 60.50823 70.014755
30.63317 35.442825 39.341812
44.88371 53.72372 59.39671
47.27057 56.180603 61.365173
57.960358 77.08035 87.48044
52.09099 65.2277 71.41235
49.528713 57.54022 58.825085
53.940525 61.72808 63.420616
54.684494 63.72115 65.21138
45.016064 53.461437 55.637005
54.40259 69.45054 72.924576
30.114481 34.14214 34.998062
54.2513 68.45422 72.33266
46.64886 58.42415 61.52721
28.740416 33.505352 34.245594
31.495457 35.885212 35.992546
33.60835 36.657143 36.18788
30.716509 35.229794 35.54249
100.807625 118.86828 120.9407
38.06525 56.082096 64.84481
81.80434 109.603096 110.99507
33.506027 42.58455 44.80098
38.608826 50.60301 53.741592
44.432495 64.22663 73.54575
36.001286 58.32056 66.398476
46.16938 67.90507 77.019066
27.70025 39.76696 43.359356
21.515419 30.536907 34.309402
174.01761 180.48537 187.78305
76.42284 72.89271 71.31958
92.88354 85.67449 74.583916
38.34726 70.44481 80.00534
41.01205 61.080547 65.02544
43.596405 64.25943 68.93876
37.853916 57.62927 62.492252
35.069153 58.34593 67.432625
37.850693 59.535076 67.8357
41.493908 64.395966 72.52969
45.506046 77.54231 86.58858
33.65551 56.401962 64.599976
43.802376 62.17849 66.47196
42.75406 59.00595 63.571407
39.269173 60.21724 67.59534
36.13632 70.69777 81.47652
42.00011 65.87296 72.73595
44.403793 69.08763 75.13893
61.07 81.429855 85.01585
59.575764 80.27059 83.926796
58.215473 79.36286 83.80192
57.135994 77.96624 82.43328
62.399323 83.42086 87.41373
59.32876 80.7018 84.9487
59.34131 80.82293 85.41835
61.616867 75.42374 78.525246
48.43123 63.10801 67.202965
38.11762 59.732418 63.37753
45.802223 77.90742 85.276886
62.847664 23.879656 21.596884
81.60643 20.991545 23.04435
12.278784 18.9492 17.559616
15.662221 24.266449 23.066645
14.575591 22.856968 25.916182
14.601787 21.791327 25.19333
25.36247 38.442017 43.59577
12.560379 19.782717 21.702255
17.76986 30.602703 34.85651
43.798737 67.39841 73.88896
21.961273 33.43851 39.49864
26.406952 39.48188 43.42016
16.731438 28.860107 29.37984
21.191652 34.989082 36.6306
30.830423 45.69903 46.367897
24.449036 39.13364 40.45928
22.44871 37.115265 38.999043
132.53677 108.65961 71.46542
43.522545 50.21384 46.350704
29.050104 41.23683 44.558178
22.95214 33.497375 37.601547
18.09563 30.432255 29.353886
40.05721 61.75907 56.24167
21.415648 38.864597 41.111607
0.055813447 0.06296175 0.07191893
25.646267 37.34608 40.548958
31.91882 46.603355 49.01105
32.887806 49.978992 53.31568
33.745277 52.476036 56.295544
21.655748 31.902582 32.15044
29.50158 42.96746 43.07652
23.82661 34.27146 35.320126
23.929913 35.704327 38.54593
16.861197 28.146954 32.029007
12.06148 20.024649 20.865425
23.765043 37.960945 41.181717
21.32335 29.266972 29.446878
28.004337 44.863113 50.294018
33.35526 51.2994 53.69271
31.960182 49.703346 52.245525
44.026394 61.677673 65.38189
43.849712 62.21018 65.833954
4.457012 5.0384655 7.034761
3.5723004 3.9935708 5.8912063
6.4479895 7.2826633 9.064967
14.147587 15.779165 17.66817
13.987883 15.711605 17.43609
14.293168 16.043848 17.8063
14.038793 15.756326 17.536995
14.740939 16.614014 18.356522
13.07521 14.660956 16.534292
14.430838 16.278849 18.051847
11.933094 13.383371 15.362253
12.307312 13.859192 15.697309
13.999586 15.734445 17.522219
15.485976 17.163496 19.023602
11.590542 13.067494 14.839359
15.861175 17.75953 19.611681
15.149352 16.949505 18.827503
20.49829 22.223473 24.334816
