0.004239766 0.0044834306 0.0050682263
0.01035575 0.011330409 0.01340156
79.94315 79.94371 79.94491
14.252315 14.253192 14.255312
4.665448 4.833821 4.926413
4.5150585 4.5161304 4.5180798
105.14825 101.30448 95.84386
106.58557 87.20916 77.40714
124.35685 127.81599 124.415596
52.82154 46.9096 54.151485
77.75812 76.490135 71.6001
77.651215 76.31574 71.3644
106.10706 89.40356 88.817474
98.27059 81.53523 80.5211
3.9076512 3.9089668 3.9117446
6.6582603 5.7817984 5.8157406
91.692276 73.1509 76.68909
36.044617 32.484917 33.55229
59.23757 52.3914 67.12339
69.679436 64.51014 64.5387
72.69454 72.28438 77.9751
34.273685 32.3268 34.116154
86.66991 73.31272 72.76062
78.74252 68.28633 55.736744
99.5376 94.81903 81.50539
50.503242 51.12756 37.486256
107.15599 106.58438 91.102486
101.98026 96.3489 78.13353
82.36969 81.34598 64.01633
99.19966 96.68821 76.40176
72.313354 62.563766 62.332066
110.99567 96.7531 86.06011
97.70541 83.132164 73.65098
164.2954 145.62471 136.87624
84.264404 65.54644 56.185406
87.04683 63.10224 59.454628
96.64398 97.77558 96.80948
126.43282 118.74963 114.30197
75.48392 73.78087 72.91023
62.53733 62.413353 58.893932
107.64376 101.48443 97.53043
75.812546 78.14564 80.057335
97.46542 86.09454 79.45614
106.95505 87.41881 73.72463
136.89105 112.45731 97.760475
97.83996 107.8345 88.51598
79.7259 73.81691 71.38541
51.785088 59.566837 65.90156
87.39815 88.85592 89.95373
54.117958 60.05005 62.178364
60.926 80.17013 65.73443
63.81267 62.98667 59.535404
66.38465 64.35938 57.06701
63.65446 64.498146 64.376076
35.06104 42.96089 51.398952
55.75 65.84559 60.932236
39.95034 47.420567 50.896465
68.78631 77.3354 78.60275
34.749878 44.654556 38.43355
31.857895 41.50738 38.766766
68.17288 65.134895 63.834892
41.646687 47.81881 43.461792
34.440327 45.483944 45.72617
34.283115 40.720005 37.420395
53.01004 56.751316 56.804337
57.429142 54.317398 43.84983
20.807238 27.812914 28.096247
19.85541 21.802948 20.126266
109.508965 109.09001 107.46852
106.10894 104.547005 95.75063
129.79161 128.74449 119.14956
102.18628 103.288155 96.693565
127.45636 125.85716 114.993835
2.8222466 5.4279485 3.0193226
85.252754 82.014984 75.94752
80.721664 78.95117 74.0394
111.01759 112.74561 107.99298
92.120125 97.530846 97.45487
80.543495 78.47834 76.776436
84.53119 83.812355 85.06028
90.81991 88.968834 90.181435
91.75509 89.77817 90.94966
71.10936 71.10651 71.412155
78.671104 88.23694 66.88828
68.881966 82.269226 54.693348
88.74498 103.12042 84.82249
53.13202 67.18911 52.904263
56.811478 80.06048 64.15329
55.985744 65.007996 42.43092
76.68928 89.60461 70.99888
55.660892 61.87388 65.19213
98.30685 101.04079 99.65823
105.44422 120.854706 128.05663
101.08426 120.0106 135.91786
65.33226 95.352165 72.29115
51.969517 63.4817 63.422295
76.63463 71.13716 73.00931
124.27017 126.96642 140.37436
78.65782 70.29315 71.39947
99.100365 97.09705 95.94018
137.44603 135.60712 116.21718
144.91872 152.9528 151.19269
105.89057 115.77988 109.74618
93.58292 97.84591 89.024826
127.01957 133.6798 130.4229
144.65205 149.60426 146.23419
148.3931 146.11197 140.17586
138.75317 133.22351 113.86018
117.5028 116.94062 99.970955
140.17249 138.48134 119.71557
145.21654 144.33609 125.714645
108.63126 108.73689 85.56579
5.0855994 6.49788 2.977461
36.163498 39.64978 32.251583
48.655117 55.794346 38.088985
48.861332 60.105873 35.742226
79.91274 98.28709 77.016884
53.511208 55.18048 37.569664
60.556263 41.122757 18.635355
144.24127 129.81755 99.06321
114.77817 115.193054 102.40668
139.11671 142.90916 130.10785
153.92088 161.32341 156.018
159.88998 176.7066 157.29822
50.775536 55.490376 49.929874
106.22044 87.07066 67.18601
63.322758 63.25141 53.0759
122.688644 108.99793 94.60706
59.2028 52.759647 40.350708
74.513794 68.16423 60.418324
55.774757 49.21099 42.549416
26.450975 37.06111 34.944736
94.3094 86.139694 78.399826
36.36055 28.581823 20.808626
127.701996 117.81372 109.2757
82.674416 74.820854 77.42032
81.18487 72.41823 73.47873
82.6904 73.575096 75.138885
80.48206 74.83796 75.73804
53.870247 48.88655 44.61262
118.13192 104.687645 92.413574
79.60933 67.30139 58.0135
96.99228 96.84742 96.23775
94.39259 95.86655 103.56467
99.84461 101.37902 102.04864
148.4528 151.56744 150.23582
95.312645 120.305435 124.84744
131.15382 148.76291 146.9203
109.55287 104.57726 93.277214
85.89739 86.89947 86.410255
99.1009 99.58826 99.348976
202.14664 200.81035 191.06694
60.05894 106.988106 53.820713
82.21381 117.74345 73.296104
118.69422 150.94315 99.28801
47.9682 60.189743 43.150757
20.116423 52.80663 27.449684
59.43092 69.249565 58.370224
65.69283 80.21138 71.62619
58.237843 70.442154 61.05351
83.835625 93.61961 83.39384
44.235867 44.235138 44.230824
66.07452 66.07454 66.07266
85.99871 85.998024 85.99369
85.52376 85.52383 85.52186
99.806015 99.806114 99.80419
101.97402 101.97351 101.9692
97.430336 97.430725 97.42895
95.30173 95.301216 95.29695
107.6143 107.61465 107.61306
92.83638 92.83577 92.83177
135.2302 135.23041 135.22943
91.23326 91.2327 91.228874
85.87059 85.87008 85.86623
95.69301 95.69332 95.69218
137.05348 136.5045 143.8734
108.04656 97.52546 78.199196
85.40019 80.483185 70.741035
90.72829 83.13782 68.61925
86.27849 76.3211 57.329777
89.03791 79.42717 72.89294
93.82868 86.384476 73.75524
69.27339 61.904896 48.38894
49.77783 37.986694 25.081238
127.51601 152.86076 166.92018
122.672295 130.36777 135.94661
104.14696 139.06004 162.42683
91.523 108.42376 106.27239
101.53604 113.73504 114.81628
106.88343 102.68482 99.132385
98.20453 112.120636 103.40862
70.8163 76.14688 60.021297
145.92203 137.49164 121.80748
71.46669 73.73094 65.64286
49.02047 52.898197 45.70843
54.40877 53.570126 45.162575
147.53008 145.1057 132.69469
133.68796 128.51128 113.9673
67.76545 68.219444 60.239643
99.38194 99.65768 92.64876
80.90536 86.13806 78.44649
100.04739 100.04698 100.04503
100.3771 88.47324 74.0358
106.203995 92.6213 76.66123
89.495125 79.468956 95.188545
75.931625 56.799538 38.82283
95.00343 82.55378 67.823586
75.4953 81.40831 75.92246
53.023247 55.01401 46.577995
96.69885 79.72244 72.17895
99.8194 74.73857 63.861477
79.79045 97.23894 82.303925
94.5623 103.094734 59.941814
3.0276558 3.0278995 3.0259259
39.49354 57.56384 42.58828
43.10407 59.304287 46.81786
41.225048 57.43012 45.473904
33.279507 48.70636 37.461185
13.68828 18.517885 19.407213
33.815376 56.750538 38.772026
8.367958 15.461428 17.228022
67.41837 93.33148 75.90161
84.31642 108.81762 92.23833
44.88253 67.10183 52.13046
73.73302 91.683846 81.95731
53.492496 71.245056 62.944786
165.56813 193.33762 169.96587
52.94581 69.474754 58.497513
62.590984 77.4743 68.138985
137.8176 153.09732 139.55606
60.350876 75.59579 64.29456
159.63693 152.24927 133.46037
99.848145 118.53119 102.04064
102.969765 103.874 92.247734
70.39342 71.31681 67.544106
76.9114 76.693985 71.6616
19.049366 32.54464 25.028193
41.1375 47.396736 39.044884
101.03272 100.994835 93.49296
75.0855 96.05828 77.36459
44.116592 49.157482 38.649902
40.486794 51.5125 42.68638
12.309747 14.821565 11.677509
32.786915 38.54008 30.866106
27.353436 38.087353 30.725317
46.66752 49.53567 40.147587
51.218033 55.957676 40.8375
98.37071 59.023197 112.1347
87.854675 60.758698 97.834404
88.4406 65.31959 92.686844
67.51935 55.79123 84.09932
25.446661 29.662354 23.483309
10.734308 19.326853 12.206189
22.915813 40.380825 27.063328
28.857529 43.25392 33.288815
49.542007 61.14335 51.50519
3.710965 4.9400587 4.1012425
77.04054 82.67366 76.01847
16.872198 17.087208 15.194591
22.535307 25.308626 19.676779
26.465279 25.369638 21.272587
38.683773 42.295273 34.52573
22.689083 24.470102 19.84442
35.78431 44.475048 34.73604
50.09225 53.306847 45.037865
27.413645 32.167397 24.453825
35.018032 44.96976 37.027557
15.611355 18.031578 14.994907
22.800755 35.564156 25.16328
102.04707 120.07127 114.68928
37.030457 47.210598 42.118935
9.53499 12.446808 11.946247
48.83448 61.911938 55.2846
87.203606 107.09489 89.37468
48.699757 52.906433 41.60502
4.835721 14.19213 9.189108
17.235088 26.447758 21.662062
51.520588 68.23643 71.4704
100.238594 118.617226 102.979485
20.161112 36.797955 38.683285
31.082335 48.684307 48.222443
88.80056 107.97673 91.64235
15.353338 28.514425 17.768105
10.73923 16.737938 13.002193
79.03801 100.26747 81.374535
54.443542 59.47232 57.338036
55.916958 73.29583 58.100315
67.3829 73.64349 63.436794
54.526047 57.906967 53.401318
86.925606 96.78002 90.16962
61.78672 80.05166 63.61523
28.8567 47.28141 32.540936
78.92203 95.69279 83.47251
25.355385 43.888767 29.304947
25.210941 42.760868 28.607018
50.776073 70.50887 55.149487
49.029922 68.34839 53.206894
51.30592 70.252945 55.481724
54.765057 74.17178 59.244713
22.79218 32.002266 28.835625
29.8115 39.06462 34.48789
28.194859 39.395348 31.19196
87.34142 92.141716 76.7876
78.94771 99.2114 83.13282
19.050974 26.823635 18.964693
60.88699 65.659134 58.823685
22.621687 26.24425 21.787256
29.425074 33.12907 28.520615
33.645348 39.27517 29.239548
59.749 71.02821 59.775463
34.848515 47.514423 33.779118
44.501633 49.053387 36.322002
34.1145 39.17466 32.297394
33.896297 41.104946 34.659405
40.52183 51.088818 42.226315
9.938962 12.683918 11.982992
29.619835 39.55407 36.15017
89.18387 96.83952 85.60504
65.41959 81.932945 68.642815
81.36559 100.09393 83.88192
64.497 81.110306 67.72614
64.92274 81.39525 67.99098
57.753 75.35514 61.021637
68.22485 93.10355 70.69781
49.78375 65.87919 52.36009
49.102413 67.30887 51.898758
75.285065 100.23087 77.738815
73.262405 90.72756 75.367424
39.252438 55.2327 41.525364
31.419542 44.809258 33.41413
17.824804 23.206846 17.888718
28.787695 32.25061 27.43945
42.670662 46.457188 41.525047
43.946907 47.117325 41.68606
40.337013 42.736015 37.35224
27.161306 30.56177 25.4817
22.684965 26.627705 21.08253
61.167812 64.507164 60.90324
8.701584 11.874196 12.786842
35.267788 39.777267 39.869957
27.758602 36.709797 27.953533
15.316569 25.071175 17.002071
43.09235 52.484623 50.691032
38.780533 51.717617 60.61908
40.39089 49.777924 49.4096
78.53784 63.47132 35.29001
138.88203 101.79145 44.28772
87.642204 90.9953 92.99235
10.212549 13.056481 11.558333
22.001194 30.938864 31.135551
11.111013 14.310965 12.174098
38.10814 49.09627 41.38789
43.047417 54.942837 44.47227
66.88882 88.32534 70.05093
45.67912 54.55005 47.035988
129.94669 160.68672 144.16881
28.742325 29.966473 30.840935
152.44391 156.78687 157.9811
31.977217 37.601147 38.738476
60.418568 61.47824 61.663986
68.996025 71.70985 66.80209
68.49751 64.554535 57.37707
63.4039 59.604385 50.9807
85.49827 85.49988 85.50163
65.4095 65.41111 65.41299
82.27936 70.8126 53.38492
109.514915 91.9108 59.298878
27.770224 33.333286 20.287914
93.45329 79.577484 44.208965
48.90039 45.30865 39.722027
25.018372 25.704166 16.778412
64.15536 73.708916 63.23996
50.263157 66.52115 54.252728
72.20146 94.37782 78.532265
43.060844 58.821514 46.65524
28.39313 43.11608 25.934868
30.15865 38.7702 31.69191
64.09371 80.29846 65.99712
78.39515 109.617546 99.75231
59.65529 56.675438 86.71277
46.45268 56.49481 93.68448
75.82793 69.268105 100.133575
2.9189816 3.8454678 3.0702486
29.687841 43.30151 32.63248
72.581116 88.355705 99.036644
68.37749 84.33736 96.766205
42.665985 55.56009 44.104652
42.022564 59.185135 43.44252
64.23618 71.51662 65.72756
18.589085 31.092009 36.393738
40.231895 52.384697 57.54247
14.509576 21.961136 24.41328
22.377096 28.840595 27.343884
19.343761 26.719225 28.651608
16.708065 19.168568 18.989887
45.323296 58.014816 65.2567
36.95285 50.40312 58.64839
24.982481 35.22627 40.00614
21.92651 29.041544 30.650122
78.0931 89.51691 89.823875
33.635162 40.24201 38.42997
34.8769 43.057945 44.978752
20.272417 30.988913 34.91708
81.904045 86.97383 80.87227
55.81796 65.463745 67.77821
36.545612 47.260307 53.199535
16.859186 20.231262 19.911282
21.604946 25.633528 32.190716
42.7664 47.666157 49.43548
12.487646 17.449026 16.563986
94.19301 101.15417 109.41886
76.38677 45.288548 45.19637
81.07775 51.41182 51.499146
16.227072 19.822319 14.036087
18.73019 21.957432 17.960209
18.00938 20.168201 15.532554
106.16011 109.449 108.17985
19.089205 24.692104 27.882505
32.28365 39.548878 40.43136
36.466007 43.837208 48.823074
45.22912 51.1769 54.61065
36.196613 42.961014 44.203194
145.19746 154.63109 162.19629
43.41467 42.566616 41.08321
18.930628 22.167665 24.46333
14.015253 16.742447 19.068737
9.604703 13.780824 10.460575
41.796417 47.560307 40.581238
29.10212 43.673733 40.45531
29.529264 44.054604 41.12641
31.987743 44.1894 41.836037
15.973958 20.837343 16.582502
26.580116 38.366837 43.630264
13.265083 23.292252 27.897028
104.32054 124.30997 106.30817
45.01781 51.28672 54.630386
30.92232 40.457554 45.875538
13.3424225 22.516472 27.865473
83.41805 91.41221 95.795105
37.35173 41.34359 44.203583
16.650414 22.094858 24.020687
29.358065 40.588646 30.676584
32.310917 54.27668 32.766106
33.804947 56.34476 34.194714
29.812647 54.127705 30.488232
25.678362 40.24057 28.02656
30.169031 54.905678 31.07717
31.478485 54.575462 32.01747
32.346954 55.2635 32.96879
10.535429 19.980751 25.747465
31.532894 44.72863 49.48855
50.215885 44.767838 41.768787
61.29259 56.621246 52.582848
3.9957116 4.1368423 4.087476
31.769688 28.919859 27.328217
36.290424 33.861427 32.463036
77.851685 90.1518 85.73521
49.703728 64.384575 68.89004
32.714108 51.126316 36.73852
90.43297 101.21898 93.56438
96.34793 123.63874 104.48492
88.555534 113.18913 95.6935
70.616035 94.546196 77.35232
24.205727 43.64688 27.758236
26.200268 47.417934 29.949026
75.01835 104.03163 86.029144
63.1519 72.37322 70.99357
40.789207 42.417107 44.32047
9.519444 15.042593 16.430044
61.07824 63.06401 60.285526
28.799244 39.577194 41.275024
28.276388 38.599026 40.299683
78.98016 79.93146 78.64966
23.98923 26.64832 25.511354
19.782042 25.202023 20.240303
10.995468 16.058943 12.304654
33.40987 35.51993 31.012304
8.39269 10.188329 8.594688
20.918251 24.59447 19.54364
8.028655 8.039644 6.978679
15.105312 17.294226 14.266643
27.813183 33.99498 40.063477
111.7105 123.50134 129.64667
9.782212 17.028362 21.801462
16.823927 22.446442 25.715717
9.219761 19.4904 25.699951
26.006262 31.870296 35.383724
46.14291 57.175266 49.132698
110.10022 125.23482 111.76452
61.39369 81.941864 64.9759
87.92624 113.76433 93.428116
62.75046 87.59142 62.61357
57.781456 74.76014 55.42656
59.325195 79.195885 56.661892
3.5504873 3.5508041 3.5506334
5.923221 9.658528 10.543031
21.991837 36.680286 43.429165
75.72734 96.87341 78.73287
67.82317 84.07324 71.24537
42.91808 60.0221 46.44135
36.224293 45.987377 33.99274
67.862625 69.01594 65.23769
4.167471 4.1675196 4.166545
31.153412 29.06747 16.631042
59.305946 59.51104 59.372562
4.1592836 4.159844 4.1582117
19.192423 19.193079 19.190668
34.545883 31.152071 19.552217
85.08755 76.70336 49.243275
68.52198 68.52249 68.520226
21.287086 20.095078 10.050146
5.4624023 6.050244 5.588158
19.753532 30.362038 19.552559
94.09191 107.715836 95.306015
33.866375 48.132675 47.782406
18.455385 29.402534 30.188744
10.676243 17.66294 16.799757
5.350658 18.77907 12.282651
15.331384 24.822855 30.794445
8.976632 18.004068 21.597588
11.329411 22.03655 31.92059
14.141886 20.32902 25.073904
16.991983 20.821589 22.29542
9.156847 18.597221 22.178703
5.7120614 9.235794 10.951048
4.0406885 7.1408453 8.040884
10.291739 16.043154 22.93443
12.328728 21.215302 27.735136
11.840278 17.722343 19.893932
28.789083 41.31009 51.942448
64.97215 77.09483 90.735405
27.87668 34.749783 46.58085
21.993372 28.49503 35.463352
23.81774 29.964596 35.28472
38.05095 50.100048 59.839935
23.743153 36.913013 43.01099
57.231995 67.126144 73.37018
63.402973 73.79403 81.831795
72.24944 78.97451 81.76504
7.6782894 14.371296 14.449147
16.993494 23.020418 22.646809
34.529873 41.77544 39.52583
36.97778 45.08543 46.147465
39.394176 58.235283 75.06893
47.092106 56.789158 68.31284
37.757942 30.277704 34.256603
12.711355 18.71825 18.851755
29.167398 37.05865 41.317253
33.511795 39.10329 43.91162
24.237402 18.511501 24.852655
120.20126 117.25887 116.42313
190.77597 179.9889 168.78816
135.82716 125.718056 119.34518
12.336501 12.53655 12.515034
28.523464 28.84693 28.793177
20.04096 20.390303 20.335892
20.779434 21.114595 21.053362
21.968178 22.300121 22.172466
3.022149 3.0222952 3.0182018
64.87812 66.38065 64.718834
68.2211 73.44942 71.49966
80.15292 83.58957 83.08528
64.8038 68.970856 68.257385
99.36226 84.9425 85.915886
56.156506 57.97476 58.13448
125.01318 123.68806 121.914085
4.2120857 4.2116227 4.208577
3.5423002 3.5419104 3.538572
3.5305555 3.5299952 3.52673
4.1418858 4.1411796 4.137914
3.9415936 3.94096 3.9376218
5.33192 5.331067 5.329142
13.660039 13.659503 13.65614
16.888695 16.888256 16.884893
16.434795 16.43482 16.431213
14.931019 14.93119 14.927534
14.7030945 14.703387 14.699635
13.961257 13.961598 13.957822
14.203923 14.20424 14.200561
10.981116 10.981408 10.977729
13.827364 13.827681 13.824001
13.347978 13.348246 13.344761
12.849683 12.8498535 12.846491
10.561135 10.560965 10.557724
16.751755 16.751463 16.748198
16.603582 16.602997 16.59961
14.067032 14.066399 14.062914
11.042446 9.470663 8.806287
7.9952974 7.9945173 7.9909115
72.88073 58.81657 44.71282
73.37717 60.86964 50.794907
73.91872 59.58728 49.47317
