0.4711572 0.47067901 0.47076595
0.4734394 0.47089636 0.47120067
32.84207 27.814857 93.381
53.603394 94.622284 178.90332
2.533103 2.5309293 2.5308642
9.607264 20.687923 19.241589
48.165863 31.925535 25.742893
6.987654 16.950596 15.503108
12.956899 14.241067 6.02417
90.68762 98.69866 99.23707
133.83257 147.43011 147.84828
0.474048 0.47187445 0.47207007
54.82814 64.376434 64.21485
0.7538472 0.7516519 0.7518475
2.1180663 3.8853679 1.9271214
47.643887 27.740545 26.407951
1.2185489 2.9535298 0.62510866
7.747587 9.439141 3.9749174
17.904648 22.7921 18.210115
61.35233 67.006996 65.44657
53.659992 64.5245 64.39536
8.787907 8.787232 8.787602
41.73337 27.83192 18.896496
38.767998 29.348917 20.507782
37.3046 29.06375 19.798817
36.807228 19.456638 13.592658
14.07616 12.413537 7.6611023
24.239763 17.610437 11.052425
38.223026 27.732307 16.121
39.167362 27.947052 16.245523
32.70551 25.44764 16.671297
29.469288 21.904255 14.456899
37.501564 27.2277 18.080572
26.511215 18.058706 9.653647
29.17786 22.622196 14.8833685
30.305882 23.001608 15.123674
33.436142 25.389519 16.769018
36.92671 27.116392 19.852156
28.186445 21.726353 14.015237
41.60972 31.898952 19.190968
28.50663 18.677752 12.109003
21.594505 14.705573 8.978243
70.993675 53.049057 35.39593
37.43673 26.673948 16.461159
33.082596 24.666906 14.772474
41.05551 26.634584 15.58329
65.89034 69.00169 58.671448
54.524387 47.834682 39.003998
53.384804 48.43636 38.434444
51.497936 45.176167 35.690403
53.61235 49.29332 40.220028
86.84418 69.01769 53.73822
64.03823 68.11383 59.29606
49.446617 57.652798 70.73051
46.054707 49.252563 42.09531
139.96313 144.5121 128.02585
72.1536 71.69973 57.428055
64.730484 52.156887 63.30975
144.25697 147.97313 130.97533
105.821686 113.13274 98.15024
83.07794 72.91999 56.59933
62.293404 61.363373 55.398235
58.976265 59.09681 49.7102
58.22333 58.795708 50.294037
68.22496 66.40534 57.3046
52.82927 50.96079 42.013607
66.586334 64.01232 54.87576
64.99378 63.742 57.12389
23.804468 18.635824 12.932012
21.565424 18.590376 12.397257
29.04171 20.78495 16.34194
38.413864 25.282167 16.608395
39.915405 29.664993 18.57627
34.312923 25.746979 16.656015
36.07292 28.807468 17.18636
34.479286 23.304165 15.301774
38.635345 27.019606 16.130043
27.676426 20.677513 12.722809
47.24196 36.11709 23.785364
35.060055 26.352438 17.89567
32.993565 22.899605 15.53119
44.588203 32.41006 20.62587
15.259259 19.11522 24.06501
14.746326 18.689316 24.726547
21.512064 27.625153 40.69603
20.706116 27.285559 40.716267
24.621565 32.121872 47.165363
63.45766 47.258305 31.309338
39.232178 28.830463 21.726679
67.626564 45.117958 40.947662
53.579334 35.857395 33.082943
50.055664 34.038364 31.438446
41.674686 28.668818 26.937315
41.34648 27.200922 27.445923
30.409538 35.09892 35.306206
42.581856 28.568966 27.937553
67.62111 59.320988 38.843353
85.25822 66.80497 45.703724
51.871803 31.096245 24.804426
46.182228 27.99148 22.761585
59.200268 43.710835 29.386759
17.648191 20.449596 16.350266
27.024364 23.410015 19.56712
14.827703 14.728634 13.001565
45.72429 23.963333 25.912992
27.25487 29.44312 22.822683
19.202618 19.732328 17.401953
11.825335 17.569357 14.840745
7.313076 8.666384 5.383933
9.007499 9.365567 5.720418
16.149343 13.944314 8.808838
9.234132 9.871766 6.7444925
6.180512 7.965745 4.812837
10.665362 12.450465 5.892497
16.503456 14.795166 9.00276
12.69777 11.698509 8.075943
30.553013 26.635628 18.610285
0.5080638 2.454247 0.4731351
1.7351764 3.523148 1.2221787
32.493347 54.53656 38.82516
24.502848 54.69451 34.4867
16.46857 35.184444 22.514542
4.082268 5.7999697 4.3438096
42.814228 69.49204 50.637478
2.3467007 5.503282 2.7755172
38.504803 62.66821 45.508804
24.652952 62.438488 36.024975
17.266628 38.413036 23.567596
3.5933316 3.5589027 3.14028
10.048079 9.943379 7.4593115
2.3411798 3.7403495 2.9107113
6.5814857 7.340028 5.9953704
8.238481 9.398431 7.6694055
7.846592 9.119957 7.065358
5.70679 10.613481 7.066749
9.518236 11.913298 9.203529
7.5958095 10.391084 5.2736697
8.338485 9.415123 5.1771865
5.5236483 10.15606 7.5679445
9.508564 14.685989 12.64378
7.8506565 15.921948 12.87976
1.0569031 5.906125 1.9663755
3.5061512 9.2053995 4.917884
16.339268 28.27506 21.844723
11.979069 16.330877 11.112567
6.94251 11.903669 7.960789
9.451551 18.20966 16.312054
1.8583941 7.661363 3.294601
12.909038 13.580747 9.546884
4.441901 6.4863935 4.342158
48.016064 42.89767 36.11974
6.788211 8.367979 4.470288
35.28823 34.0784 25.899061
11.505086 11.630325 6.865306
21.136086 19.931446 13.547188
22.340593 22.112068 13.9195795
36.693207 33.022083 20.074682
25.343092 22.221092 17.836115
14.059837 15.957594 8.5959835
52.000217 48.365566 36.886475
38.992023 36.53782 26.715855
5.4637456 7.4285126 2.4492044
39.003345 39.717266 32.10785
11.183316 22.45466 24.406385
39.780754 53.635063 34.08592
59.67749 59.284126 45.308815
30.581682 28.27917 15.320075
7.5408626 7.8916273 2.081877
4.6349115 6.0764213 1.4027995
10.051035 9.406647 4.451943
15.189315 13.449422 7.5573378
2.0797904 6.191445 2.9379673
6.958768 8.323509 6.619305
22.577877 21.037971 15.733677
11.5087595 12.192119 5.63126
46.650627 44.238544 35.557076
50.878128 42.25348 38.886433
20.463701 16.853613 12.194749
15.957247 11.909016 9.607547
4.088506 6.059924 5.074661
12.0228 13.038775 12.4959135
5.4060163 6.6743827 6.061685
34.2099 30.921188 22.613285
18.82603 16.27543 13.159777
14.100222 11.194792 9.587159
11.475222 10.92586 9.159364
68.5087 62.61224 49.287495
35.167904 31.003803 24.655016
1.4683968 3.4411407 1.0773996
9.75163 11.512846 10.385694
2.1926403 3.013302 1.5869632
7.275626 5.8323336 3.9224048
6.5291686 3.4329464 2.8791733
5.7860155 6.664102 4.3209443
7.875565 8.765845 9.639585
4.2488046 5.74787 6.264041
4.444075 5.007151 3.9968917
7.061207 10.070335 7.4719615
15.538775 20.642366 18.77241
52.434425 50.359 46.607765
33.51015 32.56562 27.578638
4.9193835 6.0232353 3.2555642
16.200161 15.462224 11.365263
22.067162 21.346048 16.521387
56.95788 48.28919 41.76289
35.468548 27.41408 21.180143
26.892628 25.327768 23.137346
86.94177 71.965355 59.31186
36.483177 36.98885 32.553253
57.177773 41.554188 41.434013
7.6518216 4.7982306 3.9204268
41.65082 37.208115 29.06914
47.282475 36.660625 28.512064
28.846222 22.611893 17.610872
65.84068 45.554337 40.03997
22.480024 23.036407 17.55236
97.57333 93.04384 77.923836
42.42586 40.877064 31.050383
17.896627 15.742849 11.133455
20.324488 17.10609 12.365632
21.803947 17.562597 12.83016
52.458984 32.644604 25.938032
57.415035 45.79693 36.890083
17.221027 16.601395 10.624522
0.47456965 0.47365674 0.47254825
71.29236 85.760826 80.72864
57.74515 72.14032 69.919624
59.49813 77.01935 73.54984
0.4742219 0.47346115 0.47259173
22.02567 32.533928 28.07025
9.961007 18.411385 14.693293
12.390519 13.31062 10.791905
71.690796 85.83859 78.5719
4.4612026 9.882543 7.6733613
68.6495 66.694405 37.829052
15.725026 15.077552 10.642736
28.11109 20.561098 14.085637
38.776432 31.631195 24.149887
55.73798 41.80986 29.767279
67.557274 81.90052 68.71631
32.832615 37.13939 28.736067
26.559599 35.36548 26.828161
10.745392 12.814706 7.758933
66.35987 80.89226 76.342285
37.186924 42.617764 37.233047
27.155386 29.791733 20.250587
18.102438 23.516497 15.233329
26.502304 32.124912 23.12776
16.810143 22.017693 13.250413
16.01015 18.73146 10.938207
16.916645 21.70164 15.040015
20.710724 23.59859 16.468397
43.73998 55.587486 46.853374
26.947487 27.63089 19.826769
74.62737 81.14169 67.01752
56.45818 49.03417 36.99896
47.22881 42.392193 30.921144
45.337093 41.43836 29.848549
23.7753 21.193966 13.976895
13.456138 22.223635 19.033428
13.502564 19.974266 17.37726
16.172232 22.854504 17.925535
24.364763 32.771255 29.719158
11.339767 13.5759 10.250761
44.287384 46.309296 41.74287
19.39304 18.643888 9.65482
13.715441 11.984829 6.6969657
36.490242 34.671818 26.722744
12.949031 18.911211 17.57251
15.815532 25.346918 26.570814
36.717113 33.80086 23.213919
69.49365 64.78239 50.21744
13.193923 12.945401 5.315489
18.19301 20.653778 11.1037
8.260476 11.891911 7.572009
18.669537 19.077747 12.385346
21.952442 21.421492 13.599092
21.838898 21.037016 13.66445
21.261238 22.919558 15.768432
21.409233 21.032103 13.32903
22.374086 21.47657 13.865632
16.136671 15.927034 12.20629
16.89428 15.1353245 12.270192
10.192401 12.849418 12.930229
16.278103 19.712355 21.969984
11.856525 11.829552 10.481938
16.463919 19.962984 13.695249
19.48922 21.524452 16.606503
44.11074 56.13239 43.87326
138.23907 133.29578 115.58127
12.87563 14.207029 17.154516
38.657993 39.658733 41.076637
20.565424 21.33905 15.896496
13.360828 11.685729 7.969179
46.6255 38.894997 32.219418
12.339049 14.290515 9.131564
49.000977 33.662647 23.920645
9.542515 5.4679623 3.0335376
8.420014 6.63878 4.1792517
31.581812 23.917667 16.40545
22.015976 16.558815 8.022496
7.236524 8.015932 3.297796
14.544231 11.824595 5.95453
20.891737 16.442575 9.726418
45.89754 34.00141 25.39967
39.69718 28.247717 21.462875
7.282212 7.824726 3.0643148
19.891975 14.414885 8.096701
6.680838 8.607003 5.0614676
9.666123 10.610959 7.1692967
21.370392 16.268627 12.527669
11.422275 10.495544 7.305121
15.049057 13.206377 9.623957
23.3319 18.868652 14.503412
6.326269 8.119566 5.159994
22.579878 20.226547 17.846918
12.571487 10.740871 7.4342723
12.772952 11.173143 7.5138674
23.66871 20.032059 15.379216
12.907104 11.739263 8.843331
32.94014 29.892519 24.397083
31.900648 28.095375 21.8988
12.873913 11.554925 7.966723
25.376608 22.003239 17.026495
25.846462 21.781755 15.868414
26.401495 21.556837 14.979764
10.7692795 9.758347 6.39241
20.829704 18.334377 14.163167
8.680012 12.691879 12.071574
16.323444 20.752848 21.003935
20.895626 24.977373 24.428404
14.250782 18.228613 17.51754
14.824531 18.586615 17.934185
29.874283 33.96531 33.542645
5.4708095 7.418297 6.444727
11.690098 10.44551 6.4790254
15.983503 13.822748 8.339941
25.19751 21.306728 12.470831
12.143845 12.253782 8.480351
72.04947 63.62426 53.383347
79.62863 72.89684 59.879433
65.19162 72.74691 58.383194
22.377674 21.297514 13.360046
18.943813 16.675013 10.169622
15.354895 14.336702 8.512345
7.694314 9.730786 7.9513564
5.380673 8.425752 7.2947965
6.9541817 8.366893 7.3895845
25.631063 27.597004 22.119066
6.9939795 9.557881 6.127869
20.383564 23.106155 18.590115
111.64897 111.35913 99.134605
8.206943 9.1793165 6.500022
6.994892 9.582269 5.748348
4.4248824 4.2099633 3.0099547
6.6564074 13.903974 11.306903
13.181664 15.200509 7.646735
24.209898 23.421797 17.16797
36.691162 51.179382 41.88752
7.220331 9.176557 7.284494
28.705378 46.865395 48.607872
12.528712 22.23898 17.303707
7.0053034 11.298296 7.5327554
11.572966 16.548058 12.54347
27.776169 28.182598 20.374022
9.541297 10.744022 7.0446444
14.929599 15.64241 11.8004265
8.060989 13.966984 8.833116
17.879261 24.23383 20.437098
3.9108634 6.9594855 3.6687315
12.796709 15.581964 10.069858
11.159211 15.209572 12.782233
15.635042 20.365349 14.189206
16.556425 29.339201 21.661842
17.05825 19.069357 13.415819
0.4761998 0.47439575 0.47287428
0.4761998 0.47443923 0.4728308
18.960964 20.017237 16.759476
16.535885 17.031385 12.520627
17.875652 23.931707 15.467701
38.802402 42.92358 34.65382
48.81649 48.743523 47.964874
28.916754 30.444815 30.550926
50.1325 52.758694 55.319748
29.648212 32.59568 32.034733
58.020454 65.72015 61.283974
3.7110286 5.6838374 2.7203748
26.196684 37.62326 29.411602
4.9785905 6.5514913 4.2976003
29.22344 38.205746 31.821531
15.335963 16.041515 8.9807205
13.510889 14.093744 8.119501
12.610481 14.123717 9.710528
19.62463 20.814816 15.019344
8.179469 10.793818 8.87274
15.775973 17.763367 12.35196
10.761128 18.244892 14.158994
10.305164 18.706247 13.988567
5.4202967 10.104308 7.561185
4.340615 7.874978 6.0011735
3.507151 7.01528 5.662189
0.47517824 0.4730047 0.4723961
6.8632846 9.002673 7.8788905
7.784103 9.661581 8.363089
8.666101 10.60233 8.908363
19.491089 20.007086 14.437424
13.406798 15.63089 11.994022
20.56638 21.278255 17.125347
0.47487393 0.47296122 0.47228742
10.272996 12.133064 9.86422
28.50665 36.35822 27.413168
16.457594 29.297688 23.009846
6.0938535 8.94101 7.5723786
0.51412797 0.53258127 0.52240914
22.161993 29.640867 24.040428
7.738676 11.679599 10.190207
27.785385 36.282604 28.765606
12.8701315 18.138432 15.764933
22.709963 32.683445 24.933947
26.64604 38.125893 29.146648
11.438076 20.268019 16.507912
0.47533038 0.47328725 0.47248304
60.04834 29.218136 16.103222
42.57023 8.737067 5.6455183
67.43136 37.059578 18.66984
26.511412 35.12437 31.157059
15.512367 25.203226 22.521019
10.280994 18.855503 17.134716
15.565076 21.08818 18.863785
16.153843 21.081768 19.419449
14.421036 17.373283 16.261345
16.369804 22.158886 20.639542
14.103025 18.601656 17.262737
16.501999 22.247631 20.726439
13.763976 23.022062 21.12463
16.804968 26.600613 24.804056
16.816553 26.555946 24.835485
14.443662 24.102003 23.108763
17.11872 26.864155 25.208551
18.969158 29.109959 27.158798
18.726744 28.856134 26.794537
18.875 29.03882 26.895517
18.115349 28.289276 26.463463
6.7243304 14.021127 12.889889
38.383606 36.989067 25.57314
0.86956614 4.8703704 1.1209573
5.019453 9.352156 7.614176
3.075313 11.701356 11.752934
17.569336 22.452986 18.154234
7.402821 13.79208 10.929143
49.20012 55.985153 41.54723
17.636562 24.493958 21.448486
3.0401452 8.230308 9.261998
15.321792 21.483524 18.930426
18.646692 21.443596 15.435403
1.5007825 5.9763517 4.4894147
13.9951315 24.016323 17.562553
13.094136 22.740654 18.698812
24.286081 28.104786 21.468374
58.55282 54.89352 35.57268
26.04521 25.59181 21.535406
59.881454 76.70366 62.33629
23.551664 29.81712 23.296623
42.97457 48.556423 38.355785
16.113546 20.250391 14.299209
18.75365 30.296165 22.01026
9.863872 19.727135 14.111894
11.356633 21.666363 15.863567
48.583443 56.1934 53.728634
10.070575 18.749912 17.677078
28.240067 20.469896 12.708725
40.017715 28.890888 19.959595
16.201225 20.653126 16.485003
20.467875 27.537842 21.743631
28.78682 39.524822 39.18001
0.47609112 0.47383064 0.47252652
113.95127 128.35318 132.65848
110.59442 124.77391 127.89
107.2958 120.9048 124.12093
118.44308 133.44647 134.00992
113.82118 131.73288 130.80475
111.503 129.50574 128.12389
94.083336 115.15849 114.63752
95.58516 109.572136 108.1746
84.49565 92.08662 90.849525
0.47624326 0.4740045 0.47257
65.53101 83.96068 82.48948
39.566338 50.765583 50.82703
40.24037 46.50276 38.586853
38.354916 43.603245 37.324097
42.75385 50.744415 45.83127
44.388412 55.059685 43.136456
84.936165 107.07505 77.40104
87.592 109.60181 84.62254
39.570488 46.089027 39.52417
65.00302 88.03493 74.98222
42.084507 51.481895 46.299732
