0.008755534 0.01232989 0.0098704705
0.015150025 0.023610428 0.018068535
141.8483 158.42125 171.29568
22.64122 45.81384 59.544548
58.282833 39.393276 41.531235
16.448467 12.053517 16.040924
116.146416 78.65913 59.364388
79.475914 45.769997 36.02056
49.408558 24.858273 16.306738
81.997246 46.268337 26.273914
141.64912 118.796524 94.368225
72.2319 61.028397 60.769634
45.308544 31.323757 24.58121
54.351566 53.777077 40.420494
55.934647 52.78065 40.88831
58.564682 57.333824 53.611446
66.120674 59.497066 48.62502
62.799084 58.495064 60.71697
27.988096 36.677784 33.807083
31.057026 37.202133 40.68611
48.45817 53.017906 46.939793
43.641907 47.62715 41.575077
40.746746 37.786457 34.486736
34.87713 62.790195 74.19364
37.91074 40.196293 37.43207
27.053059 32.32228 26.729692
36.460533 37.65637 33.937332
28.43571 43.581078 41.509426
41.119167 45.90795 38.95852
48.196526 62.86765 50.63689
31.471159 32.880077 24.641516
20.695328 25.8142 33.347794
121.9516 92.54212 62.74878
213.8973 199.49014 181.78613
113.49569 93.35226 32.875587
125.096085 104.70851 73.45634
135.81961 120.36694 78.671844
130.82106 138.4773 146.77036
105.70533 134.20416 143.14235
52.976322 50.413773 46.93694
51.472668 46.857582 36.990555
127.36462 119.200424 113.10064
148.71008 142.06741 126.26335
38.63161 31.019773 25.070864
122.97255 131.01706 137.66624
113.39301 102.09225 96.0566
92.27959 84.71956 77.208885
132.40358 125.06634 122.73494
156.30605 146.63092 142.10696
115.895294 103.1717 110.9619
86.671585 80.85293 74.03941
116.898705 111.47788 96.92179
85.18196 77.15009 77.06404
55.34832 49.52517 52.82266
62.619347 52.912315 53.956352
65.60033 60.713463 61.288834
1.5470732 0.7635678 5.215314
104.10877 84.26208 83.98747
94.12845 71.89648 69.86827
46.269257 48.58918 51.924282
41.35547 15.380554 29.21515
26.685915 16.47457 39.473125
17.893852 28.697786 54.97944
53.62371 53.922054 79.11028
31.48221 66.00469 88.60902
32.517365 71.54065 97.35825
47.782192 67.31651 91.252335
56.964912 78.33675 97.57652
57.538647 47.825512 71.18177
59.38285 69.02099 93.39846
49.107822 56.510937 66.69661
95.28949 69.9556 79.72251
93.73438 25.754156 45.867027
151.18796 57.868176 68.19931
52.844894 54.816 52.97534
37.43571 48.79036 62.9456
101.701324 63.2443 46.271652
50.090244 35.910313 35.33894
93.70362 74.15717 59.977604
98.65021 80.075485 63.806755
133.17363 111.265945 85.76977
84.29995 64.76278 41.618233
85.85591 80.43319 57.27726
75.24066 73.40318 52.0184
48.69313 43.092606 31.88762
62.274536 58.128284 44.143074
48.674145 50.480015 46.310345
65.67152 67.18272 50.669125
68.58003 67.43512 51.46293
134.37248 89.43191 97.56898
31.104902 48.03525 48.093525
63.058895 56.902836 59.744713
45.944714 38.14786 41.380356
21.84299 31.727562 32.11254
31.058863 48.41279 83.581604
50.909363 40.449482 31.02643
66.1572 52.440235 50.06755
70.054504 67.90166 60.992916
167.19072 142.83528 146.87778
177.91733 166.85149 161.86191
158.6439 153.24951 160.59305
27.755337 38.00518 35.274372
254.84995 254.83925 254.8344
135.99144 153.04132 157.34845
72.65165 49.73491 49.761208
78.45873 67.16219 66.62046
53.929134 38.349827 39.151237
53.221382 41.464664 42.440598
58.066372 43.564453 44.03276
26.964945 19.893032 23.515331
63.5919 51.813248 51.008984
60.42869 47.590652 46.731102
63.014362 45.696377 43.492836
87.28755 63.697556 62.46119
71.730644 44.918774 48.961536
86.848404 48.100967 48.318542
115.51028 89.974655 84.83575
104.40718 90.21961 93.77291
38.522152 27.318085 19.301525
76.86617 42.48195 48.18029
86.67595 62.385635 54.17042
76.128876 58.111134 59.354355
89.4038 75.96744 73.97711
58.9535 40.765568 34.57278
86.936676 83.77531 73.23102
72.260666 61.872307 55.487915
78.94776 65.987175 59.66378
80.42062 75.04932 67.51556
77.41249 71.229645 63.288998
79.46771 72.89382 61.90133
109.80734 95.149864 79.98419
64.82735 61.31182 61.94114
48.53304 39.08231 34.450466
58.03909 36.148354 30.798393
51.999443 32.483227 26.945335
59.453876 40.414658 34.267193
58.674995 39.5049 33.790653
126.895195 111.98088 93.36707
110.810135 102.55852 93.01942
168.62715 141.93608 125.15399
67.39036 50.06093 44.14822
60.24522 40.84004 34.85168
62.378193 48.551826 40.57334
50.544025 39.085194 31.766027
53.790554 38.20646 33.29867
70.99895 55.485718 47.442104
83.43456 72.64978 65.25473
51.251354 51.897392 49.851418
53.282867 82.90769 75.33852
73.06591 102.21085 91.56091
54.006657 79.6223 78.74219
93.97229 96.25693 94.36239
79.64817 84.087814 81.86601
126.17976 128.10838 129.58109
115.37747 119.420166 121.37452
93.67467 92.63673 99.423515
73.931435 67.83161 72.020035
99.12743 90.7272 94.492805
99.74042 104.69359 109.2446
55.95855 49.71412 51.57852
148.60623 114.65358 72.186584
132.39098 99.18393 61.184784
100.24168 102.28923 79.85257
98.8949 100.104675 80.32917
88.50159 82.881065 67.15839
84.61223 90.588295 76.15527
95.11195 90.73599 83.29343
66.63194 60.48962 59.030727
71.47453 67.48746 65.58564
69.38583 60.216625 57.720577
96.38459 93.221214 88.43352
101.398 87.48355 74.014626
96.867195 85.04486 73.50736
78.41266 61.480537 55.936188
102.922806 86.23289 85.31152
77.66234 58.040104 50.77301
27.111658 56.347794 78.95435
29.962683 51.605904 46.821674
48.30841 131.07956 143.49034
50.53294 74.855225 66.63306
21.673094 50.64214 56.014526
69.58216 85.63715 82.16258
41.038826 51.26588 48.184326
60.919823 91.53416 81.73527
36.918316 72.42279 60.139236
47.767242 57.202164 48.419872
54.847942 62.191605 56.34071
69.3775 99.47329 104.458336
6.970323 43.832268 42.26444
26.805346 32.459026 23.469913
38.550648 45.728645 35.333267
21.326939 24.631153 16.319004
48.069847 60.31287 45.333267
44.28854 50.852043 38.55091
27.051483 31.307953 22.204132
45.510117 54.967438 42.279785
42.297 49.07965 36.299427
51.63689 63.063553 50.123363
38.4749 38.828037 22.835054
32.562714 33.12284 19.250599
37.620037 39.277027 24.148712
49.052303 55.657257 42.536644
26.26906 61.479588 46.81207
50.61551 46.612823 34.711296
33.10946 31.671913 34.50336
25.420725 43.605278 39.841187
81.90067 75.74409 70.241974
94.43371 86.02804 78.425644
91.45883 84.411446 73.132744
71.859024 68.91979 67.57878
46.520576 37.253254 15.338482
72.39177 72.14858 64.7553
64.26916 65.56327 59.288475
17.634039 27.534678 34.68447
25.588392 40.585114 50.393803
27.066633 24.38944 25.717823
31.086145 30.77429 33.836235
23.756878 22.04778 25.190655
24.271849 26.218199 33.118805
105.06575 88.725815 76.219986
91.8382 77.54235 66.3414
98.200264 79.93583 60.984688
60.567337 45.23033 34.66119
76.58173 60.91392 54.530216
70.16193 54.917755 42.975437
60.347073 55.609085 46.85932
59.465355 54.772324 47.77265
87.84473 70.17341 56.748646
62.698048 51.798294 43.309723
54.940056 49.18898 38.798557
12.612265 5.718347 5.1563535
87.72415 86.624985 61.292015
96.22485 91.570786 77.60515
85.89214 83.81295 61.113495
122.85411 117.137726 76.49149
128.42741 123.460175 84.179375
113.759865 109.146484 81.370255
117.67211 112.62692 83.815414
101.6808 77.245285 66.54225
135.62941 121.033676 104.45591
98.37498 82.01669 73.038666
128.1109 111.07854 100.758095
135.48007 128.02138 103.2224
98.366745 100.461876 89.35147
90.47627 100.11438 102.19804
64.28421 70.923035 71.79518
93.84417 99.94173 97.51238
97.2828 103.219475 100.18042
95.068375 101.10215 98.092476
74.101456 82.56271 84.06581
118.71362 120.48316 124.111786
87.141136 97.53005 108.922935
106.70339 102.33796 113.307556
61.657093 62.142418 64.23768
109.06234 98.72445 108.78662
101.39354 92.555305 91.36006
121.34301 115.61364 108.02407
93.57888 82.28027 75.92874
122.89057 111.33566 98.99689
90.687225 109.894966 106.666176
125.120056 120.48647 117.04689
100.43282 100.36704 91.151535
96.45775 98.48149 92.271194
112.166916 112.76904 101.42148
123.41263 119.17298 109.12347
125.38285 110.84401 99.522446
43.8647 37.623314 40.69349
104.16619 117.1336 99.766846
57.336285 53.91848 49.930973
113.13346 88.05299 66.23233
80.451645 56.58472 39.04581
115.150154 92.36606 72.97449
73.18941 76.98134 64.32048
85.99108 88.57996 75.85758
64.848335 53.919594 45.346222
32.908314 34.829906 28.305264
35.76793 33.88093 30.472603
26.930218 32.476242 26.218855
5.785834 23.4889 33.49933
29.37275 38.43161 39.840992
28.437351 27.21574 25.402426
83.41289 69.763275 51.429974
65.53429 56.82866 43.954254
85.18039 67.75173 58.584885
80.763405 109.39659 101.24955
56.052204 50.86998 45.441677
71.070076 62.945698 49.41915
54.32002 42.0911 35.93071
79.96544 57.361404 53.475914
65.153275 46.82007 39.883095
98.29962 74.94071 59.42397
72.43519 51.183865 47.427906
63.998425 46.062405 40.675686
55.739956 44.593178 40.68031
68.83017 51.709362 44.64971
78.50061 55.890835 49.603935
108.34675 83.41433 66.60085
4.5666175 21.658895 23.310707
4.8925724 30.179571 34.984127
5.035973 21.367765 20.829678
27.996983 26.7252 25.75855
49.331596 36.221413 24.16206
49.796787 27.541334 18.829481
56.706608 31.08093 21.2101
62.677258 46.291294 41.902805
62.04486 46.374584 45.89159
84.960815 50.61712 51.749043
70.37987 50.916313 44.792294
70.500114 51.2929 48.034332
68.942055 52.11802 48.594753
74.35216 56.88218 53.39118
59.603344 45.6949 41.818035
63.40587 50.22948 34.967896
70.81587 51.976685 43.44348
109.44791 98.56908 99.15957
64.85581 59.116478 58.384064
24.79377 24.027775 24.295818
85.26719 77.31841 77.76114
76.68283 66.48195 58.046368
63.523365 59.74304 55.14747
71.51477 60.93589 54.548187
75.983864 64.54967 58.622757
84.034134 74.52199 71.81787
77.300835 69.6221 56.764977
88.48349 75.957275 72.45873
78.00646 71.186066 65.73641
88.71369 78.38 73.728775
84.3051 70.023285 62.647614
89.20754 75.4143 67.43683
86.68965 72.71044 67.489624
80.090866 63.70825 57.316216
96.149826 81.46637 76.20856
136.3803 127.76688 116.983406
103.39098 95.810295 87.01414
84.39613 79.84866 70.02105
88.12949 83.867455 72.0202
99.143074 93.02046 86.17626
54.36747 34.05496 20.00692
55.427677 37.364716 24.103985
54.804623 36.807083 23.65932
40.39944 47.179638 36.184456
78.56461 72.928314 68.30717
73.359276 70.196785 51.634136
39.85837 32.155174 30.370848
49.96124 119.399475 89.85968
136.57199 130.89478 118.331955
97.6787 86.07464 72.028755
179.11871 168.47185 159.62401
132.53523 114.09894 103.5111
94.73061 84.632034 73.13868
98.92373 75.96059 68.543495
128.0224 114.71094 100.71648
162.03699 151.47441 135.79994
82.1495 56.351402 41.98193
88.45614 81.13025 68.73081
83.919495 70.37908 61.84558
88.62935 61.711002 48.323006
71.17 88.7312 86.700905
92.73691 108.061386 91.57721
72.43158 82.68959 84.04539
76.94235 86.558586 83.54717
96.0628 102.735954 97.06929
89.44896 95.16055 90.33766
75.02567 96.55901 83.36416
64.196686 50.09631 35.747433
50.6343 38.955994 23.552582
57.685947 69.598885 68.08028
46.83545 45.98718 44.08526
174.37718 195.06178 195.94589
49.312607 54.75219 48.34432
45.50966 55.63453 49.196163
50.69877 69.891655 62.334545
122.15937 109.83578 102.66539
51.71484 40.331463 34.413937
119.33612 108.17655 100.79688
130.2803 105.25529 96.04797
47.45083 45.049187 39.054665
108.42469 94.780685 92.035484
110.59793 100.39682 96.62597
104.66788 87.14432 75.94769
45.4264 54.643745 48.681522
125.77954 109.58971 97.02096
56.696083 64.915955 60.203083
42.34199 41.64053 36.792294
36.378258 42.01646 36.961174
47.013542 43.792686 34.927265
107.456566 100.96147 96.48405
16.641548 13.77898 10.552943
83.016525 75.93429 71.44686
98.32773 90.00656 87.87693
103.12789 99.281654 96.15045
43.272636 38.84286 35.51589
22.887753 20.974356 15.735694
26.155107 78.10992 71.51681
32.52599 34.950287 34.70359
54.445812 44.313824 29.584194
75.66024 67.151436 43.884933
55.777145 43.995247 29.109362
44.98603 31.692703 25.001116
25.37675 24.747696 19.458075
41.302574 42.592163 30.204689
34.769505 29.74104 20.826725
49.146122 58.771866 43.839024
57.028793 54.548977 54.77957
32.884144 34.76606 29.461355
85.00105 64.052536 57.44558
57.78249 71.00895 70.127594
75.91684 82.67562 72.352516
67.83866 78.37039 66.589966
41.438072 29.351467 22.797476
69.62627 59.823414 34.575306
86.895226 75.250465 50.889194
59.650566 61.199608 59.209805
78.004196 101.83692 94.02253
95.04552 102.203835 89.67831
86.12347 94.04827 94.9697
94.64774 81.75842 73.59485
74.122086 59.150845 54.494244
53.84319 71.38921 60.09959
91.71451 102.26289 89.45715
41.510674 59.92979 52.283947
46.07998 94.00902 83.08644
86.29828 84.60161 82.13641
39.277718 43.909885 40.83594
41.66988 36.568554 28.996262
57.635876 62.43066 55.59177
100.37311 106.81974 96.00475
106.411705 110.9881 100.30546
97.258896 100.5619 84.456635
84.00741 87.53389 80.11405
91.638596 82.76272 80.52209
116.6746 111.986916 106.79357
101.097755 90.071846 76.69457
93.45706 100.09179 97.68523
60.63243 64.274994 68.194626
54.583736 92.3213 92.118835
83.33501 84.33494 84.08962
84.87122 90.21616 81.00862
44.18521 42.88975 43.220528
28.426037 36.541367 41.781242
41.58003 40.960976 44.39528
105.67267 94.12795 86.172615
81.01895 41.27962 40.995934
126.22807 53.275883 63.222103
119.69667 64.14445 58.79554
139.5799 41.943565 40.627544
106.50375 90.617905 83.97059
100.86106 67.18524 53.778522
98.395706 36.524643 34.55127
72.68975 76.31222 77.9276
70.59518 49.65345 41.169964
80.94274 43.68477 41.46142
113.79879 19.920216 40.603672
93.0405 82.31874 76.2568
148.37456 152.25969 142.40433
92.2201 83.87503 78.245255
80.784424 82.87309 58.848564
156.8189 150.31143 130.47188
89.02138 70.1072 54.145565
48.773994 31.577963 21.289358
50.163174 35.113823 26.574652
82.9232 64.676865 60.67247
76.86099 53.465748 49.935204
89.22742 66.23624 59.540382
51.59049 39.26322 32.13071
41.22692 34.07831 33.838497
45.38141 38.09018 37.023678
40.108444 30.452173 27.974651
27.212297 24.93599 24.390753
51.91084 43.864437 43.296047
43.62161 30.157337 30.2586
67.71497 58.310608 59.73435
37.03627 26.319725 28.954845
125.517525 123.52058 105.80164
82.91605 84.75629 61.38452
130.69638 109.57819 84.054535
132.26982 109.080246 83.94986
10.760092 8.370093 15.514544
2.3775702 2.377439 2.3767502
1.6976881 1.6980488 1.6973931
7.8141336 7.8147893 7.8139367
9.260404 9.263584 9.257026
5.8868995 5.88949 5.883063
7.5291033 7.531628 7.525168
7.928054 7.9305787 7.9258566
7.4017386 7.4040585 7.401771
7.3885884 7.3895063 7.3900313
8.375635 8.37698 8.376816
8.678308 8.679652 8.678734
9.286998 9.2865715 9.282571
8.761731 8.759895 8.757174
7.2647977 7.2643056 7.2581406
7.1518936 7.1550746 7.1446466
7.797508 7.804001 7.799443
7.7410398 7.751074 7.7446136
7.983866 7.99695 7.9887524
6.8046565 6.8347597 6.8098702
8.470995 8.507231 8.477849
9.295327 9.335498 9.301525
