0.009730208 0.0079610795 0.007106
0.018280996 0.014005602 0.012030075
225.16635 244.62807 245.00145
29.468317 95.22961 117.90582
104.97255 107.436325 122.38452
1.1940439 1.189798 1.1879699
74.95247 39.306236 37.8304
48.781513 62.697155 53.2613
26.646233 46.13519 46.754974
2.2098777 2.20516 2.2025063
30.755388 32.78859 26.291906
30.83892 32.806606 26.29574
32.3834 25.738552 22.17031
23.18402 17.542416 15.114315
17.997581 14.293794 12.082943
25.529058 22.199883 19.90373
143.989 143.56953 125.18325
127.84921 126.33581 112.051125
152.01932 146.48167 133.5249
150.26381 151.65416 139.78581
147.56279 146.89865 134.02359
68.50494 48.089195 25.804747
103.855934 76.20932 58.633938
65.4526 56.82241 39.311012
107.7211 71.74383 56.164352
75.96842 64.95595 50.305645
106.007225 106.10842 91.69229
75.12351 60.310776 40.392895
94.09842 92.630486 79.222084
141.64777 136.77818 112.557274
69.00513 56.010704 38.339966
108.13042 116.80469 100.199295
108.55931 118.50299 101.28424
115.8248 119.07345 97.552765
109.163795 109.56966 95.62126
101.401 92.53121 76.28642
93.83258 91.024445 68.81639
78.421875 77.51036 56.33124
81.142296 81.89948 59.05154
108.55288 116.30246 93.546455
82.58529 81.36391 54.72074
78.033 76.387054 51.624947
96.67902 82.93433 63.194782
107.589325 92.49946 71.5479
82.02663 70.89456 55.2373
82.32434 72.58485 55.810024
89.620316 93.39826 68.256935
91.12346 73.618576 53.00112
67.45927 69.15197 57.240807
61.44414 58.7563 48.184433
97.76199 87.668434 67.83789
65.28595 57.35421 43.1627
62.66428 54.869556 41.571545
71.20303 63.158722 42.90606
64.39723 52.813477 36.302197
93.15642 79.180305 59.10084
59.87728 48.33171 34.62589
79.95471 67.52714 53.56447
35.114994 36.053665 28.147781
64.619606 47.769688 28.664337
76.657616 54.95303 29.458675
57.075012 40.2133 25.18455
75.504906 60.880405 42.33858
81.87094 68.77662 48.16503
85.160545 57.829838 29.818518
86.36362 73.933655 47.310307
90.2337 77.616486 50.08648
46.035885 39.403183 25.917353
63.356304 49.487305 35.585228
78.363205 63.51119 41.509125
39.665134 41.8401 38.847
35.938522 39.661213 35.871563
34.83733 37.14881 34.059296
30.6253 36.028984 34.49789
55.184227 56.710747 46.84243
74.562225 64.150345 47.506355
18.260653 19.298658 16.03332
25.748075 30.032494 30.295002
26.256641 29.848827 30.248474
23.943653 27.429987 27.298746
26.209642 30.941885 29.054136
27.984844 32.010174 29.971783
95.27852 82.44431 47.856964
69.20085 57.03382 27.844404
78.10907 64.30296 36.388973
33.403744 38.419727 38.276928
31.491995 36.097126 36.314285
34.15972 34.70945 32.69872
37.949787 37.55766 35.518738
32.772816 37.698452 37.67053
147.45793 137.35223 114.24125
86.632935 72.83585 54.558277
80.0715 73.148315 54.01038
102.13534 98.01091 71.98953
83.95288 73.75141 54.31517
74.85272 64.89801 49.25835
69.49353 60.71243 47.49515
69.06705 60.147163 46.63624
84.40489 74.67879 58.417454
81.21489 82.19985 71.33469
70.37989 69.36822 58.0557
83.6539 82.938255 68.03455
85.03214 87.22736 70.413536
106.53782 108.78367 97.5987
79.50125 73.74191 61.18974
83.43751 78.23612 66.67327
78.90143 86.67398 78.90954
71.923485 64.61056 53.512222
74.56137 75.5607 62.950672
74.38261 78.960045 65.74014
66.66103 67.52198 55.26254
80.367744 83.10632 71.914345
78.53994 73.29828 60.976322
83.62391 86.730385 71.72175
67.776794 61.926727 53.2189
73.93525 71.52732 56.509243
72.05599 72.88427 61.92953
88.543625 83.33242 69.11234
96.21067 93.67121 78.14044
94.55928 80.85652 62.156864
151.67822 150.27614 119.22156
66.48969 54.06634 41.556274
126.85546 114.0324 84.67256
123.953445 122.27719 96.59614
76.93378 68.287834 48.193928
52.50087 47.359398 34.483326
65.905556 61.799206 42.870884
81.69214 83.74395 51.70538
85.61091 84.37149 72.58467
113.69804 113.80192 94.61259
77.76125 66.27409 41.52511
82.12039 65.98248 44.184048
64.478226 49.899837 30.633053
97.82468 76.62754 43.176735
78.66062 61.437622 37.508034
83.24691 65.237946 38.329323
122.8674 118.70175 88.071884
96.53292 92.46915 76.40767
52.301254 49.96866 44.219017
95.057465 86.697365 71.81566
43.972374 42.072475 35.18732
29.466726 31.524872 27.827068
54.841427 49.103523 37.36052
65.3689 61.983135 47.214626
80.698715 76.839714 59.65968
101.08542 108.98776 100.86221
78.36969 72.17609 56.505264
67.69878 66.92325 51.585167
64.34607 63.32959 49.439598
83.656845 77.08507 59.641575
83.47984 81.126526 70.566124
63.518707 64.36945 56.32189
78.43907 76.33124 64.63361
122.0281 119.5898 103.99549
92.68828 95.0028 83.2991
93.47141 89.74091 78.3121
92.924194 92.72803 80.84411
103.62958 101.989 90.71603
86.74522 83.709305 74.22341
97.29512 92.813095 79.39251
126.87153 127.024 114.26021
97.312546 126.63043 129.49657
63.79938 56.059235 48.23954
85.021996 74.49709 61.06764
69.866196 57.58213 45.133747
91.66339 83.84597 69.12416
88.584816 129.28421 137.8538
96.71541 134.07224 147.626
75.41684 68.808784 62.5042
103.14813 102.71263 92.05847
97.19389 134.11252 140.41608
96.56592 95.250984 83.118385
97.7755 96.9742 84.70697
69.02718 66.364265 58.158543
112.369804 111.46735 100.790474
143.28061 137.40881 125.69267
80.91773 76.31493 68.558304
103.63978 103.41899 92.48156
91.23367 131.83865 139.09187
108.5607 106.22925 94.70895
96.819046 135.264 148.54008
75.00905 70.97128 62.467346
89.786026 84.0866 73.9816
109.75899 153.67595 166.3029
91.40056 88.124344 80.45729
88.81887 83.03276 72.66071
108.66649 108.7144 101.12596
73.835556 65.553505 52.392864
85.562935 81.39331 66.63376
78.67068 67.64355 55.945717
66.55114 59.67377 47.482353
86.513405 82.32033 67.60254
79.28663 76.33092 62.36456
80.03229 81.736046 69.52555
94.60177 84.17597 70.001236
78.78095 78.94657 65.87646
97.747696 94.95454 81.45101
98.297035 95.575294 82.13743
123.56668 146.51811 148.86649
97.70137 95.07422 81.960434
107.94923 102.79027 89.1096
112.62462 107.565735 93.446205
88.86313 83.017044 70.800446
100.33348 97.619934 83.861595
99.5737 87.905945 75.37284
88.04709 88.53366 79.411736
113.39121 110.355415 97.57966
66.431015 64.94486 54.947575
112.65269 110.187 97.387115
102.74575 98.57326 86.05732
108.51293 105.68539 91.51771
84.00669 78.59142 66.278755
60.548874 68.25272 67.259705
95.16816 89.40245 79.22025
100.6733 94.6595 83.38936
128.30544 117.055466 102.80263
112.241455 104.09385 90.87872
136.15636 132.51384 119.16273
95.025566 84.57228 71.70547
104.881615 104.86498 93.943
61.932156 49.924103 25.779331
70.15008 54.55913 32.441544
63.28433 57.042667 33.312782
63.538464 55.224297 37.41448
71.81091 60.859913 34.376766
67.00133 53.708096 35.08023
98.397644 73.260445 40.997967
83.81811 67.0222 38.52655
90.273865 69.1755 49.395134
89.7446 62.4534 35.064426
51.290813 45.36223 29.510807
53.716232 50.43653 34.35362
59.5714 43.003773 32.506767
75.08188 62.86717 35.478607
83.00708 64.78535 36.95462
66.4225 54.027214 32.69577
61.80743 52.349876 33.23211
78.48901 67.56488 44.365826
114.431015 109.33144 93.140114
102.71998 102.41931 86.59098
69.96046 53.641163 43.898216
73.13504 62.58862 49.241604
81.76995 82.96763 69.56966
94.70031 83.247734 67.43833
99.54707 105.58664 77.58251
62.907948 53.48368 34.023796
107.58956 93.34251 68.29686
82.176025 67.21742 45.069202
79.34719 71.68197 54.195225
62.867317 54.42061 36.578415
5.114227 14.108684 9.887041
66.73619 56.20457 37.0953
55.433968 45.76792 34.297153
81.76954 77.488075 59.7944
78.40298 65.444756 43.244316
78.18753 63.23158 40.080406
80.43871 64.10258 40.90432
40.638477 47.562378 49.607136
40.673447 46.845966 48.04199
69.845436 56.38847 34.756805
105.35168 92.788795 56.55029
68.9267 56.24977 39.054813
87.91708 70.069084 43.54569
106.27569 93.8253 65.84691
80.78573 61.475895 37.391685
123.514435 114.64859 95.22975
99.55999 80.59903 56.098984
75.59228 64.89668 45.908714
103.57143 95.94695 74.92924
80.88577 78.22409 72.3075
80.429306 76.937904 70.400826
77.92493 64.12074 41.124634
125.57966 109.66968 81.56503
85.001884 83.4059 69.41967
73.61693 69.591156 62.82642
68.43034 64.58817 52.80457
72.56093 69.9852 59.858677
70.47967 72.10055 62.54268
85.61542 78.99696 67.57765
61.02005 52.47097 31.946926
58.433083 49.205868 33.79652
51.418076 42.307003 28.653929
38.22235 46.4207 48.356598
76.36892 67.30641 58.29621
83.416336 75.48863 64.964
85.5241 76.377884 66.70055
102.67596 100.1466 85.190155
78.22828 73.49801 62.79531
108.057144 102.69583 89.16503
71.561134 66.26378 53.85664
64.36957 57.439453 45.412975
57.39779 50.651306 41.74256
95.02468 88.89238 72.37193
85.28197 77.27056 64.69014
81.66856 76.12283 63.22701
91.76176 81.59782 66.36639
91.37806 82.07961 68.04152
103.72036 94.063484 78.48218
68.942444 55.106236 38.477665
53.527966 42.019253 29.498718
34.69341 33.786938 29.567684
32.698364 28.310276 24.042076
38.12378 35.243904 29.649948
41.11697 36.955772 31.236061
39.334423 33.924427 28.844288
42.06133 30.668022 21.097656
27.186968 25.688929 22.306059
41.6751 31.619873 23.996845
42.529293 32.4378 24.551643
55.729057 45.109127 34.114906
35.266933 30.997435 27.03432
60.19652 45.81675 32.679848
81.2529 70.41858 55.571312
82.6049 74.4626 66.0777
74.56241 69.33189 54.892967
113.23892 107.30379 96.02144
102.88911 95.622734 82.784225
107.464516 106.55153 99.21114
100.98726 79.64644 69.59864
104.48669 78.98953 60.88088
102.37287 92.46104 77.69391
79.0978 67.212204 57.514374
81.28548 67.48598 55.783695
61.22565 48.9438 37.112427
44.973022 35.727642 25.138847
52.46466 34.48946 20.645702
29.137934 28.981277 23.007341
41.302048 37.95129 28.117825
43.336784 29.529617 23.797258
40.53239 34.78738 30.420404
49.613976 36.86917 30.177828
96.16108 75.51738 51.614773
91.75515 78.95754 55.407753
78.554596 59.301373 40.04455
72.30432 53.1627 30.27398
80.8917 66.44986 41.064457
83.32915 64.65879 39.913666
84.74672 73.43751 46.231964
68.92664 58.862686 35.51511
75.63842 58.607372 36.96609
72.86655 60.43249 38.766975
88.91815 68.494415 43.005985
83.34905 68.11782 45.03435
76.01834 62.270176 38.145275
77.810555 63.82863 36.71874
17.547604 17.465635 13.0775175
82.977974 70.895706 39.531357
75.97146 63.718296 34.446705
91.7553 79.09367 49.971165
120.861946 106.73897 77.10948
109.179245 94.53292 59.37712
87.07658 78.41996 45.579155
83.219376 73.07601 42.913048
72.27937 58.499542 35.824974
72.03099 63.24974 40.340527
86.41489 76.53348 47.086746
86.548225 75.4327 47.082264
95.31735 83.56916 52.2506
95.960724 84.189415 52.860535
79.63866 69.17087 44.839214
70.156334 58.490814 34.107296
74.84302 59.447205 33.695827
84.3502 73.32053 48.169983
80.667404 67.89382 43.49789
84.02895 72.64378 45.234615
77.9941 67.95465 39.922157
45.494118 33.04464 23.67392
81.63494 70.850006 46.094322
85.5663 74.347755 48.870205
54.935455 43.821465 30.679228
74.416306 65.63692 52.253662
72.847916 60.289753 37.929146
55.956894 46.200855 28.71411
76.01766 62.207664 36.114315
65.02152 52.829338 37.568687
67.40985 59.091553 36.173405
70.06192 63.627098 45.704704
64.51989 49.839954 32.2858
67.134155 56.558838 34.34616
59.299423 52.05493 32.210083
51.42238 44.04022 24.132183
61.858173 61.637684 43.06186
67.15586 61.572342 43.606014
68.79077 62.893204 46.729618
101.2373 93.41501 77.07153
94.71744 89.14147 75.69533
62.215893 60.06752 50.32325
104.363525 96.88171 77.0746
74.05051 62.400738 39.926346
73.53758 60.08088 36.032936
105.549995 97.37959 76.7977
140.45227 128.24434 101.9221
62.792156 43.53469 39.80855
110.185814 106.04214 86.739555
44.980747 40.82167 29.236002
85.759224 76.27094 58.599617
58.36807 48.893795 33.94902
65.4902 58.49241 45.984726
53.95182 45.558483 31.633348
74.0158 60.6401 43.38443
67.49129 54.930237 38.195343
64.719505 52.502995 36.435764
97.802 75.8488 51.256374
83.219696 63.070057 44.596283
67.52493 52.65546 32.70889
68.07516 52.87849 35.93053
67.141945 52.52039 34.251335
60.694412 46.150112 28.991655
75.623825 63.03081 40.425507
61.38971 39.253162 25.016777
79.58166 67.40312 47.890522
105.949905 93.833145 74.446526
100.41569 75.63456 51.111427
73.19068 57.543743 42.025978
91.48757 91.6496 74.80663
67.814186 58.925903 41.78284
119.39531 110.43376 90.051956
62.74563 53.230106 38.43423
57.05732 44.619137 35.196785
38.579597 33.939613 26.547722
36.50827 31.689047 25.072298
70.61872 61.385876 43.286125
56.474598 45.510777 26.319357
45.087955 40.738316 33.577324
53.305027 42.553677 30.44591
50.239365 43.975998 33.392776
49.33077 41.198524 20.309628
66.15828 57.902817 40.749374
45.1328 38.44638 28.101725
53.237034 48.926346 36.11641
88.14451 70.16674 45.58337
92.25464 74.243225 47.470383
84.90992 80.78378 50.387085
77.03055 51.071857 28.277636
96.282295 97.3203 76.154976
113.537636 116.77287 91.89202
126.640015 132.5541 106.133835
68.942825 55.547546 41.613297
89.72496 73.72139 56.994957
83.563675 68.586494 51.717236
83.135635 71.06643 47.730858
55.078754 45.054962 30.424208
59.620403 49.73905 32.911514
79.455284 90.78935 90.69509
57.781334 47.434025 36.373905
92.86888 85.39614 75.72003
80.208374 75.36025 67.03694
81.57323 79.30296 73.42905
86.32543 78.14713 56.282177
23.081903 18.464552 14.326429
19.622292 16.220934 11.7805395
32.84756 40.56267 39.711483
30.859709 50.728085 46.598465
20.37759 21.628424 16.477901
18.030724 21.293793 17.768274
33.54442 46.109715 43.99301
52.768215 78.89332 85.27866
47.193367 54.17063 48.501904
19.366652 20.2046 15.6446705
27.764736 28.040808 22.255816
27.598171 27.895327 22.180775
25.79826 37.306087 38.035294
24.198643 33.682056 32.278107
35.919975 48.164204 48.659267
32.079758 43.322365 41.10618
26.602417 36.77261 35.368687
26.077812 35.60746 35.54958
25.43954 36.55312 38.359665
31.719357 61.031166 67.838715
29.423943 38.608963 34.033054
31.652485 41.43845 42.99372
31.59419 41.31249 42.848858
31.413328 60.07793 67.48085
29.546041 54.968334 61.9678
33.703434 48.33077 50.199203
26.056877 40.765648 41.91113
23.714169 32.443844 31.981188
30.846853 33.117645 28.231638
24.59832 25.038183 21.337639
23.387056 24.253134 21.626007
22.215538 23.333452 20.380186
21.882088 21.289194 19.271532
75.568565 66.98337 52.496593
53.88922 49.045555 39.303936
48.51974 42.16789 33.426094
42.474155 37.0304 28.532715
43.83167 41.811707 34.36951
31.829102 28.504055 21.955772
48.38095 44.50385 35.046528
41.434765 37.004925 29.484211
24.091995 24.604452 18.091671
27.590122 32.01946 27.544655
32.975998 39.174908 31.939938
27.81268 26.896181 20.961521
27.037949 26.202948 20.302551
19.72552 16.962759 12.879346
26.337374 34.437122 30.917765
15.380244 21.018133 22.149757
27.320772 43.01424 46.608727
13.972283 14.681114 13.119681
14.739201 14.951644 12.36506
24.061447 28.350405 24.709007
27.22055 31.663069 27.648327
39.584106 47.133244 37.106647
19.436178 21.258795 19.593248
25.13631 27.584667 26.067316
26.906355 23.031727 20.376913
19.723043 19.631668 18.177532
22.819519 20.326433 19.563616
29.33469 28.955212 24.39717
20.259443 20.545305 18.064043
20.340971 20.58275 18.186672
21.088604 19.62468 16.496977
19.66702 17.804836 15.162495
22.832817 24.726257 20.47967
19.239216 18.944862 16.68315
22.481321 20.323368 16.92033
21.881617 20.841722 18.401474
21.889519 20.41542 18.042017
19.361729 18.348017 16.296741
24.703493 21.927671 18.513756
19.549343 18.932833 16.197258
27.174112 27.476486 20.635618
16.146336 15.700045 13.465753
21.039923 23.080997 20.062922
31.671354 35.09179 27.581572
25.972609 27.27613 21.008139
37.82344 40.67902 33.49161
20.590063 21.47457 16.318531
21.499308 23.936106 16.959929
23.55639 37.695385 37.777
48.45558 64.76084 63.868553
21.065723 23.288456 16.594221
21.17249 23.001387 16.459944
28.214802 37.448944 41.417397
17.151585 32.012207 40.122158
24.227037 34.17889 35.05617
31.625181 29.330503 26.066017
29.464869 29.52841 24.503553
33.209053 34.416275 32.0549
31.501873 32.81589 30.681498
38.801826 29.133186 23.051659
39.87495 29.61775 23.740765
30.998968 27.51399 23.527584
31.595755 31.207726 27.360725
26.470648 24.00395 20.310688
33.376972 27.794014 24.43556
26.688723 27.562878 23.484446
26.53814 27.523603 21.980068
25.641161 33.86702 24.302078
19.882677 24.780716 17.890078
22.007696 27.638863 19.514433
29.015038 24.92089 17.022968
24.901548 22.996138 19.201681
23.55931 23.693794 21.029633
36.105766 37.130737 29.82055
29.057732 26.46985 18.373522
35.82076 35.496593 28.482117
25.509598 24.690432 19.975851
31.742651 26.119474 20.188353
29.475395 28.138405 22.918179
30.125135 29.104467 23.109037
32.43444 29.506708 21.601799
25.39711 24.015097 19.276691
29.472681 24.454813 16.040543
20.542768 20.628277 15.534866
21.352823 19.666607 15.939201
76.122246 72.79906 63.8276
115.14613 114.773315 104.54315
86.24517 72.76892 49.164707
81.43117 62.770603 37.504555
88.65596 75.39127 50.778297
83.91343 70.8874 47.7093
88.67188 70.62285 45.797493
78.86357 61.119446 43.811737
112.96491 108.159546 95.61545
119.80513 105.40354 88.877075
113.03409 95.11045 78.44502
38.123013 31.953207 24.795547
59.398262 53.167862 51.212563
81.072266 73.23753 79.63736
79.42834 69.28079 93.835175
76.77213 58.59531 55.157776
93.84724 77.63547 78.45413
36.866196 31.927082 23.621288
23.184284 25.050156 21.288338
23.289812 23.425652 21.400797
36.519505 44.4608 59.50936
27.403952 31.914816 29.478254
39.066223 58.660564 85.9269
28.180067 36.084682 32.041134
40.312515 38.21383 36.59537
43.469555 50.38741 41.241367
27.01091 39.95698 44.794956
30.831697 34.267963 34.65275
1.8052484 1.8055727 1.7991449
3.0026832 3.013475 2.991862
2.793926 2.794221 2.7879405
2.093705 2.0941765 2.0878372
2.579655 2.5801563 2.5737283
1.3403509 1.3408227 1.3341295
1.2863334 1.2868937 1.2797288
1.7026094 1.7031107 1.6956509
1.4370338 1.437535 1.4298983
10.719417 10.996992 10.564617
7.815598 7.9345717 7.726168
10.297391 10.456376 10.146248
10.97706 11.230075 10.826006
8.0015335 8.1230135 7.9107475
11.278962 11.477517 11.126346
8.989886 9.122748 8.859148
7.8528085 7.9581895 7.7931595
9.780274 10.019342 9.620669
8.975704 9.118296 8.889666
8.038508 8.116173 7.9803333
7.716674 7.8315496 7.620699
9.646912 9.798496 9.498895
9.294265 9.4585285 9.184373
12.297037 12.549344 12.116762
