0.122109756 0.07518675 0.08598778
0.27752805 0.20528409 0.22106522
16.027973 13.799664 5.9246516
17.498852 12.969408 6.201856
20.958315 16.902822 17.016104
62.143517 57.49937 53.52427
52.364616 47.877083 43.91398
63.400867 61.07066 58.66216
61.40578 50.789154 46.869904
61.34282 50.713028 46.785984
71.673256 63.99557 57.770267
52.20011 44.38583 41.838566
78.24354 73.224106 70.61643
47.36562 39.19416 35.971962
59.56967 54.17369 49.28532
66.16153 62.971382 60.25835
40.843643 32.740097 30.168741
45.482845 37.02765 34.625263
67.85429 62.24522 55.45733
54.307796 49.01743 45.94237
86.75649 72.547714 65.15361
50.567314 45.10998 42.55001
39.131714 32.821007 30.116062
63.303818 78.3446 78.49539
85.6188 105.984314 105.04508
62.991333 80.40138 80.74388
88.6013 106.40281 104.560585
82.04708 103.69647 103.930534
80.85981 96.5028 94.312584
62.40698 78.46415 80.12072
53.256153 65.04702 65.49646
40.849434 45.834686 46.494938
59.60631 70.130745 71.72561
74.660126 103.896645 107.64389
74.17563 105.572845 109.639915
73.59748 107.22799 110.64648
99.79274 139.29887 141.32216
71.460625 106.38363 111.81244
73.231155 108.816864 110.661285
66.78433 97.835205 99.18905
72.9576 117.40281 120.22285
70.85121 108.50477 109.740906
53.290657 89.69582 92.58865
44.19193 79.659966 83.244736
49.984608 80.157684 83.57533
59.437893 91.92607 94.747795
41.5504 81.36769 85.93694
54.272224 96.94014 101.79119
47.05022 79.14711 82.86489
57.766224 53.65783 46.522846
21.994276 17.511917 16.451088
32.84523 26.640398 24.748472
42.411602 35.514214 28.156292
27.131617 20.328266 18.197134
22.984186 17.246515 16.005465
50.13291 42.290527 33.695404
24.148207 16.628174 14.454193
29.152023 26.424473 24.24532
19.122368 14.595609 14.204638
26.358084 22.671442 21.03373
28.030787 24.923326 24.318695
32.537205 27.109756 26.276913
32.78815 25.798338 24.553019
31.230347 23.579601 22.547457
76.34945 75.453125 72.08043
70.278824 68.79882 67.11435
36.24519 32.629856 30.987291
46.768974 42.971573 40.106297
49.175114 45.77166 42.452057
29.131714 22.397213 20.23953
73.77706 69.87288 64.76286
29.25612 21.443457 18.91508
24.71817 18.938492 17.31863
30.489151 22.489054 19.76364
27.405943 21.576012 19.88633
32.13912 25.188921 21.867477
36.895775 30.057337 27.927238
33.590305 25.495941 24.403746
37.13498 28.164537 26.073214
35.092777 31.748795 26.56508
43.004333 38.411507 32.400543
36.48598 31.036833 24.487696
50.824986 47.715034 41.48223
33.98671 28.70003 23.359959
30.43605 24.045145 20.586166
55.866314 51.580185 44.883354
68.74992 67.358376 62.07105
79.04909 76.849335 66.24985
52.568993 50.236717 40.002457
60.35275 57.94939 49.631664
99.258644 96.31711 84.941826
100.73731 95.88759 86.09287
54.551823 52.70873 46.3836
67.3758 65.85706 58.112602
110.55952 108.36397 97.08072
41.708954 38.310352 30.94399
76.854996 74.2158 67.37357
45.75565 45.67833 42.814312
39.796074 33.59008 31.828703
21.831581 16.404942 15.037642
23.946028 18.450571 15.93542
47.994534 46.340813 46.621803
34.114445 28.74899 26.060894
52.185623 50.677296 49.38227
38.246902 33.96627 30.56534
33.09488 28.474955 25.692366
29.342075 30.689777 32.034245
46.527084 39.50089 35.601204
48.718365 46.002876 44.868805
21.829966 15.381205 12.733176
22.483168 15.719464 13.298419
22.708275 17.406462 15.998577
32.94952 27.648935 22.4106
31.07331 22.661417 20.657568
34.098923 23.982925 16.92614
32.2676 22.482456 18.114931
33.642693 23.644083 18.813343
36.205803 26.686253 21.385733
30.87152 26.320345 20.43838
28.41322 21.668951 17.33399
28.303982 22.089222 16.036995
24.386671 15.24713 12.754908
28.29693 17.442713 14.068007
30.730137 24.154642 17.349092
27.876661 18.485819 14.980661
36.791515 27.106781 21.053228
37.244736 28.89089 22.33703
45.983734 33.58885 25.211784
34.116966 27.016493 22.097403
34.45998 25.11907 19.199076
40.423958 29.25667 23.27368
33.6879 21.150146 13.496362
34.514893 25.651197 19.425703
78.49497 64.80775 50.853893
50.26136 36.721924 28.330984
47.47935 34.430264 27.033762
49.840378 35.149014 29.465576
58.09181 44.85134 32.06694
41.800503 28.10455 22.012224
49.414318 37.73088 28.410276
63.57297 46.496426 32.91744
48.809914 36.07318 24.146784
56.32361 42.09766 28.943342
33.011223 23.830418 20.081913
81.08903 60.0379 35.880253
44.354267 31.342657 21.87275
44.75591 30.138052 20.878084
45.5829 29.759499 18.816027
47.95987 36.072437 27.216764
44.89147 28.526663 18.515959
57.477055 41.419365 31.048895
38.79229 23.91909 16.406946
38.88646 23.952106 16.460596
33.36843 19.74029 14.760534
63.538113 48.038128 36.38929
48.499466 35.79546 26.602465
53.765224 37.506615 27.142807
47.80833 31.96931 24.414999
44.968277 25.776995 19.813148
44.66847 31.503218 23.252434
24.92669 18.404068 13.935194
43.28115 35.552532 27.54364
24.364325 17.3857 14.872393
24.072115 18.238205 13.48126
46.969086 38.773857 30.465284
29.288847 21.976103 18.964201
50.467 44.39857 35.103096
22.69838 14.64085 11.638812
20.730944 16.086731 12.788119
20.155548 14.983604 11.050351
25.553892 17.180836 13.127737
11.156162 8.112279 6.926107
27.446722 20.991592 16.849659
10.081299 6.94344 7.1614656
3.3837597 1.3377098 2.5435114
23.435953 18.367947 15.946803
10.850726 7.879184 7.087217
22.967888 19.490574 16.962616
20.063448 15.501827 12.457232
32.11648 23.844646 19.333797
33.221 24.686802 18.747955
8.565308 4.9187984 5.1910553
9.696666 6.0167513 5.9847364
28.731333 20.790092 18.929922
15.524819 10.628335 10.504123
15.815542 10.686415 9.926495
5.809074 7.6226435 9.67639
22.44488 16.272936 12.712512
19.730686 13.251851 13.063513
13.756847 8.115092 10.729328
20.580442 15.7855 15.092487
24.698801 20.714388 19.610743
20.58429 15.212787 15.091841
15.685315 10.444815 13.680788
17.345018 11.824015 9.627817
19.287262 13.412509 10.409954
18.409307 12.644245 13.973515
15.91896 10.759337 10.24658
20.81373 14.7307825 12.757398
28.893639 21.739578 16.80335
26.269087 20.236328 17.8375
14.446561 10.031918 10.660415
14.942018 9.940207 8.323157
18.361706 12.366136 11.838502
19.738997 13.777091 12.071532
26.92656 20.312195 17.128286
11.525887 8.265466 9.265984
27.642595 20.195 15.113767
27.364487 15.366911 10.206545
34.625263 26.72991 19.617373
22.25182 15.699188 13.52288
26.0054 18.455519 15.687902
35.991947 27.74307 18.832584
29.17799 22.17094 15.459302
34.26087 23.71125 16.559002
29.390583 21.331339 15.809042
37.182323 31.06416 21.279985
31.731203 22.461727 16.182194
33.251335 23.71953 17.084856
29.246645 20.052097 14.94315
30.869095 21.563496 15.304627
41.998707 30.371342 22.386864
28.951654 19.651684 14.430068
33.87938 22.423471 14.994632
38.737446 27.15461 20.059793
41.629337 29.974453 21.889791
43.581573 30.7703 23.075413
43.705654 34.035862 24.753937
49.762344 35.752968 26.126928
36.15817 33.339035 27.458752
42.63846 38.602627 38.532547
25.87029 19.135628 21.472141
25.5482 18.523558 17.728874
14.123048 12.447272 14.920933
27.84691 20.580248 21.770397
25.622967 20.656921 20.000938
19.467873 14.848559 15.818161
15.321541 10.811985 9.890664
17.004301 12.96598 14.375901
25.81027 21.569836 19.498852
11.581832 7.5845165 7.9070916
16.639782 11.861818 11.434078
28.618214 20.822851 21.61417
26.08932 21.605116 20.977364
19.07758 13.30854 12.140639
23.906542 18.14439 17.423698
18.406591 12.356143 11.577919
52.623096 50.589592 49.418556
26.659994 24.227726 24.465738
46.532547 45.60741 43.88009
32.393204 35.108463 40.463734
65.779 72.272484 78.18636
66.721725 73.49177 79.49487
63.291336 71.031075 81.36245
44.81674 46.6034 50.817287
51.071114 54.9405 57.703587
34.112377 35.153282 39.35679
40.998158 41.526176 44.724476
37.55134 35.766743 40.3586
52.801476 55.93736 60.874817
45.444813 43.570934 48.484493
37.375256 38.17479 42.445656
18.913948 17.849432 19.891958
19.85616 19.065163 24.169033
43.8234 42.83433 47.30757
42.609512 45.895966 53.178993
28.000938 23.559938 27.21589
47.239788 48.403584 54.11994
39.05242 40.43243 43.28131
30.449083 27.072212 31.451832
56.26359 56.13058 60.317856
56.7757 58.07981 63.196907
55.58057 57.83873 62.449535
37.71775 35.981148 39.226982
34.387867 32.38308 35.23468
90.144875 98.23012 101.81971
96.56473 99.73965 104.44407
100.599846 101.3391 104.869576
85.09931 85.714905 88.560326
71.197914 70.11173 72.379654
72.4442 69.43052 71.05983
91.83879 94.34757 97.70446
81.84306 82.01433 83.90024
85.733986 85.63254 89.606895
77.30702 77.36733 80.03913
77.379364 76.47583 80.809944
54.85519 51.61113 54.29761
48.29127 43.897358 46.172462
81.9471 81.56278 85.53012
95.07095 95.01588 97.73518
75.258965 76.42907 78.18688
84.28316 84.298065 89.332016
63.88219 62.196358 66.520874
68.18165 65.73347 67.99981
62.390614 60.78592 65.224976
76.73136 77.26983 85.06995
35.20506 24.626007 22.054426
13.860977 11.101542 13.547618
13.500016 13.610678 18.374382
14.521748 10.695178 13.48776
37.723667 29.88135 27.023413
28.411345 21.172558 19.75562
39.341427 30.79572 27.35113
20.795135 14.23552 12.853281
24.696667 18.325 15.118003
53.695404 50.154835 48.767876
41.777317 37.10067 34.438866
33.098763 26.097403 26.40093
31.853863 26.559002 25.27119
32.109886 25.70488 23.36798
17.69065 12.28503 13.7998905
18.99046 14.696278 13.759435
34.521812 28.371794 26.704266
28.84911 21.83252 21.334476
30.64997 23.811468 22.286583
43.43023 35.941822 34.12832
40.817516 35.001778 33.694565
33.96265 41.13398 47.929115
32.686966 46.951332 58.09734
32.188015 47.70349 56.21476
23.211557 48.613976 68.124985
31.66824 56.679882 76.87291
15.544869 41.8061 53.041393
18.271902 55.310287 74.98099
57.254826 115.58267 133.57692
24.628044 40.36953 52.78631
19.384827 39.011448 50.927303
45.424213 86.32943 103.2729
49.10057 87.53529 104.68247
52.85564 80.13899 96.47269
24.029978 40.20493 52.585163
37.374447 58.909195 70.55131
16.244995 18.964783 20.417974
23.640947 30.011059 34.703327
24.542574 21.917051 19.387964
36.913235 24.208614 21.871584
21.949293 22.137018 23.158943
25.375837 26.98645 29.59053
19.153187 18.576077 20.273228
19.380688 18.68745 22.024254
29.329657 30.08091 33.6836
25.424765 23.45513 25.180027
34.033924 33.664944 34.68884
29.237751 28.348543 30.008183
20.376387 26.894836 32.11962
18.9534 17.334831 18.590176
26.641788 27.35032 27.99185
12.585972 13.662937 15.085729
121.01183 114.0985 93.467125
87.525566 85.641624 75.38447
106.183556 105.30434 95.40837
69.63267 74.21967 69.916565
86.224236 89.65929 80.71814
96.453415 102.27513 99.34285
50.048183 49.94942 46.394882
66.38861 69.14057 62.035053
133.75546 141.4171 134.2927
100.76115 105.97937 100.81751
92.595184 97.22737 89.465996
66.84374 65.90169 55.828186
40.43243 38.837112 32.05077
62.23507 62.336903 53.417423
40.283543 40.35126 33.00689
54.407528 51.80089 40.954113
53.00912 50.538757 43.29622
34.53766 47.042137 48.140156
28.712318 20.893768 17.394173
30.530964 25.593992 20.982246
30.135885 25.288588 20.637777
28.548555 22.662388 18.109402
30.076384 23.13152 18.923681
19.563076 16.451347 15.767293
24.757462 18.84248 15.758465
29.630436 23.149565 18.626104
19.633284 16.312065 14.501633
19.652945 16.498043 14.560328
28.928144 23.775087 19.336708
26.634123 20.90402 16.73932
30.7086 24.341234 19.391068
30.034958 24.386282 19.522427
20.444717 16.816383 14.507745
29.650713 23.798597 19.472141
20.933254 17.396437 15.06956
19.571548 16.332148 15.1697445
85.768394 82.40846 74.94716
118.58494 114.19238 103.72428
80.97041 77.63125 67.11296
89.01497 85.76076 75.79213
74.65724 69.21217 59.93665
86.091324 83.15241 74.232704
64.85069 60.92986 49.71083
55.75206 47.82922 42.92284
76.6058 73.728035 65.94923
73.89296 67.30146 57.71445
73.63697 67.12589 58.893414
87.13362 81.720566 72.37105
91.75662 87.16101 77.99178
97.31549 93.22617 82.62484
98.90373 95.277885 85.581894
56.20467 52.300198 42.70928
96.98438 94.50797 84.47809
62.308315 56.13039 48.300133
64.11658 58.387707 50.761375
87.304565 82.99828 75.81066
62.98522 61.454 52.458527
66.83656 66.09621 58.333214
65.88384 60.012157 52.59131
74.27666 64.65835 58.2578
61.415257 53.12033 47.0401
69.85664 64.73728 55.786922
64.16936 59.333344 52.567055
67.05911 61.72823 54.846394
50.614624 44.24755 40.35763
53.07438 46.463184 42.94677
51.92504 47.706013 41.712124
103.82764 102.2004 94.06229
71.89868 67.31103 62.876694
99.99379 111.552666 112.12758
64.8874 68.79145 65.41212
58.161205 59.011448 55.095753
56.78097 55.34295 45.384956
34.27614 27.381172 20.222908
45.56288 41.909645 33.24131
51.02671 46.931477 41.93002
34.36012 24.602852 16.793034
51.803772 48.324192 39.27575
58.19523 56.61414 51.169647
54.60127 45.687515 37.598778
52.075123 50.71953 45.218414
75.33703 68.77813 55.046665
59.521458 50.237236 43.211815
20.653042 17.753517 16.703651
51.27827 37.155968 25.864664
40.270996 27.349514 18.512014
51.08272 41.3445 32.50102
30.926819 20.033243 11.447143
29.495035 17.713062 11.001197
74.4627 68.26974 60.445656
35.888077 31.949099 33.39346
43.07797 38.834072 37.01313
43.77955 49.3412 51.98396
41.891666 47.6783 52.370373
22.198946 17.242603 15.8455515
20.380493 17.542736 18.415516
22.926786 19.877178 20.059793
17.299162 13.055881 12.383469
20.410212 14.231705 13.220742
22.89946 18.890211 19.532387
25.007793 17.51654 15.64072
25.408175 17.856838 16.210005
30.030592 22.419333 19.94095
19.873686 15.205414 14.688096
21.925978 15.368626 14.59881
17.881868 14.027908 13.611422
19.39372 15.840701 15.384568
25.98839 27.101511 30.714031
28.276073 30.903728 35.93749
30.173948 34.724606 39.717396
25.251108 25.6522 27.664555
32.940014 33.353004 34.38531
35.568768 36.266468 37.48653
37.429585 24.751545 17.00472
22.762993 14.460078 10.754908
26.845713 18.605375 15.214889
19.45788 12.876985 11.520227
23.440838 14.86751 10.686868
28.571548 17.078873 13.8299
29.670504 17.854834 15.695631
35.175144 21.739029 17.142645
25.312162 15.238593 14.678977
24.935743 18.811985 12.306115
15.052032 15.158394 16.110825
15.864146 11.190732 11.332729
11.243734 7.726773 10.370565
17.45691 12.762733 13.483168
30.328945 22.762377 17.601591
46.363483 35.461437 27.412735
31.53727 21.765514 17.338356
37.494324 27.80542 24.682728
42.72202 27.71982 19.578373
19.198202 13.323029 12.409857
25.26983 19.184555 17.222359
26.025192 17.06652 14.659185
27.39828 17.622837 13.459464
32.041393 20.576399 15.834363
31.998964 22.601591 17.159105
17.13786 11.257802 10.723604
12.533228 9.072599 9.794554
32.88963 23.947126 19.237623
32.77502 23.592665 17.612198
34.93293 24.973547 18.167675
35.621803 24.622515 18.509007
25.613039 17.29913 14.58623
22.318016 13.1622095 13.529315
29.644957 19.342625 15.83404
22.735956 17.19982 15.651457
22.812954 17.298386 15.749765
27.681015 21.679138 20.2806
27.439188 21.523397 20.27106
19.430359 13.215406 11.602173
36.493744 29.852764 28.316948
48.22262 41.91314 40.85813
22.892797 13.947321 11.205446
30.940659 17.973095 13.868447
26.528797 15.481874 12.423309
28.29166 17.632215 14.304951
13.187207 6.963425 7.4494715
31.061863 19.932089 16.05339
29.31614 18.254309 14.195582
34.221615 24.2384 19.79866
23.843061 14.172623 12.709439
29.8949 20.501278 16.24451
26.333765 17.060183 13.583708
31.494713 21.887268 16.949778
16.879702 10.881415 7.944637
15.33952 13.841736 11.751544
100.47492 87.23355 62.03321
78.91411 67.24923 49.716522
29.143906 18.938524 14.455421
28.821428 16.813633 12.079553
24.846424 16.381786 12.278174
12.795039 8.926333 7.6801734
13.164732 9.067102 7.828445
21.208744 15.148304 11.646347
20.720856 12.959157 10.562558
25.641916 17.924263 13.537917
18.845358 14.403163 13.898295
12.851858 10.327232 10.03706
14.135175 11.445882 12.09197
24.248455 19.641077 15.8735895
17.919865 14.876532 11.282443
18.760534 14.965948 10.411054
38.920708 32.371117 24.93846
79.715775 62.14491 47.616047
42.52828 32.095818 22.69935
52.12182 42.11393 34.11965
31.159008 24.03056 23.560133
47.40892 37.647575 28.45636
41.224266 35.64428 30.152313
33.364197 27.318338 23.781263
39.04065 30.783592 26.871132
43.649292 34.418427 28.929146
42.40342 29.085018 22.26815
66.45364 48.08301 32.50781
0.96348995 0.8461016 0.74038744
16.34049 13.427836 11.050545
33.32138 23.979239 20.239918
46.744396 35.089996 23.795168
22.744947 17.310223 13.794328
32.351032 25.936909 19.713902
39.32306 26.809269 13.913463
44.45969 30.692041 19.646896
29.65427 22.902306 17.137018
40.302265 31.3922 21.41723
41.2525 31.441095 22.23953
66.03473 53.77541 33.804676
40.14287 29.162176 16.835752
41.301006 29.965591 17.574362
34.165733 24.69091 16.858164
55.83892 50.184715 46.974
44.622936 32.820232 21.455067
40.972576 30.867218 18.63548
62.949196 50.04996 31.824177
39.917118 29.611906 18.02034
43.51955 31.591179 20.84733
42.71578 30.179802 20.153479
59.258514 41.194904 22.642563
47.32526 33.70598 22.447628
39.289234 26.887527 19.119362
43.907543 32.181774 20.15668
59.299034 46.395626 34.313004
59.38793 46.172623 34.300037
91.83401 79.74553 52.061832
48.05575 35.94729 23.361284
56.161724 42.148434 30.986353
56.82172 43.34366 31.639687
66.20176 46.225624 26.97953
34.292305 20.375935 15.898005
47.83556 33.830353 17.718332
41.727226 29.854347 20.02891
50.71209 40.31588 26.884584
40.47919 34.769104 21.995312
51.22899 37.71636 21.442131
38.1776 23.733402 15.296317
44.69518 28.962584 21.032791
43.645992 28.843386 19.848528
30.188759 17.3705 12.288071
52.19594 37.261196 24.37755
52.31336 40.74776 27.670374
120.38328 94.95893 61.951233
47.19888 27.577597 13.982537
127.40462 103.3045 65.41739
89.22792 57.48013 35.329983
109.01488 81.73663 54.30757
14.691298 13.42111 17.861042
30.619345 22.780228 24.005272
71.08505 64.25984 62.87233
39.841866 25.164473 16.303463
18.110338 14.739967 17.9415
85.043884 39.630016 27.14465
48.19791 14.941112 12.344921
83.499275 32.32474 21.044271
145.51608 73.16557 44.382175
115.32917 50.598618 34.79481
40.40355 23.573393 19.381626
53.917343 33.631634 24.261683
44.847363 25.374382 21.63228
27.17757 18.288685 18.998285
50.74178 35.84911 27.116547
51.787926 44.47285 40.22708
94.01154 73.09475 53.95864
37.724316 31.806973 23.751026
43.066456 30.358665 21.689648
82.39462 61.52925 41.918736
60.831776 46.941532 28.00401
47.99984 33.04411 23.911846
52.116966 38.14171 24.008375
29.472626 20.447176 13.2600975
26.717686 16.73311 10.837985
22.087864 14.668499 9.583643
28.585455 19.367785 12.71041
29.16305 20.05061 12.892248
75.32154 66.15467 47.09045
99.31672 89.687996 63.22165
97.02037 92.26598 80.97322
79.701256 70.225174 51.786533
73.90205 65.85949 42.313683
91.33392 79.4712 54.804516
82.39443 77.97167 57.170975
87.71937 79.5927 57.558712
84.85267 74.453285 57.412186
72.493904 66.02697 46.209553
62.62743 53.590145 35.425476
71.297966 60.365875 40.652008
103.63603 95.0173 73.77231
66.37558 56.082237 35.849625
67.02555 57.253468 36.21463
65.51943 55.659653 34.89549
41.619347 26.522362 23.117582
34.201855 27.778902 25.475859
58.106815 48.189537 36.76558
38.295086 29.103935 23.4962
91.24603 77.26608 56.01662
135.80904 130.62885 116.20302
66.6163 56.28141 36.132847
62.649937 50.42512 38.721825
155.75494 143.26733 121.84393
94.05472 94.23439 68.31407
124.420334 126.91967 94.653206
101.15244 103.87782 76.277626
96.54413 96.41759 67.4354
154.91637 142.62973 121.432846
162.19833 163.08977 126.9468
162.05374 164.31433 127.30757
9.062413 8.798143 8.93956
13.249749 12.9541445 13.165216
9.82686 9.612554 9.688226
12.860621 12.630081 12.738738
12.794651 12.520906 12.68386
12.268344 11.9619055 12.111826
11.4079485 11.103968 11.317563
15.577046 15.183165 15.446108
10.369305 10.015491 10.282896
17.014488 16.594929 16.930958
11.726062 11.398279 11.573586
