0.006097769 0.0068131494 0.006370295
0.11371146 0.1221257 0.10948731
61.614136 26.650145 28.477499
25.029263 25.039482 25.013456
132.21686 132.21002 98.224014
91.00678 79.831375 63.59046
90.85331 94.24419 78.456314
84.25028 92.36549 61.44316
78.63239 80.51592 51.003067
78.968765 86.42279 53.1706
53.175472 54.806065 36.680496
20.04626 4.7959123 5.9490037
44.561405 19.244013 7.5924034
38.62807 23.256823 8.781638
122.84374 118.07529 89.204834
190.56699 143.99911 147.03873
98.305504 31.01349 22.680702
52.088024 25.794378 7.938205
55.489594 12.264282 4.7888603
53.15851 18.505707 18.474195
76.92036 26.810936 14.228649
9.08789 9.108159 8.997888
176.74586 173.67032 164.76076
141.91888 129.35966 95.1118
110.03162 97.78811 85.20269
133.2357 117.856 94.9193
104.41226 94.09753 83.28305
131.46516 114.866974 98.162735
100.831 91.21584 84.182625
114.10063 102.00712 87.840065
142.5455 133.15057 123.13732
100.50257 87.10366 77.94747
105.11491 97.801155 83.55381
155.88884 142.88264 113.16467
121.70598 102.497055 87.84408
75.5008 61.94488 54.649193
92.32564 80.392914 64.10724
111.15214 92.55728 80.17905
92.5893 79.08966 69.149414
110.788246 102.16147 67.17183
83.39172 84.53456 70.929825
123.0712 110.287415 73.72604
116.17976 104.952 70.765625
139.0199 135.51532 125.90846
50.468334 51.94604 45.73674
106.85668 99.14478 57.354218
121.61482 110.228004 61.04323
131.09981 119.93006 76.669495
132.67351 121.78297 88.79836
147.50803 137.127 109.17632
97.54437 90.559395 47.18232
121.32686 112.81427 69.14686
111.99284 111.000305 75.59104
97.77408 90.40933 45.170567
111.628204 108.91167 53.56338
106.10703 104.70472 93.41414
150.01935 155.53119 144.49872
101.58947 96.1565 79.32952
135.61809 129.2944 110.25208
126.04735 119.67307 104.31439
112.52822 104.84974 78.43407
93.261215 95.50949 47.50673
111.25079 105.78661 65.964775
131.43431 158.65648 143.75656
126.661934 128.64554 116.05464
70.13524 76.387054 69.55861
146.06923 135.05202 102.21206
130.08012 112.04088 88.74304
142.49068 131.28877 107.94042
147.5331 122.30462 105.91667
157.77997 132.53426 112.54877
116.5893 104.25393 80.92311
130.02518 113.15217 85.637505
136.57724 116.07638 75.469765
81.43819 76.20776 54.0263
142.04317 123.50152 93.20657
84.56096 80.22974 61.24432
146.5176 116.40075 70.63168
124.83796 109.1589 60.566185
186.45607 182.17744 173.17445
145.646 127.81778 88.2468
132.02626 122.9489 75.82398
118.59339 105.893234 76.55149
146.1612 121.472084 100.92107
108.00535 97.93292 58.075184
128.39789 110.684074 82.841934
120.1456 102.38835 74.45587
115.00576 100.04255 75.409744
93.5363 81.25512 62.699165
124.4327 110.10128 91.36852
133.07167 122.71109 90.12393
133.1315 116.86476 97.792435
140.29794 129.01662 84.64892
92.689354 87.163246 73.92955
139.8099 130.17172 111.42797
148.15067 135.4436 85.92533
154.58127 136.18344 70.085846
121.55796 112.45042 66.101685
105.93762 98.4885 69.136024
149.14104 129.86128 108.1225
155.30731 135.50775 106.6186
102.28172 105.25992 64.8449
113.80664 107.84974 51.537457
129.55283 112.135445 78.123146
123.28462 114.635735 60.576153
121.47985 113.85914 61.764263
123.20548 115.360725 61.639416
61.833794 59.704308 54.93456
75.48567 70.205345 69.249565
74.97952 69.433655 62.823368
65.603165 50.02279 46.070107
86.32202 53.472797 49.46217
82.38838 69.27433 56.591995
63.425617 57.126247 47.98283
78.6545 58.22807 48.256344
27.66435 30.456652 28.83352
32.395504 36.864826 28.446943
68.74294 62.868336 55.221222
59.779083 52.5489 46.486458
55.437267 50.09695 49.08302
62.93708 54.904175 48.409504
65.35582 56.985283 50.604427
65.04244 54.232635 49.568966
51.214275 44.96089 39.994446
79.21254 72.732956 67.232086
48.206165 42.607937 33.411446
59.581127 47.69225 32.234814
48.87004 46.259716 41.016384
54.346653 50.462784 47.186443
60.945663 48.333263 30.916265
26.637915 28.446806 23.907784
24.977654 26.707819 23.173157
46.231716 41.19956 36.55074
68.292015 62.242786 56.280598
57.53364 48.319912 39.660534
71.24163 57.63444 52.16573
57.070583 52.55384 48.467075
80.55006 69.505264 55.082474
74.46483 60.065235 56.71514
58.83928 50.687176 39.56399
92.172676 81.47607 73.69487
58.224255 55.83161 45.68925
78.04943 69.90792 60.99615
63.413116 57.915005 53.28792
53.157314 45.646397 45.57302
65.93095 70.874535 71.53061
40.601498 49.957077 56.588314
33.15718 38.87072 32.628548
30.193153 35.288334 31.632566
32.395573 38.18433 35.335957
28.889524 38.928055 36.69242
64.04548 60.44289 54.007084
39.96011 53.587738 55.687275
21.128054 30.82187 30.653755
27.041935 42.130337 39.658424
44.94737 45.51603 43.422962
22.514528 29.161665 31.777416
34.039722 44.070415 49.70339
35.88237 43.491127 44.008312
48.693203 55.916267 57.053757
31.986647 43.518005 42.021156
38.251507 47.951046 52.179935
43.164402 48.958237 47.545086
21.751457 36.336296 31.261522
29.978165 36.05212 35.626606
34.81935 41.90768 45.958305
56.22194 67.06397 70.26585
42.69712 53.100494 49.936466
59.39755 67.68302 66.066734
61.384464 74.05066 65.65832
40.021835 38.237846 35.587738
40.33071 49.869495 41.73272
44.490444 52.82238 45.411922
27.50114 48.82807 48.87423
31.221802 44.801636 39.515587
31.635122 49.05093 50.311737
32.925533 36.22238 33.32502
45.99155 52.30223 48.11722
70.09194 74.56556 68.932274
53.461555 53.015057 28.621769
52.747845 44.119095 30.479475
44.771587 50.36106 47.632465
47.29579 49.91964 48.373566
37.126724 48.24783 47.448612
35.063805 32.595264 30.655153
51.279713 53.49494 58.636826
61.733334 53.254234 48.10683
27.011343 24.888025 22.540419
29.491943 27.685675 24.076546
28.145529 27.389372 25.028105
19.37234 27.510237 28.544882
21.041082 29.809914 30.058456
43.79203 43.4403 46.426094
42.332584 35.86714 32.210083
41.80218 37.893955 35.35091
34.16573 29.543314 25.57101
57.576595 54.5953 52.008858
30.097054 27.423029 24.864555
40.08036 41.19414 35.155205
66.17762 59.899982 54.585827
57.747776 57.07593 34.529995
40.5101 46.696133 39.208176
25.86762 32.349514 34.55105
33.80838 36.007732 38.17738
70.61264 63.768387 57.77888
38.56648 42.439312 48.079884
42.012844 39.34185 36.46333
20.874468 22.011412 23.973293
22.933231 27.959904 25.843468
30.415363 34.312077 30.644728
37.973873 41.545155 36.10046
9.990223 9.991041 9.981843
10.9889965 10.986067 10.875729
35.125362 44.93299 44.024017
28.426743 40.247215 38.192642
20.624016 55.00085 59.741272
32.087517 30.138443 27.004974
26.745188 74.80109 78.18355
25.981434 39.300053 39.244728
33.808075 33.595367 28.933947
33.31814 38.090683 35.703663
27.203508 32.06956 30.512793
33.21686 37.91119 34.62892
33.435734 30.124647 27.442719
59.20368 57.378128 53.132347
36.59697 33.49801 30.277773
62.744507 58.466087 50.025616
68.30278 63.188145 53.76699
26.253551 26.566036 24.857878
42.299473 54.867588 47.74369
23.94018 34.64187 33.12928
19.982798 35.060295 34.655323
23.790224 38.60211 37.338375
19.853891 65.31909 70.06387
21.744564 69.83249 72.99986
22.70649 48.199795 49.410492
18.829842 48.12853 54.010117
70.14689 63.51129 53.614548
33.157997 32.321648 29.645546
29.550503 31.016352 28.11855
29.47433 28.325941 26.23829
72.46581 65.624115 55.263123
32.659344 65.92959 72.04466
38.613728 36.789986 35.08244
45.3364 40.049564 37.83485
76.51259 65.55026 53.661217
43.443943 38.269768 33.648
44.897224 41.620983 36.304035
45.49944 46.31044 44.687992
44.9706 50.638462 49.789917
38.05386 47.591415 47.523796
48.25532 43.994312 38.178947
22.45403 59.073547 59.909317
55.63042 44.897224 36.63318
40.53749 46.517082 46.119026
37.398365 48.29031 48.76818
24.372816 27.460808 25.27055
60.362118 57.52294 47.13885
50.772034 54.259274 50.58685
29.100937 41.055832 42.047386
14.0979395 21.185795 23.32342
41.455765 36.038494 28.668745
63.40862 62.51831 51.675556
45.239788 45.72567 34.111904
41.391346 51.721886 44.28169
28.916334 31.039005 24.479406
20.407904 23.75241 21.828547
13.12727 16.907784 17.14035
31.627321 30.396492 22.445206
44.153534 44.921307 44.35442
38.514324 39.351627 34.7612
16.415329 24.03897 24.218225
13.205382 18.986748 20.41056
30.70557 29.455526 30.901924
29.166002 30.624868 32.209846
43.84132 50.560654 54.626537
26.144848 33.00194 35.143963
27.56396 37.091534 33.494057
40.178062 60.439754 55.064316
23.616453 71.65233 72.735306
34.760246 37.98358 36.076305
31.300188 42.76038 43.369102
27.873514 33.395332 33.197853
41.643536 39.720455 34.676003
23.315006 32.667416 30.395163
20.502367 34.477192 34.689285
35.751015 37.125565 39.730267
29.874434 34.704956 35.90567
17.862715 28.987123 32.59646
31.462 49.197784 44.325565
15.691603 21.915483 22.126862
25.843706 30.172781 34.293373
24.460978 28.02882 25.714426
30.41516 37.560246 44.06006
23.342531 27.578028 28.64299
19.73582 24.959599 25.242071
28.837063 31.755102 29.328087
16.339226 22.032534 23.108738
22.513508 27.437609 24.878725
21.202147 27.674671 27.273514
21.913916 27.960926 29.71286
27.470108 37.851166 43.80518
24.586782 31.076954 27.674978
30.258696 53.07423 53.790497
33.49763 45.695316 43.743416
28.199013 34.65263 31.664078
69.0978 67.73926 62.44732
60.08823 61.304035 55.84827
35.460945 38.110474 32.231
28.122261 32.893307 29.262648
73.10547 85.309555 87.30734
43.589474 44.879986 35.90775
40.499405 41.503185 40.510647
42.530983 41.506695 38.580208
67.85975 62.267483 56.911327
22.130608 23.491125 21.306625
32.623028 36.429672 32.72509
63.776836 58.058083 46.02211
44.276817 42.042583 34.48142
50.552273 84.571144 104.23713
51.73129 54.01257 47.514187
40.04449 40.36195 35.26292
69.14812 73.91739 63.953056
33.558643 33.196083 28.633724
118.94427 144.3019 149.91835
44.28329 44.688538 34.69491
84.39073 76.427795 62.182148
105.35476 101.914764 85.00542
37.70305 40.38794 32.970432
30.145359 38.13078 31.831953
21.14403 28.864283 26.268131
23.368114 27.439993 25.385046
48.84306 43.19898 37.441833
36.81308 37.529415 31.55609
24.8946 30.241322 25.458252
35.699814 38.62262 33.74723
43.374657 46.209812 38.693035
33.920765 33.75207 29.11814
55.245647 45.604702 41.168114
27.009062 30.693783 28.951082
57.566547 71.08401 67.734695
50.309624 50.41519 42.956158
27.669971 35.19983 31.913097
26.486526 28.489866 28.101822
56.302505 51.819656 39.966106
74.02412 65.62255 48.624832
31.799522 38.395878 39.05355
44.986034 50.29 51.938274
71.92648 65.77762 56.483936
53.135174 59.77578 58.211548
55.905296 66.12659 61.848373
44.547367 57.674263 53.193153
18.96607 22.565355 21.855867
39.55469 44.732243 38.018497
79.59979 83.76985 75.61543
56.264248 54.537556 45.55357
34.77772 37.784466 32.635086
30.429365 35.297123 31.36825
22.406301 28.846943 27.514734
21.97922 28.11579 28.852257
21.31286 26.970806 27.37612
19.777176 25.358303 25.80821
25.10925 30.680668 34.32199
20.237984 27.994549 32.208687
17.319536 25.201466 29.480463
17.360893 26.15861 31.039618
20.62119 30.402452 32.641933
16.695417 26.928972 28.8822
27.782286 36.089626 37.29174
48.60838 49.170975 38.565968
58.83342 64.9567 54.619656
27.974655 36.11388 31.941372
61.693546 63.8884 49.697906
61.893444 67.785995 60.477398
30.702469 39.999283 32.556465
27.121956 39.235428 34.99247
20.63788 24.51126 22.915312
39.891193 45.691536 43.389812
58.166447 54.09811 48.122295
86.7104 74.23042 64.52904
79.784294 84.8743 76.26847
74.385315 57.729145 49.746586
98.06745 105.85321 98.26326
54.408073 73.64875 65.881485
31.419895 39.614647 35.013798
59.402283 79.83454 59.61826
64.65096 91.87607 64.79915
90.93129 114.84708 107.74948
126.44524 135.75545 135.96039
33.881824 64.07031 51.314903
52.10608 63.3954 53.77285
10.717765 12.287515 11.49627
62.46098 82.970604 49.798195
56.693954 76.998566 48.18961
48.692623 68.503456 50.291706
33.046978 35.306522 30.04708
24.390495 42.664623 31.659342
47.09375 59.63601 49.0123
36.663464 43.85648 35.978096
53.866734 80.73276 71.424286
55.935513 70.927986 63.021732
51.836826 70.91497 60.070038
59.085403 70.45042 57.137455
51.69133 63.238426 49.73303
46.712044 58.41206 45.200714
6.053824 8.046261 7.0127745
25.0759 31.553637 21.091364
28.577175 36.616623 24.28629
30.466394 43.582523 33.861965
46.285404 61.9534 46.777653
41.453243 42.87103 24.327986
90.148186 104.84037 81.47924
33.466564 35.49 23.908602
22.78324 32.02211 21.316505
20.855051 30.247795 21.523113
32.991177 41.91497 26.305706
24.329824 32.54141 23.384909
16.572407 23.450315 17.68622
23.245853 34.96273 24.865713
25.317663 36.004124 24.292557
23.568455 31.910748 23.853483
18.617714 28.907375 20.312654
28.94151 43.854027 29.33187
28.588655 38.310917 27.054234
76.19452 77.45491 56.68363
28.297497 37.217068 24.217646
50.769646 58.239822 37.641117
32.787327 52.43587 38.089558
27.151627 36.266598 23.408516
46.8884 55.017 43.647316
31.096678 56.120728 46.978573
55.748695 73.76287 59.3938
32.41465 40.895863 26.009846
22.724203 35.032124 26.894361
24.283188 36.49 27.512928
32.967636 49.125328 39.868404
47.45815 64.60978 49.78559
20.873821 26.237507 20.074297
61.476547 69.00535 59.252087
30.687923 37.83703 31.73892
68.12819 66.692215 45.916946
52.252087 73.24831 63.636314
18.845102 29.370737 27.383137
42.418022 51.862103 46.20937
78.98872 82.81312 76.36607
115.00075 92.7287 66.52836
37.917934 46.343826 41.26653
54.283085 55.050213 47.095043
91.35684 95.29944 86.84357
30.88479 37.357113 32.783752
93.627594 89.61972 77.36515
51.42916 56.91242 51.565525
87.66435 97.37469 77.54693
88.70039 114.38161 106.547195
113.11807 97.71102 81.55936
101.80099 90.212265 77.88711
101.81822 90.28609 77.5797
15.731596 23.990496 20.969954
51.479645 85.61955 67.37806
15.947369 17.452597 15.858559
113.32716 125.9611 113.16205
113.1288 126.28523 116.322296
124.89736 138.03687 131.27171
87.41638 103.26865 96.95847
79.63424 90.384674 86.19649
66.691025 79.561844 76.06053
46.76045 53.9814 47.483734
94.28186 107.162254 104.50993
94.816795 103.87314 102.7502
84.90492 92.127716 91.22606
44.743008 62.450214 62.90312
74.621056 79.68568 77.17537
100.30877 111.02786 114.09208
76.89344 86.87784 86.3458
123.33092 140.90237 140.41704
63.75633 77.11828 74.39012
74.89011 94.47409 91.3315
69.29368 84.983955 82.62834
81.31228 94.926796 97.32959
141.69774 147.0108 145.13936
108.92615 117.80899 110.91283
84.788826 97.9115 90.77602
54.71821 65.62099 64.51306
49.130405 60.823643 57.712826
55.005314 61.818363 55.58937
34.81066 43.467075 39.60637
53.184433 61.140114 57.91739
54.040333 52.7752 45.66912
50.60092 43.901005 38.257298
72.36239 90.46946 94.12686
114.598465 126.59046 118.87583
124.861626 135.78113 129.37445
125.90969 136.32086 121.70765
74.45539 78.44667 69.597244
62.765797 66.90502 59.708023
16.016659 16.013252 15.974621
20.229057 20.225412 20.189985
24.018396 25.578505 26.025448
24.56321 26.966957 27.35166
24.951525 26.745665 27.370125
24.66108 26.260637 26.650826
23.667246 25.6449 26.027082
23.266632 23.691534 23.852427
22.623062 24.074093 24.681486
22.885572 23.354012 23.70734
24.932209 26.482382 26.826975
25.022211 27.162937 27.835121
23.695044 24.598024 25.054266
21.19397 22.53439 22.99162
22.780582 23.950672 24.202997
23.563448 24.885164 25.05764
21.019861 21.562288 21.586817
22.317186 22.817442 22.948015
21.896849 22.236654 22.332413
22.231272 23.0759 23.161745
21.902504 22.421461 22.446533
20.126656 20.327202 20.374077
