0.016976127 0.015167591 0.0126838675
0.046515554 0.041162286 0.03366289
0.046250302 0.040897034 0.033518206
103.1768 107.28874 113.90077
94.36269 97.61119 104.731804
100.54702 104.77362 112.00504
90.2511 95.312035 93.02443
101.371185 107.08512 110.63099
150.26501 156.20834 158.23871
58.416832 63.787823 68.708244
36.132915 44.62011 47.22696
53.975452 57.424404 60.16036
53.219387 57.928165 63.439667
53.014275 58.896336 65.098434
108.66282 115.91852 108.10798
91.48096 91.19378 93.227036
93.37323 96.598236 96.6564
81.93569 86.075 69.19684
102.39219 111.66515 94.04955
102.649895 114.7613 98.45402
127.47499 133.43504 127.95816
188.49971 192.92154 202.44394
21.08833 37.476105 52.976368
153.5251 149.07538 145.27847
90.69373 72.4518 68.66494
118.49655 83.27246 61.71095
119.39636 83.50106 61.299637
151.30466 144.90253 138.68695
111.681335 76.715 55.455196
160.90953 147.97751 142.81737
89.279396 53.753 43.40685
4.492139 4.4946465 6.018688
4.5566916 5.2422957 5.8638053
6.311068 11.047697 15.289992
6.6942368 7.0150228 6.759079
21.525946 20.329395 20.210224
16.876417 23.044153 25.04044
20.855366 26.223873 34.19062
20.825417 25.971764 33.779167
22.067518 27.00738 35.935326
17.800674 21.745045 29.15481
25.206293 28.45317 35.27632
28.033398 31.841692 39.15206
14.57333 15.782372 17.178852
20.350325 27.196697 25.574078
19.580488 25.804686 31.328608
13.538028 14.596962 15.722812
24.587967 27.891657 31.79284
20.096334 25.786448 32.30668
19.632915 25.524548 31.149506
28.837088 30.923439 38.458958
35.205738 37.532024 45.721172
31.341211 33.25968 41.43769
25.260815 30.917507 36.569546
32.22351 33.07726 40.082783
26.067158 29.242584 33.791924
24.73704 27.515022 32.982613
26.468508 29.60504 35.355053
27.04027 31.35141 35.222137
19.183 26.494864 30.859705
22.206656 29.198723 34.15522
24.765976 27.657583 34.13089
17.671473 23.13289 29.19701
15.972655 21.429756 26.33622
6.457632 11.57837 20.689198
7.4105377 13.090764 21.735037
6.1454062 9.426766 15.975307
11.941524 19.302797 26.592018
15.837714 25.590958 35.57292
11.945021 17.851797 32.252182
14.638582 23.253942 42.985943
12.89607 20.3034 36.09771
27.377453 42.343502 65.50299
11.709959 21.346346 38.85329
17.854328 31.42626 52.636894
20.172873 39.659103 42.619316
18.143429 26.989317 36.59906
64.62848 87.15582 118.49981
51.41888 76.20434 116.23926
32.83212 46.339836 73.772606
27.910973 42.208946 69.17772
60.01148 60.065445 69.62235
90.97405 80.43366 83.15515
122.4042 106.55173 86.23858
97.90921 91.11225 91.3055
77.51577 76.13217 76.2135
124.92084 102.2285 88.10625
88.60157 54.82525 34.62368
79.66012 45.52088 24.524282
92.71657 55.65076 38.787075
72.4606 41.788548 22.345238
83.29708 55.71143 35.723583
92.5775 54.280975 36.92192
93.937355 55.155582 37.960117
104.44644 83.34565 62.149628
104.03154 59.759586 41.640995
105.127464 84.49894 61.95305
70.01512 38.50827 22.59624
110.68983 70.66096 49.123703
113.25862 71.834335 48.72158
89.738365 56.28428 35.54198
103.0176 66.53817 42.557823
104.332695 74.171326 45.12238
114.18693 72.15088 46.283504
100.29959 63.000843 39.90615
136.43684 95.52638 74.00533
104.74861 67.28551 44.38973
133.7096 90.20053 63.174656
126.72177 73.10914 48.584736
46.42397 84.44905 87.92951
49.42761 92.98117 99.28474
47.858116 90.42081 95.935974
125.350204 82.917244 53.572174
82.94941 49.74314 27.541862
129.98083 109.64519 91.827225
116.86706 78.21712 53.090305
78.7462 55.59395 43.67692
112.20176 73.39957 45.46947
121.22985 80.62127 52.06822
112.28744 71.75628 51.50432
116.71049 75.33325 52.619267
104.521 66.71782 49.57058
126.02749 79.192406 54.788834
46.647865 27.921534 15.19672
119.41114 73.915146 50.75715
37.878056 22.429949 15.201857
117.01924 71.276245 47.672752
50.658234 55.855076 36.639957
96.88355 91.08647 77.52356
78.243355 71.26494 60.219124
25.872246 23.949892 31.025415
40.35064 44.915024 58.16166
55.26506 62.409645 70.96287
36.364723 41.702484 48.182663
21.303255 22.309477 29.556475
46.34227 52.791946 71.74005
51.994045 59.682854 70.90649
43.96629 69.3292 82.54845
68.60005 101.726234 114.57837
44.484325 70.06952 77.22209
38.680515 58.738945 69.950806
77.76525 129.43945 136.97005
84.856834 126.27017 141.92317
75.189995 111.38237 124.942245
69.08167 115.52558 134.47893
70.054886 125.04022 123.844444
36.814323 55.530792 65.91372
50.00234 61.318714 50.87538
30.962238 38.3531 32.21572
30.502773 36.26742 32.233253
89.340004 89.739525 88.70603
98.360794 97.646034 97.25766
89.98614 89.20147 89.58531
84.34169 84.55377 83.35939
73.968 74.51242 71.38869
81.54502 128.72762 143.49684
83.52483 130.09225 138.5384
61.61934 103.01155 118.82262
58.40036 98.202965 120.09327
76.227516 127.57608 150.16716
43.477478 50.514275 59.445816
42.270172 47.443455 58.998455
41.944103 47.036076 58.51975
41.991173 46.96243 58.32496
45.163902 52.34186 61.30229
176.64464 175.94873 165.26544
166.93954 166.83707 156.8226
171.65814 171.39694 161.18604
113.71915 109.03716 104.4156
83.17589 75.45821 69.04348
128.54352 127.115456 119.47519
74.73166 74.56443 79.34198
136.5039 136.88042 132.18886
183.55975 189.89621 170.3042
117.578415 110.906555 106.4373
95.924644 85.22655 80.12645
114.97424 114.93439 108.92788
128.66684 126.55049 121.66687
226.38315 234.18669 214.25816
151.1985 151.90712 145.31522
134.33844 135.88684 124.46287
181.12236 179.98561 169.82439
99.39593 91.7319 87.15242
98.88854 157.08261 166.39017
95.64174 149.2644 159.59145
72.54994 128.71104 141.93617
120.780754 182.13641 192.0583
109.40653 171.89532 180.92522
80.55888 135.92812 151.44215
79.874176 147.54341 166.81755
70.43641 121.952324 136.9518
110.96019 188.32755 195.43942
81.12409 83.80135 99.68568
27.000168 29.061441 36.64085
92.60106 96.71726 106.69195
92.34314 96.52192 106.62023
83.10376 82.62274 90.46597
68.45122 63.80251 62.756958
95.69147 99.57591 110.75295
113.055244 117.95346 130.42603
68.83899 62.927513 71.4115
57.878178 52.036148 58.953724
117.284515 118.832504 116.56578
60.256813 56.70053 65.36487
60.70615 57.91425 67.14695
33.10287 48.190453 72.03058
78.54167 78.12339 86.72226
74.15221 73.79706 79.731224
96.65607 95.003136 95.13323
41.037064 84.80246 117.24454
65.367546 97.3416 112.72206
53.384518 82.12197 87.99021
79.91116 109.71996 130.55655
40.20157 88.89259 101.14251
37.7837 87.453674 99.66986
35.620594 69.450905 87.69563
30.3721 87.72192 83.488014
48.03441 94.969734 115.28225
119.87697 143.84242 179.21765
86.73292 117.29824 138.64659
44.9401 67.94396 78.50673
50.366604 79.207596 86.40499
87.30055 116.04087 140.21695
87.01541 117.396576 136.54047
102.73581 127.1559 157.16263
39.531494 78.647385 93.40933
111.04232 138.93712 163.29738
138.76772 176.20544 182.25638
75.851166 107.24478 125.1225
2.2276103 14.620714 24.972872
7.948083 45.635063 83.72206
16.377237 28.778563 57.59643
59.967712 77.14466 110.49221
37.622475 48.23089 65.99142
42.8755 56.94666 85.54114
47.70051 60.604267 87.28638
22.701061 26.247938 43.57285
49.698338 56.244804 86.73147
33.84724 42.83506 57.69947
52.228745 67.48693 86.38688
20.490234 25.069593 35.911045
34.11524 40.563274 54.393948
57.07232 70.61483 95.36872
27.956787 34.337402 46.031178
18.59771 24.594599 33.21594
36.466915 45.696358 61.444515
44.632046 50.457294 70.7012
34.17022 38.31558 59.350155
29.976393 37.568626 55.675213
32.267662 40.58852 58.623413
59.098503 76.37943 105.25937
47.844177 67.852516 106.286446
63.79496 77.0639 107.310394
41.096962 58.55985 86.41548
47.95177 68.85091 97.87304
49.770267 75.73197 90.74292
55.5803 90.3511 119.8496
20.692019 34.599903 37.358116
149.05144 190.96771 189.45949
46.439762 97.18794 104.60533
47.225803 80.46453 90.57972
134.02008 181.05399 184.34613
158.43413 196.18419 195.03357
130.21536 176.44913 180.82973
140.57034 181.83363 183.56516
139.2273 179.91327 181.73111
132.49052 177.32469 180.29086
57.163418 100.64304 100.533806
85.787 111.657875 110.55705
95.17147 139.88942 145.65915
88.809135 122.84005 125.72696
71.92853 100.79284 104.46236
51.484955 66.161995 67.8094
134.44772 177.59537 177.68835
43.18394 59.65006 64.01384
98.37842 94.96364 90.189514
101.221825 106.24215 107.34189
93.641426 62.77328 39.31372
123.73766 85.84825 57.37309
151.08995 93.21637 48.921
147.8714 109.88107 69.285194
141.1855 106.03538 69.67311
148.19907 64.068436 14.20369
152.40044 88.63183 37.132336
69.16185 26.249313 7.679431
142.2244 79.53873 30.113466
117.92667 59.120594 18.269712
75.56658 37.66812 16.136894
81.23005 40.051144 13.381601
162.31064 91.83514 36.320015
132.50574 62.445694 19.915674
157.96552 90.87813 41.246323
91.01743 34.4272 10.155871
137.7858 80.700386 39.308994
101.77321 56.401665 25.470821
174.26106 120.11955 80.58423
91.60984 29.771135 18.308416
133.99498 68.33118 24.74555
143.80478 88.00085 38.833324
169.24557 123.82226 83.46028
114.29735 79.87993 53.795113
149.22235 113.86554 92.840485
190.05717 146.54907 103.03593
43.80058 44.770123 51.964287
50.23313 54.33453 64.736534
27.928936 36.43038 52.820255
43.756016 52.873184 69.45028
61.606678 67.91874 86.389656
60.160862 73.982834 95.67907
43.165615 44.260357 45.895683
110.65804 108.1482 99.02173
76.810486 60.68869 47.07022
112.66214 90.57077 79.75794
102.40403 100.40323 81.35727
83.85404 69.0482 57.86455
95.968376 85.29377 78.654686
90.57444 79.140945 73.89153
59.355293 45.813023 34.23224
105.346466 84.610245 69.53805
115.88276 85.03829 58.06342
119.59019 83.093704 58.339546
113.36159 89.08379 78.814156
100.645096 83.9245 73.71198
53.15826 40.369305 31.99197
84.67456 56.057487 42.99489
111.92855 91.30738 83.064285
84.40102 62.44866 51.572727
100.28194 69.32718 59.93393
96.052444 71.00347 55.057365
91.63135 102.807785 96.9225
101.15429 116.53186 114.83177
96.88741 108.5245 100.45305
83.61724 98.89918 93.49508
89.340294 94.59648 75.870316
85.861946 87.05715 75.72629
104.372025 116.51184 103.73376
140.27827 143.10156 143.89558
48.05006 52.61037 69.040535
58.47239 57.43786 63.122982
51.609333 56.059994 65.36219
60.223633 62.34666 65.39385
33.398987 39.316444 47.914516
33.92267 40.62908 51.562817
19.648638 161.06508 154.25517
88.81939 148.31639 163.24275
91.93863 153.91998 170.35371
91.70084 153.42212 169.87053
88.48664 117.15175 130.5842
113.100555 132.18762 142.04622
134.152 156.6456 169.77583
96.99699 110.056694 116.679794
89.70745 102.891945 114.44842
107.80123 130.26892 143.73332
116.91459 163.01073 181.07593
126.038124 170.89362 187.60883
55.41512 77.2245 69.132195
92.43742 127.15826 129.22949
75.033516 100.28054 101.063515
136.84949 193.01927 192.67165
73.543816 101.1823 103.00569
73.65817 103.55194 105.466934
107.51215 160.84692 161.92175
122.60068 156.77873 160.63725
117.29469 166.55756 166.89665
68.9947 82.88122 82.25044
66.68809 102.35216 109.97304
77.461586 117.107086 122.477936
74.35153 108.37181 101.537834
53.127804 62.6844 58.75908
62.162624 68.76489 69.54492
14.30381 24.525127 24.85235
79.93132 95.08855 105.853294
127.44336 141.12108 163.62927
103.43844 113.37878 130.51779
108.49453 123.44384 140.49593
51.482517 73.472206 70.70512
66.86352 81.54037 83.704
136.67772 148.80396 156.54697
66.29238 66.65032 76.98481
126.8143 137.65117 143.85872
130.69057 143.2652 152.70676
158.88219 169.53795 169.96443
71.24888 90.46181 91.52503
78.48324 97.453896 99.761734
46.77697 58.995876 62.662743
99.17695 117.40391 115.02339
84.36653 104.29937 106.68563
54.699493 95.53658 87.49229
113.02874 129.97191 133.0272
109.57497 130.05698 130.52003
140.31851 156.69476 162.94212
80.77716 97.085365 95.30161
148.00336 164.55972 168.3257
77.66706 86.21582 85.495224
46.677116 57.187485 53.721798
95.927246 106.84092 113.782326
103.20342 109.92911 113.05377
95.99036 104.84538 107.162094
137.29955 141.23892 145.82751
138.57874 144.26506 150.13335
108.46479 115.68592 115.87977
82.69964 69.54357 83.51845
68.94174 82.28842 96.355125
52.296986 67.98346 94.821556
98.325195 146.09308 144.58672
89.215675 125.745186 121.87343
72.32026 103.916275 101.87625
46.73458 72.789894 68.398674
66.74649 92.66164 85.26455
95.87005 115.30871 115.549095
120.27702 146.28491 146.19435
118.328285 144.5012 143.94078
62.11688 68.37625 68.79224
24.153677 75.18813 75.937904
86.77618 88.64656 95.49834
84.59877 78.49674 86.01049
95.69636 97.18156 94.19228
107.55886 104.74792 107.70171
112.25141 119.378006 122.97738
146.0799 154.90273 153.98218
99.64032 105.99233 109.16072
111.27418 116.89932 111.36173
101.993515 111.191246 112.35197
111.95978 120.01768 135.64073
79.03692 90.71302 100.581314
87.70502 103.515434 108.71999
147.69556 189.29272 187.70415
30.586449 38.94396 33.534943
39.71312 60.06072 60.278778
53.76602 94.41331 99.3743
74.20444 137.64822 157.75732
77.35787 118.63885 135.18336
68.40557 110.37779 121.85592
43.55409 72.874344 96.25459
58.559776 97.41664 113.182976
25.484543 37.926575 39.139885
22.797443 54.60275 60.52228
51.549 69.6305 77.17111
26.635447 35.734795 38.570267
40.750324 59.435665 62.33964
68.62848 97.68727 107.3966
32.144226 49.083385 50.30357
67.487144 82.55163 90.76863
59.629948 98.15917 112.12378
77.01531 100.54876 106.368004
39.319653 50.686977 56.15657
72.38869 72.77487 78.76084
111.87295 122.306725 127.71985
81.10318 93.36332 99.13444
51.831806 49.34046 53.341766
29.54268 31.145237 37.940437
98.081024 109.059586 117.628334
63.46361 70.926285 78.37249
111.82744 133.87514 143.53003
91.32421 94.05443 93.17899
103.08138 118.78027 127.62347
100.597855 113.23608 120.71985
101.52011 116.377815 120.89682
80.76653 85.759125 88.674515
68.439476 69.223656 73.32939
66.92621 60.082977 62.738003
69.15192 61.49337 64.16023
68.34543 74.36009 79.38708
96.71744 111.8067 125.725876
65.41782 70.136 73.15597
78.878685 68.138725 71.45903
82.01302 73.02653 76.341644
62.604027 65.70945 69.95548
76.12812 62.450397 69.18647
77.42209 64.517075 70.26725
73.65076 61.33301 65.24256
46.422764 37.246563 33.132843
104.162674 122.762695 138.17694
36.322548 35.991222 38.654545
72.0026 69.12088 68.43938
69.22079 77.528 91.378174
90.327415 105.08107 108.87077
78.487366 102.55956 119.62081
62.713722 67.69122 68.2537
61.076828 88.41093 99.496574
99.31864 113.41681 116.78196
61.534626 72.269424 61.36863
69.50974 135.905 159.00253
43.353 50.634 54.21871
93.54664 102.647484 110.18813
45.222958 58.01601 66.19289
58.074318 98.74632 113.70082
39.421654 49.053436 53.928383
56.426453 74.85623 77.35062
48.362648 71.206345 75.70287
55.80111 106.92942 93.696335
68.97147 123.29851 145.02983
89.33159 111.86523 129.42447
60.641163 108.918015 107.204
92.80065 105.02547 113.39479
95.325294 107.48054 111.83882
83.611694 100.64765 99.34979
70.079285 113.7143 137.30928
95.51855 128.3982 147.69559
82.915146 98.2633 117.201614
104.65182 156.02751 177.22198
83.81635 89.71073 99.694885
91.848206 125.963684 132.80557
60.8721 63.719124 66.60772
60.98816 60.650906 61.78886
56.521244 52.10299 51.135014
98.02069 107.83439 114.77309
103.40574 115.019295 121.90376
73.474754 78.87217 82.90456
46.49812 48.767326 52.01466
86.373695 93.80256 95.59942
79.235855 86.250854 88.99971
78.56896 85.0783 88.67321
45.932674 44.080925 41.892815
65.68119 69.5306 67.27591
73.69091 79.08356 84.87938
58.87439 64.0531 65.172386
68.89846 73.32652 74.412445
3.287268 3.1584036 3.086038
9.693585 9.565759 9.494261
7.871112 7.7453823 7.6777186
8.167471 7.9883533 7.9040995
9.115191 8.996094 8.944369
9.532891 9.41917 9.378129
10.088473 9.970123 9.932651
6.4981914 6.363612 6.3139377
9.125777 8.973668 8.887075
9.217579 9.0557995 8.911937
