0.021841528 0.012711317 0.004839334
0.25377467 0.106852494 0.014292167
59.61821 25.215866 26.86224
20.884888 20.652245 20.611046
21.108917 20.894373 20.864628
21.928442 21.90731 21.906504
22.49558 22.336172 22.316944
67.10979 66.9436 66.914505
33.816395 29.730965 26.899439
65.06814 32.504387 12.5362625
65.89244 33.10637 12.692606
125.717155 94.74939 67.29133
116.31798 82.02765 56.676895
115.97054 75.52526 45.7761
152.22273 116.60844 78.7258
150.28401 115.59421 78.05233
110.744415 69.4548 39.00474
164.4379 131.94383 98.532455
136.85368 91.73874 51.57875
129.14305 85.80391 56.77165
150.80223 106.75352 63.39602
136.5481 98.06801 61.05404
162.90414 125.63618 92.57836
124.086174 79.82836 36.659374
132.40677 88.49822 46.47322
127.50713 84.00087 43.01297
127.77936 81.94393 44.68638
133.62183 91.758934 48.431282
120.7469 80.597015 42.371307
127.70838 80.019875 46.719093
94.821655 58.074234 31.71393
136.14204 88.91267 49.53478
137.441 89.21648 48.737095
137.63315 90.494064 48.96919
129.40761 85.519615 42.351337
121.89712 69.62595 22.06004
135.92722 88.61695 42.787327
133.88466 84.42596 34.679928
122.24887 72.88463 28.023777
143.69412 79.48848 43.888374
122.86908 68.769165 30.11437
124.99216 70.112366 31.031616
112.31814 30.907892 10.309395
87.81669 11.740547 3.159698
131.79765 83.09078 45.240612
130.3403 79.06268 36.023907
114.926865 61.19806 30.14118
151.14044 80.27445 49.088688
143.39337 75.941505 37.86566
127.505745 64.31436 36.25013
92.914505 46.598206 24.046555
96.04259 55.7902 27.840076
96.35734 60.46477 31.641502
117.980125 80.41544 52.393436
82.83085 48.367886 21.747452
86.190125 54.69541 30.15244
113.38118 78.79159 51.12595
139.69893 101.05033 62.602497
148.13786 108.743805 68.889565
137.09769 98.99132 60.410957
94.67493 55.200447 25.19938
96.6676 57.30433 27.324816
145.08533 105.402824 66.15973
145.6275 107.678925 68.925865
141.5945 102.41921 64.39867
104.82669 65.22464 34.892696
144.59589 104.47057 65.49835
147.77362 108.02181 68.570526
96.94241 60.4528 32.607693
100.28603 63.20425 34.939865
112.84078 75.493965 41.385887
150.02325 106.956154 73.66193
135.84607 100.7731 68.6937
142.4077 108.165955 76.0653
180.63431 144.73122 107.889565
136.55933 102.11408 70.54026
173.58347 141.78877 108.36546
109.532906 69.36475 37.910667
93.50861 61.08043 36.540813
106.40834 68.05436 35.192184
144.86841 106.44877 75.927444
97.044235 63.891243 31.501774
82.27271 39.858532 14.3436575
79.12318 37.637436 12.385501
68.14915 43.111595 23.76284
96.323204 64.92583 40.936058
134.22206 94.44909 64.86411
163.90915 127.66038 96.64289
146.75151 109.70322 79.81995
154.43584 134.58485 110.6355
157.25868 129.82082 100.82849
156.15938 128.5062 99.204094
172.5383 144.28185 116.6304
163.81459 128.27942 94.56669
169.30336 140.88599 113.732254
167.80107 139.32797 112.45828
114.98784 75.90767 41.40131
120.61566 80.68176 43.65615
128.92722 79.49687 30.788908
132.55246 84.665085 42.668636
111.21045 70.494644 36.565556
158.83879 109.071625 64.504486
125.86311 79.56104 40.95948
105.21048 65.26823 32.66899
97.703186 53.985676 26.709253
154.85966 116.44615 81.48522
134.22835 86.506714 41.268326
128.68529 79.06956 42.97393
196.7436 173.07288 146.82788
147.46465 94.98722 47.282005
138.9938 94.33788 55.901505
123.981064 80.21574 43.878857
212.82695 199.18948 188.72493
200.39708 182.24742 167.51155
77.27939 40.706608 20.129984
154.78648 105.95351 56.55036
91.46035 47.75842 23.515228
134.19989 82.82417 35.07485
154.28758 99.282455 70.296295
151.14944 68.8132 35.80162
154.85547 104.77662 59.94667
188.02785 164.239 141.34421
101.60285 51.423378 26.607595
120.482544 77.192184 49.492256
117.67554 80.82749 51.910732
114.217285 74.124985 43.729836
169.40196 136.02936 108.111565
96.96925 61.54565 35.856724
88.47777 49.816395 26.24303
87.704865 49.339752 25.864338
176.23558 140.39627 117.874306
86.54333 48.025875 25.080236
92.76032 58.13789 36.496967
101.56843 63.397118 29.708704
165.24455 129.36905 99.64799
125.99777 88.96996 59.209446
120.83127 83.02562 54.03907
118.26594 80.8062 52.35911
118.5813 80.82782 52.385952
117.86366 80.18296 51.83501
123.43728 95.20238 74.782135
104.09195 64.626015 33.692123
90.5251 52.07049 27.110853
93.889725 57.49716 32.567234
95.27755 60.30972 36.58404
106.587395 73.758354 46.843304
99.7207 67.138084 41.24132
101.15712 66.546906 39.17299
121.35815 82.71932 49.685894
182.27116 150.61804 128.45955
157.26477 121.54007 96.34669
117.38402 84.465126 52.054554
133.91092 94.87885 56.05962
156.97429 106.59011 74.13095
149.3837 97.85995 66.54849
133.21138 92.63176 62.124886
136.88109 81.98309 53.92083
143.88379 114.821396 78.520775
143.8311 114.60676 78.42499
142.4407 113.47816 76.914185
150.16208 100.08427 68.29881
145.90382 113.14105 75.97761
183.02745 149.58228 109.97693
145.4128 102.09466 72.11605
109.79958 65.76704 39.671474
157.72235 109.980156 76.50265
118.992325 74.59256 51.42796
139.83295 100.43615 68.675026
165.46971 130.76775 103.29707
176.19002 140.48813 116.17076
143.38628 99.0412 71.57533
129.29132 90.822624 68.466225
164.07574 127.57756 98.914566
102.57782 52.393017 24.632889
153.25706 105.55482 76.1225
162.7346 123.67428 94.544106
163.74539 124.5653 95.59531
171.3044 137.36453 113.08133
129.33894 77.415634 45.82704
162.21925 111.387634 85.402695
178.72377 141.3185 120.557976
112.50964 78.96461 48.77013
103.967155 62.584816 31.06046
106.40931 71.29275 37.522907
101.13963 66.60056 33.950993
105.58166 67.04868 35.589916
111.942474 73.75413 43.39576
113.52842 75.3645 45.00926
113.08211 75.29046 44.349724
117.89834 81.0672 50.03823
107.13444 65.60356 31.08043
115.35337 74.8686 36.849495
117.68896 75.84098 49.16318
132.42145 88.03507 58.214157
130.69965 68.848015 31.13534
95.95628 59.55233 25.967285
104.150505 55.367725 19.794134
102.678604 60.700638 26.902084
102.21413 61.366177 32.94864
102.941345 59.970997 31.090496
101.61937 55.923733 26.049845
135.16951 83.83256 53.149956
110.4949 63.581978 34.62982
135.1392 81.268845 50.423088
125.04723 81.543816 47.35795
109.0031 60.54539 31.651213
129.06479 85.888176 51.432796
99.80759 71.58056 42.547005
106.824394 60.581688 31.825075
133.39615 91.39344 58.398567
134.17873 93.52323 59.197315
179.0873 144.98222 113.33962
158.50949 121.991806 95.638596
126.88034 81.42312 61.40815
158.57349 120.584076 94.295166
176.77522 127.91766 94.52252
166.57117 135.07343 110.45967
162.28003 120.59295 95.03833
167.86581 136.2597 116.68089
173.80678 127.48367 97.72384
171.88895 123.126595 92.72548
167.72548 130.23181 110.31995
166.14857 122.97768 97.04146
177.16121 153.75177 144.17764
143.64337 101.0523 73.887436
173.25713 140.21329 118.0401
147.18802 100.68454 68.20551
139.29501 94.12801 63.619434
161.48581 125.72713 101.60191
145.66795 99.43121 71.45738
131.03972 86.69354 64.54913
160.93347 129.28387 108.20012
188.58427 156.76984 138.88272
164.19331 142.34117 130.04436
178.26254 141.69818 115.98474
167.02452 128.7419 96.085495
166.22444 133.01529 111.02597
134.10966 96.90447 71.782936
158.17058 118.15934 86.781265
181.13757 148.45738 129.35646
156.57133 124.21677 89.62801
169.23087 134.84389 103.810684
34.673153 48.04033 35.98087
86.56746 45.93225 15.72761
75.53939 32.38392 9.51284
50.569946 18.949026 5.3187833
46.34853 16.488419 4.0699444
101.665535 52.3936 12.009936
106.979805 56.43567 13.413537
71.307076 30.973125 9.742579
107.506516 57.12689 11.426216
98.177795 52.49413 14.816235
94.93344 48.002872 14.538005
94.10385 45.56917 12.7860365
102.874664 51.084366 13.874403
117.49229 64.71035 17.529713
116.2913 62.184765 12.660892
119.048035 65.89392 14.671022
108.768425 57.46735 16.016777
113.34359 61.85566 17.563524
110.587944 58.618305 15.544457
96.875824 49.57159 15.738805
106.93209 56.187767 10.67199
86.57714 41.76287 12.89005
37.617146 20.20409 6.689702
116.179085 64.75203 31.33443
80.92238 45.32946 23.124887
100.52849 50.305588 16.440895
114.29001 62.99861 32.069527
69.02565 27.45693 6.8142986
104.546524 56.5703 17.382147
80.7189 35.766197 8.628726
138.02203 74.56246 17.159859
93.59537 47.867596 12.444799
107.402084 56.548523 17.981707
125.98571 71.38631 30.254324
98.83298 49.58627 14.4769
97.93651 48.778713 14.199736
98.74784 49.529648 14.117983
98.93954 49.517227 14.3892765
136.39215 77.275 11.85811
86.99994 91.836205 83.3121
78.02933 87.35898 83.54907
107.51739 105.506905 98.979225
135.91525 104.91502 92.68034
157.76207 121.11792 107.73868
100.72532 96.14376 84.67167
74.3806 69.73981 62.713642
106.02668 94.72471 86.60124
61.418636 63.50058 56.572235
41.844143 52.05081 47.055523
72.557365 63.155827 56.2771
52.373337 57.29575 50.755
56.26852 64.40754 58.718704
114.02675 112.887375 105.42741
97.838234 68.72322 58.270424
72.35159 68.100365 62.88405
93.49003 89.438866 79.78994
79.77307 92.36763 85.34472
94.69196 86.84188 75.64457
97.1787 87.38153 75.416824
131.24838 121.33272 114.399506
91.624435 76.0543 65.545616
93.3052 64.439316 39.870823
89.92054 61.32859 40.219124
118.480774 92.51749 54.369274
138.76648 101.08359 69.9558
179.9293 150.32272 120.218155
87.49613 56.029938 33.968803
89.005875 48.846237 12.738644
175.36633 138.70087 99.46764
133.44925 99.24787 60.273487
111.9236 76.02613 45.073204
108.454636 72.55339 42.108143
102.20596 61.74984 29.84953
106.64741 64.111176 34.959446
107.049 66.96867 41.924538
149.60767 111.65431 72.24561
98.27888 62.108112 39.515903
110.8434 62.61098 40.115692
147.10582 110.862114 74.032555
108.24732 64.796394 36.424313
132.07965 93.35618 62.35314
139.50739 100.18409 50.16215
152.88934 118.9558 89.01345
113.23503 71.49677 42.79652
119.81927 71.0943 45.936832
145.3797 115.217575 80.15863
104.47887 56.267517 34.299553
99.363335 48.26329 27.71648
102.06833 51.21522 30.285166
125.39395 85.926796 52.62395
106.69393 67.21012 40.404987
125.374466 76.08172 48.583076
144.48917 108.01316 72.284904
102.33472 64.243164 41.24332
107.35779 60.60498 37.893696
121.62082 80.744965 52.230515
121.4659 83.31326 53.186283
124.561714 84.59137 52.90734
156.02342 118.43163 83.0413
122.69373 80.876335 54.847366
103.81201 54.06075 33.342495
153.9696 119.68628 84.985
129.64337 88.20909 56.063396
116.52597 69.43464 45.55207
119.228806 77.08104 39.402344
121.098656 87.9368 56.652534
172.99062 133.84285 92.60527
117.729675 69.52859 43.59337
190.81844 153.04588 111.73574
116.25906 71.64896 44.018646
147.29439 113.8474 77.12069
105.77494 63.991352 37.436348
106.03833 61.096207 29.849077
46.50613 54.10653 47.85966
42.663376 50.004356 43.331173
66.059555 64.91286 55.884987
44.80504 52.67225 46.498127
83.455765 62.956093 50.58498
38.636826 44.384083 41.67644
73.87879 65.10718 51.59801
17.138987 50.61282 46.183735
60.895084 84.230576 78.45683
165.30232 145.99707 133.6725
118.24709 83.601074 72.059875
117.360435 82.966644 71.361755
174.57365 153.57663 141.36101
137.05043 95.40618 81.82775
175.9647 153.40738 141.63782
187.97945 165.8262 152.61856
142.9861 81.27226 66.05678
124.62002 116.22526 107.13379
91.42467 31.174765 16.975996
177.50484 55.042747 34.108852
123.7411 66.638885 28.139696
143.78827 68.35304 33.410343
136.9236 96.12863 56.519066
118.39076 60.6476 28.80633
85.29849 57.19309 37.284554
212.56407 171.63144 118.54475
151.31778 117.13634 79.47358
89.45722 63.572266 28.459446
89.072685 62.961445 28.698671
183.4458 154.18321 113.10695
190.76729 159.68944 115.638245
142.07863 113.8435 76.7068
123.08762 88.52794 50.985226
129.75255 101.95012 65.09589
136.30655 108.52307 70.14444
220.37001 167.8274 113.6687
245.9819 242.57394 237.89111
210.36108 158.5154 106.05688
159.97186 117.651375 78.89792
155.67455 112.12376 72.51458
132.2619 84.79004 38.68551
137.45177 88.256195 49.727867
140.42953 83.11969 37.23732
150.68002 102.676895 72.13357
136.28459 101.611496 73.652054
120.50081 70.94677 27.00397
95.0933 51.930862 20.306137
139.90605 84.61753 47.380276
156.2461 98.00126 63.944057
137.82487 83.11995 47.569527
119.86527 68.87698 38.717125
101.27552 55.49845 29.15973
112.284134 65.55178 34.44893
167.89479 133.00658 95.480064
100.782684 70.981415 39.924763
143.13841 109.37186 76.18499
132.46486 99.60934 68.165115
127.62108 95.75871 65.66938
103.04549 72.98222 41.013
126.23855 94.38134 64.67212
164.52843 133.20628 101.64896
161.05556 125.665764 100.45731
171.02481 140.81433 115.29327
171.66689 138.97646 111.5291
173.13092 140.58249 113.059364
173.16885 140.43654 112.89809
143.11218 112.55307 93.96187
184.59615 156.68874 132.735
135.31303 102.80317 79.021324
142.98193 124.36108 104.44299
133.58401 100.64631 79.572685
136.74126 106.10711 87.48513
145.2832 110.53723 87.177605
159.0563 128.0159 102.62118
147.07059 114.14315 87.90202
151.22519 123.651276 96.53713
161.20284 128.60904 92.20735
184.6474 144.39195 107.80585
183.30455 148.6195 116.810234
169.70987 142.0971 110.6465
167.69812 140.535 107.79417
157.62799 128.90976 95.22193
190.92308 154.99928 116.81669
146.39146 114.82443 88.23768
147.20119 115.17812 89.270744
157.07884 120.44409 84.96322
182.7472 145.58144 112.50539
141.7106 120.76261 90.557785
165.02136 136.94537 114.177536
184.61176 161.05475 143.77242
150.5743 121.400955 99.44209
187.63841 166.32085 150.10156
201.32481 191.36334 180.6014
132.74771 108.728386 84.165535
140.31705 110.06436 80.61721
110.743576 81.175606 53.456154
110.58743 83.651146 56.78797
124.626465 94.30452 65.66812
131.49316 93.86921 59.075333
130.19287 92.493576 54.750515
117.25958 87.64024 60.243675
116.90973 87.704285 60.01955
126.071785 83.60747 42.595043
128.53107 85.10311 43.627823
151.2539 127.28855 96.1194
114.02239 85.09101 56.182896
96.63144 62.517097 17.840721
121.373856 87.25048 39.341465
132.93967 90.44796 41.94848
130.24722 88.46077 40.783005
127.60844 87.0543 39.980934
167.36514 138.31213 100.45832
90.8596 66.307106 41.4026
118.76248 78.414635 29.91715
158.82965 131.18567 95.69922
117.151146 76.018745 28.369984
156.5293 132.90944 97.11876
134.01225 93.11795 49.26555
128.91954 90.37228 47.178345
115.93754 85.81465 52.99455
116.8957 86.49036 54.186733
147.35634 123.280136 93.240776
120.8806 75.58791 29.012033
119.598625 74.06956 30.95251
114.40486 68.88208 28.740385
125.82762 79.1758 35.892857
128.78845 93.193474 50.963997
90.861916 61.479286 36.48316
118.28607 74.67025 33.12476
85.481255 78.37273 58.13076
109.77855 92.15457 63.87595
106.974 89.03194 63.522808
102.438736 84.72154 57.46848
150.24419 116.35201 83.37879
127.3947 73.53946 38.27523
144.28104 117.875755 102.89815
120.5041 101.22351 86.26584
123.56343 99.36124 75.3414
113.62879 99.00042 85.29936
123.22619 107.729645 94.59472
86.74174 100.257744 89.64399
48.549553 58.676666 46.545006
100.48258 93.74638 85.61614
103.16676 107.08221 94.63257
89.02849 98.887535 89.0252
102.35779 110.52778 99.77384
127.837074 112.7772 72.386505
134.81885 102.90928 73.75336
127.12792 91.81727 54.806137
166.92177 136.71764 113.07675
152.7994 113.63353 79.89273
115.07927 87.53497 62.45325
118.25058 80.69544 50.305717
98.57449 67.66047 38.7189
101.64176 69.4639 39.481804
105.17002 70.626274 39.50532
139.7557 99.47358 72.35508
95.49706 59.52594 26.26855
88.62379 56.764194 25.86137
114.849174 85.18079 50.173508
134.8273 101.35995 70.74935
125.18557 85.80659 53.483997
105.76546 67.10559 34.573235
106.74906 67.00919 32.31004
179.45023 164.33353 130.52388
140.46997 124.705154 101.35143
198.55478 162.79132 127.64741
163.75687 131.92061 96.14202
182.28017 148.98097 108.639404
211.62721 179.10469 156.28845
160.54236 128.45073 93.56943
195.27325 129.0852 89.12302
182.43025 134.07603 96.94732
131.45483 112.42238 86.66054
170.29565 126.14192 92.375374
165.1313 118.86353 84.78917
141.90215 124.77616 103.836266
202.14821 168.23216 136.0097
165.35863 118.93541 84.072945
173.97264 142.31436 110.01155
137.02351 115.02697 93.875465
163.24632 137.1238 108.82607
164.4009 122.388985 91.53762
176.75987 127.203156 90.85566
151.64583 124.964676 102.22038
157.47922 129.7179 105.39805
156.75313 135.50359 109.58221
157.63821 130.30307 106.57372
200.41031 163.53075 128.40541
161.9315 133.17229 107.66196
163.84218 135.62576 110.51339
154.75713 126.74835 102.54797
179.27226 143.29071 106.22342
155.79762 125.7478 94.68712
186.82059 150.0194 114.37637
186.33795 149.68709 114.23287
178.70834 143.8887 113.99797
162.67592 126.27142 97.796844
158.77484 111.49519 92.88892
164.06104 125.39395 96.89457
164.51894 126.636986 97.91031
172.68031 135.48706 103.55365
163.45642 126.00116 97.93357
160.15912 127.69612 94.414635
170.89227 135.65564 102.10508
162.00839 128.26765 96.81449
173.8099 139.79901 107.06688
179.7659 145.82191 112.09301
181.07571 147.56195 114.19619
170.04146 141.3625 107.60908
153.89937 116.45067 89.16754
189.26285 155.05339 124.82675
179.91757 145.78362 119.70209
181.66379 140.96758 110.80572
181.72302 141.02562 110.87092
188.91234 156.29071 127.71403
200.8716 169.97481 139.70319
138.53506 115.53926 95.164536
88.02478 74.650894 70.09263
191.43692 163.2309 136.70929
185.14131 155.10063 125.96009
170.83136 137.71667 114.794525
182.99867 140.48407 103.10585
73.44796 62.91431 61.960026
159.98552 121.24648 96.91189
150.60056 107.24919 78.87776
148.0422 119.87695 95.36885
150.12172 121.52329 95.74258
153.64514 125.88644 100.573814
147.27213 119.20899 94.54191
174.3393 142.35759 113.874756
158.61517 121.07478 89.890434
182.48022 151.81934 123.03165
141.59589 99.77584 76.73161
156.24841 114.482704 89.649925
177.41379 147.30446 113.44909
181.45993 149.29268 114.64705
145.64832 115.113884 85.280556
140.68631 114.54781 87.31514
153.8436 89.677605 21.035036
149.24664 87.48848 25.215866
145.7038 86.29323 29.402472
81.73706 57.49884 15.425345
43.90312 45.95283 33.1014
43.387245 45.637535 32.994194
43.96216 46.0642 33.11882
42.632854 45.193314 32.903503
43.763615 45.840107 33.029713
6.681249 9.575461 2.100271
8.230449 10.329204 2.571719
6.854562 9.647342 2.1724093
9.390276 10.865111 2.7180605
9.302459 10.7735195 2.8665311
8.45422 10.416861 2.6480837
8.155439 10.216803 2.4573815
