0.26586813 0.26424682 0.26369026
0.2752087 0.267562 0.26499698
84.07717 65.00428 62.21873
64.80213 7.388772 6.919274
33.016262 16.16985 125.29328
99.2461 102.78865 103.71746
126.61205 105.04475 96.22127
143.85068 122.455315 112.749664
119.60041 112.10522 127.57127
103.404335 116.31531 126.26006
50.9117 51.323654 54.06173
236.6315 236.84598 238.71327
96.38805 91.29462 109.09292
115.46105 104.51816 89.66144
94.99901 87.5562 82.19524
122.759224 119.64002 119.01101
105.52276 110.58894 124.55751
99.64242 99.85742 110.980545
63.56046 64.866646 72.0006
124.894615 114.46836 127.12634
187.42073 190.3373 210.04941
86.54884 95.933525 107.96937
116.31085 96.49847 90.27644
33.71112 35.14519 42.332462
20.833176 18.982214 24.52772
171.93442 139.97224 125.27966
55.21205 56.756275 62.05759
56.707466 60.596176 53.55879
108.49866 93.32 54.811783
91.51308 91.06018 76.459694
63.102238 66.40264 55.59509
83.58833 83.991844 71.28987
240.99533 239.85086 235.37042
103.438644 98.24041 89.40094
77.851715 62.94875 64.66497
111.911964 103.09752 93.53256
99.244934 77.5297 60.52506
106.21776 80.23816 82.02972
169.01805 135.90594 122.96097
13.573358 14.529679 16.657883
39.563 46.02623 38.78836
1.3514338 0.8356201 0.9250817
108.01706 113.031654 114.065285
23.824877 24.349789 33.78069
113.42577 103.66967 122.89026
116.71168 119.862335 113.680824
28.425385 23.738947 31.538584
22.51729 29.436708 34.08017
4.8495827 6.7656865 10.359516
9.954047 10.358669 16.67678
13.420157 21.588432 20.688978
35.063885 33.926582 42.61982
51.905724 52.52443 72.13863
13.58023 14.194604 18.305264
12.584949 12.650043 15.328155
24.804598 28.788094 30.890696
31.231869 35.407234 27.861053
23.19124 22.996153 29.412487
50.86819 56.18945 44.46611
65.56131 64.08907 67.35192
27.427925 31.403315 28.476225
13.677652 14.057157 20.52501
40.96416 39.590298 42.54594
5.6037507 4.416455 7.999298
95.39153 93.43957 106.624466
101.89945 122.72063 227.30493
48.93948 49.105507 75.08
87.14892 80.81203 116.25633
16.136843 9.06807 4.2325954
35.96329 25.388603 20.147392
115.54006 102.00595 80.59453
99.83547 81.6884 61.901077
116.22473 101.713875 81.96264
166.14552 150.63934 126.41578
143.16235 130.01341 104.94928
101.53341 80.42161 63.891544
130.78105 111.57629 87.48259
85.847305 71.4061 34.147247
77.60917 58.148724 28.169825
39.441235 35.319225 33.012146
68.74848 51.13728 25.930696
29.94686 26.237677 23.408638
46.10681 36.61246 27.74265
24.436394 22.720678 17.740086
40.500423 30.089607 23.29498
28.85234 23.47303 18.059359
35.239758 26.683678 17.4762
61.25924 45.216915 27.50156
48.87683 37.04404 33.598816
40.834118 33.63649 31.38778
46.90311 35.484333 33.75233
47.479515 37.427757 33.590298
59.170284 55.030296 46.577374
36.84566 31.100739 32.12305
40.36063 28.87136 22.1117
30.588942 22.57936 20.701319
18.67504 11.448276 21.57268
115.76085 68.72699 59.207138
84.0151 72.71792 49.68922
70.37297 60.570213 32.3751
30.01965 37.724236 31.177906
28.663956 31.95913 26.541319
29.673248 36.661804 30.455608
49.372536 50.972485 39.930912
50.472595 52.216793 38.76806
47.790707 53.19925 40.28639
29.47688 37.18161 32.797363
29.357555 36.544342 32.63557
53.039177 46.480072 27.46282
44.137955 41.621826 29.724936
149.86972 121.678986 105.78233
141.66045 129.08426 104.78376
143.59845 134.16612 108.99347
92.69447 83.62062 58.88789
35.161114 33.670586 26.373962
123.339165 111.514946 82.99424
43.40767 36.647358 23.701101
93.3239 80.54793 60.028843
77.25764 68.815994 37.697544
135.42406 119.63485 91.82161
67.427536 59.88305 33.086823
63.281815 48.138752 26.764597
81.570694 63.944706 41.951626
88.8249 78.30456 48.952305
36.535076 30.580109 15.299552
82.34219 72.5018 40.68414
36.51879 28.447308 16.319757
44.056744 39.80864 24.09994
68.35862 57.52881 36.204647
53.471508 41.948505 21.500423
91.45159 81.339455 57.150757
117.78659 105.748726 79.97524
62.13849 56.6106 39.504536
89.96049 86.58628 58.252075
119.18911 88.69948 64.50572
74.75908 59.59417 36.33977
45.402565 45.697327 36.766193
92.36547 76.742455 58.71366
90.48356 79.470924 55.97435
117.577324 107.46485 89.45706
47.106762 41.43918 25.27291
122.22579 112.625114 88.99414
133.68266 123.28617 105.21551
126.46708 115.57026 93.37878
123.574104 111.74096 91.824394
65.704346 57.4008 43.468216
36.175243 33.83146 23.930115
188.76474 176.95378 151.58972
153.72005 132.40523 98.40486
46.458004 42.322273 32.201088
128.2361 106.190056 72.33541
20.363945 21.367912 23.379335
174.18584 163.80487 135.78377
175.06827 161.40382 132.7328
166.50928 151.52394 125.41549
38.337566 42.718742 37.703716
40.05667 42.435402 38.927574
33.943012 39.70899 35.69568
54.475353 54.89287 54.526123
52.407745 54.142868 54.565323
65.68179 65.21982 67.75869
59.315598 59.93113 63.097446
84.06243 83.16143 74.56736
53.8989 58.47059 51.123993
49.83584 50.828094 55.386158
39.398453 40.39061 44.36145
55.732025 60.57268 57.29142
98.5064 104.93747 69.683266
130.06708 109.23625 59.024006
182.1398 165.47194 121.72772
172.80748 159.63867 125.22843
115.73541 104.647934 62.407963
88.61082 70.238304 1.6633515
70.3441 61.582336 43.858196
210.36668 202.08372 186.9805
81.17653 69.6355 47.912983
207.25084 196.00157 172.70415
70.20854 61.509354 44.907513
45.070755 39.928444 20.7004
43.322056 36.154022 20.680872
167.56165 156.79897 138.31337
96.79949 118.72295 75.61144
22.097616 24.830877 9.627489
149.91798 131.5011 86.80077
36.95279 37.39482 26.230247
22.583303 20.769922 1.6806775
77.57883 55.336456 36.632862
35.896988 50.674797 94.3471
41.188553 47.91511 70.52569
102.287766 87.45859 76.47623
134.91599 117.2309 102.34972
13.208276 14.1947 10.277023
43.9728 50.519394 48.543205
46.37994 54.776867 56.528446
139.73137 140.18823 134.20161
55.358112 59.15908 53.809437
61.3253 67.214226 61.478912
33.41696 41.747585 39.39066
34.993637 38.70536 36.65602
111.63797 114.39765 111.281624
45.788166 51.302334 48.11683
50.750927 57.27889 56.038017
25.286873 27.061102 25.860981
112.74318 112.94013 108.126144
40.158283 49.581657 49.87286
1.9269934 0.9547731 0.51450694
76.31533 68.62817 77.927574
5.6026134 5.6913733 15.679709
16.938148 82.12 215.52989
106.59603 109.10543 106.18391
108.53699 109.79156 105.58928
124.22246 140.67102 154.03448
110.19685 104.667175 106.018654
138.02458 146.81178 130.22003
126.18091 118.28053 102.85382
253.45099 253.45038 253.45042
131.61423 124.81556 119.704926
128.02396 115.90381 103.24852
121.80818 115.10018 114.00779
132.38326 129.71521 128.2377
143.2528 129.32625 123.94088
67.81089 67.12961 64.96549
76.24375 79.92099 68.13713
91.11121 88.455536 74.162155
95.23419 87.25297 69.05822
102.196175 96.41099 71.30139
77.856384 67.575005 53.797558
81.22372 71.36615 57.17469
84.70885 77.91 82.34993
92.10633 77.15392 63.595524
89.26957 85.21534 81.58781
107.21246 102.47359 111.069786
48.47061 63.52467 102.3365
66.61016 70.727356 70.52298
60.17401 54.262527 49.797604
56.58611 51.297787 45.037823
100.30536 96.92869 90.60433
83.99412 78.39042 75.64075
82.78534 71.48532 59.229717
87.355644 68.199295 54.68179
57.75129 50.9494 46.30674
58.955257 51.725903 50.58018
95.334496 86.78483 70.07516
81.94918 75.13188 59.393612
8.578173 8.452003 7.969873
101.12576 85.29452 62.38212
97.25135 81.77917 60.554604
82.60005 68.80891 49.58265
123.824196 104.151794 65.84201
107.473274 91.48806 63.73014
100.12905 89.60002 70.372025
104.16131 90.84697 67.594894
97.07729 85.05198 64.72702
86.693016 77.21595 58.919926
126.80445 119.47354 101.44232
147.13142 134.79558 103.245544
146.53517 134.69951 103.12271
86.8054 76.06751 55.721188
72.615005 64.08327 48.71949
78.41725 69.13195 51.497932
22.93534 22.826908 18.668554
18.789862 20.53723 16.699818
70.02234 47.069305 33.558887
77.9374 69.303764 50.113876
85.28341 74.917145 56.490646
90.241165 79.19293 59.676662
88.3523 77.631485 58.690647
85.40133 75.03013 53.085808
90.44544 79.45326 59.799976
92.30744 80.75538 61.867973
89.141075 77.55018 57.649124
17.113176 78.30785 206.64705
12.187973 9.542819 4.2443314
63.621803 39.142624 22.297955
74.25401 52.942093 38.517773
86.10028 70.88704 55.670322
32.335052 25.297907 12.453043
113.133286 104.27252 73.20929
57.763073 50.423447 35.66074
80.854324 70.22231 54.71603
89.05433 77.50729 60.99811
137.89311 115.92155 90.54209
1.1222746 1.3814156 1.3276951
0.3278645 3.1572897 8.17885
73.85195 80.020325 80.05851
84.74229 99.22282 103.547874
75.16767 85.6323 91.868385
68.058464 75.77657 81.79809
95.7541 105.970184 112.030106
108.7103 122.468895 133.23918
85.30517 97.553276 106.78543
108.040504 118.335464 128.57002
52.364815 60.174324 66.45149
68.640724 75.49984 78.780594
12.771421 18.381536 25.652172
25.319275 37.31124 43.778584
101.44424 119.12201 134.91632
89.043945 94.32496 100.75724
78.69208 92.55124 99.43809
43.292583 56.100544 59.903133
20.897083 26.662529 30.270756
122.76702 100.91182 77.52743
110.36748 101.75156 83.95417
92.7502 93.42553 104.614204
114.89539 108.4219 97.65111
106.03627 91.00944 66.75298
116.45256 130.31535 148.81491
131.21477 137.8982 147.9219
118.83286 131.14348 131.53665
98.69822 99.24191 92.556465
115.99274 123.19388 128.36128
72.60888 71.248085 65.603874
82.84997 79.633224 73.964836
72.894226 71.22253 64.63407
77.30067 74.500786 67.78981
128.27272 123.41996 116.26831
142.66103 118.75813 105.94398
152.80293 141.77531 134.5896
140.99606 133.35683 125.292435
188.68192 179.59013 174.87137
128.39632 125.707054 120.93038
137.97298 134.10558 127.7359
130.54637 129.67122 117.17181
154.19876 137.56305 131.1086
140.65302 125.97701 119.580086
131.22708 120.10541 109.80561
128.07385 124.057594 126.429985
127.359856 123.49505 123.827126
130.23369 117.55088 97.82471
117.910225 103.55547 85.69563
78.424126 67.17783 50.73694
81.51233 59.55325 38.71071
89.842636 68.31143 47.976067
80.17909 63.601402 45.15504
86.72876 70.689316 53.63083
82.01067 65.76924 48.072765
1.1902964 1.2582214 1.263787
1.1940714 1.2301997 1.2167937
19.353903 27.354967 35.424995
79.474625 86.01631 94.89513
104.6113 110.752884 118.56697
18.573067 28.34282 29.43729
37.418076 46.57442 50.958935
116.52699 103.4112 84.467995
16.118185 25.321983 27.023739
17.78974 82.504684 216.30733
58.32726 53.138004 64.29989
0.2645856 0.26436782 0.26441622
17.139843 21.222359 20.20997
32.741512 16.570744 125.78623
116.58498 115.03494 104.8068
112.6756 107.78785 88.91652
126.17464 141.31638 130.42715
85.876854 90.010864 84.18139
102.069954 104.99538 89.287674
134.54881 137.80034 130.6134
71.27308 75.07088 66.164116
97.54144 103.75112 64.66524
189.74503 188.29628 183.11298
74.69931 78.3177 72.143234
111.572655 102.4583 94.74084
107.0822 109.72346 108.20213
65.977905 78.9239 66.47642
147.6846 159.92928 116.07557
129.82327 106.89036 84.023766
160.5303 136.40068 106.396225
158.04951 144.39545 107.162346
110.62727 113.100136 95.42526
142.54694 145.2826 129.42377
151.11378 148.83145 121.706764
153.87158 155.05092 126.58814
130.20634 139.01701 108.77273
119.53242 124.22565 104.16003
124.17786 134.7457 102.633705
199.32498 200.02533 199.407
39.280605 25.918549 22.231869
46.044064 40.076008 30.55925
94.50347 95.96549 66.612366
170.80492 174.07712 157.938
165.14134 143.02838 122.43206
128.22255 122.08515 106.16242
134.00914 145.58505 114.9006
92.66909 87.700836 90.84484
129.59572 124.047745 128.07153
71.08484 80.59397 80.0672
89.01251 99.9081 87.30187
78.32937 87.13464 79.31651
115.16428 118.635284 103.4861
112.03719 118.26984 107.74243
102.220184 110.241066 95.506615
141.56079 145.73503 138.21837
109.22219 104.04665 89.86328
139.08061 138.08762 115.90393
143.80768 133.45914 113.37413
135.07692 132.54694 110.882225
134.33257 129.58896 108.2814
131.39552 136.41568 98.99245
133.4558 132.5434 111.555305
111.03571 110.09256 98.31015
106.3027 115.425575 106.58795
138.54996 146.35768 117.83613
106.58197 116.91458 94.86626
62.565807 65.60968 52.797894
61.872814 66.26633 53.608494
88.720894 88.480705 69.17186
90.88029 91.830124 70.46212
112.337425 117.30202 82.414566
55.39424 54.899696 36.7684
85.47983 87.57817 64.47739
88.52365 88.2059 56.6505
78.203316 77.63835 50.221222
71.23739 70.09038 54.86122
70.160194 76.42081 49.441017
68.17058 67.87475 45.80864
78.55954 70.12465 54.151726
68.36922 66.54013 46.052464
69.56092 69.177444 47.207233
68.28198 69.589424 45.814808
68.123024 69.098656 46.056553
67.319084 64.24268 46.08404
66.429596 63.385 44.693577
55.703423 67.31129 35.251083
56.005615 58.830273 33.07008
59.108845 67.52873 39.2589
77.553535 70.30437 48.905434
50.766632 53.06836 34.099213
46.10311 46.963413 29.099432
47.071384 40.770527 28.560896
38.560703 35.157364 24.137325
48.21568 49.14064 31.84651
57.014687 57.31654 38.994457
16.255415 16.065723 10.44375
77.23475 73.07453 55.43262
44.55446 35.884163 29.172825
59.76208 60.095173 53.964016
56.37118 56.709885 50.820545
47.086437 53.52247 43.893044
55.26894 52.930355 48.403362
53.096527 47.50853 45.771786
57.222237 68.25162 53.863377
60.490116 61.997555 55.7094
49.71516 53.268967 48.329487
59.283363 63.09861 56.58703
73.498 87.42594 79.55937
50.21319 46.24484 35.34405
41.442394 29.730333 25.117605
32.61505 33.627563 29.402613
53.77193 49.659744 43.530815
31.89573 35.579407 46.05672
25.38582 30.675694 51.15211
14.084162 17.268385 29.232038
2.0047429 15.900229 42.316925
1.8200121 9.532656 18.511967
24.48479 23.40133 32.46923
3.2139866 9.865312 20.055656
18.781199 20.282492 30.761766
100.03511 99.34098 90.25369
115.484505 114.421974 105.82645
107.322975 108.62976 99.135605
113.226814 112.40085 102.91572
113.68752 112.906494 104.162346
108.316635 107.5291 98.9698
112.10863 111.25624 99.36864
110.32419 107.18446 103.10691
105.098946 103.5457 99.640434
100.25343 92.88228 56.28997
98.569534 91.46369 67.00165
102.80949 95.36007 68.30877
108.39475 107.117485 103.48716
112.486534 110.72927 106.45624
117.77014 116.42301 110.96121
50.87303 45.71429 48.62011
49.85048 49.81367 54.134712
51.683727 56.45878 54.835064
61.779457 63.89355 60.95712
18.59332 18.546642 15.38386
24.838911 23.17205 22.667175
26.263884 23.998693 20.08622
25.781923 25.363363 21.916153
25.907513 25.984344 25.393152
42.391384 42.470104 39.769558
139.51741 131.22754 130.9884
139.60695 131.34174 131.1916
139.38458 130.87833 130.96088
141.23506 131.56114 130.92448
141.76834 132.22453 131.68172
138.06512 130.22551 130.02791
33.419167 35.302845 38.798088
24.334518 25.442614 24.425554
8.515354 8.430829 7.967574
90.936066 92.46192 89.1871
107.140686 110.89536 109.36893
34.882515 35.437218 37.10456
114.69931 92.64126 69.632645
18.825724 21.133043 20.968348
25.050358 29.21309 28.701439
27.118717 28.562347 29.6928
29.839588 31.356636 32.40951
137.16158 126.788895 127.33784
129.51236 119.27049 120.203094
141.40257 126.09198 126.60593
128.14774 118.174034 119.38483
134.43587 124.494545 124.06681
139.44733 129.39932 129.6423
136.64249 127.489365 127.646484
135.14183 125.78468 126.574425
140.92685 137.93123 138.25972
9.029183 8.590659 8.795911
34.7607 39.15555 38.187443
35.830296 38.276684 37.14444
47.324646 50.13585 49.28005
38.39315 40.252754 40.29026
44.00247 45.571857 44.480534
54.67908 55.44438 54.251953
83.99504 86.9118 81.41493
82.052536 80.23049 76.68709
17.574253 13.94703 12.909667
33.27746 34.55729 33.923847
12.744223 12.546231 10.705384
54.493114 59.80644 53.809074
202.50635 202.65353 202.74197
37.40024 35.81919 30.561985
47.151653 45.875164 42.490547
49.307053 49.551556 48.14064
47.519733 47.819237 44.474506
47.949013 48.003265 43.002274
46.017376 45.661682 42.00242
45.316563 43.687645 40.1071
42.484234 40.55354 35.682854
45.91954 42.50778 37.94582
43.258392 41.255924 37.416332
51.479347 45.667343 40.974495
128.85031 119.28654 120.15226
128.34642 120.589355 121.46618
129.62698 121.64487 122.16421
129.44695 121.37433 121.89982
129.39894 121.20235 121.489174
129.56342 121.61747 122.13779
128.70729 120.89713 121.39625
128.81216 120.939674 121.53616
128.93651 120.816216 121.4415
129.62045 121.61452 121.77176
130.01271 121.63628 121.86246
129.33595 121.351555 121.48885
129.7957 121.836296 121.72234
128.9224 120.7736 120.66827
62.58548 58.88145 53.839684
54.68852 50.970043 46.127113
39.041378 37.251785 34.857494
63.627537 57.711338 52.747902
61.673008 53.29793 49.994747
60.656986 53.63995 49.299892
57.78587 57.582626 52.848396
4.820641 61.172703 137.26466
20.8747 64.627174 134.8521
55.494034 51.318863 70.27516
8.202686 8.791579 4.900109
5.1287355 6.9515305 4.6928735
50.86749 40.231556 32.57643
0.578536 0.5873926 0.566098
79.02214 66.99052 52.595135
43.625336 31.023449 20.38623
28.054907 39.2211 64.72201
125.688545 117.00508 98.7268
140.50862 136.11743 123.91886
90.00165 89.00779 92.412605
16.417616 11.870926 11.62294
109.10819 103.00905 94.620445
188.04547 162.5638 168.58333
166.17198 149.0798 147.75465
76.65435 77.94129 56.362057
192.29842 199.39035 195.71436
89.09411 77.07098 73.091446
17.292002 14.489679 12.825433
48.14098 47.033344 45.74621
80.72552 71.3984 66.104195
51.44784 48.51586 48.281185
121.97735 115.94742 109.839325
132.04063 123.7274 106.32138
127.814735 120.085396 105.03864
74.21645 71.94118 64.78229
87.2806 82.610115 73.79129
9.974108 7.5466185 8.403848
107.298775 97.71995 95.174545
18.41222 17.150248 15.221924
50.709763 45.444645 43.598114
45.236298 40.585167 40.250504
126.02606 119.61943 112.53503
134.07637 123.257835 115.8106
67.99339 60.206074 56.646072
39.692196 34.66957 34.03325
60.176357 54.980835 49.205856
75.242805 70.7993 61.041718
12.304852 6.2454205 5.302456
109.205154 88.99044 88.27424
123.43199 103.94538 102.05842
12.067005 2.2634242 2.5869813
25.749668 18.06115 18.109982
29.966824 18.123291 17.894592
94.78638 71.69024 66.82587
195.70667 166.28098 145.89409
137.39333 104.564964 89.31153
138.72516 110.045006 92.90959
176.61418 148.8321 121.72663
105.10493 76.70836 68.10134
10.080823 7.8722563 9.981222
5.8677316 0.9496915 0.49311554
152.6696 134.02599 116.49011
74.195206 65.889145 58.431458
95.39645 85.50732 77.041504
105.562416 97.13101 93.06896
4.853188 1.0026618 0.5458439
110.49519 94.26492 85.12141
161.36838 149.56775 139.8777
13.053648 7.296624 7.0186086
52.989594 43.936844 42.138416
68.31843 56.69919 49.537785
38.19879 30.424368 26.805687
66.59444 59.91857 55.28104
65.96995 57.922832 49.134518
47.475693 39.03107 34.475426
70.77394 66.84005 62.57261
78.71434 72.761765 69.954
15.63366 9.473297 8.989256
54.03695 44.468456 40.09118
61.711773 51.22173 47.19395
48.620617 39.132824 35.95291
62.487694 52.79475 48.734493
55.643147 45.651737 41.25822
0.64796126 0.56590444 188.63441
29.38086 24.330938 23.084234
63.720047 60.36912 56.07816
86.27845 65.492004 58.048447
62.240555 45.599106 41.221004
30.44041 25.490187 22.8121
108.13256 99.29203 91.50275
86.63502 78.533844 73.06074
58.457012 48.600193 46.576042
53.823666 44.302044 41.409145
51.52859 41.87683 38.385044
83.57592 75.22333 70.976555
75.85764 67.577034 59.210697
115.95131 82.231285 74.22202
93.206894 73.99603 66.47656
82.499985 66.83293 63.999733
22.816528 16.491785 15.692777
20.135317 10.1766 8.945215
31.327501 23.65476 21.35424
49.264877 38.91845 34.127285
72.28039 57.333843 57.46098
145.82323 136.10582 133.21873
67.805275 63.446266 59.987854
53.051083 49.57759 40.33338
39.774082 36.046486 36.313637
115.72205 106.77324 92.217354
119.4341 109.87782 106.60078
10.687719 5.527889 5.794289
166.36124 140.55554 140.41486
123.074165 91.22064 85.4068
92.66253 83.534256 75.027245
91.29912 81.24931 71.11666
46.041985 40.420498 31.259989
58.023327 51.985504 28.6611
64.83518 58.831516 53.486908
86.955956 73.68208 67.59959
38.111942 29.495874 21.482105
0.73497885 0.60145193 187.70245
17.396105 18.406897 17.957823
57.47809 63.005226 67.80044
108.09198 94.11833 99.706085
151.45496 155.138 159.29483
65.107635 63.414253 58.599564
126.44102 120.74117 112.480965
133.21169 128.16183 124.47857
136.88031 143.98555 147.30936
155.15517 146.53455 151.57065
81.25912 77.735756 62.59572
48.29636 54.369583 47.612896
55.01048 61.19071 54.443413
53.607258 59.525276 52.94514
54.15683 60.425697 53.69515
58.319176 64.57145 57.641064
56.733673 63.012848 56.177277
55.50836 61.469353 54.974957
54.781948 60.576332 54.00912
54.596638 60.885807 53.875305
52.165806 58.657253 51.688786
54.403027 60.460617 53.546207
51.786182 58.142166 51.36024
56.687454 62.91199 56.027878
52.065773 58.65994 51.504128
53.82991 60.296505 53.23475
56.021828 61.91654 55.11373
52.988674 58.963074 52.222965
55.998646 62.146183 55.29188
58.807865 64.80598 58.055824
